3.162277660168379412e-01 1.304663730360849039e+00
3.674661940736689281e-01 8.211271983613810388e-01
4.270067916167659128e-01 5.510123908004062043e-01
4.961947603002903051e-01 3.909697278458670322e-01
5.765932649858945824e-01 2.913773810044110735e-01
6.700187503509588138e-01 2.269372836446250097e-01
7.785819798516769863e-01 1.840605397690547873e-01
9.047357242349296502e-01 1.551078924840330053e-01
1.051330177026238211e+00 1.356146751110755000e-01
1.221677348996791812e+00 1.228912438812008456e-01
1.419625896474748350e+00 1.152881060809990837e-01
1.649648074098020167e+00 1.117941712037141266e-01
1.916940776533455626e+00 1.118070864072137766e-01
2.227542951999557541e+00 1.149963646126576228e-01
2.588472040318300582e+00 1.212211351105247498e-01
3.007882518043099473e+00 1.304843557534983434e-01
3.495250132675474131e+00 1.429128925337148359e-01
4.061585988376979373e+00 1.587544042900489449e-01
4.719685320018228047e+00 1.783831297941441685e-01
5.484416576121017961e+00 2.022117243684497800e-01
6.373057341948979548e+00 2.308098458420617671e-01
7.405684692262434865e+00 2.651108731180007450e-01
8.605628792983365472e+00 3.061240594782244639e-01
1.000000000000000000e+01 3.550655129477604532e-01
1.162030136386260892e+01 4.133907646174188599e-01
1.350314037869872941e+01 4.828509017830341921e-01
1.569105605590211816e+01 5.654929644026336355e-01
1.823348000868441332e+01 6.637728667187492437e-01
2.118785326128771018e+01 7.805954502779449689e-01
2.462092401494625449e+01 9.194021493465343031e-01
2.861025569104377908e+01 1.084267324548597422e+00
3.324597932270941669e+01 1.280011312438026350e+00
3.863282988666283302e+01 1.512331134982122904e+00
4.489251258218602914e+01 1.787946642203257053e+00
5.216645251859961974e+01 2.114754859878616777e+00
6.061898993497572263e+01 2.501982016155673172e+00
7.044109314173721259e+01 2.960326810176879153e+00
8.185467307069029630e+01 3.502101998393840621e+00
9.511759691218703949e+01 4.141397983569136798e+00
1.105295141126021008e+02 4.894300882948768638e+00
1.284386263589742896e+02 5.779192885137404367e+00
1.492495545051829140e+02 6.817149166163887664e+00
1.734324801772463900e+02 8.032432948414548690e+00
2.015337685941733241e+02 9.453084996995713141e+00
2.341883126059243523e+02 1.111160620361559026e+01
2.721338768375305790e+02 1.304573845879750849e+01
3.162277660168379612e+02 1.529935630676676261e+01
3.674661940736688166e+02 1.792348816252350474e+01
4.270067916167655540e+02 1.891430309116534048e+01
4.961947603002902838e+02 1.913095732642772262e+01
5.765932649858943932e+02 1.972925041002960711e+01
6.700187503509590670e+02 2.068863848853733955e+01
7.785819798516770334e+02 2.200827552342848747e+01
9.047357242349293074e+02 2.370284692588415609e+01
1.051330177026238516e+03 2.580033552482067449e+01
1.221677348996791807e+03 2.834103133421895393e+01
1.419625896474747606e+03 3.137739583397113563e+01
1.649648074098020743e+03 3.497456120372433475e+01
1.916940776533455619e+03 3.921134502233383756e+01
2.227542951999556408e+03 4.418172267244936791e+01
2.588472040318301424e+03 4.999673995733869702e+01
3.007882518043099026e+03 5.678687664247287614e+01
3.495250132675475925e+03 6.470489317728325318e+01
4.061585988376979458e+03 7.392921095603213644e+01
4.719685320018227685e+03 8.466789315356248835e+01
5.484416576121015169e+03 9.716330975748319077e+01
6.373057341948973772e+03 1.116975878728361948e+02
7.405684692262441786e+03 1.285989674542025227e+02
8.605628792983370658e+03 1.482492039818434648e+02
1.000000000000000000e+04 1.710921838722838118e+02
