3.162277660168379134e-02 7.141332419127224966e+02
3.437414337286241045e-02 6.041030687576530909e+02
3.736489516721269721e-02 5.212824156704544976e+02
4.061585988376979761e-02 4.581610974845289661e+02
4.414967757076887489e-02 4.095833124783634389e+02
4.799095809323872946e-02 3.719727820011972881e+02
5.216645251859962362e-02 3.428261109974980059e+02
5.670523941381171856e-02 3.202359508535266173e+02
6.163892735146683094e-02 3.028909993973373957e+02
6.700187503509590081e-02 2.898822858051955791e+02
7.283143057666745246e-02 2.803753450585901419e+02
7.916819159263009664e-02 2.738784388430416357e+02
8.605628792983370523e-02 2.672623233391344115e+02
9.354368899026167805e-02 2.523909646163880609e+02
1.016825377948150644e-01 2.412150938327610561e+02
1.105295141126021452e-01 2.330790599022805907e+02
1.201462291846031316e-01 2.275358279936015435e+02
1.305996547906053407e-01 2.242277702416479315e+02
1.419625896474748517e-01 2.228568634255230450e+02
1.543141663868093649e-01 2.214859566093981016e+02
1.677404026426158323e-01 2.192209801305830581e+02
1.823348000868441343e-01 2.188037476213276591e+02
1.981989955845199214e-01 2.200554451490938561e+02
2.154434690031883926e-01 2.228568634255230450e+02
2.341883126059244868e-01 2.271483978064358098e+02
2.545640673860414815e-01 2.329002459697425422e+02
2.767126321678177181e-01 2.391289312864839758e+02
3.007882518043099584e-01 2.362977106879651785e+02
3.269585913541653843e-01 2.253304561589658306e+02
3.554059037181062641e-01 2.110253415559232337e+02
3.863282988666283391e-01 2.001474939931929100e+02
4.199411234979421037e-01 1.670073118294775156e+02
4.564784607342344258e-01 1.389856784846633673e+02
4.961947603002903051e-01 1.182283611492067621e+02
5.393666105372006969e-01 1.026119443742185808e+02
5.862946645916405908e-01 9.075062018252907592e+01
6.373057341948979992e-01 8.164601078413424773e+01
6.927550656129388695e-01 7.464246509306131827e+01
7.530288136174587699e-01 6.925197008509188379e+01
8.185467307069028697e-01 6.512434847567230634e+01
8.897650903054697968e-01 6.201745639782398456e+01
9.671798642975448779e-01 5.973757875796407291e+01
1.051330177026238655e+00 5.816550626773387478e+01
1.142802059810032578e+00 5.718948021929710990e+01
1.242232532124357691e+00 5.673499480742961509e+01
1.350314037869873474e+00 5.675734654899686404e+01
1.467799267622069692e+00 5.721183196086436595e+01
1.595506400444828943e+00 5.807609930146485766e+01
1.734324801772465507e+00 5.933524740975349943e+01
1.885221217040871311e+00 6.098182570520788204e+01
2.049246504200854080e+00 6.301583418782799839e+01
2.227542951999557541e+00 6.544472343813627901e+01
2.421352234995232777e+00 6.826849345613271680e+01
2.632024060704877488e+00 7.152439714442938623e+01
2.861025569104377997e+00 7.520870921276508625e+01
3.109951549940198401e+00 7.938103430531917581e+01
3.380535549007040341e+00 8.389608610190450122e+01
3.674661940736691612e+00 8.778528913460669969e+01
3.994379051172821438e+00 9.221093396492301508e+01
4.341913422721453308e+00 9.718792175389825161e+01
4.719685320018228047e+00 1.007940027267485732e+02
5.130325584897002855e+00 1.044447871827334069e+02
5.576693957839359506e+00 1.087065192415565207e+02
6.061898993497572441e+00 1.135941000642627330e+02
6.589319708984723967e+00 1.191373319729417517e+02
7.162629115692790371e+00 1.253660172896832279e+02
7.785819798516770085e+00 1.322950571755319800e+02
8.463231720621141818e+00 1.399989574357122137e+02
9.199582447383766848e+00 1.485075203923135803e+02
1.000000000000000000e+01 1.578878012700378974e+02
