1.000000000000000021e-02 5.592505740126966884e+02
1.142802059810032675e-02 4.266898453578352246e+02
1.305996547906053407e-02 3.424684831324219658e+02
1.492495545051829124e-02 2.875279023601114545e+02
1.705626983142527822e-02 2.513180810211598839e+02
1.949194029602852388e-02 2.276252349598705678e+02
2.227542951999557375e-02 2.127538762371241887e+02
2.545640673860415093e-02 1.808951939232647419e+02
2.909163405623881732e-02 1.592289057640731187e+02
3.324597932270941664e-02 1.453037707676738250e+02
3.799357365039405382e-02 1.368250101331621522e+02
4.341913422721453003e-02 1.323993653028458368e+02
4.961947603002903051e-02 1.311774700971693051e+02
5.670523941381171856e-02 1.326675862016528811e+02
6.480286440412508231e-02 1.365716903953999406e+02
7.405684692262434754e-02 1.427705733900517373e+02
8.463231720621142151e-02 1.483287064597755602e+02
9.671798642975443228e-02 1.555930224691331318e+02
1.105295141126021452e-01 1.653383817924558912e+02
1.263133563976838181e-01 1.777063454596697909e+02
1.443511638727918156e-01 1.906703555686771949e+02
1.649648074098020722e-01 1.897166812618076790e+02
1.885221217040871367e-01 1.673351373724639188e+02
2.154434690031883370e-01 1.530300227694213220e+02
2.462092401494625493e-01 1.044000836995988948e+02
2.813684267870688038e-01 6.271036038640885835e+01
3.215484176977705943e-01 4.076840074788778168e+01
3.674661940736689836e-01 2.845817907972261196e+01
4.199411234979421037e-01 2.116778603853657614e+01
4.799095809323873363e-01 1.665739085477776982e+01
5.484416576121018405e-01 1.377401619260199439e+01
6.267602560047386140e-01 1.138424249003641187e+01
7.162629115692786819e-01 8.925085256355815844e+00
8.185467307069028697e-01 7.354875411256215578e+00
9.354368899026167528e-01 6.331351911989039571e+00
1.069019204603001150e+00 5.662662310102023255e+00
1.221677348996791812e+00 5.237047897758893455e+00
1.396135390856794611e+00 4.987453450257889997e+00
1.595506400444828943e+00 4.872900774725712481e+00
1.823348000868440399e+00 4.867312839333898467e+00
2.083725851142959939e+00 4.957651128168217625e+00
2.381286194765587005e+00 5.135533738140947158e+00
2.721338768375308526e+00 5.397235378990881571e+00
3.109951549940198401e+00 5.746481340979224584e+00
3.554059037181064529e+00 6.186065591801887642e+00
4.061585988376979373e+00 6.723438711981288840e+00
4.641588833612777520e+00 7.368845249735749725e+00
5.304417279843931965e+00 8.134392398414201253e+00
6.061898993497572441e+00 9.035912641626783426e+00
6.927550656129392692e+00 1.009342941452749010e+01
7.916819159263009276e+00 1.132650049098767298e+01
9.047357242349303164e+00 1.276073724155314437e+01
1.033933849239399372e+01 1.307738691375590712e+01
1.181581732618100844e+01 1.128924758837558251e+01
1.350314037869873474e+01 1.011205586583353444e+01
1.543141663868093083e+01 9.213795251599512071e+00
1.763505472047138767e+01 8.605641616457141652e+00
2.015337685941733170e+01 8.261052267295307061e+00
2.303132058706995977e+01 8.122285205065271185e+00
2.632024060704877400e+01 8.155812817416153493e+00
3.007882518043098941e+01 8.341146007911302007e+00
3.437414337286242727e+01 8.668971550897696332e+00
3.928284185071254342e+01 9.138358123810030875e+00
4.489251258218607887e+01 9.750702710496261361e+00
5.130325584897003210e+01 1.051624985917471378e+01
5.862946645916402133e+01 1.144943506960757063e+01
6.700187503509590670e+01 1.256515950283966987e+01
7.656988080124196472e+01 1.388391225530765993e+01
8.750421749906803370e+01 1.543177035884000148e+01
1.000000000000000000e+02 1.723853613552637398e+01
