1.000000000000000021e-02 5.625884340867399942e+02
1.142802059810032675e-02 3.849069897881149700e+02
1.305996547906053407e-02 2.811204031108320009e+02
1.492495545051829124e-02 2.175520500935614052e+02
1.705626983142527822e-02 1.772295083062350614e+02
1.949194029602852388e-02 1.510332671894132659e+02
2.227542951999557375e-02 1.339639872125536328e+02
2.545640673860415093e-02 1.230414361666887970e+02
2.909163405623881732e-02 1.165147276290506113e+02
3.324597932270941664e-02 1.133258791654557029e+02
3.799357365039405382e-02 1.127894373678416002e+02
4.341913422721453003e-02 1.145477743711322489e+02
4.961947603002903051e-02 1.183624715986102700e+02
5.670523941381171856e-02 1.241441220840066677e+02
6.480286440412508231e-02 1.319225281494110789e+02
7.405684692262434754e-02 1.417870967610925561e+02
8.463231720621142151e-02 1.538644877879321484e+02
9.671798642975443228e-02 1.684378232897817895e+02
1.105295141126021452e-01 1.857231701017915952e+02
1.263133563976838181e-01 1.919816577406227509e+02
1.443511638727918156e-01 1.937101924218237059e+02
1.649648074098020722e-01 1.873622978167235829e+02
1.885221217040871367e-01 1.795540894292294922e+02
2.154434690031883370e-01 1.765738572202622834e+02
2.462092401494625493e-01 1.507650462906062216e+02
2.813684267870688038e-01 1.033868047485500483e+02
3.215484176977705943e-01 7.184477210689335891e+01
3.674661940736689836e-01 5.318851847875863115e+01
4.199411234979421037e-01 4.165501983005552944e+01
4.799095809323873363e-01 3.428825833851472282e+01
5.484416576121018405e-01 2.941185338659212078e+01
6.267602560047386140e-01 2.453917372493073401e+01
7.162629115692786819e-01 2.135032526133581854e+01
8.185467307069028697e-01 1.926788800531998191e+01
9.354368899026167528e-01 1.795192922054789975e+01
1.069019204603001150e+00 1.720128323291428174e+01
1.221677348996791812e+00 1.688649620584212485e+01
1.396135390856794611e+00 1.622339453934691988e+01
1.595506400444828943e+00 1.515609887951053558e+01
1.823348000868440399e+00 1.455073921206407306e+01
2.083725851142959939e+00 1.431045799021609177e+01
2.381286194765587005e+00 1.437192527952604060e+01
2.721338768375308526e+00 1.469975082251243315e+01
3.109951549940198401e+00 1.527530816786922330e+01
3.554059037181064529e+00 1.609487202533520644e+01
4.061585988376979373e+00 1.716589297543280068e+01
4.641588833612777520e+00 1.850140953407622391e+01
5.304417279843931965e+00 2.012470476539805020e+01
6.061898993497572441e+00 1.633142795692198135e+01
6.927550656129392692e+00 1.166550190475769355e+01
7.916819159263009276e+00 8.841266225478612739e+00
9.047357242349303164e+00 7.061508803186005601e+00
1.033933849239399372e+01 5.905737499645910660e+00
1.181581732618100844e+01 5.144846963793970218e+00
1.350314037869873474e+01 4.646356560715939388e+00
1.543141663868093083e+01 4.330172549795824999e+00
1.763505472047138767e+01 4.149495972127187571e+00
2.015337685941733170e+01 4.074990166903007527e+00
2.303132058706995977e+01 4.088028682817238746e+00
2.632024060704877400e+01 4.178832632934208924e+00
3.007882518043098941e+01 4.342279743144754178e+00
3.437414337286242727e+01 4.577438690883573358e+00
3.928284185071254342e+01 4.885939290639943700e+00
4.489251258218607887e+01 5.272438155240378954e+00
5.130325584897003210e+01 5.743687373283318465e+00
5.862946645916402133e+01 6.308068847856483252e+00
6.700187503509590670e+01 6.977689772308803384e+00
7.656988080124196472e+01 7.764657339989207152e+00
8.750421749906803370e+01 8.684804034507834558e+00
1.000000000000000000e+02 9.756290645888075375e+00
