3.162277660168379134e-02 7.433395175606010525e+02
3.437414337286241045e-02 6.398658552652597109e+02
3.736489516721269721e-02 5.610387133380770592e+02
4.061585988376979761e-02 5.003611855635046481e+02
4.414967757076887489e-02 4.533331213060021128e+02
4.799095809323872946e-02 4.167954744240640821e+02
5.216645251859962362e-02 3.738205259707569326e+02
5.670523941381171856e-02 3.231565784183144387e+02
6.163892735146683094e-02 2.846966817615926857e+02
6.700187503509590081e-02 2.551923828928172213e+02
7.283143057666745246e-02 2.324830134604871432e+02
7.916819159263009664e-02 2.149592480717599585e+02
8.605628792983370523e-02 2.014587961651384660e+02
9.354368899026167805e-02 1.912365996883809487e+02
1.016825377948150644e-01 1.836370075555145718e+02
1.105295141126021452e-01 1.782427872572839078e+02
1.201462291846031316e-01 1.746963109286129452e+02
1.305996547906053407e-01 1.728187646369636070e+02
1.419625896474748517e-01 1.723419274835288491e+02
1.543141663868093649e-01 1.732359971462190344e+02
1.677404026426158323e-01 1.753519620145857232e+02
1.823348000868441343e-01 1.786302174444496416e+02
1.981989955845199214e-01 1.830707634358107896e+02
2.154434690031883926e-01 1.886437976665795020e+02
2.341883126059244868e-01 1.953791224588453588e+02
2.545640673860414815e-01 2.033065401346981673e+02
2.767126321678177181e-01 2.124260506941377855e+02
3.007882518043099584e-01 2.228270611034333797e+02
3.269585913541653843e-01 2.110253415559232337e+02
3.554059037181062641e-01 1.980315291248261929e+02
3.863282988666283391e-01 1.881967628352344093e+02
4.199411234979421037e-01 1.809547985674440724e+02
4.564784607342344258e-01 1.758287991680204527e+02
4.961947603002903051e-01 1.617919054637849285e+02
5.393666105372006969e-01 1.459743230146914641e+02
5.862946645916405908e-01 1.337851732800156128e+02
6.373057341948979992e-01 1.244123429828137262e+02
6.927550656129388695e-01 1.172448845202475809e+02
7.530288136174587699e-01 1.099284144472330809e+02
8.185467307069028697e-01 9.998934003032744045e+01
8.897650903054697968e-01 9.233014325328170457e+01
9.671798642975448779e-01 8.645908580161631107e+01
1.051330177026238655e+00 8.200363864921031620e+01
1.142802059810032578e+00 7.869558089725673256e+01
1.242232532124357691e+00 7.635609861321745484e+01
1.350314037869873474e+00 7.482127902559935251e+01
1.467799267622069692e+00 7.400544045839457397e+01
1.595506400444828943e+00 7.382662652585653973e+01
1.734324801772465507e+00 7.422150729354470400e+01
1.885221217040871311e+00 7.514910456858574150e+01
2.049246504200854080e+00 7.660941835097968067e+01
2.227542951999557541e+00 7.856147044785319622e+01
2.421352234995232777e+00 8.100526085920630237e+01
2.632024060704877488e+00 8.397059190712867860e+01
2.861025569104377997e+00 8.744256243057547806e+01
3.109951549940198401e+00 9.145097475163638023e+01
3.380535549007040341e+00 9.601073003135620354e+01
3.674661940736691612e+00 1.011665317528694885e+02
3.994379051172821438e+00 1.069332810772210252e+02
4.341913422721453308e+00 1.133556814875453682e+02
4.719685320018228047e+00 1.204933376280218340e+02
5.130325584897002855e+00 1.283760518207400878e+02
5.576693957839359506e+00 1.370783298709243638e+02
6.061898993497572441e+00 1.466448752617091031e+02
6.589319708984723967e+00 1.571427432177960952e+02
7.162629115692790371e+00 1.686464395444095032e+02
7.785819798516770085e+00 1.812528217883407819e+02
8.463231720621141818e+00 1.950214945937692903e+02
9.199582447383766848e+00 2.100716672490537178e+02
1.000000000000000000e+01 2.264629443983733665e+02
