3.162277660168379134e-02 7.993678830891847156e+02
3.530417660538831548e-02 6.242494384902715865e+02
3.941415080287675315e-02 5.059044174721836384e+02
4.400259212602089520e-02 4.238884270814060073e+02
4.912520184673455081e-02 3.661315268716215883e+02
5.484416576121017850e-02 3.220240901789068744e+02
6.122890909288016686e-02 2.841900422860682056e+02
6.835693927822929228e-02 2.570699291844666163e+02
7.631478686643580756e-02 2.296219905398786238e+02
8.519905595487022032e-02 2.101908765374124073e+02
9.511759691218703294e-02 1.967500292749702737e+02
1.061908156252536900e-01 1.878689372922480061e+02
1.185531351634873803e-01 1.826535309265553906e+02
1.323546276044391679e-01 1.805673683802783387e+02
1.477628358301314171e-01 1.729677762474119618e+02
1.649648074098020167e-01 1.551161853156983739e+02
1.841693652593244523e-01 1.428003757121414026e+02
2.056096426419194712e-01 1.346196382985264393e+02
2.295459132837373295e-01 1.297022551537305048e+02
2.562687509604298919e-01 1.203890295007079771e+02
2.861025569104377331e-01 8.453683602683246079e+01
3.194094978959385878e-01 6.129475008714943840e+01
3.565939027174543918e-01 4.653515007223933964e+01
3.981071705534971472e-01 3.528663612851872955e+01
4.444532507099246965e-01 2.769449457617476185e+01
4.961947603002900276e-01 2.258712162805721135e+01
5.539598141226161898e-01 1.907417291173711149e+01
6.184496496437186241e-01 1.661082472651265718e+01
6.904471396543906403e-01 1.487483946478925745e+01
7.708262959346177112e-01 1.365480690424330668e+01
8.605628792983366360e-01 1.281475395034067333e+01
9.607462448181176562e-01 1.226713628194294969e+01
1.072592566024592520e+00 1.195234925487078570e+01
1.197459598615466358e+00 1.183127732138149391e+01
1.336863162897809154e+00 1.160217197031713887e+01
1.492495545051829131e+00 1.135071487768553133e+01
1.666246040597821887e+00 1.127620907246135218e+01
1.860223889453220592e+00 1.135630281307734357e+01
2.076783880999303999e+00 1.107318075322545958e+01
2.318554939989653896e+00 1.066898675988428202e+01
2.588472040318300138e+00 1.045478256986476318e+01
2.889811834063971574e+00 1.040262850620783652e+01
3.226232428328361657e+00 1.049017282734624956e+01
3.601817792738369217e+00 1.070996495275758242e+01
4.021127336696125987e+00 1.105082901165820530e+01
4.489251258218603269e+00 1.128552229811437435e+01
5.011872336272719330e+00 1.160775990570895289e+01
5.595334916732480401e+00 1.205852002731524308e+01
6.246721929411505947e+00 1.263780266293324495e+01
6.973940871117343399e+00 1.335305839308537479e+01
7.785819798516762091e+00 1.420801250803284255e+01
8.692214496115088451e+00 1.521384087855927625e+01
9.704128120312613959e+00 1.638358202057890622e+01
1.083384477195432360e+01 1.555097964719869097e+01
1.209507861887348312e+01 1.361569135650061213e+01
1.350314037869872230e+01 1.224292189524508956e+01
1.507512318293853681e+01 1.100798817365430260e+01
1.683011007863576580e+01 1.002823683495633134e+01
1.878940568655332299e+01 9.344646072024477945e+00
2.097679482810011820e+01 8.885038386047819259e+00
2.341883126059243736e+01 8.603778971326537572e+00
2.614516002594537980e+01 8.468737199357711631e+00
2.918887732593875128e+01 8.459423973704689459e+00
3.258693229275402814e+01 8.561869455887935132e+00
3.638057553206641614e+01 8.767691742819733847e+00
4.061585988376975820e+01 9.074096866804174155e+00
4.534419947930706485e+01 9.480619166558607702e+00
5.062299388226948338e+01 9.989121287213638567e+00
5.651632488900333584e+01 1.060193153518252096e+01
6.309573444801932851e+01 1.133022578124888291e+01
