3.162277660168379412e-01 1.304631341987939619e+00
3.674661940736689281e-01 8.210284005590970935e-01
4.270067916167659128e-01 5.507547536899500829e-01
4.961947603002903051e-01 3.903823466108722329e-01
5.765932649858945824e-01 2.901835341269471402e-01
6.700187503509588138e-01 2.247369610133830020e-01
7.785819798516769863e-01 1.803280566435580545e-01
9.047357242349296502e-01 1.492042929963496301e-01
1.051330177026238211e+00 1.268097878347745344e-01
1.221677348996791812e+00 1.103878035357447884e-01
1.419625896474748350e+00 9.824035123479631093e-02
1.649648074098020167e+00 8.931556568435845833e-02
1.916940776533455626e+00 8.296585839072162516e-02
2.227542951999557541e+00 7.880141275170610138e-02
2.588472040318300582e+00 7.660160013609985941e-02
3.007882518043099473e+00 7.626314698162341144e-02
3.495250132675474131e+00 7.777060806694059691e-02
4.061585988376979373e+00 8.117874881633770079e-02
4.719685320018228047e+00 8.660066823453882456e-02
5.484416576121017961e+00 9.420008529925252838e-02
6.373057341948979548e+00 1.041896115235517450e-01
7.405684692262434865e+00 1.168371212698085665e-01
8.605628792983365472e+00 1.324796863877204245e-01
1.000000000000000000e+01 1.515419187534197687e-01
1.162030136386260892e+01 1.745270999692351277e-01
1.350314037869872941e+01 2.019111065422150852e-01
1.569105605590211816e+01 2.346312111530028943e-01
1.823348000868441332e+01 2.736631755687743972e-01
2.118785326128771018e+01 3.201767261942544684e-01
2.462092401494625449e+01 3.755676145229127072e-01
2.861025569104377908e+01 4.415084987131839278e-01
3.324597932270941669e+01 5.199607160567671915e-01
3.863282988666283302e+01 6.132656377729691632e-01
4.489251258218602914e+01 7.241854444746319563e-01
5.216645251859961974e+01 8.559693743514936726e-01
6.061898993497572263e+01 1.012413360561838616e+00
7.044109314173721259e+01 1.197914320194167992e+00
8.185467307069029630e+01 1.417522907995143688e+00
9.511759691218703949e+01 1.677005945122099106e+00
1.105295141126021008e+02 1.982933075407674384e+00
1.284386263589742896e+02 2.342799367065150129e+00
1.492495545051829140e+02 2.765189108885641289e+00
1.734324801772463900e+02 3.259980438456662633e+00
2.015337685941733241e+02 3.838588395310226886e+00
2.341883126059243523e+02 4.514245333633918555e+00
2.721338768375305790e+02 5.302320668882300581e+00
3.162277660168379612e+02 6.220685134162210694e+00
3.674661940736688166e+02 7.290127372732151834e+00
4.270067916167655540e+02 8.534832750858377892e+00
4.961947603002902838e+02 9.982935994311915806e+00
5.765932649858943932e+02 1.166716091961970392e+01
6.700187503509590670e+02 1.362556236663852971e+01
7.785819798516770334e+02 1.590238758697226551e+01
9.047357242349293074e+02 1.854907689775088642e+01
1.051330177026238516e+03 2.162542644445622742e+01
1.221677348996791807e+03 2.520093949801736599e+01
1.419625896474747606e+03 2.935639691512623983e+01
1.649648074098020743e+03 3.418568230534435770e+01
1.916940776533455619e+03 3.966284515337880379e+01
2.227542951999556408e+03 4.474214006211992967e+01
2.588472040318301424e+03 5.068133402240327001e+01
3.007882518043099026e+03 5.761379655934906907e+01
3.495250132675475925e+03 6.569556400291578768e+01
4.061585988376979458e+03 7.510880075650169374e+01
4.719685320018227685e+03 8.606586957542826610e+01
5.484416576121015169e+03 9.881409716586335890e+01
6.373057341948973772e+03 1.136413389002838699e+02
7.405684692262441786e+03 1.308824656930517847e+02
8.605628792983370658e+03 1.509269177237696908e+02
1.000000000000000000e+04 1.742274943549597310e+02
