3.162277660168379134e-02 5.546610164108873278e+02
3.530417660538831548e-02 4.185240091052650655e+02
3.941415080287675315e-02 3.289978335478901386e+02
4.400259212602089520e-02 2.683054046122729801e+02
4.912520184673455081e-02 2.262245258216559876e+02
5.484416576121017850e-02 1.965712153424322253e+02
6.122890909288016686e-02 1.755009736250340779e+02
6.835693927822929228e-02 1.605402079360186747e+02
7.631478686643580756e-02 1.501391975267231373e+02
8.519905595487022032e-02 1.432027070603519689e+02
9.511759691218703294e-02 1.390452831288427262e+02
1.061908156252536900e-01 1.372124403203278860e+02
1.185531351634873803e-01 1.374061554139107386e+02
1.323546276044391679e-01 1.394625156380980968e+02
1.477628358301314171e-01 1.365865915564447732e+02
1.649648074098020167e-01 1.340384930177778244e+02
1.841693652593244523e-01 1.337553709579259191e+02
2.056096426419194712e-01 1.355286091222614004e+02
2.295459132837373295e-01 1.188393087520450280e+02
2.562687509604298919e-01 7.501499411918221938e+01
2.861025569104377331e-01 4.973144911635667142e+01
3.194094978959385878e-01 3.480979897508397869e+01
3.565939027174543918e-01 2.560833202989771706e+01
3.981071705534971472e-01 1.970747225614264408e+01
4.444532507099246965e-01 1.579684880443848449e+01
4.961947603002900276e-01 1.313699155793525186e+01
5.539598141226161898e-01 1.128924758837558251e+01
6.184496496437186241e-01 9.990983932344242646e+00
6.904471396543906403e-01 9.078753479630686130e+00
7.708262959346177112e-01 8.444522812659853273e+00
8.605628792983366360e-01 8.021702368012629591e+00
9.607462448181176562e-01 7.763726017423905112e+00
1.072592566024592520e+00 7.639860116238705423e+00
1.197459598615466358e+00 7.630546890585682362e+00
1.336863162897809154e+00 7.723679147115907639e+00
1.492495545051829131e+00 7.910874982741660233e+00
1.666246040597821887e+00 8.119491237369365066e+00
1.860223889453220592e+00 7.638928793673402495e+00
2.076783880999303999e+00 7.329729701993055180e+00
2.318554939989653896e+00 7.156503704846835845e+00
2.588472040318300138e+00 7.097830383232794027e+00
2.889811834063971574e+00 7.139739898671394691e+00
3.226232428328361657e+00 7.271056380379013362e+00
3.601817792738369217e+00 7.488985860659739480e+00
4.021127336696125987e+00 7.790734371817670478e+00
4.489251258218603269e+00 8.176301913852803693e+00
5.011872336272719330e+00 8.649413777026348171e+00
5.595334916732480401e+00 9.215657896730116150e+00
6.246721929411505947e+00 9.879225224507973024e+00
6.973940871117343399e+00 1.065222295370884176e+01
7.785819798516762091e+00 1.154070468100719182e+01
8.692214496115088451e+00 1.256143421257845993e+01
9.704128120312613959e+00 1.052370043969713187e+01
1.083384477195432360e+01 8.954887578445486440e+00
1.209507861887348312e+01 7.846613725735805289e+00
1.350314037869872230e+01 7.061508803186005601e+00
1.507512318293853681e+01 6.507371876831165025e+00
1.683011007863576580e+01 6.127392270187846712e+00
1.878940568655332299e+01 5.882454435513354341e+00
2.097679482810011820e+01 5.745550018413922544e+00
2.341883126059243736e+01 5.699915212714112833e+00
2.614516002594537980e+01 5.734374147630295404e+00
2.918887732593875128e+01 5.841476242640054828e+00
3.258693229275402814e+01 6.016564884916878242e+00
3.638057553206641614e+01 6.260571397026068574e+00
4.061585988376975820e+01 6.572564456402322897e+00
4.534419947930706485e+01 6.955338030741549105e+00
5.062299388226948338e+01 7.412617410304955357e+00
5.651632488900333584e+01 7.950921853049656818e+00
6.309573444801932851e+01 8.575839294367469279e+00
