1.000000000000000021e-02 5.602042483195662044e+02
1.142802059810032675e-02 3.825824086651205107e+02
1.305996547906053407e-02 2.787362173436582111e+02
1.492495545051829124e-02 2.150486550380289543e+02
1.705626983142527822e-02 1.744876946739852315e+02
1.949194029602852388e-02 1.480157820778339897e+02
2.227542951999557375e-02 1.305516213332861923e+02
2.545640673860415093e-02 1.191820354560762638e+02
2.909163405623881732e-02 1.121337862818688080e+02
3.324597932270941664e-02 1.083190890543907869e+02
3.799357365039405382e-02 1.070822926876693941e+02
4.341913422721453003e-02 1.080210658334940632e+02
4.961947603002903051e-02 1.109267922372370805e+02
5.670523941381171856e-02 1.156802626105397849e+02
6.480286440412508231e-02 1.222814769534021622e+02
7.405684692262434754e-02 1.308198422320932366e+02
8.463231720621142151e-02 1.414145677349716550e+02
9.671798642975443228e-02 1.542817202971875759e+02
1.105295141126021452e-01 1.667390909306704714e+02
1.263133563976838181e-01 1.703451719035207930e+02
1.443511638727918156e-01 1.771997059841453961e+02
1.649648074098020722e-01 1.315201968012005409e+02
1.885221217040871367e-01 6.917001369934529009e+01
2.154434690031883370e-01 3.972531947474926284e+01
2.462092401494625493e-01 2.477014172112568957e+01
2.813684267870688038e-01 1.667229201582260600e+01
3.215484176977705943e-01 1.203058035035617657e+01
3.674661940736689836e-01 9.238940960862672469e+00
4.199411234979421037e-01 7.494573796051553494e+00
4.799095809323873363e-01 6.376986717688851058e+00
5.484416576121018405e-01 5.500612183739430172e+00
6.267602560047386140e-01 4.813296130546368623e+00
7.162629115692786819e-01 4.371150742669123623e+00
8.185467307069028697e-01 4.098738892318214866e+00
9.354368899026167528e-01 3.952055588283109877e+00
1.069019204603001150e+00 3.903626814887393159e+00
1.221677348996791812e+00 3.937154427238274135e+00
1.396135390856794611e+00 4.044256522248033114e+00
1.595506400444828943e+00 4.220276487090159456e+00
1.823348000868440399e+00 4.465214321764651828e+00
2.083725851142959939e+00 4.780699840760789243e+00
2.381286194765587005e+00 5.171855318187735584e+00
2.721338768375308526e+00 5.646829826491885029e+00
3.109951549940198401e+00 6.212142623630350968e+00
3.554059037181064529e+00 6.881763548082671100e+00
4.061585988376979373e+00 7.668731115763074868e+00
4.641588833612777520e+00 7.341836895341984359e+00
5.304417279843931965e+00 5.927157918647862012e+00
6.061898993497572441e+00 5.005148578998632303e+00
6.927550656129392692e+00 4.399090419628191917e+00
7.916819159263009276e+00 4.004209651940036530e+00
9.047357242349303164e+00 3.759271817265543714e+00
1.033933849239399372e+01 3.626092690427321852e+00
1.181581732618100844e+01 3.582320529858115776e+00
1.350314037869873474e+01 3.613054174513090633e+00
1.543141663868093083e+01 3.711308705152478016e+00
1.763505472047138767e+01 3.873358831515069767e+00
2.015337685941733170e+01 4.035408957877661962e+00
2.303132058706995977e+01 4.051707102770451208e+00
2.632024060704877400e+01 4.145305020583327504e+00
3.007882518043098941e+01 4.311080437207128746e+00
3.437414337286242727e+01 4.548102030076552005e+00
3.928284185071254342e+01 4.858930936246178334e+00
4.489251258218607887e+01 5.246361123411915628e+00
5.130325584897003210e+01 5.719472986585460106e+00
5.862946645916402133e+01 6.285717106289228973e+00
6.700187503509590670e+01 6.956269353306851144e+00
7.656988080124196472e+01 7.744168243552557840e+00
8.750421749906803370e+01 8.666177583201788437e+00
1.000000000000000000e+02 9.737664194582029253e+00
