1.000000000000000021e-02 7.220010549443960599e+02
1.142802059810032675e-02 5.352895070526003565e+02
1.305996547906053407e-02 4.187624276819824445e+02
1.492495545051829124e-02 3.436009713718295302e+02
1.705626983142527822e-02 2.940248085756599608e+02
1.949194029602852388e-02 2.611528473107516675e+02
2.227542951999557375e-02 2.396653730840980927e+02
2.545640673860415093e-02 2.048562608833611023e+02
2.909163405623881732e-02 1.793454731746017785e+02
3.324597932270941664e-02 1.627157774485647224e+02
3.799357365039405382e-02 1.522551623950898545e+02
4.341913422721453003e-02 1.464213578460365568e+02
4.961947603002903051e-02 1.442010848503559828e+02
5.670523941381171856e-02 1.449908463857322829e+02
6.480286440412508231e-02 1.484777180702239150e+02
7.405684692262434754e-02 1.544903365518152611e+02
8.463231720621142151e-02 1.630138006694614603e+02
9.671798642975443228e-02 1.741598691309988283e+02
1.105295141126021452e-01 1.859019840343296437e+02
1.263133563976838181e-01 1.807461823128163871e+02
1.443511638727918156e-01 1.536558715333044347e+02
1.649648074098020722e-01 1.224900932080298617e+02
1.885221217040871367e-01 8.724884733699261119e+01
2.154434690031883370e-01 6.624938613455742598e+01
2.462092401494625493e-01 5.330772776711732064e+01
2.813684267870688038e-01 3.833206091705709184e+01
3.215484176977705943e-01 2.810800179516896335e+01
3.674661940736689836e-01 2.014333121670409810e+01
4.199411234979421037e-01 1.460475592085160379e+01
4.799095809323873363e-01 1.124826939550228388e+01
5.484416576121018405e-01 8.782592903864570033e+00
6.267602560047386140e-01 7.111800221712327286e+00
7.162629115692786819e-01 6.032397368527015580e+00
8.185467307069028697e-01 5.328317509158513765e+00
9.354368899026167528e-01 4.874763419856316560e+00
1.069019204603001150e+00 4.598859109885524710e+00
1.221677348996791812e+00 4.456832418676931695e+00
1.396135390856794611e+00 4.421442161195446197e+00
1.595506400444828943e+00 4.475924531265627948e+00
1.823348000868440399e+00 4.612363287082406949e+00
2.083725851142959939e+00 4.826334646460599842e+00
2.381286194765587005e+00 4.940887321992777359e+00
2.721338768375308526e+00 4.986522127692587070e+00
3.109951549940198401e+00 5.124357867357320018e+00
3.554059037181064529e+00 5.349737928160466005e+00
4.061585988376979373e+00 4.173244697542394910e+00
4.641588833612777520e+00 3.301992437702137906e+00
5.304417279843931965e+00 2.739473608259577198e+00
6.061898993497572441e+00 2.370204211117233672e+00
6.927550656129392692e+00 2.127943928817985775e+00
7.916819159263009276e+00 1.974275705543113935e+00
9.047357242349303164e+00 1.885101569915423214e+00
1.033933849239399372e+01 1.846451683455379689e+00
1.181581732618100844e+01 1.849012820509960964e+00
1.350314037869873474e+01 1.888128368252655509e+00
1.543141663868093083e+01 1.961237189628882494e+00
1.763505472047138767e+01 2.067640792714664499e+00
2.015337685941733170e+01 2.208037669433979389e+00
2.303132058706995977e+01 2.384639710879418395e+00
2.632024060704877400e+01 2.600706546029541322e+00
3.007882518043098941e+01 2.860079880466218860e+00
3.437414337286242727e+01 3.168347649581264580e+00
3.928284185071254342e+01 3.532494772614445555e+00
4.489251258218607887e+01 3.959971830088178990e+00
5.130325584897003210e+01 4.459626386372838702e+00
5.862946645916402133e+01 5.042401481610721881e+00
6.700187503509590670e+01 5.721335631716065073e+00
7.656988080124196472e+01 6.510165844527071144e+00
8.750421749906803370e+01 7.423793281088582496e+00
1.000000000000000000e+02 8.481775715271941962e+00
