3.162277660168379134e-02 1.161358253527430861e+03
3.530417660538831548e-02 8.553195453954861023e+02
3.941415080287675315e-02 6.590200517909560176e+02
4.400259212602089520e-02 5.287056303625009832e+02
4.912520184673455081e-02 4.397707312465727796e+02
5.484416576121017850e-02 3.778166089524525546e+02
6.122890909288016686e-02 3.341159614380887319e+02
6.835693927822929228e-02 3.032150760385004560e+02
7.631478686643580756e-02 2.816177077515950486e+02
8.519905595487022032e-02 2.670381758572762578e+02
9.511759691218703294e-02 2.579650897289873228e+02
1.061908156252536900e-01 2.534005014553524404e+02
1.185531351634873803e-01 2.415582370105966845e+02
1.323546276044391679e-01 2.189263033569370975e+02
1.477628358301314171e-01 1.970663366128194127e+02
1.649648074098020167e-01 1.819388737453489568e+02
1.841693652593244523e-01 1.479611882517659751e+02
2.056096426419194712e-01 1.225295797641439037e+02
2.295459132837373295e-01 1.051201947968125978e+02
2.562687509604298919e-01 7.659685176092195036e+01
2.861025569104377331e-01 5.466650769058014703e+01
3.194094978959385878e-01 3.959545185857727034e+01
3.565939027174543918e-01 3.012425576836280428e+01
3.981071705534971472e-01 2.394936006708087817e+01
4.444532507099246965e-01 1.980139054965223977e+01
4.961947603002900276e-01 1.695185495203894988e+01
5.539598141226161898e-01 1.496722017501396707e+01
6.184496496437186241e-01 1.358110008942489877e+01
6.904471396543906403e-01 1.262526525820647727e+01
7.708262959346177112e-01 1.199109620662836662e+01
8.605628792983366360e-01 1.160735833879262913e+01
9.607462448181176562e-01 1.142701702922211737e+01
1.072592566024592520e+00 1.141921413618725367e+01
1.197459598615466358e+00 1.090089347553486121e+01
1.336863162897809154e+00 1.046142758009206730e+01
1.492495545051829131e+00 1.021748853863973494e+01
1.666246040597821887e+00 1.013684366550075033e+01
1.860223889453220592e+00 1.019846086103898841e+01
2.076783880999303999e+00 1.038928093774058325e+01
2.318554939989653896e+00 1.070213740041191564e+01
2.588472040318300138e+00 1.113440523836697160e+01
2.889811834063971574e+00 1.168712482372406924e+01
3.226232428328361657e+00 1.236444407353833164e+01
3.601817792738369217e+00 1.317328066760008198e+01
4.021127336696125987e+00 1.412314227616317375e+01
4.489251258218603269e+00 1.438945278714141196e+01
5.011872336272719330e+00 1.451264540138978454e+01
5.595334916732480401e+00 1.481403696814669502e+01
6.246721929411505947e+00 1.528508165483455095e+01
6.973940871117343399e+00 1.592319742019006235e+01
7.785819798516762091e+00 1.673069363337559778e+01
8.692214496115088451e+00 1.771409615177061170e+01
9.704128120312613959e+00 1.888375036910144189e+01
1.083384477195432360e+01 1.819738703034091287e+01
1.209507861887348312e+01 1.546555783043525345e+01
1.350314037869872230e+01 1.353769056425293904e+01
1.507512318293853681e+01 1.216921926938831611e+01
1.683011007863576580e+01 1.120365440464463269e+01
1.878940568655332299e+01 1.053868759456601722e+01
2.097679482810011820e+01 1.010636520479358502e+01
2.341883126059243736e+01 9.861166921129459695e+00
2.614516002594537980e+01 9.772659357223474785e+00
2.918887732593875128e+01 9.820871368648402822e+00
3.258693229275402814e+01 9.993330634460679818e+00
3.638057553206641614e+01 1.028313853833240010e+01
4.061585988376975820e+01 1.068770769082703787e+01
4.534419947930706485e+01 1.120792947169040943e+01
5.062299388226948338e+01 1.184762397520851707e+01
5.651632488900333584e+01 1.261317743005083081e+01
6.309573444801932851e+01 1.351330691629204672e+01
