3.162277660168379412e-01 1.182651525036199081e+00
3.674661940736689281e-01 7.668742072890744055e-01
4.270067916167659128e-01 5.279608654588809902e-01
4.961947603002903051e-01 3.841297367800142748e-01
5.765932649858945824e-01 2.942571092283469136e-01
6.700187503509588138e-01 2.367624927360156839e-01
7.785819798516769863e-01 1.995677977842569562e-01
9.047357242349296502e-01 1.758481761992152226e-01
1.051330177026238211e+00 1.614999879275273997e-01
1.221677348996791812e+00 1.541076150654407395e-01
1.419625896474748350e+00 1.521867622745048665e-01
1.649648074098020167e+00 1.548643146497488410e-01
1.916940776533455626e+00 1.616746109085215599e-01
2.227542951999557541e+00 1.724430280698288631e-01
2.588472040318300582e+00 1.871695661336707228e-01
3.007882518043099473e+00 2.061743672318698262e-01
3.495250132675474131e+00 2.296611581755859943e-01
4.061585988376979373e+00 2.582702232284646571e-01
4.719685320018228047e+00 2.928601253803935767e-01
5.484416576121017961e+00 3.343621871966752090e-01
6.373057341948979548e+00 3.841297367800142748e-01
7.405684692262434865e+00 4.435597579783643329e-01
8.605628792983365472e+00 5.143402729413356633e-01
1.000000000000000000e+01 5.986540689313550878e-01
1.162030136386260892e+01 6.990040753426728370e-01
1.350314037869872941e+01 8.182133637013611072e-01
1.569105605590211816e+01 9.600072242686291668e-01
1.823348000868441332e+01 1.128227362626348595e+00
2.118785326128771018e+01 1.327937845223350566e+00
2.462092401494625449e+01 1.564959438092773825e+00
2.861025569104377908e+01 1.846218852814054179e+00
3.324597932270941669e+01 2.179632331192260519e+00
3.863282988666283302e+01 2.575095175483729459e+00
4.489251258218602914e+01 3.043084764548111387e+00
5.216645251859961974e+01 3.598153013468254446e+00
6.061898993497572263e+01 4.254735422006342027e+00
7.044109314173721259e+01 5.031225610827094741e+00
8.185467307069029630e+01 5.947647015084511324e+00
9.511759691218703949e+01 7.028912513400427109e+00
1.105295141126021008e+02 8.301099137603303646e+00
1.284386263589742896e+02 9.795406193630769920e+00
1.492495545051829140e+02 1.154815526152960992e+01
1.734324801772463900e+02 1.359892755032517009e+01
2.015337685941733241e+02 1.599615183341316715e+01
2.341883126059243523e+02 1.879105085188522750e+01
2.721338768375305790e+02 2.205440512070432035e+01
3.162277660168379612e+02 2.585420118713751236e+01
3.674661940736688166e+02 3.027984601745382065e+01
4.270067916167655540e+02 3.194132547395303590e+01
4.961947603002902838e+02 3.252619604496285888e+01
5.765932649858943932e+02 3.373691537985578748e+01
6.700187503509590670e+02 3.555858231758698906e+01
7.785819798516770334e+02 3.798933421302586311e+01
9.047357242349293074e+02 4.106642396878450540e+01
1.051330177026238516e+03 4.485131887417286123e+01
1.221677348996791807e+03 4.940362357337027532e+01
1.419625896474747606e+03 5.482764619369060455e+01
1.649648074098020743e+03 6.123514544297009365e+01
1.916940776533455619e+03 6.878258351217954214e+01
2.227542951999556408e+03 7.762269730202852713e+01
2.588472040318301424e+03 8.794920190609990129e+01
3.007882518043099026e+03 1.000042411913722731e+02
3.495250132675475925e+03 1.140560360566526583e+02
4.061585988376979458e+03 1.304324120449275028e+02
4.719685320018227685e+03 1.494835464407503309e+02
5.484416576121015169e+03 1.716564740754663774e+02
6.373057341948973772e+03 1.974354826830327454e+02
7.405684692262441786e+03 2.274166187052428540e+02
8.605628792983370658e+03 2.622853355501592318e+02
1.000000000000000000e+04 3.027717901089786778e+02
