3.162277660168379134e-02 1.666585101385161579e+03
3.530417660538831548e-02 1.204892360474472525e+03
3.941415080287675315e-02 9.130303212258850181e+02
4.400259212602089520e-02 7.215993835580158020e+02
4.912520184673455081e-02 5.921900714467649323e+02
5.484416576121017850e-02 4.723842157638575259e+02
6.122890909288016686e-02 3.754254453906349909e+02
6.835693927822929228e-02 3.096425510412008748e+02
7.631478686643580756e-02 2.640196829044487004e+02
8.519905595487022032e-02 2.319297991700195780e+02
9.511759691218703294e-02 2.092621658316650723e+02
1.061908156252536900e-01 1.934026030047726010e+02
1.185531351634873803e-01 1.826591967495508015e+02
1.323546276044391679e-01 1.669368324216038957e+02
1.477628358301314171e-01 1.220422259500255961e+02
1.649648074098020167e-01 9.345949464718206912e+01
1.841693652593244523e-01 7.467535450816139075e+01
2.056096426419194712e-01 6.203106087990059336e+01
2.295459132837373295e-01 5.338783358210422136e+01
2.562687509604298919e-01 4.744950524004902803e+01
2.861025569104377331e-01 4.226396957900890072e+01
3.194094978959385878e-01 3.390546634610478094e+01
3.565939027174543918e-01 2.779866293628699125e+01
3.981071705534971472e-01 2.032871819457777107e+01
4.444532507099246965e-01 1.559065357717729050e+01
4.961947603002900276e-01 1.247658304727984024e+01
5.539598141226161898e-01 1.037066333589727840e+01
6.184496496437186241e-01 8.916454430299808109e+00
6.904471396543906403e-01 7.900108202165301741e+00
7.708262959346177112e-01 7.189232254329077421e+00
8.605628792983366360e-01 6.699656999066527341e+00
9.607462448181176562e-01 6.376734869348841706e+00
1.072592566024592520e+00 6.184480990251452148e+00
1.197459598615466358e+00 6.099086282620389987e+00
1.336863162897809154e+00 6.104944322989552141e+00
1.492495545051829131e+00 6.192165402024503607e+00
1.666246040597821887e+00 6.354994661984161297e+00
1.860223889453220592e+00 6.590794368051851038e+00
2.076783880999303999e+00 6.899387332371213155e+00
2.318554939989653896e+00 7.282637634470574994e+00
2.588472040318300138e+00 7.744191656200880125e+00
2.889811834063971574e+00 8.289330958243210645e+00
3.226232428328361657e+00 8.924906350649647990e+00
3.601817792738369217e+00 9.659333950909712030e+00
4.021127336696125987e+00 1.050264150350920467e+01
4.489251258218603269e+00 1.086057711531653780e+01
5.011872336272719330e+00 1.127792405659715413e+01
5.595334916732480401e+00 1.181713848717825144e+01
6.246721929411505947e+00 1.248185798408592895e+01
6.973940871117343399e+00 1.327857827534259449e+01
7.785819798516762091e+00 1.421646206076445296e+01
8.692214496115088451e+00 1.530727114537484290e+01
9.704128120312613959e+00 1.261331713584497471e+01
1.083384477195432360e+01 1.060829935651575973e+01
1.209507861887348312e+01 9.199193112308693188e+00
1.350314037869872230e+01 8.200134275148380780e+00
1.507512318293853681e+01 7.493150706997322885e+00
1.683011007863576580e+01 7.001619920996168922e+00
1.878940568655332299e+01 6.674889282429837145e+00
2.097679482810011820e+01 6.479106847826229476e+00
2.341883126059243736e+01 6.391613878721042141e+00
2.614516002594537980e+01 6.397438227370987107e+00
2.918887732593875128e+01 6.487060029294063668e+00
3.258693229275402814e+01 6.654967196655102057e+00
3.638057553206641614e+01 6.898712458859781904e+00
4.061585988376975820e+01 7.218295148102018111e+00
4.534419947930706485e+01 7.615756210412454763e+00
5.062299388226948338e+01 8.094914270988374128e+00
5.651632488900333584e+01 8.661195584238624789e+00
6.309573444801932851e+01 9.275665906088695678e+00
