3.162277660168379134e-02 1.372929398231445703e+03
3.437414337286241045e-02 1.114831730478122836e+03
3.736489516721269721e-02 9.187098143898024318e+02
4.061585988376979761e-02 7.565829909208432582e+02
4.414967757076887489e-02 6.376906512230880253e+02
4.799095809323872946e-02 5.490669452576477170e+02
5.216645251859962362e-02 4.821185197622049827e+02
5.670523941381171856e-02 4.310294946736864858e+02
6.163892735146683094e-02 3.917882561487037378e+02
6.700187503509590081e-02 3.615801033282321555e+02
7.283143057666745246e-02 3.384001764779138171e+02
7.916819159263009664e-02 3.138674538422352498e+02
8.605628792983370523e-02 2.934171684327732237e+02
9.354368899026167805e-02 2.778776812389012321e+02
1.016825377948150644e-01 2.633468221086540098e+02
1.105295141126021452e-01 2.463310086874490992e+02
1.201462291846031316e-01 2.243181955509572845e+02
1.305996547906053407e-01 1.938128424679072168e+02
1.419625896474748517e-01 1.707032985426295681e+02
1.543141663868093649e-01 1.530348642394640422e+02
1.677404026426158323e-01 1.394519159809462678e+02
1.823348000868441343e-01 1.263379840909912701e+02
1.981989955845199214e-01 1.088405654203874633e+02
2.154434690031883926e-01 9.434806695558812351e+01
2.341883126059244868e-01 8.334575915887680253e+01
2.545640673860414815e-01 7.492249555928422922e+01
2.767126321678177181e-01 6.844389929601655354e+01
3.007882518043099584e-01 6.314641334472547385e+01
3.269585913541653843e-01 5.825457809334969994e+01
3.554059037181062641e-01 5.450452942827321579e+01
3.863282988666283391e-01 5.166293126804477964e+01
4.199411234979421037e-01 4.955948095950027010e+01
4.564784607342344258e-01 4.806902519101480920e+01
4.961947603002903051e-01 4.709930146032154852e+01
5.393666105372006969e-01 4.658242158294602575e+01
5.862946645916405908e-01 4.554971525430857326e+01
6.373057341948979992e-01 4.334187263833678827e+01
6.927550656129388695e-01 4.172515526082535331e+01
7.530288136174587699e-01 4.060305698389864659e+01
8.185467307069028697e-01 3.990441500871589398e+01
8.897650903054697968e-01 3.957696484076582522e+01
9.671798642975448779e-01 3.958279013152674253e+01
1.051330177026238655e+00 3.989507909184613510e+01
1.142802059810032578e+00 4.049579476754027496e+01
1.242232532124357691e+00 4.137399350648420437e+01
1.350314037869873474e+00 4.252460956895297528e+01
1.467799267622069692e+00 4.394757950854285156e+01
1.595506400444828943e+00 4.564721732639475249e+01
1.734324801772465507e+00 4.763177659064390213e+01
1.885221217040871311e+00 4.991315270055908826e+01
2.049246504200854080e+00 5.250668998973143431e+01
2.227542951999557541e+00 5.543106639936215885e+01
2.421352234995232777e+00 5.870823453637011369e+01
2.632024060704877488e+00 6.236340318726956866e+01
2.861025569104377997e+00 6.642504847854831951e+01
3.109951549940198401e+00 7.092494906560938261e+01
3.380535549007040341e+00 7.589824475107155877e+01
3.674661940736691612e+00 8.138352223656664819e+01
3.994379051172821438e+00 8.742293470384362308e+01
4.341913422721453308e+00 9.406236321105227205e+01
4.719685320018228047e+00 1.013516274639159889e+02
5.130325584897002855e+00 1.093447517568105667e+02
5.576693957839359506e+00 1.181002894173400080e+02
6.061898993497572441e+00 1.245957843262651039e+02
6.589319708984723967e+00 1.312709968571237766e+02
7.162629115692790371e+00 1.387073705468174580e+02
7.785819798516770085e+00 1.469512496955228755e+02
8.463231720621141818e+00 1.560554640220784108e+02
9.199582447383766848e+00 1.660795423861533777e+02
1.000000000000000000e+01 1.770900069788168594e+02
