1.000000000000000021e-02 8.724431768530606632e+02
1.142802059810032675e-02 6.209115784162282807e+02
1.305996547906053407e-02 4.687707241484523024e+02
1.492495545051829124e-02 3.729264563080668040e+02
1.705626983142527822e-02 3.106992077848315148e+02
1.949194029602852388e-02 2.695571021400392056e+02
2.227542951999557375e-02 2.424369890384375879e+02
2.545640673860415093e-02 2.250026306159794274e+02
2.909163405623881732e-02 2.147208294950425795e+02
3.324597932270941664e-02 2.099226556386053346e+02
3.799357365039405382e-02 2.096544347397982904e+02
4.341913422721453003e-02 2.133499226789176362e+02
4.961947603002903051e-02 2.207110962350666625e+02
5.670523941381171856e-02 2.304862578804791156e+02
6.480286440412508231e-02 2.137373528660833699e+02
7.405684692262434754e-02 1.853655422367155268e+02
8.463231720621142151e-02 1.515399066649377176e+02
9.671798642975443228e-02 1.294936388991028196e+02
1.105295141126021452e-01 1.150842161687463516e+02
1.263133563976838181e-01 1.059051009651273318e+02
1.443511638727918156e-01 1.005704853110760411e+02
1.649648074098020722e-01 9.827570651017127545e+01
1.885221217040871367e-01 9.854392740897833392e+01
2.154434690031883370e-01 9.766475890733300957e+01
2.462092401494625493e-01 6.211431394461541800e+01
2.813684267870688038e-01 4.253418833170085378e+01
3.215484176977705943e-01 3.113666277753189249e+01
3.674661940736689836e-01 2.410331476436927289e+01
4.199411234979421037e-01 1.891026014024391344e+01
4.799095809323873363e-01 1.512070862202905275e+01
5.484416576121018405e-01 1.268436879119835936e+01
6.267602560047386140e-01 1.109553249479271386e+01
7.162629115692786819e-01 1.006362709243781772e+01
8.185467307069028697e-01 9.421014522379264733e+00
9.354368899026167528e-01 9.065714963716455799e+00
1.069019204603001150e+00 8.935329804574140056e+00
1.221677348996791812e+00 8.570251358975655265e+00
1.396135390856794611e+00 8.080375689626672298e+00
1.595506400444828943e+00 7.822399339037946930e+00
1.823348000868440399e+00 7.750687501509673005e+00
2.083725851142959939e+00 7.836369177517480189e+00
2.381286194765587005e+00 8.063611883451230256e+00
2.721338768375308526e+00 8.425896361353807151e+00
3.109951549940198401e+00 8.923222611225211764e+00
3.554059037181064529e+00 9.560712907174600872e+00
4.061585988376979373e+00 9.452679489599539409e+00
4.641588833612777520e+00 7.094105092971584980e+00
5.304417279843931965e+00 5.617958826967514696e+00
6.061898993497572441e+00 4.665215842663309687e+00
6.927550656129392692e+00 4.039134248138871008e+00
7.916819159263009276e+00 3.570678997791837617e+00
9.047357242349303164e+00 3.126903795425314492e+00
1.033933849239399372e+01 2.837728138898965025e+00
1.181581732618100844e+01 2.657051561230328041e+00
1.350314037869873474e+01 2.557400046742986266e+00
1.543141663868093083e+01 2.522009789261500767e+00
1.763505472047138767e+01 2.540636240567546000e+00
2.015337685941733170e+01 2.607225803986656931e+00
2.303132058706995977e+01 2.719450173105578905e+00
2.632024060704877400e+01 2.876378025359008106e+00
3.007882518043098941e+01 3.080803328442852429e+00
3.437414337286242727e+01 3.335054388770367861e+00
3.928284185071254342e+01 3.643787819168064601e+00
4.489251258218607887e+01 4.013522877593058702e+00
5.130325584897003210e+01 4.451710144567769589e+00
5.862946645916402133e+01 4.966964353821239797e+00
6.700187503509590670e+01 5.570461376137099130e+00
7.656988080124196472e+01 6.274541235505601833e+00
8.750421749906803370e+01 7.093173770406282941e+00
1.000000000000000000e+02 8.042191464449279792e+00
