1.000000000000000021e-02 8.757810369271039690e+02
1.105295141126021521e-02 6.755094324845075562e+02
1.221677348996791888e-02 5.392830182126164118e+02
1.350314037869872891e-02 4.443328200349210988e+02
1.492495545051829124e-02 3.768007581797241983e+02
1.649648074098020514e-02 3.280441592410206226e+02
1.823348000868441413e-02 2.925942971153557437e+02
2.015337685941732959e-02 2.667258815415203230e+02
2.227542951999557375e-02 2.480100232692062718e+02
2.462092401494625493e-02 2.348373969055712109e+02
2.721338768375307360e-02 2.260159095670282738e+02
3.007882518043098960e-02 2.207408985571563278e+02
3.324597932270941664e-02 2.185057244004309212e+02
3.674661940736687754e-02 2.125452599824964750e+02
4.061585988376979761e-02 1.842330539973080192e+02
4.489251258218605184e-02 1.636396494333445730e+02
4.961947603002903051e-02 1.486118285196274371e+02
5.484416576121017850e-02 1.376892774737626155e+02
6.061898993497571997e-02 1.299108714083582186e+02
6.700187503509590081e-02 1.246060580763965930e+02
7.405684692262434754e-02 1.213129014854878136e+02
8.185467307069028975e-02 1.196886749316006728e+02
9.047357242349297890e-02 1.195247621601074854e+02
1.000000000000000056e-01 1.206572503995150356e+02
1.105295141126021452e-01 1.230265350056439644e+02
1.221677348996791784e-01 1.265432090122252617e+02
1.350314037869872752e-01 1.312221735803038030e+02
1.492495545051829020e-01 1.370485275488346986e+02
1.649648074098020722e-01 1.423384397197514772e+02
1.823348000868441343e-01 1.414741723791509855e+02
2.015337685941733237e-01 1.422043292703479551e+02
2.227542951999557652e-01 1.444097011049836965e+02
2.462092401494625493e-01 1.480157820778339897e+02
2.721338768375307082e-01 1.529704181252419914e+02
3.007882518043099029e-01 1.513014880882203386e+02
3.324597932270940137e-01 1.421000211430340983e+02
3.674661940736688170e-01 1.318182200220972220e+02
4.061585988376979484e-01 1.244868487880379035e+02
4.489251258218605600e-01 1.194800586769729733e+02
4.961947603002903051e-01 1.163657160186022566e+02
5.484416576121018405e-01 1.148457975920289726e+02
6.061898993497571997e-01 1.147116871426254505e+02
6.700187503509587028e-01 1.158292742209881538e+02
7.405684692262434199e-01 1.180942506998032400e+02
8.185467307069028697e-01 1.214917154180258478e+02
9.047357242349297612e-01 1.227434129457920875e+02
1.000000000000000000e+00 1.143838615996390473e+02
1.105295141126021008e+00 1.014496538127213654e+02
1.221677348996791812e+00 9.197251538820563610e+01
1.350314037869873474e+00 8.507327782444654929e+01
1.492495545051829131e+00 8.012609235756097803e+01
1.649648074098020611e+00 7.671372647829352331e+01
1.823348000868440399e+00 7.455305812679229405e+01
2.015337685941732904e+00 7.343174575816838967e+01
2.227542951999556209e+00 7.320822834249585753e+01
2.462092401494625715e+00 7.378937362324444393e+01
2.721338768375308526e+00 7.511930224649607624e+01
3.007882518043099029e+00 7.716076130963861601e+01
3.324597932270941580e+00 7.987277261979876641e+01
3.674661940736688059e+00 8.330003966011105376e+01
4.061585988376979373e+00 8.741276010848581279e+01
4.489251258218603269e+00 9.227053860910235983e+01
4.961947603002903051e+00 9.788827632300555592e+01
5.484416576121015297e+00 1.043255778943747174e+02
6.061898993497572441e+00 1.116420479673892032e+02
6.700187503509590137e+00 1.198972911862283866e+02
7.405684692262434865e+00 1.291807145171612490e+02
8.185467307069028919e+00 1.395668237654119537e+02
9.047357242349292505e+00 1.511822787998616491e+02
1.000000000000000000e+01 1.641164865867793310e+02
