3.162277660168379412e-01 1.545168833580100820e+00
3.674661940736689281e-01 1.100054855025955458e+00
4.270067916167659128e-01 8.416128431545801813e-01
4.961947603002903051e-01 6.857327287871158861e-01
5.765932649858945824e-01 5.900393352023092230e-01
6.700187503509588138e-01 5.320354016820784127e-01
7.785819798516769863e-01 4.991480735948425340e-01
9.047357242349296502e-01 4.844797431913320240e-01
1.051330177026238211e+00 3.939086237156879111e-01
1.221677348996791812e+00 3.092746855938457995e-01
1.419625896474748350e+00 2.547195559482497984e-01
1.649648074098020167e+00 2.196203367684211039e-01
1.916940776533455626e+00 1.976760488234867719e-01
2.227542951999557541e+00 1.851905056824034446e-01
2.588472040318300582e+00 1.798645047620812121e-01
3.007882518043099473e+00 1.803592698748980316e-01
3.495250132675474131e+00 1.859763090968772348e-01
4.061585988376979373e+00 1.963663764660304456e-01
4.719685320018228047e+00 2.113548490013635872e-01
5.484416576121017961e+00 2.312327650045335747e-01
6.373057341948979548e+00 2.564366819280258225e-01
7.405684692262434865e+00 2.876359878656513103e-01
8.605628792983365472e+00 3.256892458072979668e-01
1.000000000000000000e+01 3.716150898087652865e-01
1.162030136386260892e+01 4.268541594632551672e-01
1.350314037869872941e+01 4.929780615997151338e-01
1.569105605590211816e+01 5.719076490090810871e-01
1.823348000868441332e+01 6.659421242744428815e-01
2.118785326128771018e+01 7.779336627520386793e-01
2.462092401494625449e+01 9.111127895902609852e-01
2.861025569104377908e+01 1.069321210370981046e+00
3.324597932270941669e+01 1.257157330260379346e+00
3.863282988666283302e+01 1.480441915291594412e+00
4.489251258218602914e+01 1.745170354478759789e+00
5.216645251859961974e+01 2.059026058985619301e+00
6.061898993497572263e+01 2.431205839144531033e+00
7.044109314173721259e+01 2.871255751249846000e+00
8.185467307069029630e+01 3.391865065253805156e+00
9.511759691218703949e+01 4.005606635787989589e+00
1.105295141126021008e+02 4.728545777103862591e+00
1.284386263589742896e+02 5.578843279224819263e+00
1.492495545051829140e+02 6.575358424098229904e+00
1.734324801772463900e+02 7.742305598421952872e+00
2.015337685941733241e+02 9.106693156589752647e+00
2.341883126059243523e+02 1.069878908197395440e+01
2.721338768375305790e+02 1.255584627718664592e+01
3.162277660168379612e+02 1.472023991894908335e+01
3.674661940736688166e+02 1.724039878065697806e+01
4.270067916167655540e+02 2.012097947513684204e+01
4.961947603002902838e+02 2.049723379151895131e+01
5.765932649858943932e+02 2.126836887558921774e+01
6.700187503509590670e+02 2.242320885656401330e+01
7.785819798516770334e+02 2.396175373444333445e+01
9.047357242349293074e+02 2.591008054105564895e+01
1.051330177026238516e+03 2.829799159849062562e+01
1.221677348996791807e+03 3.117391568014398473e+01
1.419625896474747606e+03 3.460118272045627208e+01
1.649648074098020743e+03 3.865243587952106452e+01
1.916940776533455619e+03 4.341335683334618523e+01
2.227542951999556408e+03 4.900129222515970184e+01
2.588472040318301424e+03 5.552800076279788755e+01
3.007882518043099026e+03 6.314249405670910420e+01
3.495250132675475925e+03 7.201613545890897683e+01
4.061585988376979458e+03 8.236126651428638468e+01
4.719685320018227685e+03 9.438650347746909119e+01
5.484416576121015169e+03 1.083935948596149643e+02
6.373057341948973772e+03 1.246805638816207704e+02
7.405684692262441786e+03 1.436199395696073680e+02
8.605628792983370658e+03 1.656364050133526291e+02
1.000000000000000000e+04 1.912067973662912550e+02
