1.000000000000000021e-02 8.195142528218029838e+02
1.142802059810032675e-02 5.565087603804470291e+02
1.305996547906053407e-02 4.033844294837116422e+02
1.492495545051829124e-02 3.096859288337826115e+02
1.705626983142527822e-02 2.502153951038419848e+02
1.949194029602852388e-02 2.105187020803987821e+02
2.227542951999557375e-02 1.822064960952102979e+02
2.545640673860415093e-02 1.635800447891652425e+02
2.909163405623881732e-02 1.516889182753860723e+02
3.324597932270941664e-02 1.446481196817010755e+02
3.799357365039405382e-02 1.413996665739268224e+02
4.341913422721453003e-02 1.412357538024336066e+02
4.961947603002903051e-02 1.437689511800557227e+02
5.670523941381171856e-02 1.488055436132103182e+02
6.480286440412508231e-02 1.562486735551059098e+02
7.405684692262434754e-02 1.661728468109666892e+02
8.463231720621142151e-02 1.786898220886289721e+02
9.671798642975443228e-02 1.940678202868997744e+02
1.105295141126021452e-01 1.991640173642337288e+02
1.263133563976838181e-01 1.859615886785089742e+02
1.443511638727918156e-01 1.788090313769876616e+02
1.649648074098020722e-01 1.765440548981725897e+02
1.885221217040871367e-01 1.299555748914927449e+02
2.154434690031883370e-01 7.859127276994287570e+01
2.462092401494625493e-01 5.134077450919896535e+01
2.813684267870688038e-01 3.600934243919327571e+01
3.215484176977705943e-01 2.651357756337150562e+01
3.674661940736689836e-01 1.849954688894561983e+01
4.199411234979421037e-01 1.377774148286320255e+01
4.799095809323873363e-01 1.086456449859775475e+01
5.484416576121018405e-01 9.007041642102413093e+00
6.267602560047386140e-01 7.799116274905390611e+00
7.162629115692786819e-01 7.014011352355590923e+00
8.185467307069028697e-01 6.519479070180094205e+00
9.354368899026167528e-01 6.168370463061145337e+00
1.069019204603001150e+00 5.657074374710209241e+00
1.221677348996791812e+00 5.346943960464558998e+00
1.396135390856794611e+00 5.189550446928478777e+00
1.595506400444828943e+00 5.154160189446992391e+00
1.823348000868440399e+00 5.223078059279359309e+00
2.083725851142959939e+00 5.386059508207254432e+00
2.381286194765587005e+00 5.639379245969466936e+00
2.721338768375308526e+00 5.983968595131298862e+00
3.109951549940198401e+00 5.733442825064993364e+00
3.554059037181064529e+00 3.953918233413714400e+00
4.061585988376979373e+00 2.900592412056866909e+00
4.641588833612777520e+00 2.248783031665952503e+00
5.304417279843931965e+00 1.831550522410543724e+00
6.061898993497572441e+00 1.558207349494332483e+00
6.927550656129392692e+00 1.378462094390997761e+00
7.916819159263009276e+00 1.262279604369541453e+00
9.047357242349303164e+00 1.191731920047895743e+00
1.033933849239399372e+01 1.156050624264753468e+00
1.181581732618100844e+01 1.148250797780347110e+00
1.350314037869873474e+01 1.164490735012804867e+00
1.543141663868093083e+01 1.202674960190197373e+00
1.763505472047138767e+01 1.262046773728215943e+00
2.015337685941733170e+01 1.342606175626860798e+00
2.303132058706995977e+01 1.445750149734085443e+00
2.632024060704877400e+01 1.572875679897843160e+00
3.007882518043098941e+01 1.726776733814040288e+00
3.437414337286242727e+01 1.910480109819909567e+00
3.928284185071254342e+01 2.127943928817985775e+00
4.489251258218607887e+01 2.384174049596767375e+00
5.130325584897003210e+01 2.684059915624092962e+00
5.862946645916402133e+01 3.034702861460390810e+00
6.700187503509590670e+01 3.443087806345429325e+00
7.656988080124196472e+01 3.918527975932228902e+00
8.750421749906803370e+01 4.469405273308512783e+00
1.000000000000000000e+02 5.108525383747181792e+00
