3.162277660168379134e-02 7.141332419127224966e+02
3.530417660538831548e-02 5.751054093644023624e+02
3.941415080287675315e-02 4.789631183031200408e+02
4.400259212602089520e-02 4.113118471595644792e+02
4.912520184673455081e-02 3.630916900184749920e+02
5.484416576121017850e-02 3.285806010386347680e+02
6.122890909288016686e-02 3.042023015692829517e+02
6.835693927822929228e-02 2.873490884275734629e+02
7.631478686643580756e-02 2.765010431869328045e+02
8.519905595487022032e-02 2.694974974958598750e+02
9.511759691218703294e-02 2.501557904596626543e+02
1.061908156252536900e-01 2.370725710622966176e+02
1.185531351634873803e-01 2.289365371318161522e+02
1.323546276044391679e-01 2.249132236497104032e+02
1.477628358301314171e-01 2.244661888183653105e+02
1.649648074098020167e-01 2.219329914407431943e+02
1.841693652593244523e-01 2.223800262720882870e+02
2.056096426419194712e-01 1.796732987175881817e+02
2.295459132837373295e-01 1.023586246364563692e+02
2.562687509604298919e-01 6.233038077976554803e+01
2.861025569104377331e-01 4.035861881915479188e+01
3.194094978959385878e-01 2.765351638330146855e+01
3.565939027174543918e-01 1.995706670364364754e+01
3.981071705534971472e-01 1.509649423533119261e+01
4.444532507099246965e-01 1.191695899738930287e+01
4.961947603002900276e-01 9.774917097194119719e+00
5.539598141226161898e-01 8.298305169907397527e+00
6.184496496437186241e-01 7.266399767552501388e+00
6.904471396543906403e-01 6.539968166616743517e+00
7.708262959346177112e-01 6.033328691092317619e+00
8.605628792983366360e-01 5.689670664495787733e+00
9.607462448181176562e-01 5.471741184215061615e+00
1.072592566024592520e+00 5.355325863552279131e+00
1.197459598615466358e+00 5.323660896332002679e+00
1.336863162897809154e+00 5.365570411770604231e+00
1.492495545051829131e+00 5.475466474476270662e+00
1.666246040597821887e+00 5.649623794187791148e+00
1.860223889453220592e+00 5.887111048339865427e+00
2.076783880999303999e+00 6.188859559497794649e+00
2.318554939989653896e+00 6.556731972792184671e+00
2.588472040318300138e+00 6.995384901049545689e+00
2.889811834063971574e+00 7.510406279661691720e+00
3.226232428328361657e+00 8.005869884402491365e+00
3.601817792738369217e+00 8.513440682492218414e+00
4.021127336696125987e+00 9.112281091981566661e+00
4.489251258218603269e+00 9.765603871541097547e+00
5.011872336272719330e+00 1.024057837984524610e+01
5.595334916732480401e+00 1.082358630572445790e+01
6.246721929411505947e+00 1.152207822970114748e+01
6.973940871117343399e+00 1.234350473229773293e+01
7.785819798516762091e+00 1.329717903916723998e+01
8.692214496115088451e+00 1.118680210619233506e+01
9.704128120312613959e+00 9.404250716203822691e+00
1.083384477195432360e+01 8.153018849720245598e+00
1.209507861887348312e+01 7.266399767552501388e+00
1.350314037869872230e+01 6.638688358538782808e+00
1.507512318293853681e+01 6.201898075412026756e+00
1.683011007863576580e+01 5.911325435037723786e+00
1.878940568655332299e+01 5.738099437891504451e+00
2.097679482810011820e+01 5.659868342406116248e+00
2.341883126059243736e+01 5.664524955232627335e+00
2.614516002594537980e+01 5.744618695848620504e+00
2.918887732593875128e+01 5.892698983731679441e+00
3.258693229275402814e+01 6.108765818881801479e+00
3.638057553206641614e+01 6.392819201298988396e+00
4.061585988376975820e+01 6.744859130983240192e+00
4.534419947930706485e+01 7.106212286320513272e+00
5.062299388226948338e+01 7.536483311490155046e+00
5.651632488900333584e+01 8.046848077275789990e+00
6.309573444801932851e+01 8.644757164199836197e+00
