3.162277660168379412e-01 1.705045890717307611e+00
3.674661940736689281e-01 1.181233431347151308e+00
4.270067916167659128e-01 8.857021359109148451e-01
4.961947603002903051e-01 7.111032517903034256e-01
5.765932649858945824e-01 6.053010245018293212e-01
6.700187503509588138e-01 5.414525496301774155e-01
7.785819798516769863e-01 5.050900894858806334e-01
9.047357242349296502e-01 4.881765330129707592e-01
1.051330177026238211e+00 4.202964410199924172e-01
1.221677348996791812e+00 3.364161593507697945e-01
1.419625896474748350e+00 2.833448494206158297e-01
1.649648074098020167e+00 2.501854938348812563e-01
1.916940776533455626e+00 2.306330239394892290e-01
2.227542951999557541e+00 2.209735524974750231e-01
2.588472040318300582e+00 2.190221504180515366e-01
3.007882518043099473e+00 2.235275342722869429e-01
3.495250132675474131e+00 2.337359888073751446e-01
4.061585988376979373e+00 2.495586709697636685e-01
4.719685320018228047e+00 2.711383909349029953e-01
5.484416576121017961e+00 2.988971790779659243e-01
6.373057341948979548e+00 3.335115878520757415e-01
7.405684692262434865e+00 3.759085402932265119e-01
8.605628792983365472e+00 4.272765257658913129e-01
1.000000000000000000e+01 4.891047350917961944e-01
1.162030136386260892e+01 5.631713200733903246e-01
1.350314037869872941e+01 6.516450183818898179e-01
1.569105605590211816e+01 7.571136901224644333e-01
1.823348000868441332e+01 8.826616168097114468e-01
2.118785326128771018e+01 1.031954878929461028e+00
2.462092401494625449e+01 1.209343121610035654e+00
2.861025569104377908e+01 1.419980175398301014e+00
3.324597932270941669e+01 1.669966013499345259e+00
3.863282988666283302e+01 1.966511232603098236e+00
4.489251258218602914e+01 2.318121381278785531e+00
5.216645251859961974e+01 2.734792321613034094e+00
6.061898993497572263e+01 3.228203730554824791e+00
7.044109314173721259e+01 3.811902842261384539e+00
8.185467307069029630e+01 4.501487169951365885e+00
9.511759691218703949e+01 5.314815488786675424e+00
1.105295141126021008e+02 6.272287344924472485e+00
1.284386263589742896e+02 7.397225742294914141e+00
1.492495545051829140e+02 8.716381028227242922e+00
1.734324801772463900e+02 1.026055834583564597e+01
2.015337685941733241e+02 1.206536447582241145e+01
2.341883126059243523e+02 1.417207280985731721e+01
2.721338768375305790e+02 1.445861187667876813e+01
3.162277660168379612e+02 1.360524686772191671e+01
3.674661940736688166e+02 1.318596982656471717e+01
4.270067916167655540e+02 1.310833603919645540e+01
4.961947603002902838e+02 1.331887378632906405e+01
5.765932649858943932e+02 1.378931717151435166e+01
6.700187503509590670e+02 1.450876802517862529e+01
7.785819798516770334e+02 1.547919551900289825e+01
9.047357242349293074e+02 1.671289822127091540e+01
1.051330177026238516e+03 1.823117633887819622e+01
1.221677348996791807e+03 2.006379320925902832e+01
1.419625896474747606e+03 2.224898775863604072e+01
1.649648074098020743e+03 2.483390408473945143e+01
1.916940776533455619e+03 2.787536646798304218e+01
2.227542951999556408e+03 3.144096687573088289e+01
2.588472040318301424e+03 3.561045766941704471e+01
3.007882518043099026e+03 4.047746050765167780e+01
3.495250132675475925e+03 4.615151669197219064e+01
4.061585988376979458e+03 5.276051643228475285e+01
4.719685320018227685e+03 6.045355598406746367e+01
5.484416576121015169e+03 6.940428318434821620e+01
6.373057341948973772e+03 7.981480421356239674e+01
7.405684692262441786e+03 9.192023794022115624e+01
8.605628792983370658e+03 1.059940194132256863e+02
1.000000000000000000e+04 1.223540713876031276e+02
