1.000000000000000021e-02 2.126509259047253181e+03
1.142802059810032675e-02 1.343327149195248012e+03
1.305996547906053407e-02 8.876274244347633839e+02
1.492495545051829124e-02 6.298116830295026602e+02
1.705626983142527822e-02 4.756058987190446032e+02
1.949194029602852388e-02 3.792624046073332806e+02
2.227542951999557375e-02 3.171804789567229363e+02
2.545640673860415093e-02 2.765249448617478834e+02
2.909163405623881732e-02 2.459679809738032930e+02
3.324597932270941664e-02 2.223475531799601583e+02
3.799357365039405382e-02 2.074833968495776730e+02
4.341913422721453003e-02 1.990583144359073913e+02
4.961947603002903051e-02 1.956548492155524741e+02
5.670523941381171856e-02 1.964146970340023870e+02
6.480286440412508231e-02 1.962029107937816832e+02
7.405684692262434754e-02 1.880173578234663978e+02
8.463231720621142151e-02 1.846253188681950519e+02
9.671798642975443228e-02 1.852182680834400514e+02
1.105295141126021452e-01 1.893561629381848945e+02
1.263133563976838181e-01 1.788284780121455810e+02
1.443511638727918156e-01 1.564850831913068987e+02
1.649648074098020722e-01 1.422412518728896202e+02
1.885221217040871367e-01 1.288083130822353439e+02
2.154434690031883370e-01 8.385792979794598523e+01
2.462092401494625493e-01 4.955939953448158519e+01
2.813684267870688038e-01 2.939958748263935107e+01
3.215484176977705943e-01 1.905823947826666043e+01
3.674661940736689836e-01 1.336130782600590727e+01
4.199411234979421037e-01 1.003043708430764980e+01
4.799095809323873363e-01 7.989174008181434417e+00
5.484416576121018405e-01 6.696218854044057700e+00
6.267602560047386140e-01 5.864046817189839444e+00
7.162629115692786819e-01 5.332584610411414516e+00
8.185467307069028697e-01 5.009259643597274270e+00
9.354368899026167528e-01 4.839085782977913475e+00
1.069019204603001150e+00 4.789049486063847283e+00
1.221677348996791812e+00 4.839630929997206898e+00
1.396135390856794611e+00 4.980044263004078431e+00
1.595506400444828943e+00 5.205498701445943510e+00
1.823348000868440399e+00 5.515603321293983896e+00
2.083725851142959939e+00 5.913446806242760978e+00
2.381286194765587005e+00 6.405094093898293650e+00
2.721338768375308526e+00 6.999354257549489589e+00
3.109951549940198401e+00 7.707735895627633838e+00
3.554059037181064529e+00 8.544541618380876002e+00
4.061585988376979373e+00 9.053701510647751860e+00
4.641588833612777520e+00 6.749119480709786956e+00
5.304417279843931965e+00 5.228633136800563186e+00
6.061898993497572441e+00 4.257973178306103001e+00
6.927550656129392692e+00 3.623893204236363630e+00
7.916819159263009276e+00 3.206749199249954607e+00
9.047357242349303164e+00 2.936797639571307794e+00
1.033933849239399372e+01 2.772174069508970717e+00
1.181581732618100844e+01 2.687296060043102841e+00
1.350314037869873474e+01 2.666515203965149183e+00
1.543141663868093083e+01 2.700526179032572749e+00
1.763505472047138767e+01 2.784281820481286474e+00
2.015337685941733170e+01 2.915762022315000035e+00
2.303132058706995977e+01 3.095244829937074726e+00
2.632024060704877400e+01 3.324884404866089049e+00
3.007882518043098941e+01 3.608484436670346795e+00
3.437414337286242727e+01 3.951401489349708918e+00
3.928284185071254342e+01 4.360537500870143468e+00
4.489251258218607887e+01 4.844392868955896603e+00
5.130325584897003210e+01 5.413157097023796993e+00
5.862946645916402133e+01 6.078818430083199331e+00
6.700187503509590670e+01 6.855282032265079373e+00
7.656988080124196472e+01 7.758499211476006074e+00
8.750421749906803370e+01 8.806624060367619578e+00
1.000000000000000000e+02 1.002022218943478293e+01
