3.162277660168379134e-02 6.275872985643148922e+02
3.437414337286241045e-02 5.315344144693016233e+02
3.736489516721269721e-02 4.591147717913984820e+02
4.061585988376979761e-02 4.038612666371464002e+02
4.414967757076887489e-02 3.613631553372740655e+02
4.799095809323872946e-02 3.284613917502760501e+02
5.216645251859962362e-02 3.029506040415167263e+02
5.670523941381171856e-02 2.832065656571090244e+02
6.163892735146683094e-02 2.680669860355556011e+02
6.700187503509590081e-02 2.566824989973008542e+02
7.283143057666745246e-02 2.484272557784616708e+02
7.916819159263009664e-02 2.427946169035136563e+02
8.605628792983370523e-02 2.394865591515600443e+02
9.354368899026167805e-02 2.381752569796144883e+02
1.016825377948150644e-01 2.354632456694543521e+02
1.105295141126021452e-01 2.331088622243702559e+02
1.201462291846031316e-01 2.321849902395904053e+02
1.305996547906053407e-01 2.289067348097264869e+02
1.419625896474748517e-01 2.276252349598705678e+02
1.543141663868093649e-01 2.281318744353949910e+02
1.677404026426158323e-01 2.303074439479410671e+02
1.823348000868441343e-01 2.331386645464599212e+02
1.981989955845199214e-01 2.344201643963158403e+02
2.154434690031883926e-01 2.374003966052830208e+02
2.341883126059244868e-01 2.419601518850028583e+02
2.545640673860414815e-01 2.410958845444023666e+02
2.767126321678177181e-01 2.314101298652589378e+02
3.007882518043099584e-01 2.245257934625446694e+02
3.269585913541653843e-01 2.199958405049145256e+02
3.554059037181062641e-01 2.175520500935614052e+02
3.863282988666283391e-01 2.146016202066838900e+02
4.199411234979421037e-01 1.994918429072201320e+02
4.564784607342344258e-01 1.820574844847619431e+02
4.961947603002903051e-01 1.654873934029042744e+02
5.393666105372006969e-01 1.527319995485246125e+02
5.862946645916405908e-01 1.429344861615449247e+02
6.373057341948979992e-01 1.354839056391269025e+02
6.927550656129388695e-01 1.299406737304478838e+02
7.530288136174587699e-01 1.259918660535663264e+02
8.185467307069028697e-01 1.233990640317648655e+02
8.897650903054697968e-01 1.146222801763564263e+02
9.671798642975448779e-01 1.049365254972129975e+02
1.051330177026238655e+00 9.748594497479497534e+01
1.142802059810032578e+00 9.177880029462276923e+01
1.242232532124357691e+00 8.748726591370999017e+01
1.350314037869873474e+00 8.434312093324957971e+01
1.467799267622069692e+00 8.218245258174835044e+01
1.595506400444828943e+00 8.085624924875794761e+01
1.734324801772465507e+00 8.026020280696450016e+01
1.885221217040871311e+00 8.031980745114384490e+01
2.049246504200854080e+00 8.099035969816146974e+01
2.227542951999557541e+00 8.224205722592769519e+01
2.421352234995232777e+00 8.403019655130802334e+01
2.632024060704877488e+00 8.636967883534728685e+01
2.861025569104377997e+00 8.924560291700063885e+01
3.109951549940198401e+00 9.268777111835775884e+01
3.380535549007040341e+00 9.666638111732898153e+01
3.674661940736691612e+00 1.012559387191384985e+02
3.994379051172821438e+00 1.064415427627414346e+02
4.341913422721453308e+00 1.122678967312723302e+02
4.719685320018228047e+00 1.187797041078656832e+02
5.130325584897002855e+00 1.260216683756560059e+02
5.576693957839359506e+00 1.340384930177778244e+02
6.061898993497572441e+00 1.428748815173655942e+02
6.589319708984723967e+00 1.525829879380762293e+02
7.162629115692790371e+00 1.632820215682685046e+02
7.785819798516770085e+00 1.749943341495096547e+02
8.463231720621141818e+00 1.878093326480686756e+02
9.199582447383766848e+00 2.018164240302145345e+02
1.000000000000000000e+01 2.171348175843060062e+02
