3.162277660168379134e-02 9.859519148851347836e+02
3.437414337286241045e-02 7.380750176088093895e+02
3.736489516721269721e-02 5.698765359650315077e+02
4.061585988376979761e-02 4.527140585860538522e+02
4.414967757076887489e-02 3.691822328287189521e+02
4.799095809323872946e-02 3.084032372655602785e+02
5.216645251859962362e-02 2.634010036961287824e+02
5.670523941381171856e-02 2.295944112650008435e+02
6.163892735146683094e-02 2.039091241930079832e+02
6.700187503509590081e-02 1.842408701879297439e+02
7.283143057666745246e-02 1.691234889365878189e+02
7.916819159263009664e-02 1.575191496484405604e+02
8.605628792983370523e-02 1.486830886543756378e+02
9.354368899026167805e-02 1.420747552860591725e+02
1.016825377948150644e-01 1.372984273779710236e+02
1.105295141126021452e-01 1.340628861555728975e+02
1.201462291846031316e-01 1.321536326156499968e+02
1.305996547906053407e-01 1.314134927252090392e+02
1.419625896474748517e-01 1.177081577235615839e+02
1.543141663868093649e-01 1.054813289497976001e+02
1.677404026426158323e-01 9.608705024256094873e+01
1.823348000868441343e-01 8.886177597035026565e+01
1.981989955845199214e-01 8.333130871271649198e+01
2.154434690031883926e-01 7.915264252486868202e+01
2.341883126059244868e-01 7.607527721245196517e+01
2.545640673860414815e-01 7.391506646639967926e+01
2.767126321678177181e-01 6.464898787601694607e+01
3.007882518043099584e-01 5.614978036581242549e+01
3.269585913541653843e-01 4.968905653115294996e+01
3.554059037181062641e-01 4.473898714690312772e+01
3.863282988666283391e-01 4.093113896733815693e+01
4.199411234979421037e-01 3.800436145699998747e+01
4.564784607342344258e-01 3.577106428578463237e+01
4.961947603002903051e-01 3.409499869707724429e+01
5.393666105372006969e-01 3.287637156571040009e+01
5.862946645916405908e-01 3.204171707367432731e+01
6.373057341948979992e-01 3.153690747371253167e+01
6.927550656129388695e-01 3.132226829669955492e+01
7.530288136174587699e-01 3.136912601193506944e+01
8.185467307069028697e-01 3.165734512365886744e+01
8.897650903054697968e-01 3.217355852356714507e+01
9.671798642975448779e-01 3.290989048151094920e+01
1.051330177026238655e+00 3.386303472511122692e+01
1.142802059810032578e+00 3.503359223340629569e+01
1.242232532124357691e+00 3.642560190978966972e+01
1.350314037869873474e+00 3.804621679421125435e+01
1.467799267622069692e+00 3.990549184233432811e+01
1.595506400444828943e+00 4.201625840414147461e+01
1.734324801772465507e+00 4.439406659358328966e+01
1.885221217040871311e+00 4.590944495831651295e+01
2.049246504200854080e+00 4.550721590391721350e+01
2.227542951999557541e+00 4.548854842206456794e+01
2.421352234995232777e+00 4.582191162151988806e+01
2.632024060704877488e+00 4.648578088597177072e+01
2.861025569104377997e+00 4.746662758073200195e+01
3.109951549940198401e+00 4.875743794165197897e+01
3.380535549007040341e+00 5.035661779676573957e+01
3.674661940736691612e+00 5.226718459162120922e+01
3.994379051172821438e+00 5.449617849317030505e+01
4.341913422721453308e+00 5.705424464218641845e+01
4.719685320018228047e+00 5.995535203112794420e+01
5.130325584897002855e+00 6.321662327057652675e+01
5.576693957839359506e+00 6.685825534732971676e+01
6.061898993497572441e+00 7.090351556847869574e+01
6.589319708984723967e+00 7.537880002088809306e+01
7.162629115692790371e+00 8.031374451140669635e+01
7.785819798516770085e+00 8.574138030247779341e+01
8.463231720621141818e+00 9.169832908073050248e+01
9.199582447383766848e+00 9.822503348165344050e+01
1.000000000000000000e+01 1.053660211157504705e+02
