1.000000000000000021e-02 1.108280409620767614e+03
1.142802059810032675e-02 7.733674875288987778e+02
1.305996547906053407e-02 5.494042858777406764e+02
1.492495545051829124e-02 4.157998810362532254e+02
1.705626983142527822e-02 3.326367714047796653e+02
1.949194029602852388e-02 2.793570159195410270e+02
2.227542951999557375e-02 2.447959770716533683e+02
2.545640673860415093e-02 2.226134243037356271e+02
2.909163405623881732e-02 2.090783352345691242e+02
3.324597932270941664e-02 2.019403324198929113e+02
3.799357365039405382e-02 1.998290965617491679e+02
4.341913422721453003e-02 2.019224284572388228e+02
4.961947603002903051e-02 2.077569232125524081e+02
5.670523941381171856e-02 2.012440044754630719e+02
6.480286440412508231e-02 1.963859822590722501e+02
7.405684692262434754e-02 1.959567634383128905e+02
8.463231720621142151e-02 1.993426688201111006e+02
9.671798642975443228e-02 2.062237882699658940e+02
1.105295141126021452e-01 1.973181711900394646e+02
1.263133563976838181e-01 1.794228509298274901e+02
1.443511638727918156e-01 1.683482629752444950e+02
1.649648074098020722e-01 1.312303657468943072e+02
1.885221217040871367e-01 1.067728638642906560e+02
2.154434690031883370e-01 9.102134718882872733e+01
2.462092401494625493e-01 8.088217655431310504e+01
2.813684267870688038e-01 6.992131256071176892e+01
3.215484176977705943e-01 4.962732766560230857e+01
3.674661940736689836e-01 3.756820215493640802e+01
4.199411234979421037e-01 3.009305226767650510e+01
4.799095809323873363e-01 2.490241816028272126e+01
5.484416576121018405e-01 1.996328651241435281e+01
6.267602560047386140e-01 1.679577267881441216e+01
7.162629115692786819e-01 1.473660367830820128e+01
8.185467307069028697e-01 1.340967920973279348e+01
9.354368899026167528e-01 1.259413579384858650e+01
1.069019204603001150e+00 1.215709253442125970e+01
1.221677348996791812e+00 1.201786893073837170e+01
1.396135390856794611e+00 1.212822607143118603e+01
1.595506400444828943e+00 1.246111416332339061e+01
1.823348000868440399e+00 1.300411699662476650e+01
2.083725851142959939e+00 1.375559053876807525e+01
2.381286194765587005e+00 1.464109109962630306e+01
2.721338768375308526e+00 1.499059601492917793e+01
3.109951549940198401e+00 1.559330733292490834e+01
3.554059037181064529e+00 1.644532875868869937e+01
4.061585988376979373e+00 1.755314771613216962e+01
4.641588833612777520e+00 1.893203006358276852e+01
5.304417279843931965e+00 2.060522206842028226e+01
6.061898993497572441e+00 2.260371264631672616e+01
6.927550656129392692e+00 2.496641068824530052e+01
7.916819159263009276e+00 2.136662252919579430e+01
9.047357242349303164e+00 1.624046291377361229e+01
1.033933849239399372e+01 1.300374923370763369e+01
1.181581732618100844e+01 1.090086070007229146e+01
1.350314037869873474e+01 9.514764560702989371e+00
1.543141663868093083e+01 8.605492714222602757e+00
1.763505472047138767e+01 8.030270711973377828e+00
2.015337685941733170e+01 7.702139064938215540e+00
2.303132058706995977e+01 7.567616843543836680e+00
2.632024060704877400e+01 7.594207984747224138e+00
3.007882518043098941e+01 7.763204231451850568e+00
3.437414337286242727e+01 8.065446492076706164e+00
3.928284185071254342e+01 8.498795534396979434e+00
4.489251258218607887e+01 9.066618335929934602e+00
5.130325584897003210e+01 9.776888827219263334e+00
5.862946645916402133e+01 1.064166377123231300e+01
6.700187503509590670e+01 1.167679364137271492e+01
7.656988080124196472e+01 1.290179653238071289e+01
8.750421749906803370e+01 1.433987070554787913e+01
1.000000000000000000e+02 1.601804854446996629e+01
