1.000000000000000021e-02 4.972021394219994477e+02
1.105295141126021521e-02 4.074375452879070849e+02
1.221677348996791888e-02 3.433029481509327638e+02
1.350314037869872891e-02 2.968262268520891212e+02
1.492495545051829124e-02 2.627323703815042677e+02
1.649648074098020514e-02 2.375792105378210408e+02
1.823348000868441413e-02 2.190719685201347033e+02
2.015337685941732959e-02 2.056609235797822635e+02
2.227542951999557375e-02 1.962135874773561852e+02
2.462092401494625493e-02 1.900147044827043885e+02
2.721338768375307360e-02 1.864980304761230911e+02
3.007882518043098960e-02 1.852761352704465310e+02
3.324597932270941664e-02 1.861404026110470227e+02
3.674661940736687754e-02 1.888822162432968526e+02
4.061585988376979761e-02 1.934121692009269964e+02
4.489251258218605184e-02 1.997302614839375110e+02
4.961947603002903051e-02 2.078066907702386459e+02
5.484416576121017850e-02 2.073894582609832185e+02
6.061898993497571997e-02 2.090285859759151776e+02
6.700187503509590081e-02 2.127836785592138540e+02
7.405684692262434754e-02 2.120386205069720518e+02
8.185467307069028975e-02 2.092968068747222219e+02
9.047357242349297890e-02 2.091179929421842019e+02
1.000000000000000056e-01 1.996706568397581520e+02
1.105295141126021452e-01 1.674543466608226083e+02
1.221677348996791784e-01 1.442904918166250070e+02
1.350314037869872752e-01 1.274819821580499308e+02
1.492495545051829020e-01 1.151885242960602085e+02
1.649648074098020722e-01 1.062329265081137351e+02
1.823348000868441343e-01 9.981052609778940621e+01
2.015337685941733237e-01 9.538488126747309082e+01
2.227542951999557652e-01 9.255366066895423671e+01
2.462092401494625493e-01 9.104864340342579965e+01
2.721338768375307082e-01 8.812801583863793553e+01
3.007882518043099029e-01 8.189933052189645935e+01
3.324597932270940137e-01 7.581965681560335213e+01
3.674661940736688170e-01 7.149459482233972096e+01
4.061585988376979484e-01 6.853671435493976105e+01
4.489251258218605600e-01 6.669642096590250446e+01
4.961947603002903051e-01 6.579490072268993117e+01
5.484416576121018405e-01 6.570549375642092116e+01
6.061898993497571997e-01 6.636114484239369915e+01
6.700187503509587028e-01 6.769479875590653251e+01
7.405684692262434199e-01 6.969155433591454596e+01
8.185467307069028697e-01 7.233651042137294951e+01
9.047357242349297612e-01 7.564084288306531789e+01
1.000000000000000000e+00 7.963435404308138743e+01
1.105295141126021008e+00 8.432821977220474707e+01
1.221677348996791812e+00 8.979694587565957420e+01
1.350314037869873474e+00 9.607033467553554829e+01
1.492495545051829131e+00 1.032377931381016793e+02
1.649648074098020611e+00 1.113738270685821732e+02
1.823348000868440399e+00 1.205678434332460114e+02
2.015337685941732904e+00 1.309092491983622608e+02
2.227542951999556209e+00 1.425172536522895257e+02
2.462092401494625715e+00 1.546691504843532812e+02
2.721338768375308526e+00 1.578281966258585385e+02
3.007882518043099029e+00 1.624475565497576781e+02
3.324597932270941580e+00 1.684378232897817895e+02
3.674661940736688059e+00 1.758287991680204527e+02
4.061585988376979373e+00 1.846502865065634182e+02
4.489251258218603269e+00 1.949618899495899598e+02
4.961947603002903051e+00 2.068232141412794363e+02
5.484416576121015297e+00 2.203534683699905941e+02
6.061898993497572441e+00 2.356420596019923721e+02
6.700187503509590137e+00 2.528678017698228189e+02
7.405684692262434865e+00 2.721499041618406523e+02
8.185467307069028919e+00 2.936969830326735860e+02
9.047357242349292505e+00 3.177325557979941095e+02
1.000000000000000000e+01 3.444354363903403282e+02
