1.000000000000000021e-02 7.897119307321308952e+02
1.105295141126021521e-02 5.820195480892061823e+02
1.221677348996791888e-02 4.337231933709978762e+02
1.350314037869872891e-02 3.357331583401560806e+02
1.492495545051829124e-02 2.689610556982457865e+02
1.649648074098020514e-02 2.223800262720882870e+02
1.823348000868441413e-02 1.891802394641935621e+02
2.015337685941732959e-02 1.651893701820075364e+02
2.227542951999557375e-02 1.476879565348475865e+02
2.462092401494625493e-02 1.348729580362886509e+02
2.721338768375307360e-02 1.256044358664006069e+02
3.007882518043098960e-02 1.190330238456278948e+02
3.324597932270941664e-02 1.146222801763564263e+02
3.674661940736687754e-02 1.119698735103756064e+02
4.061585988376979761e-02 1.108075829488783910e+02
4.489251258218605184e-02 1.109714957203715926e+02
4.961947603002903051e-02 1.123275013754516749e+02
5.484416576121017850e-02 1.147861929478496279e+02
6.061898993497571997e-02 1.183326692765206047e+02
6.700187503509590081e-02 1.229520292004197870e+02
7.405684692262434754e-02 1.286591738805919931e+02
8.185467307069028975e-02 1.354988068001717352e+02
9.047357242349297890e-02 1.435305326033383437e+02
1.000000000000000056e-01 1.528512088368833020e+02
1.105295141126021452e-01 1.635204401449858835e+02
1.221677348996791784e-01 1.710306253115832646e+02
1.350314037869872752e-01 1.447673289700597650e+02
1.492495545051829020e-01 1.258279532820731390e+02
1.649648074098020722e-01 1.120145769935101185e+02
1.823348000868441343e-01 1.019413921272009702e+02
2.015337685941733237e-01 9.461002089314162333e+01
2.227542951999557652e-01 8.672730670042335532e+01
2.462092401494625493e-01 7.911281340651214578e+01
2.721338768375307082e-01 7.359565852966157706e+01
3.007882518043099029e-01 6.969900491643696228e+01
3.324597932270940137e-01 6.708385115306825242e+01
3.674661940736688170e-01 6.551922924336047060e+01
4.061585988376979484e-01 6.484122641582041524e+01
4.489251258218605600e-01 6.495298512365668842e+01
4.961947603002903051e-01 6.496788628470152105e+01
5.484416576121018405e-01 6.403656371939926828e+01
6.061898993497571997e-01 6.390990385051816247e+01
6.700187503509587028e-01 6.317974695932119289e+01
7.405684692262434199e-01 6.274016270849853072e+01
8.185467307069028697e-01 6.303818592939524734e+01
9.047357242349297612e-01 6.401421197783201933e+01
1.000000000000000000e+00 6.562353737067431325e+01
1.105295141126021008e+00 6.785871152739971990e+01
1.221677348996791812e+00 6.661446458015591077e+01
1.350314037869873474e+00 6.606312162149697542e+01
1.492495545051829131e+00 6.630154019821435440e+01
1.649648074098020611e+00 6.724031334403902349e+01
1.823348000868440399e+00 6.884963873688130320e+01
2.015337685941732904e+00 7.110716463517397301e+01
2.227542951999556209e+00 7.399798987787215765e+01
2.462092401494625715e+00 7.753329033575950291e+01
2.721338768375308526e+00 8.173541775040327195e+01
3.007882518043099029e+00 8.662299857310951268e+01
3.324597932270941580e+00 9.224073628701269456e+01
3.674661940736688059e+00 9.864823553629217656e+01
4.061585988376979373e+00 1.017774793557077686e+02
4.489251258218603269e+00 1.027311536625772703e+02
4.961947603002903051e+00 1.046534034373611064e+02
5.484416576121015297e+00 1.074697228748351279e+02
6.061898993497572441e+00 1.111801119749993063e+02
6.700187503509590137e+00 1.157696695768088091e+02
7.405684692262434865e+00 1.212681980023533015e+02
8.185467307069028919e+00 1.277054995737224772e+02
9.047357242349292505e+00 1.351262777740508625e+02
1.000000000000000000e+01 1.435901372475177027e+02
