1.000000000000000021e-02 7.337139010165479931e+02
1.142802059810032675e-02 5.281217248792621604e+02
1.305996547906053407e-02 4.041516437400910036e+02
1.492495545051829124e-02 3.263425493614575430e+02
1.705626983142527822e-02 2.762144785884601674e+02
1.949194029602852388e-02 2.436293881362299487e+02
2.227542951999557375e-02 2.227814904232797915e+02
2.545640673860415093e-02 2.102315910641351877e+02
2.909163405623881732e-02 2.038959065255582175e+02
3.324597932270941664e-02 2.025035571446463223e+02
3.799357365039405382e-02 2.008597861005605125e+02
4.341913422721453003e-02 1.916322736928967458e+02
4.961947603002903051e-02 1.875630216456426353e+02
5.670523941381171856e-02 1.876855456708871941e+02
6.480286440412508231e-02 1.914359163493485596e+02
7.405684692262434754e-02 1.985216422709073072e+02
8.463231720621142151e-02 2.006249711670380975e+02
9.671798642975443228e-02 2.029236402222310289e+02
1.105295141126021452e-01 2.088855963626598964e+02
1.263133563976838181e-01 2.094607943316166541e+02
1.443511638727918156e-01 1.591070456675447247e+02
1.649648074098020722e-01 1.129849451882571856e+02
1.885221217040871367e-01 8.539663835897751198e+01
2.154434690031883370e-01 6.823824964559574369e+01
2.462092401494625493e-01 5.730098028150154477e+01
2.813684267870688038e-01 5.028277505512853907e+01
3.215484176977705943e-01 3.862909003648380235e+01
3.674661940736689836e-01 2.932148167667105909e+01
4.199411234979421037e-01 2.208564829762994819e+01
4.799095809323873363e-01 1.761049671312686371e+01
5.484416576121018405e-01 1.475631139222454102e+01
6.267602560047386140e-01 1.290863858069501546e+01
7.162629115692786819e-01 1.172123162798233942e+01
8.185467307069028697e-01 1.099190712634057299e+01
9.354368899026167528e-01 1.059961020766409057e+01
1.069019204603001150e+00 1.047111245136190050e+01
1.221677348996791812e+00 1.056272013024534218e+01
1.396135390856794611e+00 1.084990907029191121e+01
1.595506400444828943e+00 1.132131233559089978e+01
1.823348000868440399e+00 1.197519079112926299e+01
2.083725851142959939e+00 1.281737552335123631e+01
2.381286194765587005e+00 1.386011920968740441e+01
2.721338768375308526e+00 1.512153516146704924e+01
3.109951549940198401e+00 1.662543793516059409e+01
3.554059037181064529e+00 1.840147848104832562e+01
4.061585988376979373e+00 2.048551526820152802e+01
4.641588833612777520e+00 2.292019342157960438e+01
5.304417279843931965e+00 2.575572316355919611e+01
6.061898993497572441e+00 2.905086069960605855e+01
6.927550656129392692e+00 2.705329994865533294e+01
7.916819159263009276e+00 1.915634727522675718e+01
9.047357242349303164e+00 1.440916828840829922e+01
1.033933849239399372e+01 1.143151288488224004e+01
1.181581732618100844e+01 9.505362828869298397e+00
1.350314037869873474e+01 8.237762469953340272e+00
1.543141663868093083e+01 7.404187236595843657e+00
1.763505472047138767e+01 6.871785176836243458e+00
2.015337685941733170e+01 6.559928336172018426e+00
2.303132058706995977e+01 6.419068228784765573e+00
2.632024060704877400e+01 6.418980476518385991e+00
3.007882518043098941e+01 6.542026392860932127e+00
3.437414337286242727e+01 6.779198185373242147e+00
3.928284185071254342e+01 7.127762390613187726e+00
4.489251258218607887e+01 7.589847460762166875e+00
5.130325584897003210e+01 8.171599744202808324e+00
5.862946645916402133e+01 8.882685321781057297e+00
6.700187503509590670e+01 9.623780069221929523e+00
7.656988080124196472e+01 1.048209757804636411e+01
8.750421749906803370e+01 1.150623967823825211e+01
1.000000000000000000e+02 1.271442900354494654e+01
