1.000000000000000021e-02 1.041601157034039488e+03
1.105295141126021521e-02 8.300046701973675454e+02
1.221677348996791888e-02 6.820659433442353929e+02
1.350314037869872891e-02 5.765359208247066363e+02
1.492495545051829124e-02 4.999439530542492207e+02
1.649648074098020514e-02 4.438559828814863408e+02
1.823348000868441413e-02 4.024903598210215137e+02
2.015337685941732959e-02 3.722112005779146671e+02
2.227542951999557375e-02 3.140966725030541511e+02
2.462092401494625493e-02 2.668748931519687062e+02
2.721338768375307360e-02 2.327810366813838527e+02
3.007882518043098960e-02 2.079259000585973070e+02
3.324597932270941664e-02 1.897762859059870095e+02
3.674661940736687754e-02 1.766036595423519486e+02
4.061585988376979761e-02 1.673053350503742536e+02
4.489251258218605184e-02 1.610170450894534326e+02
4.961947603002903051e-02 1.572619525061547847e+02
5.484416576121017850e-02 1.555930224691331318e+02
6.061898993497571997e-02 1.557718364016711519e+02
6.700187503509590081e-02 1.576493826933205185e+02
7.405684692262434754e-02 1.610766497336327916e+02
8.185467307069028975e-02 1.660238352005183344e+02
9.047357242349297890e-02 1.724909390939772038e+02
1.000000000000000056e-01 1.804481590919196492e+02
1.105295141126021452e-01 1.591394987978040945e+02
1.221677348996791784e-01 1.275117844801396103e+02
1.350314037869872752e-01 1.054282638116925881e+02
1.492495545051829020e-01 8.967773658730088471e+01
1.649648074098020722e-01 7.830815071009098460e+01
1.823348000868441343e-01 6.946803692024201382e+01
2.015337685941733237e-01 5.595268385257571708e+01
2.227542951999557652e-01 4.646064426701515515e+01
2.462092401494625493e-01 3.967316541109233441e+01
2.721338768375307082e-01 3.474646904064342579e+01
3.007882518043099029e-01 3.115528922883794039e+01
3.324597932270940137e-01 2.853268488494679289e+01
3.674661940736688170e-01 2.664396272251382314e+01
4.061585988376979484e-01 2.532520997004583307e+01
4.489251258218605600e-01 2.446094262944534137e+01
4.961947603002903051e-01 2.397665489548817064e+01
5.484416576121018405e-01 2.381274212399497614e+01
6.061898993497571997e-01 2.393567670261487024e+01
6.700187503509587028e-01 2.432310688978060753e+01
7.405684692262434199e-01 2.495640623418614368e+01
8.185467307069028697e-01 2.583557473583146802e+01
9.047357242349297612e-01 2.696061239471658766e+01
1.000000000000000000e+00 2.833896979136392602e+01
1.105295141126021008e+00 2.997809750629588876e+01
1.221677348996791812e+00 3.189289670055731918e+01
1.350314037869873474e+00 3.410944440597668859e+01
1.492495545051829131e+00 3.664636707386002001e+01
1.649648074098020611e+00 3.953160438116640307e+01
1.823348000868440399e+00 4.280240923050790514e+01
2.015337685941732904e+00 4.649789716962724384e+01
2.227542951999556209e+00 5.064787052061409156e+01
2.462092401494625715e+00 5.529703276660293909e+01
2.721338768375308526e+00 6.049753797125071486e+01
3.007882518043099029e+00 6.631644135925918704e+01
3.324597932270941580e+00 7.279099583324044431e+01
3.674661940736688059e+00 8.000688306920230275e+01
4.061585988376979373e+00 8.802370771132407867e+01
4.489251258218603269e+00 9.693460201613603999e+01
4.961947603002903051e+00 1.068140717888623357e+02
5.484416576121015297e+00 1.177813263178616694e+02
6.061898993497572441e+00 1.299257725694030512e+02
6.700187503509590137e+00 1.433815209928899890e+02
7.405684692262434865e+00 1.582752314572036312e+02
8.185467307069028919e+00 1.747857178948819694e+02
9.047357242349292505e+00 1.930247390137612626e+02
1.000000000000000000e+01 2.132307133905589467e+02
