1.000000000000000021e-02 1.566316333018239447e+03
1.142802059810032675e-02 1.135071483501910279e+03
1.305996547906053407e-02 7.844856639896314618e+02
1.492495545051829124e-02 5.782220134586588074e+02
1.705626983142527822e-02 4.519351886712435089e+02
1.949194029602852388e-02 3.718604601139034571e+02
2.227542951999557375e-02 3.200490827005789356e+02
2.545640673860415093e-02 2.864886393021492950e+02
2.909163405623881732e-02 2.653683719398578091e+02
3.324597932270941664e-02 2.332925949152371174e+02
3.799357365039405382e-02 2.110439009747895795e+02
4.341913422721453003e-02 1.972348063106831262e+02
4.961947603002903051e-02 1.896046004741031652e+02
5.670523941381171856e-02 1.867785741888486655e+02
6.480286440412508231e-02 1.879293350683770996e+02
7.405684692262434754e-02 1.890181999278475757e+02
8.463231720621142151e-02 1.851697793536127676e+02
9.671798642975443228e-02 1.853699939359527491e+02
1.105295141126021452e-01 1.851274245538622267e+02
1.263133563976838181e-01 1.570263412242763650e+02
1.443511638727918156e-01 1.386319546862934828e+02
1.649648074098020722e-01 1.268116823913633056e+02
1.885221217040871367e-01 1.064068308711600253e+02
2.154434690031883370e-01 8.988268369735388319e+01
2.462092401494625493e-01 7.923256822630308704e+01
2.813684267870688038e-01 5.959452376197549484e+01
3.215484176977705943e-01 4.090878797323202321e+01
3.674661940736689836e-01 2.987013141093219204e+01
4.199411234979421037e-01 2.293368292000108255e+01
4.799095809323873363e-01 1.859656942696614834e+01
5.484416576121018405e-01 1.581337288503492466e+01
6.267602560047386140e-01 1.401193712807148906e+01
7.162629115692786819e-01 1.286588526789607023e+01
8.185467307069028697e-01 1.218291664236555683e+01
9.354368899026167528e-01 1.184734506642981522e+01
1.069019204603001150e+00 1.178930555200366648e+01
1.221677348996791812e+00 1.196766040754764937e+01
1.396135390856794611e+00 1.236023313901065279e+01
1.595506400444828943e+00 1.295811522754186562e+01
1.823348000868440399e+00 1.376232386289755816e+01
2.083725851142959939e+00 1.478187076965619795e+01
2.381286194765587005e+00 1.603271464443544403e+01
2.721338768375308526e+00 1.753729429003491802e+01
3.109951549940198401e+00 1.708889844262930069e+01
3.554059037181064529e+00 1.688857777990281406e+01
4.061585988376979373e+00 1.703130206953137460e+01
4.641588833612777520e+00 1.748080022764782981e+01
5.304417279843931965e+00 1.822024801349988365e+01
6.061898993497572441e+00 1.924729915191948493e+01
6.927550656129392692e+00 2.057116930219593698e+01
7.916819159263009276e+00 2.221101438831442110e+01
9.047357242349303164e+00 2.419516374806844183e+01
1.033933849239399372e+01 1.978324335927443300e+01
1.181581732618100844e+01 1.604036217425997535e+01
1.350314037869873474e+01 1.359545794447775080e+01
1.543141663868093083e+01 1.198198452363436139e+01
1.763505472047138767e+01 1.092890681723069513e+01
2.015337685941733170e+01 1.027378780064807806e+01
2.303132058706995977e+01 9.917259521497207686e+00
2.632024060704877400e+01 9.798205806982439370e+00
3.007882518043098941e+01 9.879764598709336099e+00
3.437414337286242727e+01 1.014120871147617997e+01
3.928284185071254342e+01 1.057313646491159531e+01
4.489251258218607887e+01 1.117458420735980518e+01
5.130325584897003210e+01 1.195128122132577175e+01
5.862946645916402133e+01 1.291459545395644426e+01
6.700187503509590670e+01 1.408090854906682488e+01
7.656988080124196472e+01 1.547127880492630680e+01
8.750421749906803370e+01 1.711132855203229042e+01
1.000000000000000000e+02 1.903133668900486697e+01
