1.000000000000000021e-02 4.424785324985285229e+02
1.142802059810032675e-02 3.301878977702185125e+02
1.305996547906053407e-02 2.605009817549168929e+02
1.492495545051829124e-02 2.157746127303366279e+02
1.705626983142527822e-02 1.864990914521087291e+02
1.949194029602852388e-02 1.673065679415798570e+02
2.227542951999557375e-02 1.550508578747061961e+02
2.545640673860415093e-02 1.478357919928180877e+02
2.909163405623881732e-02 1.445011060795731055e+02
3.324597932270941664e-02 1.421070782047370074e+02
3.799357365039405382e-02 1.401466668426809576e+02
4.341913422721453003e-02 1.411089194929863311e+02
4.961947603002903051e-02 1.338996394101996543e+02
5.670523941381171856e-02 1.275740581106696538e+02
6.480286440412508231e-02 1.246575305115792673e+02
7.405684692262434754e-02 1.245254838081486213e+02
8.463231720621142151e-02 1.268161666009575157e+02
9.671798642975443228e-02 1.313516153734018701e+02
1.105295141126021452e-01 1.380972156205623094e+02
1.263133563976838181e-01 1.471476555389448322e+02
1.443511638727918156e-01 1.587313070535722943e+02
1.649648074098020722e-01 1.732232556541500799e+02
1.885221217040871367e-01 1.027967710851296204e+02
2.154434690031883370e-01 5.497655694218750000e+01
2.462092401494625493e-01 3.245281947694326874e+01
2.813684267870688038e-01 2.094533602206924883e+01
3.215484176977705943e-01 1.464040581494652038e+01
3.674661940736689836e-01 1.097670305229505772e+01
4.199411234979421037e-01 8.745390762374709581e+00
4.799095809323873363e-01 7.340523190996283809e+00
5.484416576121018405e-01 6.441852843897196479e+00
6.267602560047386140e-01 5.872184002089851695e+00
7.162629115692786819e-01 5.529710499269557822e+00
8.185467307069028697e-01 5.354357166604248874e+00
9.354368899026167528e-01 5.310300571065784681e+00
1.069019204603001150e+00 5.376535989948354022e+00
1.221677348996791812e+00 5.541616813394047547e+00
1.396135390856794611e+00 5.800646918885423275e+00
1.595506400444828943e+00 6.153539623505555944e+00
1.823348000868440399e+00 6.244884606443294572e+00
2.083725851142959939e+00 6.167701035233492668e+00
2.381286194765587005e+00 6.114144700572538227e+00
2.721338768375308526e+00 6.185223000412618966e+00
3.109951549940198401e+00 6.368662172918304165e+00
3.554059037181064529e+00 6.659205672276908849e+00
4.061585988376979373e+00 6.212331094029210909e+00
4.641588833612777520e+00 4.800227524929139733e+00
5.304417279843931965e+00 3.900083033975321634e+00
6.061898993497572441e+00 3.312583636522786090e+00
6.927550656129392692e+00 2.926118678806256757e+00
7.916819159263009276e+00 2.675732429584821048e+00
9.047357242349303164e+00 2.522481994491761803e+00
1.033933849239399372e+01 2.442586721848476916e+00
1.181581732618100844e+01 2.421498523323495355e+00
1.350314037869873474e+01 2.450552294598631775e+00
1.543141663868093083e+01 2.525023294997471801e+00
1.763505472047138767e+01 2.642980894428681005e+00
2.015337685941733170e+01 2.804609953215374318e+00
2.303132058706995977e+01 3.011817511419889293e+00
2.632024060704877400e+01 3.268021078529950607e+00
3.007882518043098941e+01 3.578058208309578436e+00
3.437414337286242727e+01 3.948181181039005949e+00
3.928284185071254342e+01 4.386113268995993408e+00
4.489251258218607887e+01 4.901148324844429638e+00
5.130325584897003210e+01 5.504276793254359923e+00
5.862946645916402133e+01 6.208323136121124186e+00
6.700187503509590670e+01 7.028086344554873577e+00
7.656988080124196472e+01 7.980487628465350980e+00
8.750421749906803370e+01 9.084743319529886563e+00
1.000000000000000000e+02 1.036258959082640985e+01
