3.162277660168379134e-02 1.666585087367232290e+03
3.437414337286241045e-02 1.297595926761940746e+03
3.736489516721269721e-02 1.038681480453916720e+03
4.061585988376979761e-02 8.528794811951229349e+02
4.414967757076887489e-02 7.169084557267740365e+02
4.799095809323872946e-02 6.157294110968746281e+02
5.216645251859962362e-02 5.314544283366226409e+02
5.670523941381171856e-02 4.387839360516691727e+02
6.163892735146683094e-02 3.706868222737156771e+02
6.700187503509590081e-02 3.198460061423994034e+02
7.283143057666745246e-02 2.813968110704007017e+02
7.916819159263009664e-02 2.520379092725462726e+02
8.605628792983370523e-02 2.294867909540885762e+02
9.354368899026167805e-02 2.121387720984776308e+02
1.016825377948150644e-01 1.988490086419928389e+02
1.105295141126021452e-01 1.887904448828970487e+02
1.201462291846031316e-01 1.813595813647415298e+02
1.305996547906053407e-01 1.746061507702854669e+02
1.419625896474748517e-01 1.362985575282006607e+02
1.543141663868093649e-01 1.092871506881770358e+02
1.677404026426158323e-01 8.982990136905459622e+01
1.823348000868441343e-01 7.555063034215051232e+01
1.981989955845199214e-01 6.490384364108651027e+01
2.154434690031883926e-01 5.686192055289095748e+01
2.341883126059244868e-01 5.072764585441672835e+01
2.545640673860414815e-01 4.601921369607078560e+01
2.767126321678177181e-01 4.239813829043553284e+01
3.007882518043099584e-01 3.962313796263313748e+01
3.269585913541653843e-01 3.752007295267295461e+01
3.554059037181062641e-01 3.596200189888232757e+01
3.863282988666283391e-01 3.485573470094975335e+01
4.199411234979421037e-01 3.413262931653294174e+01
4.564784607342344258e-01 3.374220703897101004e+01
4.961947603002903051e-01 3.364766913650451130e+01
5.393666105372006969e-01 3.382271555411355024e+01
5.862946645916405908e-01 3.424926831159192631e+01
6.373057341948979992e-01 3.491583250437025754e+01
6.927550656129388695e-01 3.581631308308251249e+01
7.530288136174587699e-01 3.694916217589955210e+01
8.185467307069028697e-01 3.831676977003689188e+01
8.897650903054697968e-01 3.992503648331520338e+01
9.671798642975448779e-01 4.178308502211199738e+01
1.051330177026238655e+00 4.390307938294543533e+01
1.142802059810032578e+00 4.630012963794465009e+01
1.242232532124357691e+00 4.899226637437250531e+01
1.350314037869873474e+00 5.200047325436162282e+01
1.467799267622069692e+00 5.451611703597851033e+01
1.595506400444828943e+00 5.686970524314644138e+01
1.734324801772465507e+00 5.957613409344102706e+01
1.885221217040871311e+00 6.265350849301574243e+01
2.049246504200854080e+00 6.612393450511197557e+01
2.227542951999557541e+00 7.001346641125324766e+01
2.421352234995232777e+00 7.435210624534725810e+01
2.632024060704877488e+00 7.917384041421496477e+01
2.861025569104377997e+00 8.397760926806849113e+01
3.109951549940198401e+00 8.845691570056160913e+01
3.380535549007040341e+00 9.348458012848780641e+01
3.674661940736691612e+00 9.909618945070683083e+01
3.994379051172821438e+00 1.053319424705954077e+02
4.341913422721453308e+00 1.090087953153260116e+02
4.719685320018228047e+00 1.115568765161883817e+02
5.130325584897002855e+00 1.147900109725359528e+02
5.576693957839359506e+00 1.187058514139170313e+02
6.061898993497572441e+00 1.233117033714004265e+02
6.589319708984723967e+00 1.286234959245244340e+02
7.162629115692790371e+00 1.346650770430348700e+02
7.785819798516770085e+00 1.414677591968081174e+02
8.463231720621141818e+00 1.490700613700928727e+02
9.199582447383766848e+00 1.575176086412868983e+02
1.000000000000000000e+01 1.668631615727185249e+02
