1.000000000000000021e-02 1.055405109016123561e+03
1.142802059810032675e-02 7.359490221967583921e+02
1.305996547906053407e-02 5.477994915344787614e+02
1.492495545051829124e-02 4.317541892193066246e+02
1.705626983142527822e-02 3.577862521634874042e+02
1.949194029602852388e-02 3.097999965186801319e+02
2.227542951999557375e-02 2.787525260084882461e+02
2.545640673860415093e-02 2.593650057577809775e+02
2.909163405623881732e-02 2.484676789531372947e+02
3.324597932270941664e-02 2.441287129818320523e+02
3.799357365039405382e-02 2.329604381144069976e+02
4.341913422721453003e-02 1.949841607331173918e+02
4.961947603002903051e-02 1.702377387730045655e+02
5.670523941381171856e-02 1.541976585147179435e+02
6.480286440412508231e-02 1.442065518347376099e+02
7.405684692262434754e-02 1.386638088316989013e+02
8.463231720621142151e-02 1.365957558796273190e+02
9.671798642975443228e-02 1.374196065773741111e+02
1.105295141126021452e-01 1.408112250192477575e+02
1.263133563976838181e-01 1.415384318907006502e+02
1.443511638727918156e-01 1.266385512204602151e+02
1.649648074098020722e-01 1.172084919443031055e+02
1.885221217040871367e-01 1.000147455167790724e+02
2.154434690031883370e-01 7.557416924687225901e+01
2.462092401494625493e-01 6.041205819540935096e+01
2.813684267870688038e-01 4.472278273039209751e+01
3.215484176977705943e-01 3.044974825491963344e+01
3.674661940736689836e-01 2.222665496770133231e+01
4.199411234979421037e-01 1.724932761102219914e+01
4.799095809323873363e-01 1.412297044992068962e+01
5.484416576121018405e-01 1.211410564604216411e+01
6.267602560047386140e-01 1.081817730098413577e+01
7.162629115692786819e-01 1.000305159565287028e+01
8.185467307069028697e-01 9.531458100194296179e+00
9.354368899026167528e-01 9.320774224901489546e+00
1.069019204603001150e+00 9.321330362785147372e+00
1.221677348996791812e+00 9.482808923709171722e+00
1.396135390856794611e+00 9.696592410122063299e+00
1.595506400444828943e+00 1.007840576211787109e+01
1.823348000868440399e+00 1.062463652731219277e+01
2.083725851142959939e+00 1.133889619279909766e+01
2.381286194765587005e+00 1.223080589927963047e+01
2.721338768375308526e+00 1.331537278632558952e+01
3.109951549940198401e+00 1.461276390158297644e+01
3.554059037181064529e+00 1.614836640944271906e+01
4.061585988376979373e+00 1.781666074181860537e+01
4.641588833612777520e+00 1.944244302591190277e+01
5.304417279843931965e+00 2.137774997171850089e+01
6.061898993497572441e+00 2.366064005829520767e+01
6.927550656129392692e+00 2.633709536571774024e+01
7.916819159263009276e+00 2.946182163390792752e+01
9.047357242349303164e+00 3.053194423742293750e+01
1.033933849239399372e+01 2.476876828610184589e+01
1.181581732618100844e+01 2.100249234932459075e+01
1.350314037869873474e+01 1.851559506836376912e+01
1.543141663868093083e+01 1.689111795937818172e+01
1.763505472047138767e+01 1.587906629719868867e+01
2.015337685941733170e+01 1.532641730551415726e+01
2.303132058706995977e+01 1.513896235883199815e+01
2.632024060704877400e+01 1.525978036150648265e+01
3.007882518043098941e+01 1.504134865071665850e+01
3.437414337286242727e+01 1.472063727658669130e+01
3.928284185071254342e+01 1.471911237371395309e+01
4.489251258218607887e+01 1.499651959679005842e+01
5.130325584897003210e+01 1.553195344695609847e+01
5.862946645916402133e+01 1.631840675724802736e+01
6.700187503509590670e+01 1.735941404565946300e+01
7.656988080124196472e+01 1.866698080876087218e+01
8.750421749906803370e+01 2.026035388270669557e+01
1.000000000000000000e+02 2.216538778789474051e+01
