3.162277660168379412e-01 1.180788879905594557e+00
3.674661940736689281e-01 7.634981629898537348e-01
4.270067916167659128e-01 5.224893453877302862e-01
4.961947603002903051e-01 3.758642490129568414e-01
5.765932649858945824e-01 2.825719214168202487e-01
6.700187503509588138e-01 2.209591129560430911e-01
7.785819798516769863e-01 1.790495975174417609e-01
9.047357242349296502e-01 1.499748711819120228e-01
1.051330177026238211e+00 1.296822255988809292e-01
1.221677348996791812e+00 1.156978352042642572e-01
1.419625896474748350e+00 1.064719210417388179e-01
1.649648074098020167e+00 1.010295048007537749e-01
1.916940776533455626e+00 9.880306179307807302e-02
2.227542951999557541e+00 9.944334605672337790e-02
2.588472040318300582e+00 1.027902865257783599e-01
3.007882518043099473e+00 1.087856755399116138e-01
3.495250132675474131e+00 1.175313765047030778e-01
4.061585988376979373e+00 1.291583566558983931e-01
4.719685320018228047e+00 1.439285504649888137e-01
5.484416576121017961e+00 1.622275836816697847e-01
6.373057341948979548e+00 1.844920137584267483e-01
7.405684692262434865e+00 2.111220183600380496e-01
8.605628792983365472e+00 2.430489200518058668e-01
1.000000000000000000e+01 2.812040413990326004e-01
1.162030136386260892e+01 3.267369836932629834e-01
1.350314037869872941e+01 3.809283154617878475e-01
1.569105605590211816e+01 4.455388184296316112e-01
1.823348000868441332e+01 5.224311377273989088e-01
2.118785326128771018e+01 6.137880606175166731e-01
2.462092401494625449e+01 7.225199701165547772e-01
2.861025569104377908e+01 8.517409760522423046e-01
3.324597932270941669e+01 1.005176368685788413e+00
3.863282988666283302e+01 1.187308137862710167e+00
4.489251258218602914e+01 1.403607803654158381e+00
5.216645251859961974e+01 1.660187170394929135e+00
6.061898993497572263e+01 1.964496818607440076e+00
7.044109314173721259e+01 2.324685820738086051e+00
8.185467307069029630e+01 2.750649479043204337e+00
9.511759691218703949e+01 3.253563664306420744e+00
1.105295141126021008e+02 3.845884815838653381e+00
1.284386263589742896e+02 4.542514094684737991e+00
1.492495545051829140e+02 5.359982476378791105e+00
1.734324801772463900e+02 6.316450750944203385e+00
2.015337685941733241e+02 7.434969151872209636e+00
2.341883126059243523e+02 8.740683388425967593e+00
2.721338768375305790e+02 1.026479276654310446e+01
3.162277660168379612e+02 1.203803093087859466e+01
3.674661940736688166e+02 1.410556702584959510e+01
4.270067916167655540e+02 1.534422603770159199e+01
4.961947603002902838e+02 1.553794113128446064e+01
5.765932649858943932e+02 1.604085531654767394e+01
6.700187503509590670e+02 1.683620478731580405e+01
7.785819798516770334e+02 1.792212689845822737e+01
9.047357242349293074e+02 1.931631677871569863e+01
1.051330177026238516e+03 2.103740087939426218e+01
1.221677348996791807e+03 2.311983813541009880e+01
1.419625896474747606e+03 2.560460673963650891e+01
1.649648074098020743e+03 2.855131133625283724e+01
1.916940776533455619e+03 3.201955656943842854e+01
2.227542951999556408e+03 3.608757353467866835e+01
2.588472040318301424e+03 4.085035713363438248e+01
3.007882518043099026e+03 4.640103962283581041e+01
3.495250132675475925e+03 5.288304467733949821e+01
4.061585988376979458e+03 6.043048274654895380e+01
4.719685320018227685e+03 6.921471718247980220e+01
5.484416576121015169e+03 7.944063894949852056e+01
6.373057341948973772e+03 9.133176546327769074e+01
7.405684692262441786e+03 1.051600429128855438e+02
8.605628792983370658e+03 1.212383956802636220e+02
1.000000000000000000e+04 1.399244516304880221e+02
