3.162277660168379134e-02 8.673171774536369867e+02
3.437414337286241045e-02 7.433395175606010525e+02
3.736489516721269721e-02 6.489257611805198849e+02
4.061585988376979761e-02 5.573432253989576566e+02
4.414967757076887489e-02 4.743139560571312359e+02
4.799095809323872946e-02 4.117290796688198498e+02
5.216645251859962362e-02 3.639857596811651774e+02
5.670523941381171856e-02 3.273289035108684857e+02
6.163892735146683094e-02 2.990166975256800583e+02
6.700187503509590081e-02 2.770970896287262804e+02
7.283143057666745246e-02 2.602587776480614821e+02
7.916819159263009664e-02 2.474735814715921549e+02
8.605628792983370523e-02 2.380262453691661335e+02
9.354368899026167805e-02 2.313207228989899136e+02
1.016825377948150644e-01 2.269695838738977898e+02
1.105295141126021452e-01 2.247046073950826894e+02
1.201462291846031316e-01 2.243171772079169557e+02
1.305996547906053407e-01 2.255986770577728748e+02
1.419625896474748517e-01 2.284596999783813942e+02
1.543141663868093649e-01 2.171348175843060062e+02
1.677404026426158323e-01 2.011309706221520912e+02
1.823348000868441343e-01 1.888524139212071873e+02
1.981989955845199214e-01 1.795540894292294922e+02
2.154434690031883926e-01 1.726995553486049175e+02
2.341883126059244868e-01 1.679013814921677010e+02
2.545640673860414815e-01 1.648317423169314679e+02
2.767126321678177181e-01 1.632820215682685046e+02
3.007882518043099584e-01 1.631032076357304845e+02
3.269585913541653843e-01 1.641462889088689963e+02
3.554059037181062641e-01 1.663814630655944029e+02
3.863282988666283391e-01 1.682292070351541042e+02
4.199411234979421037e-01 1.478667704673856349e+02
4.564784607342344258e-01 1.322950571755319800e+02
4.961947603002903051e-01 1.202996225344389671e+02
5.393666105372006969e-01 1.110609026866406168e+02
5.862946645916405908e-01 1.039679500292986489e+02
6.373057341948979992e-01 9.490804411403834706e+01
6.927550656129388695e-01 8.085624924875794761e+01
7.530288136174587699e-01 7.027269961666314657e+01
8.185467307069028697e-01 6.222607265245169117e+01
8.897650903054697968e-01 5.604954139936715052e+01
9.671798642975448779e-01 5.129607102606445324e+01
1.051330177026238655e+00 4.763783598955721033e+01
1.142802059810032578e+00 4.483641771312802859e+01
1.242232532124357691e+00 4.273535400580614407e+01
1.350314037869873474e+00 4.120798499871045095e+01
1.467799267622069692e+00 4.015745314504950869e+01
1.595506400444828943e+00 3.951670322012156333e+01
1.734324801772465507e+00 3.923358116026967934e+01
1.885221217040871311e+00 3.927828464340418435e+01
2.049246504200854080e+00 3.962846192795782940e+01
2.227542951999557541e+00 4.026176127236335844e+01
2.421352234995232777e+00 4.116328151557593884e+01
2.632024060704877488e+00 4.234047323811799401e+01
2.861025569104377997e+00 4.378588585946708633e+01
3.109951549940198401e+00 4.549951937962323001e+01
3.380535549007040341e+00 4.749627495963126478e+01
3.674661940736691612e+00 4.978360318001359985e+01
3.994379051172821438e+00 5.238385578233748419e+01
4.341913422721453308e+00 5.529703276660293909e+01
4.719685320018228047e+00 5.855293645489961563e+01
5.130325584897002855e+00 6.217391858879476274e+01
5.576693957839359506e+00 6.617488032933324860e+01
6.061898993497572441e+00 7.059307457912713346e+01
6.589319708984723967e+00 7.546202895052728365e+01
7.162629115692790371e+00 8.079664460457860287e+01
7.785819798516770085e+00 8.665280089519917794e+01
8.463231720621141818e+00 9.306030014447867416e+01
9.199582447383766848e+00 1.000638458355516178e+02
1.000000000000000000e+01 1.077230426125973537e+02
