1.000000000000000021e-02 1.152108167342543766e+03
1.105295141126021521e-02 9.054641497284172829e+02
1.221677348996791888e-02 7.351140766638516197e+02
1.350314037869872891e-02 6.149511139982938630e+02
1.492495545051829124e-02 5.285541822603344144e+02
1.649648074098020514e-02 4.657308872953057062e+02
1.823348000868441413e-02 4.197757066330312909e+02
2.015337685941732959e-02 3.863375012484191870e+02
2.227542951999557375e-02 3.622572249999642509e+02
2.462092401494625493e-02 3.374020883771777335e+02
2.721338768375307360e-02 2.973030640055238791e+02
3.007882518043098960e-02 2.682159976460039275e+02
3.324597932270941664e-02 2.471159536065160864e+02
3.674661940736687754e-02 2.320657809512317158e+02
4.061585988376979761e-02 2.217243751861154806e+02
4.489251258218605184e-02 2.151380620042979785e+02
4.961947603002903051e-02 2.116809926418960117e+02
5.484416576121017850e-02 2.109359345896542095e+02
6.061898993497571997e-02 2.125452599824964750e+02
6.700187503509590081e-02 2.163301548878848450e+02
7.405684692262434754e-02 2.222310146616399322e+02
8.185467307069028975e-02 2.301584323374927123e+02
9.047357242349297890e-02 2.382348616237938472e+02
1.000000000000000056e-01 2.421091634954512131e+02
1.105295141126021452e-01 2.405594427467882497e+02
1.221677348996791784e-01 2.214859566093981016e+02
1.350314037869872752e-01 2.051542841042578118e+02
1.492495545051829020e-01 1.934717738451063269e+02
1.649648074098020722e-01 1.854549492029845510e+02
1.823348000868441343e-01 1.803885544477403187e+02
2.015337685941733237e-01 1.778255547480284804e+02
2.227542951999557652e-01 1.774381245608627466e+02
2.462092401494625493e-01 1.789878453095257100e+02
2.721338768375307082e-01 1.823257053835689874e+02
3.007882518043099029e-01 1.873921001388132481e+02
3.324597932270940137e-01 1.905809486024081707e+02
3.674661940736688170e-01 1.850377166937291520e+02
4.061585988376979484e-01 1.820872868068516084e+02
4.489251258218605600e-01 1.644443121297657342e+02
4.961947603002903051e-01 1.328911036173254274e+02
5.484416576121018405e-01 1.107181759826093810e+02
6.061898993497571997e-01 9.484843946985900232e+01
6.700187503509587028e-01 8.332984198220071903e+01
7.405684692262434199e-01 7.491068599186836252e+01
8.185467307069028697e-01 6.876768235113470951e+01
9.047357242349297612e-01 6.431968577925114516e+01
1.000000000000000000e+00 6.120534312088042128e+01
1.105295141126021008e+00 5.914898289669304887e+01
1.221677348996791812e+00 5.797924175467342423e+01
1.350314037869873474e+00 5.755455866489559469e+01
1.492495545051829131e+00 5.780042782213538999e+01
1.649648074098020611e+00 5.864979400169104906e+01
1.823348000868440399e+00 6.007285488147288532e+01
2.015337685941732904e+00 6.205470930043607325e+01
2.227542951999556209e+00 6.459535725858061994e+01
2.462092401494625715e+00 6.770224933642894882e+01
2.721338768375308526e+00 7.139028669502586411e+01
3.007882518043099029e+00 7.426621077667920190e+01
3.324597932270941580e+00 7.659451718993483382e+01
3.674661940736688059e+00 7.960455172099172216e+01
4.061585988376979373e+00 8.328513849906622113e+01
4.489251258218603269e+00 8.766607984624802441e+01
4.961947603002903051e+00 9.277717808462678306e+01
5.484416576121015297e+00 9.866313669733702341e+01
6.061898993497572441e+00 1.053537580064684107e+02
6.700187503509590137e+00 1.129384489782899550e+02
7.405684692262434865e+00 1.214917154180258478e+02
8.185467307069028919e+00 1.310582608088106156e+02
9.047357242349292505e+00 1.417721956000477235e+02
1.000000000000000000e+01 1.537154761774837937e+02
