1.000000000000000021e-02 1.354407637402235878e+03
1.105295141126021521e-02 1.030664326281478907e+03
1.221677348996791888e-02 8.139534683365446881e+02
1.350314037869872891e-02 6.647224343948454361e+02
1.492495545051829124e-02 5.595428292538264259e+02
1.649648074098020514e-02 4.840697246402951919e+02
1.823348000868441413e-02 4.292555980800534599e+02
2.015337685941732959e-02 3.892423384136271807e+02
2.227542951999557375e-02 3.555462103001944456e+02
2.462092401494625493e-02 3.074069268530512886e+02
2.721338768375307360e-02 2.724798399521664010e+02
3.007882518043098960e-02 2.470142415395759485e+02
3.324597932270941664e-02 2.285267939065936105e+02
3.674661940736687754e-02 2.153419436134102796e+02
4.061585988376979761e-02 2.063125507498951094e+02
4.489251258218605184e-02 2.006459315988990966e+02
4.961947603002903051e-02 1.977931643007997877e+02
5.484416576121017850e-02 1.973772839004174955e+02
6.061898993497571997e-02 1.953911312398909388e+02
6.700187503509590081e-02 1.954051162930227861e+02
7.405684692262434754e-02 1.975453578607521763e+02
8.185467307069028975e-02 1.996154569848648919e+02
9.047357242349297890e-02 1.988665533434117663e+02
1.000000000000000056e-01 2.003496622951976747e+02
1.105295141126021452e-01 2.038934910477715334e+02
1.221677348996791784e-01 2.094011586366541167e+02
1.350314037869872752e-01 1.888531734421127624e+02
1.492495545051829020e-01 1.654509953573836469e+02
1.649648074098020722e-01 1.483650188537660313e+02
1.823348000868441343e-01 1.358877724231405182e+02
2.015337685941733237e-01 1.268721207014900330e+02
2.227542951999557652e-01 1.158838531137343750e+02
2.462092401494625493e-01 9.384685177279523316e+01
2.721338768375307082e-01 7.833415923931551106e+01
3.007882518043099029e-01 6.721461120279933255e+01
3.324597932270940137e-01 5.914253178322356064e+01
3.674661940736688170e-01 5.324635229986509444e+01
4.061585988376979484e-01 4.894890392437023507e+01
4.489251258218605600e-01 4.586075924130766879e+01
4.961947603002903051e-01 4.371528291895921114e+01
5.484416576121018405e-01 4.232814303996742922e+01
6.061898993497571997e-01 4.157152997119974458e+01
6.700187503509587028e-01 4.135742742283957796e+01
7.405684692262434199e-01 4.162657842641176842e+01
8.185467307069028697e-01 4.234110828621428624e+01
9.047357242349297612e-01 4.347954017460060783e+01
1.000000000000000000e+00 4.239269922169387428e+01
1.105295141126021008e+00 4.092518406757444893e+01
1.221677348996791812e+00 4.008412611290482630e+01
1.350314037869873474e+00 3.977793437435951063e+01
1.492495545051829131e+00 3.994402129741543916e+01
1.649648074098020611e+00 4.054101952423555133e+01
1.823348000868440399e+00 4.154348213410118973e+01
2.015337685941732904e+00 4.293824626603731787e+01
2.227542951999556209e+00 4.472193814829490321e+01
2.462092401494625715e+00 4.689927963788833409e+01
2.721338768375308526e+00 4.948196886914784187e+01
3.007882518043099029e+00 5.248797862926667079e+01
3.324597932270941580e+00 5.594116263095560271e+01
3.674661940736688059e+00 5.987109192560265569e+01
4.061585988376979373e+00 6.431306686533966399e+01
4.489251258218603269e+00 6.930826724789227455e+01
4.961947603002903051e+00 7.490401616845508670e+01
5.484416576121015297e+00 8.115414264612728346e+01
6.061898993497572441e+00 8.811943503291304580e+01
6.700187503509590137e+00 9.586818218640941325e+01
7.405684692262434865e+00 1.044768029422741620e+02
8.185467307069028919e+00 1.140305670121123001e+02
9.047357242349292505e+00 1.246244124066348746e+02
1.000000000000000000e+01 1.363638660981337978e+02
