1.000000000000000021e-02 1.147697423673272169e+03
1.105295141126021521e-02 9.010534060591458001e+02
1.221677348996791888e-02 7.305841237062215896e+02
1.350314037869872891e-02 6.101827424639462834e+02
1.492495545051829124e-02 5.234281828609108516e+02
1.649648074098020514e-02 4.601280507424473285e+02
1.823348000868441413e-02 4.136364282825588248e+02
2.015337685941732959e-02 3.794829671677946408e+02
2.227542951999557375e-02 3.546278305450081803e+02
2.462092401494625493e-02 3.329317400637268634e+02
2.721338768375307360e-02 2.919684483514726026e+02
3.007882518043098960e-02 2.620767192955315181e+02
3.324597932270941664e-02 2.402316172038018749e+02
3.674661940736687754e-02 2.244363864962756452e+02
4.061585988376979761e-02 2.133499226789176362e+02
4.489251258218605184e-02 2.059887491227686382e+02
4.961947603002903051e-02 2.016972147418558450e+02
5.484416576121017850e-02 2.000282847048342205e+02
6.061898993497571997e-02 2.007137381128966638e+02
6.700187503509590081e-02 2.034853540672361873e+02
7.405684692262434754e-02 2.082537256015836817e+02
8.185467307069028975e-02 2.149592480717599585e+02
9.047357242349297890e-02 2.236019214777648187e+02
1.000000000000000056e-01 2.341817458195984614e+02
1.105295141126021452e-01 1.939784133206307786e+02
1.221677348996791784e-01 1.603315916813909610e+02
1.350314037869872752e-01 1.363779753018170595e+02
1.492495545051829020e-01 1.190479250066727417e+02
1.649648074098020722e-01 1.064117404406517693e+02
1.823348000868441343e-01 9.717302059285341898e+01
2.015337685941733237e-01 9.049730044476687851e+01
2.227542951999557652e-01 8.578853355459868624e+01
2.462092401494625493e-01 8.262948741309344314e+01
2.721338768375307082e-01 6.942333343710750171e+01
3.007882518043099029e-01 5.861254109907896037e+01
3.324597932270940137e-01 5.081923387262970238e+01
3.674661940736688170e-01 4.513444093402475232e+01
4.061585988376979484e-01 4.098446758303790460e+01
4.489251258218605600e-01 3.797443305198102337e+01
4.961947603002903051e-01 3.583425379691645674e+01
5.484416576121018405e-01 3.438139059504494099e+01
6.061898993497571997e-01 3.349104622261599218e+01
6.700187503509587028e-01 3.307381371336057896e+01
7.405684692262434199e-01 3.307008842309937080e+01
8.185467307069028697e-01 3.343889215895906375e+01
9.047357242349297612e-01 3.416159846963360991e+01
1.000000000000000000e+00 3.521585561355576033e+01
1.105295141126021008e+00 3.660538888098671606e+01
1.221677348996791812e+00 3.833206091705709184e+01
1.350314037869873474e+00 4.041077288281172031e+01
1.492495545051829131e+00 4.286201387468724988e+01
1.649648074098020611e+00 4.570068505372852030e+01
1.823348000868440399e+00 4.895658874202519684e+01
2.015337685941732904e+00 5.267442842271179160e+01
2.227542951999556209e+00 5.687655583735555354e+01
2.462092401494625715e+00 6.162257563013582740e+01
2.721338768375308526e+00 6.694974070366473029e+01
3.007882518043099029e+00 7.291765570212155012e+01
3.324597932270941580e+00 7.957474939890204269e+01
3.674661940736688059e+00 8.701042876027523221e+01
4.061585988376979373e+00 9.529547430120408080e+01
4.489251258218603269e+00 1.041616651228815158e+02
4.961947603002903051e+00 1.101370307018607804e+02
5.484416576121015297e+00 1.169915647824853693e+02
6.061898993497572441e+00 1.247848720089346273e+02
6.700187503509590137e+00 1.335765570253878991e+02
7.405684692262434865e+00 1.434709279591590132e+02
8.185467307069028919e+00 1.545201388739049264e+02
9.047357242349292505e+00 1.668881025411188261e+02
1.000000000000000000e+01 1.806567753465473629e+02
