1.000000000000000021e-02 8.193950435334443227e+02
1.105295141126021521e-02 6.091098588687181064e+02
1.221677348996791888e-02 4.701416309645771321e+02
1.350314037869872891e-02 3.756682699403166339e+02
1.492495545051829124e-02 3.096859288337826115e+02
1.649648074098020514e-02 2.627323703815042677e+02
1.823348000868441413e-02 2.287577231992781037e+02
2.015337685941732959e-02 2.022932611836492924e+02
2.227542951999557375e-02 1.822064960952102979e+02
2.462092401494625493e-02 1.675139513050019673e+02
2.721338768375307360e-02 1.569341269631683815e+02
3.007882518043098960e-02 1.495133487628400246e+02
3.324597932270941664e-02 1.446481196817010755e+02
3.674661940736687754e-02 1.418914048884064130e+02
4.061585988376979761e-02 1.409526317425817297e+02
4.489251258218605184e-02 1.416231839895993403e+02
4.961947603002903051e-02 1.437689511800557227e+02
5.484416576121017850e-02 1.473005263476818527e+02
6.061898993497571997e-02 1.521955577509104955e+02
6.700187503509590081e-02 1.584540453897416512e+02
7.405684692262434754e-02 1.661132421667873587e+02
8.185467307069028975e-02 1.752327527262270337e+02
9.047357242349297890e-02 1.858721817122399784e+02
1.000000000000000056e-01 1.981507384131848823e+02
1.105295141126021452e-01 1.987467848549783298e+02
1.221677348996791784e-01 1.880179489026963893e+02
1.350314037869872752e-01 1.807461823128163871e+02
1.492495545051829020e-01 1.763056363214552107e+02
1.649648074098020722e-01 1.742492760972678525e+02
1.823348000868441343e-01 1.696597184954583781e+02
2.015337685941733237e-01 1.581858244909346070e+02
2.227542951999557652e-01 1.294489354159682932e+02
2.462092401494625493e-01 1.056666823884099671e+02
2.721338768375307082e-01 8.884327156879005827e+01
3.007882518043099029e-01 7.674352880038320279e+01
3.324597932270940137e-01 6.793321733262389728e+01
3.674661940736688170e-01 6.149591576125472869e+01
4.061585988376979484e-01 5.681695119317620879e+01
4.489251258218605600e-01 5.347164053861051514e+01
4.961947603002903051e-01 5.117686173770576374e+01
5.484416576121018405e-01 4.973144911635667142e+01
6.061898993497571997e-01 4.900129222515970184e+01
6.700187503509587028e-01 4.888953351732343577e+01
7.405684692262434199e-01 4.933656834866851426e+01
8.185467307069028697e-01 5.029769323606043940e+01
9.047357242349297612e-01 5.175055643793195514e+01
1.000000000000000000e+00 5.369515795428306149e+01
1.105295141126021008e+00 5.613149778511375132e+01
1.221677348996791812e+00 5.908192767199129491e+01
1.350314037869873474e+00 6.256134877596049648e+01
1.492495545051829131e+00 6.660701399963349445e+01
1.649648074098020611e+00 7.125617624562234198e+01
1.823348000868440399e+00 7.656471486784516856e+01
2.015337685941732904e+00 8.258478392995893103e+01
2.227542951999556209e+00 8.937971336640416098e+01
2.462092401494625715e+00 9.702400898240505001e+01
2.721338768375308526e+00 1.020755025766044781e+02
3.007882518043099029e+00 1.068736764330416804e+02
3.324597932270941580e+00 1.125659199521690539e+02
3.674661940736688059e+00 1.191671342950314312e+02
4.061585988376979373e+00 1.267667264278978081e+02
4.489251258218603269e+00 1.353944986728579067e+02
4.961947603002903051e+00 1.451398579961806377e+02
5.484416576121015297e+00 1.560996619446575551e+02
6.061898993497572441e+00 1.683782186456024590e+02
6.700187503509590137e+00 1.820872868068516084e+02
7.405684692262434865e+00 1.973460757167637212e+02
8.185467307069028919e+00 2.143333993078768174e+02
9.047357242349292505e+00 2.331982691906392802e+02
1.000000000000000000e+01 2.541194992975890159e+02
