1.000000000000000021e-02 5.625288294425606637e+02
1.105295141126021521e-02 4.204313577190040974e+02
1.221677348996791888e-02 3.263752292039989698e+02
1.350314037869872891e-02 2.622853355501592318e+02
1.492495545051829124e-02 2.175520500935614052e+02
1.649648074098020514e-02 1.856933677797019300e+02
1.823348000868441413e-02 1.627455797706544161e+02
2.015337685941732959e-02 1.460637299809604883e+02
2.227542951999557375e-02 1.339639872125536328e+02
2.462092401494625493e-02 1.253064126455038831e+02
2.721338768375307360e-02 1.193161459054797717e+02
3.007882518043098960e-02 1.154418440338224059e+02
3.324597932270941664e-02 1.133258791654557029e+02
3.674661940736687754e-02 1.127000304015725760e+02
4.061585988376979761e-02 1.134003849706798803e+02
4.489251258218605184e-02 1.153077335844188980e+02
4.961947603002903051e-02 1.183475704375654374e+02
5.484416576121017850e-02 1.225049943690747085e+02
6.061898993497571997e-02 1.277800053789466546e+02
6.700187503509590081e-02 1.341875046282261792e+02
7.405684692262434754e-02 1.417721956000477235e+02
8.185467307069028975e-02 1.505862323580682300e+02
9.047357242349297890e-02 1.607786265127360537e+02
1.000000000000000056e-01 1.723717298056185143e+02
1.105295141126021452e-01 1.855741584913432405e+02
1.221677348996791784e-01 1.901637160931527717e+02
1.350314037869872752e-01 1.951705062042176735e+02
1.492495545051829020e-01 1.915346229092776582e+02
1.649648074098020722e-01 1.863490188656747364e+02
1.823348000868441343e-01 1.795838917513191575e+02
2.015337685941733237e-01 1.755307759471237432e+02
2.227542951999557652e-01 1.737724389438330945e+02
2.462092401494625493e-01 1.740704621647298325e+02
2.721338768375307082e-01 1.635204401449858835e+02
3.007882518043099029e-01 1.459892241757362967e+02
3.324597932270940137e-01 1.331444233550876390e+02
3.674661940736688170e-01 1.238162965410202787e+02
4.061585988376979484e-01 1.171852798760682361e+02
4.489251258218605600e-01 1.127000304015725760e+02
4.961947603002903051e-01 1.099582167693227461e+02
5.484416576121018405e-01 1.062627288302034003e+02
6.061898993497571997e-01 1.007045957604795632e+02
6.700187503509587028e-01 9.696440433822570526e+01
7.405684692262434199e-01 9.471432902045546598e+01
8.185467307069028697e-01 9.373085239149629899e+01
9.047357242349297612e-01 9.385006167985498848e+01
1.000000000000000000e+00 9.496764875821769181e+01
1.105295141126021008e+00 9.703891014344988264e+01
1.221677348996791812e+00 1.000042411913722731e+02
1.350314037869873474e+00 1.038785430630296389e+02
1.492495545051829131e+00 1.086767169194668554e+02
1.649648074098020611e+00 1.048620196919888201e+02
1.823348000868440399e+00 1.014496538127213654e+02
2.015337685941732904e+00 9.951250287689268248e+01
2.227542951999556209e+00 9.884195062987505764e+01
2.462092401494625715e+00 9.928898546122013613e+01
2.721338768375308526e+00 1.007642004046589079e+02
3.007882518043099029e+00 1.031930896549671814e+02
3.324597932270941580e+00 1.065607520511001240e+02
3.674661940736688059e+00 1.108373852709680705e+02
4.061585988376979373e+00 1.160676927977055328e+02
4.489251258218603269e+00 1.222516746313124827e+02
4.961947603002903051e+00 1.294638365770131259e+02
5.484416576121015297e+00 1.377488821179419745e+02
6.061898993497572441e+00 1.457955090821534156e+02
6.700187503509590137e+00 1.541625110088288864e+02
7.405684692262434865e+00 1.630734053136407908e+02
8.185467307069028919e+00 1.732359971462190344e+02
9.047357242349292505e+00 1.847992981170118014e+02
1.000000000000000000e+01 1.978527151922881444e+02
