1.000000000000000021e-02 7.251004964417218162e+02
1.105295141126021521e-02 5.769531533339619500e+02
1.221677348996791888e-02 4.737179096153377600e+02
1.350314037869872891e-02 4.002849879863857723e+02
1.492495545051829124e-02 3.472368546667694886e+02
1.649648074098020514e-02 3.086130452385544913e+02
1.823348000868441413e-02 2.803455427365004766e+02
2.015337685941732959e-02 2.598117428167163894e+02
2.227542951999557375e-02 2.452086049927770830e+02
2.462092401494625493e-02 2.179394802807271674e+02
2.721338768375307360e-02 1.960645758669078305e+02
3.007882518043098960e-02 1.802395428372919355e+02
3.324597932270941664e-02 1.689444627653062412e+02
3.674661940736687754e-02 1.611660566999017874e+02
4.061585988376979761e-02 1.561592665888368856e+02
4.489251258218605184e-02 1.535068599228560799e+02
4.961947603002903051e-02 1.528214065147936083e+02
5.484416576121017850e-02 1.538644877879321484e+02
6.061898993497571997e-02 1.565466967760026478e+02
6.700187503509590081e-02 1.607488241906463884e+02
7.405684692262434754e-02 1.664410677097737619e+02
8.185467307069028975e-02 1.735936250112950745e+02
9.047357242349297890e-02 1.822959030614793221e+02
1.000000000000000056e-01 1.926075065045058636e+02
1.105295141126021452e-01 2.045582376624643643e+02
1.221677348996791784e-01 2.183567127899825664e+02
1.350314037869872752e-01 2.323638041721284537e+02
1.492495545051829020e-01 2.335856993778050139e+02
1.649648074098020722e-01 2.090583882980048429e+02
1.823348000868441343e-01 1.911173904000222592e+02
2.015337685941733237e-01 1.781235779689252183e+02
2.227542951999557652e-01 1.689146604432165475e+02
2.462092401494625493e-01 1.627157774485647224e+02
2.721338768375307082e-01 1.519273368521034513e+02
3.007882518043099029e-01 1.432176082213968016e+02
3.324597932270940137e-01 1.372422426424175796e+02
3.674661940736688170e-01 1.334573477370292096e+02
4.061585988376979484e-01 1.315350979622453735e+02
4.489251258218605600e-01 1.312221735803038030e+02
4.961947603002903051e-01 1.080508681555837285e+02
5.484416576121018405e-01 9.122745733596383388e+01
6.061898993497571997e-01 7.911281340651214578e+01
6.700187503509587028e-01 7.027269961666314657e+01
7.405684692262434199e-01 6.380559572320430561e+01
8.185467307069028697e-01 5.910427941355854387e+01
9.047357242349297612e-01 5.574406759794801758e+01
1.000000000000000000e+00 5.344928879704326619e+01
1.105295141126021008e+00 5.201132675621657597e+01
1.221677348996791812e+00 5.129607102606445324e+01
1.350314037869873474e+00 5.121411464031785954e+01
1.492495545051829131e+00 5.169095179375261040e+01
1.649648074098020611e+00 5.269678016427904055e+01
1.823348000868440399e+00 5.420924801032990104e+01
2.015337685941732904e+00 5.621345417086034502e+01
2.227542951999556209e+00 5.871684922639280302e+01
2.462092401494625715e+00 6.173433433797210057e+01
2.721338768375308526e+00 6.528826124716550794e+01
3.007882518043099029e+00 6.940843227606266908e+01
3.324597932270941580e+00 7.413210032727567977e+01
3.674661940736688059e+00 7.951514475472269794e+01
4.061585988376979373e+00 8.559481846101580516e+01
4.489251258218603269e+00 9.243445138059556143e+01
4.961947603002903051e+00 1.001234504797309626e+02
5.484416576121015297e+00 1.087363215636462002e+02
6.061898993497572441e+00 1.183475704375654374e+02
6.700187503509590137e+00 1.290466040677577269e+02
7.405684692262434865e+00 1.409675329036265623e+02
8.185467307069028919e+00 1.542221156530082169e+02
9.047357242349292505e+00 1.689444627653062412e+02
1.000000000000000000e+01 1.852463329483568373e+02
