1.000000000000000021e-02 5.566279696688056902e+02
1.142802059810032675e-02 4.240076363697647253e+02
1.305996547906053407e-02 3.396074602118134180e+02
1.492495545051829124e-02 2.843688562186062541e+02
1.705626983142527822e-02 2.476821977262198686e+02
1.949194029602852388e-02 2.233933052231371050e+02
2.227542951999557375e-02 2.078066907702386459e+02
2.545640673860415093e-02 1.764844502539932591e+02
2.909163405623881732e-02 1.543115226192772411e+02
3.324597932270941664e-02 1.398201435031741653e+02
3.799357365039405382e-02 1.307155341047793797e+02
4.341913422721453003e-02 1.256044358664006069e+02
4.961947603002903051e-02 1.236225814474373976e+02
5.670523941381171856e-02 1.242484302113205246e+02
6.480286440412508231e-02 1.271839589371532071e+02
7.405684692262434754e-02 1.323099583365768126e+02
8.463231720621142151e-02 1.395817249264567863e+02
9.671798642975443228e-02 1.490961162535845972e+02
1.105295141126021452e-01 1.581858244909346070e+02
1.263133563976838181e-01 1.697193231396377087e+02
1.443511638727918156e-01 1.720737065847218048e+02
1.649648074098020722e-01 1.478965727894753002e+02
1.885221217040871367e-01 1.221324653429537932e+02
2.154434690031883370e-01 6.633879310082643599e+01
2.462092401494625493e-01 3.688851094083860005e+01
2.813684267870688038e-01 2.240458240525796541e+01
3.215484176977705943e-01 1.475004224103875572e+01
3.674661940736689836e-01 1.043801876368932291e+01
4.199411234979421037e-01 7.876416047825477662e+00
4.799095809323873363e-01 6.287579751419833940e+00
5.484416576121018405e-01 5.272438155240378954e+00
6.267602560047386140e-01 4.613760270930360008e+00
7.162629115692786819e-01 4.189542842435184156e+00
8.185467307069028697e-01 3.928772524150553558e+00
9.354368899026167528e-01 3.788142816789914047e+00
1.069019204603001150e+00 3.616779464774299235e+00
1.221677348996791812e+00 3.521784563113469435e+00
1.396135390856794611e+00 3.508280385916586752e+00
1.595506400444828943e+00 3.565556723682675067e+00
1.823348000868440399e+00 3.686628657171968193e+00
2.083725851142959939e+00 3.869633541253860720e+00
2.381286194765587005e+00 4.115037037211004112e+00
2.721338768375308526e+00 4.425633112739306263e+00
3.109951549940198401e+00 4.806776872589252569e+00
3.554059037181064529e+00 5.265918897283262901e+00
4.061585988376979373e+00 5.812605243115684495e+00
4.641588833612777520e+00 6.316450750944203385e+00
5.304417279843931965e+00 5.860102693946100061e+00
6.061898993497572441e+00 5.135533738140947158e+00
6.927550656129392692e+00 4.662421874967402680e+00
7.916819159263009276e+00 4.224001777351368503e+00
9.047357242349303164e+00 3.653101044821087218e+00
1.033933849239399372e+01 3.278709373569581143e+00
1.181581732618100844e+01 3.040290796852204380e+00
1.350314037869873474e+01 2.901058073339517929e+00
1.543141663868093083e+01 2.839590784029569548e+00
1.763505472047138767e+01 2.840987767877522607e+00
2.015337685941733170e+01 2.898264105643611366e+00
2.303132058706995977e+01 3.007228845783974869e+00
2.632024060704877400e+01 3.166485004450660057e+00
3.007882518043098941e+01 3.377429565491620433e+00
3.437414337286242727e+01 3.642856496602762562e+00
3.928284185071254342e+01 3.967422410610597083e+00
4.489251258218607887e+01 4.358112226754893292e+00
5.130325584897003210e+01 4.821678033634088756e+00
5.862946645916402133e+01 5.368364379466511238e+00
6.700187503509590670e+01 6.009114304394460149e+00
7.656988080124196472e+01 6.756966324332169371e+00
8.750421749906803370e+01 7.627752922889775355e+00
1.000000000000000000e+02 8.637306583677418104e+00
