1.000000000000000021e-02 7.220010549443960599e+02
1.105295141126021521e-02 5.737941071924567495e+02
1.221677348996791888e-02 4.704396541854738985e+02
1.350314037869872891e-02 3.968875232681631360e+02
1.492495545051829124e-02 3.436009713718295302e+02
1.649648074098020514e-02 3.045599294343590486e+02
1.823348000868441413e-02 2.758751944230497202e+02
2.015337685941732959e-02 2.548645573498308181e+02
2.227542951999557375e-02 2.396653730840980927e+02
2.462092401494625493e-02 2.130817017801105919e+02
2.721338768375307360e-02 1.907895648570358560e+02
3.007882518043098960e-02 1.744876946739852315e+02
3.324597932270941664e-02 1.627157774485647224e+02
3.674661940736687754e-02 1.544009295855462653e+02
4.061585988376979761e-02 1.488353459352999835e+02
4.489251258218605184e-02 1.455421893443912040e+02
4.961947603002903051e-02 1.441861836893111501e+02
5.484416576121017850e-02 1.445289103933423860e+02
6.061898993497571997e-02 1.464064566849917242e+02
6.700187503509590081e-02 1.497219650174677099e+02
7.405684692262434754e-02 1.544605342297255959e+02
8.185467307069028975e-02 1.605700102581083399e+02
9.047357242349297890e-02 1.681099977467954147e+02
1.000000000000000056e-01 1.771401013399660371e+02
1.105295141126021452e-01 1.855145538471639099e+02
1.221677348996791784e-01 1.821766937731206326e+02
1.350314037869872752e-01 1.648317423169314679e+02
1.492495545051829020e-01 1.472260205424576611e+02
1.649648074098020722e-01 1.306559294606000208e+02
1.823348000868441343e-01 1.026864501794427582e+02
2.015337685941733237e-01 8.100526085920630237e+01
2.227542951999557652e-01 6.601096755784004699e+01
2.462092401494625493e-01 5.540879147443919805e+01
2.721338768375307082e-01 4.777939701948314166e+01
3.007882518043099029e-01 4.223616511080413716e+01
3.324597932270940137e-01 3.818304930660872998e+01
3.674661940736688170e-01 3.523820735512301638e+01
4.061585988376979484e-01 3.313341835753992370e+01
4.489251258218605600e-01 3.168800573619082428e+01
4.961947603002903051e-01 3.077530962219461586e+01
5.484416576121018405e-01 3.031337362980469763e+01
6.061898993497571997e-01 3.023886782458052025e+01
6.700187503509587028e-01 3.051453930390998792e+01
7.405684692262434199e-01 3.111431103596463998e+01
8.185467307069028697e-01 3.202328185969963670e+01
9.047357242349297612e-01 3.324145177511498872e+01
1.000000000000000000e+00 3.476509549194947368e+01
1.105295141126021008e+00 3.661283946150913948e+01
1.221677348996791812e+00 3.879399690944701007e+01
1.350314037869873474e+00 4.133464486759155676e+01
1.492495545051829131e+00 4.426272301290183719e+01
1.649648074098020611e+00 4.760058308694511453e+01
1.823348000868440399e+00 5.139292857285589378e+01
2.015337685941732904e+00 5.567701237324624941e+01
2.227542951999556209e+00 6.049753797125071486e+01
2.462092401494625715e+00 6.591411001104860645e+01
2.721338768375308526e+00 7.197888255629688103e+01
3.007882518043099029e+00 7.875518554143607730e+01
3.324597932270941580e+00 8.631007419116794210e+01
3.674661940736688059e+00 9.088473063193259804e+01
4.061585988376979373e+00 9.434179999433457908e+01
4.489251258218603269e+00 9.857372973106799918e+01
4.961947603002903051e+00 1.035954210031777478e+02
5.484416576121015297e+00 1.094217749717086576e+02
6.061898993497572441e+00 1.161272974418848776e+02
6.700187503509590137e+00 1.237566918968409340e+02
7.405684692262434865e+00 1.323695629807561716e+02
8.185467307069028919e+00 1.420553176598996004e+02
9.047357242349292505e+00 1.529108134810626325e+02
1.000000000000000000e+01 1.650105562494695164e+02
