1.000000000000000021e-02 1.147816632961630830e+03
1.142802059810032675e-02 8.373956460756062370e+02
1.305996547906053407e-02 6.459455289715527897e+02
1.492495545051829124e-02 5.234281828609108516e+02
1.705626983142527822e-02 4.430215178629755428e+02
1.949194029602852388e-02 3.897349659666418233e+02
2.227542951999557375e-02 3.546278305450081803e+02
2.545640673860415093e-02 3.177921604421734401e+02
2.909163405623881732e-02 2.710174159224330879e+02
3.324597932270941664e-02 2.402316172038018749e+02
3.799357365039405382e-02 2.202938637258112351e+02
4.341913422721453003e-02 2.080749116690456617e+02
4.961947603002903051e-02 2.016972147418558450e+02
5.670523941381171856e-02 2.000282847048342205e+02
6.480286440412508231e-02 2.023528658278286514e+02
7.405684692262434754e-02 2.083133302457630407e+02
8.463231720621142151e-02 2.177308640260994537e+02
9.671798642975443228e-02 2.306650718130171356e+02
1.105295141126021452e-01 1.943658435077965123e+02
1.263133563976838181e-01 1.520763484625518061e+02
1.443511638727918156e-01 1.251872033571451936e+02
1.649648074098020722e-01 1.079018565451353737e+02
1.885221217040871367e-01 9.694950317718087263e+01
2.154434690031883370e-01 6.912531021621077798e+01
2.462092401494625493e-01 5.212308546405284915e+01
2.813684267870688038e-01 3.296578029578551394e+01
3.215484176977705943e-01 2.031841985898091707e+01
3.674661940736689836e-01 1.355608671232126738e+01
4.199411234979421037e-01 9.705999227361752801e+00
4.799095809323873363e-01 7.395853604129515091e+00
5.484416576121018405e-01 5.951372305345720370e+00
6.267602560047386140e-01 5.022843707739374608e+00
7.162629115692786819e-01 4.418182532216888170e+00
8.185467307069028697e-01 4.029821022485848836e+00
9.354368899026167528e-01 3.792799429616425133e+00
1.069019204603001150e+00 3.668467867148574868e+00
1.221677348996791812e+00 3.633543270949739945e+00
1.396135390856794611e+00 3.674055802540388438e+00
1.595506400444828943e+00 3.782089220115449457e+00
1.823348000868440399e+00 3.954849555979016440e+00
2.083725851142959939e+00 4.191405487565789123e+00
2.381286194765587005e+00 4.494550982571672293e+00
2.721338768375308526e+00 4.869175484464503434e+00
3.109951549940198401e+00 5.263124929587356782e+00
3.554059037181064529e+00 4.061485989706125288e+00
4.061585988376979373e+00 2.912233944123145069e+00
4.641588833612777520e+00 2.211762959695188435e+00
5.304417279843931965e+00 1.767987757328664866e+00
6.061898993497572441e+00 1.479277762084966641e+00
6.927550656129392692e+00 1.289055128121981308e+00
7.916819159263009276e+00 1.164956396295456109e+00
9.047357242349303164e+00 1.087016339111724017e+00
1.033933849239399372e+01 1.043477009183843451e+00
1.181581732618100844e+01 1.027178864291054206e+00
1.350314037869873474e+01 1.033581706927507282e+00
1.543141663868093083e+01 1.060240815359284161e+00
1.763505472047138767e+01 1.106108451700420048e+00
2.015337685941733170e+01 1.171009992969920699e+00
2.303132058706995977e+01 1.255527515771100333e+00
2.632024060704877400e+01 1.361232626932906031e+00
3.007882518043098941e+01 1.489987971585942539e+00
3.437414337286242727e+01 1.644354686784790687e+00
3.928284185071254342e+01 1.827592401508009168e+00
4.489251258218607887e+01 2.043659236658131650e+00
5.130325584897003210e+01 2.297444635702995619e+00
5.862946645916402133e+01 2.594187288072425712e+00
6.700187503509590670e+01 2.940639282364863938e+00
7.656988080124196472e+01 3.343436291858087994e+00
8.750421749906803370e+01 3.811425880922469922e+00
1.000000000000000000e+02 4.352989952645730298e+00
