1.000000000000000021e-02 9.200076829081773440e+02
1.142802059810032675e-02 6.829004083627462478e+02
1.305996547906053407e-02 5.346934606108069374e+02
1.492495545051829124e-02 4.390280067029594875e+02
1.705626983142527822e-02 3.758470838728546823e+02
1.949194029602852388e-02 3.211300205162166890e+02
2.227542951999557375e-02 2.833257749454677423e+02
2.545640673860415093e-02 2.585898476110398860e+02
2.909163405623881732e-02 2.431522447685897248e+02
3.324597932270941664e-02 2.347181876172125214e+02
3.799357365039405382e-02 2.318571646966040021e+02
4.341913422721453003e-02 2.336453040219843444e+02
4.961947603002903051e-02 2.396653730840980927e+02
5.670523941381171856e-02 2.496491509841382594e+02
6.480286440412508231e-02 2.584110336785018376e+02
7.405684692262434754e-02 2.647589282836019606e+02
8.463231720621142151e-02 2.672623233391344115e+02
9.671798642975443228e-02 2.664576606427132788e+02
1.105295141126021452e-01 2.709876136003434226e+02
1.263133563976838181e-01 2.213667473210394121e+02
1.443511638727918156e-01 1.861702049331366879e+02
1.649648074098020722e-01 1.634608355008065530e+02
1.885221217040871367e-01 8.626537070803344420e+01
2.154434690031883370e-01 4.874797248739749023e+01
2.462092401494625493e-01 2.996319634525105258e+01
2.813684267870688038e-01 1.990863793024793083e+01
3.215484176977705943e-01 1.419869928237982037e+01
3.674661940736689836e-01 1.057399185822345267e+01
4.199411234979421037e-01 8.146499591763131320e+00
4.799095809323873363e-01 6.622855874928645470e+00
5.484416576121018405e-01 5.642173213665373055e+00
6.267602560047386140e-01 5.006079901563935231e+00
7.162629115692786819e-01 4.080578102294820653e+00
8.185467307069028697e-01 3.437034209670964735e+00
9.354368899026167528e-01 3.017939055284950545e+00
1.069019204603001150e+00 2.747855511347297330e+00
1.221677348996791812e+00 2.582545756006147553e+00
1.396135390856794611e+00 2.495001434867735846e+00
1.595506400444828943e+00 2.469390064321923983e+00
1.823348000868440399e+00 2.495467096150386865e+00
2.083725851142959939e+00 2.568575917526613406e+00
2.381286194765587005e+00 2.685922560754697486e+00
2.721338768375308526e+00 2.847041364551987197e+00
3.109951549940198401e+00 3.054260635331738527e+00
3.554059037181064529e+00 3.310374340789858039e+00
4.061585988376979373e+00 3.620504755035508282e+00
4.641588833612777520e+00 3.990705474743153403e+00
5.304417279843931965e+00 4.428427080435213270e+00
6.061898993497572441e+00 4.942749967123382326e+00
6.927550656129392692e+00 4.897115161423570839e+00
7.916819159263009276e+00 4.477787176396232915e+00
9.047357242349303164e+00 4.219810825807508436e+00
1.033933849239399372e+01 4.083837731273378679e+00
1.181581732618100844e+01 4.045653506095987062e+00
1.350314037869873474e+01 4.090822650513145753e+00
1.543141663868093083e+01 4.210963261437136396e+00
1.763505472047138767e+01 4.402350048606749944e+00
2.015337685941733170e+01 4.666147165228611726e+00
2.303132058706995977e+01 4.931574096339755187e+00
2.632024060704877400e+01 5.101074803224763698e+00
3.007882518043098941e+01 5.355325863552279131e+00
3.437414337286242727e+01 5.697121245018205826e+00
3.928284185071254342e+01 6.129254915318450792e+00
4.489251258218607887e+01 6.659177454975432120e+00
5.130325584897003210e+01 7.296202089642173760e+00
5.862946645916402133e+01 8.055229980363510123e+00
6.700187503509590670e+01 8.948368320488372163e+00
7.656988080124196472e+01 9.996571867736056660e+00
8.750421749906803370e+01 1.121660442828200743e+01
1.000000000000000000e+02 1.263407737267203679e+01
