1.000000000000000021e-02 4.996459298333525680e+02
1.105295141126021521e-02 4.098813356992602053e+02
1.221677348996791888e-02 3.458659478506446021e+02
1.350314037869872891e-02 2.995531393232941468e+02
1.492495545051829124e-02 2.657126025904714766e+02
1.649648074098020514e-02 2.408872682897746529e+02
1.823348000868441413e-02 2.227972587813436860e+02
2.015337685941732959e-02 2.098332486723363388e+02
2.227542951999557375e-02 2.009521566896140428e+02
2.462092401494625493e-02 1.953791224588453588e+02
2.721338768375307360e-02 1.925777041824161984e+02
3.007882518043098960e-02 1.921604716731607709e+02
3.324597932270941664e-02 1.939188086764514196e+02
3.674661940736687754e-02 1.977037035818397896e+02
4.061585988376979761e-02 2.033661447788774979e+02
4.489251258218605184e-02 1.850377166937291520e+02
4.961947603002903051e-02 1.696001138512790192e+02
5.484416576121017850e-02 1.584540453897416512e+02
6.061898993497571997e-02 1.506458370022475606e+02
6.700187503509590081e-02 1.454974858612567061e+02
7.405684692262434754e-02 1.425172536522895257e+02
8.185467307069028975e-02 1.413847654128819613e+02
9.047357242349297890e-02 1.419063060494512456e+02
1.000000000000000056e-01 1.439030616294592733e+02
1.105295141126021452e-01 1.473154275087266853e+02
1.221677348996791784e-01 1.520763484625518061e+02
1.350314037869872752e-01 1.582156268130243006e+02
1.492495545051829020e-01 1.657258119796216533e+02
1.649648074098020722e-01 1.746963109286129452e+02
1.823348000868441343e-01 1.851569259820878415e+02
2.015337685941733237e-01 1.941274249310791333e+02
2.227542951999557652e-01 1.739512528763711430e+02
2.462092401494625493e-01 1.592289057640731187e+02
2.721338768375307082e-01 1.485373227144032455e+02
3.007882518043099029e-01 1.377041786348074766e+02
3.324597932270940137e-01 1.272733659034222313e+02
3.674661940736688170e-01 1.198078842199593623e+02
4.061585988376979484e-01 1.146520824984461058e+02
4.489251258218605600e-01 1.096750947094708692e+02
4.961947603002903051e-01 9.908036920659243663e+01
5.484416576121018405e-01 9.134666662432252338e+01
6.061898993497571997e-01 8.578853355459868624e+01
6.700187503509587028e-01 8.191423168294130619e+01
7.405684692262434199e-01 7.942573778845368793e+01
8.185467307069028697e-01 7.806973213337360562e+01
9.047357242349297612e-01 7.769720310725270451e+01
1.000000000000000000e+00 7.820384258277712775e+01
1.105295141126021008e+00 7.953004591576754478e+01
1.221677348996791812e+00 8.160130730099973562e+01
1.350314037869873474e+00 8.443252789951860393e+01
1.492495545051829131e+00 8.802370771132407867e+01
1.649648074098020611e+00 9.237484673641621669e+01
1.823348000868440399e+00 9.180860261671244871e+01
2.015337685941732904e+00 8.765117868520319178e+01
2.227542951999556209e+00 8.495406853608785980e+01
2.462092401494625715e+00 8.347885359264908800e+01
2.721338768375308526e+00 8.303181876130399530e+01
3.007882518043099029e+00 8.350865591473875327e+01
3.324597932270941580e+00 8.484976040877401715e+01
3.674661940736688059e+00 8.696572527714072010e+01
4.061585988376979373e+00 8.987145168088375158e+01
4.489251258218603269e+00 9.353713729791343212e+01
4.961947603002903051e+00 9.799258445031939857e+01
5.484416576121015297e+00 1.032377931381016793e+02
6.061898993497572441e+00 1.093472691664844803e+02
6.700187503509590137e+00 1.163359136965125771e+02
7.405684692262434865e+00 1.242931336944550367e+02
8.185467307069028919e+00 1.332785338044911612e+02
9.047357242349292505e+00 1.433666198318451563e+02
1.000000000000000000e+01 1.546691504843532812e+02
