3.162277660168379412e-01 1.181953033112222329e+00
3.674661940736689281e-01 7.657100540824465229e-01
4.270067916167659128e-01 5.262146356489392218e-01
4.961947603002903051e-01 3.817432227064272987e-01
5.765932649858945824e-01 2.912303108911146188e-01
6.700187503509588138e-01 2.330372024748066651e-01
7.785819798516769863e-01 1.951440155990712688e-01
9.047357242349296502e-01 1.706676944297214615e-01
1.051330177026238211e+00 1.555337027435598485e-01
1.221677348996791812e+00 1.472682149765023596e-01
1.419625896474748350e+00 1.443942117476399445e-01
1.649648074098020167e+00 1.460167502793774386e-01
1.916940776533455626e+00 1.516628933315223304e-01
2.227542951999557541e+00 1.610925343052076464e-01
2.588472040318300582e+00 1.743347770305990752e-01
3.007882518043099473e+00 1.915642444886907214e-01
3.495250132675474131e+00 2.131301826414709888e-01
4.061585988376979373e+00 2.393527336207625922e-01
4.719685320018228047e+00 2.710759085013705882e-01
5.484416576121017961e+00 3.092746855938457995e-01
6.373057341948979548e+00 3.295891590495011458e-01
7.405684692262434865e+00 3.473424954505753837e-01
8.605628792983365472e+00 3.731866966377128114e-01
1.000000000000000000e+01 4.074128009125706495e-01
1.162030136386260892e+01 4.508939231801195602e-01
1.350314037869872941e+01 5.046778013263247820e-01
1.569105605590211816e+01 5.702778345198021848e-01
1.823348000868441332e+01 6.495275640609906587e-01
2.118785326128771018e+01 7.447552963631459688e-01
2.462092401494625449e+01 8.586094799713464010e-01
2.861025569104377908e+01 9.943497438641496489e-01
3.324597932270941669e+01 1.156167039585416223e+00
3.863282988666283302e+01 1.348426941660000100e+00
4.489251258218602914e+01 1.577066631441703004e+00
5.216645251859961974e+01 1.848081497944658702e+00
6.061898993497572263e+01 2.169387782973935863e+00
7.044109314173721259e+01 2.549949466220568173e+00
8.185467307069029630e+01 2.999778265261556776e+00
9.511759691218703949e+01 3.530632127483841032e+00
1.105295141126021008e+02 4.156015230084302736e+00
1.284386263589742896e+02 4.890595903466455674e+00
1.492495545051829140e+02 5.753000598936340637e+00
1.734324801772463900e+02 6.761622937158680458e+00
2.015337685941733241e+02 7.940677304831331718e+00
2.341883126059243523e+02 9.316706395065411428e+00
2.721338768375305790e+02 1.092230649764649542e+01
3.162277660168379612e+02 1.279240220877341905e+01
3.674661940736688166e+02 1.496983436645008503e+01
4.270067916167655540e+02 1.750489438920281771e+01
4.961947603002902838e+02 2.045253030838444275e+01
5.765932649858943932e+02 2.387979734869673365e+01
6.700187503509590670e+02 2.573871718904003458e+01
7.785819798516770334e+02 2.750823006311431485e+01
9.047357242349293074e+02 2.974712951010092965e+01
1.051330177026238516e+03 3.249266843261197124e+01
1.221677348996791807e+03 3.580072618456556910e+01
1.419625896474747606e+03 3.974022063579410258e+01
1.649648074098020743e+03 4.438938288178294300e+01
1.916940776533455619e+03 4.986555956576019355e+01
2.227542951999556408e+03 5.628050939556211318e+01
2.588472040318301424e+03 6.377579340111463324e+01
3.007882518043099026e+03 7.253022551495580217e+01
3.495250132675475925e+03 8.273379554040728578e+01
4.061585988376979458e+03 9.461002089314162333e+01
4.719685320018227685e+03 1.084382983427494764e+02
5.484416576121015169e+03 1.245166511101275688e+02
6.373057341948973772e+03 1.432325093824416342e+02
7.405684692262441786e+03 1.649807539273798227e+02
8.605628792983370658e+03 1.902829253815114612e+02
1.000000000000000000e+04 2.196680149619281224e+02
