1.000000000000000021e-02 6.040784901268986005e+02
1.142802059810032675e-02 4.401072994176417410e+02
1.305996547906053407e-02 3.401109423838587986e+02
1.492495545051829124e-02 2.767174973594479184e+02
1.705626983142527822e-02 2.354915314517297134e+02
1.949194029602852388e-02 2.084318453044913610e+02
2.227542951999557375e-02 1.909164311634330318e+02
2.545640673860415093e-02 1.801881900717746703e+02
2.909163405623881732e-02 1.745680184752552293e+02
3.324597932270941664e-02 1.730286132825512198e+02
3.799357365039405382e-02 1.749553480620987216e+02
4.341913422721453003e-02 1.800082445959444044e+02
4.961947603002903051e-02 1.880407518813190109e+02
5.670523941381171856e-02 1.990517451499551385e+02
6.480286440412508231e-02 2.131579485047763001e+02
7.405684692262434754e-02 2.305800787942361580e+02
8.463231720621142151e-02 2.498227542186349126e+02
9.671798642975443228e-02 2.017312841637239273e+02
1.105295141126021452e-01 1.705162712264366860e+02
1.263133563976838181e-01 1.501033120377709906e+02
1.443511638727918156e-01 1.370257912415499959e+02
1.649648074098020722e-01 1.292706657912510764e+02
1.885221217040871367e-01 1.154005516968960023e+02
2.154434690031883370e-01 9.158665680492849503e+01
2.462092401494625493e-01 7.640145211001856751e+01
2.813684267870688038e-01 4.660813937968502785e+01
3.215484176977705943e-01 3.096637128478571555e+01
3.674661940736689836e-01 2.217671633244283314e+01
4.199411234979421037e-01 1.695256603362822290e+01
4.799095809323873363e-01 1.370996023008209264e+01
5.484416576121018405e-01 1.163821328197663973e+01
6.267602560047386140e-01 9.429750987258293193e+00
7.162629115692786819e-01 7.935821676957580451e+00
8.185467307069028697e-01 6.964698945252164819e+00
9.354368899026167528e-01 6.339281448109278294e+00
1.069019204603001150e+00 5.955633059096300919e+00
1.221677348996791812e+00 5.751251613349916525e+00
1.396135390856794611e+00 5.688223346763709110e+00
1.595506400444828943e+00 5.743932155421608954e+00
1.823348000868440399e+00 5.905772881466293533e+00
2.083725851142959939e+00 6.168074884205836383e+00
2.381286194765587005e+00 6.530294826201190617e+00
2.721338768375308526e+00 6.995968005544162871e+00
3.109951549940198401e+00 6.400815663192506833e+00
3.554059037181064529e+00 4.454209579248853856e+00
4.061585988376979373e+00 3.295980122219266839e+00
4.641588833612777520e+00 2.575854456216847943e+00
5.304417279843931965e+00 2.113214988930636196e+00
6.061898993497572441e+00 1.810054681023994805e+00
6.927550656129392692e+00 1.610820344031283602e+00
7.916819159263009276e+00 1.482873873983281632e+00
9.047357242349303164e+00 1.406522447590427438e+00
1.033933849239399372e+01 1.369712139160905728e+00
1.181581732618100844e+01 1.365097654738904875e+00
1.350314037869873474e+01 1.388373287111466903e+00
1.543141663868093083e+01 1.437299375302662385e+00
1.763505472047138767e+01 1.511126620065396775e+00
2.015337685941733170e+01 1.610256504540995781e+00
2.303132058706995977e+01 1.736047413273489992e+00
2.632024060704877400e+01 1.890714718206461198e+00
3.007882518043098941e+01 2.077294613286338354e+00
3.437414337286242727e+01 2.299653453425935190e+00
3.928284185071254342e+01 2.562530463187831398e+00
4.489251258218607887e+01 2.871603878552860589e+00
5.130325584897003210e+01 3.233570761130104554e+00
5.862946645916402133e+01 3.656231535682334943e+00
6.700187503509590670e+01 4.148574362252509751e+00
7.656988080124196472e+01 4.720862265157889759e+00
8.750421749906803370e+01 5.384734727385122710e+00
1.000000000000000000e+02 6.153340770646285485e+00
