1.000000000000000021e-02 4.997055344775318986e+02
1.142802059810032675e-02 3.862182919600604691e+02
1.305996547906053407e-02 3.134410214170813447e+02
1.492495545051829124e-02 2.657126025904714766e+02
1.705626983142527822e-02 2.342115481416881266e+02
1.949194029602852388e-02 2.136777482219040394e+02
2.227542951999557375e-02 2.009521566896140428e+02
2.545640673860415093e-02 1.941572272531687986e+02
2.909163405623881732e-02 1.920412623848020814e+02
3.324597932270941664e-02 1.939188086764514196e+02
3.799357365039405382e-02 1.993726336188614425e+02
4.341913422721453003e-02 1.913856112988293035e+02
4.961947603002903051e-02 1.696001138512790192e+02
5.670523941381171856e-02 1.555334178249537729e+02
6.480286440412508231e-02 1.469577996436506169e+02
7.405684692262434754e-02 1.425321548133343583e+02
8.463231720621142151e-02 1.414294688960164876e+02
9.671798642975443228e-02 1.431580035772174426e+02
1.105295141126021452e-01 1.474644391191750401e+02
1.263133563976838181e-01 1.542519179750978822e+02
1.443511638727918156e-01 1.636098471112549078e+02
1.649648074098020722e-01 1.756499852354824327e+02
1.885221217040871367e-01 1.906703555686771949e+02
2.154434690031883370e-01 1.654277887587249154e+02
2.462092401494625493e-01 1.115377398400753748e+02
2.813684267870688038e-01 8.026020280696450016e+01
3.215484176977705943e-01 6.054969203490764329e+01
3.674661940736689836e-01 4.219891220819204847e+01
4.199411234979421037e-01 3.134155374189838739e+01
4.799095809323873363e-01 2.462485540093853587e+01
5.484416576121018405e-01 2.032959572976454510e+01
6.267602560047386140e-01 1.752724613077007021e+01
7.162629115692786819e-01 1.569626596738584290e+01
8.185467307069028697e-01 1.453025011562742286e+01
9.354368899026167528e-01 1.384665935269556947e+01
1.069019204603001150e+00 1.353000968049280317e+01
1.221677348996791812e+00 1.351324587431736290e+01
1.396135390856794611e+00 1.375725238642655412e+01
1.595506400444828943e+00 1.423967747525311900e+01
1.823348000868440399e+00 1.315561800924129798e+01
2.083725851142959939e+00 1.248506576222367670e+01
2.381286194765587005e+00 1.215537757410667830e+01
2.721338768375308526e+00 1.209949822018854171e+01
3.109951549940198401e+00 1.228017479785718002e+01
3.554059037181064529e+00 1.267691821067594127e+01
4.061585988376979373e+00 1.328041523299179971e+01
4.641588833612777520e+00 1.409439115506596885e+01
5.304417279843931965e+00 1.512443391229026091e+01
6.061898993497572441e+00 1.638916995597072201e+01
6.927550656129392692e+00 1.791095102767459935e+01
7.916819159263009276e+00 1.559009519494138729e+01
9.047357242349303164e+00 1.192627222304232504e+01
1.033933849239399372e+01 9.603553745178505352e+00
1.181581732618100844e+01 8.091551560410298549e+00
1.350314037869873474e+01 7.094105092971584980e+00
1.543141663868093083e+01 6.442179297260008042e+00
1.763505472047138767e+01 6.032397368527015580e+00
2.015337685941733170e+01 5.805154662593266401e+00
2.303132058706995977e+01 5.720404309150762145e+00
2.632024060704877400e+01 5.755794566632247644e+00
3.007882518043098941e+01 5.897355596558190527e+00
3.437414337286242727e+01 6.140430786102077931e+00
3.928284185071254342e+01 6.484088812698608706e+00
4.489251258218607887e+01 6.930192321478387818e+00
5.130325584897003210e+01 7.485260570398530433e+00
5.862946645916402133e+01 8.160469430242663691e+00
6.700187503509590670e+01 8.966994771794416508e+00
7.656988080124196472e+01 9.920203417381271649e+00
8.750421749906803370e+01 1.103965314087457905e+01
1.000000000000000000e+02 1.234536737742833701e+01
