3.162277660168379134e-02 7.433395175606010525e+02
3.530417660538831548e-02 6.123285096544027510e+02
3.941415080287675315e-02 5.204479506519436427e+02
4.400259212602089520e-02 4.550616559872030393e+02
4.912520184673455081e-02 4.081528010180592219e+02
5.484416576121017850e-02 3.417532274022698289e+02
6.122890909288016686e-02 2.874384953938424587e+02
6.835693927822929228e-02 2.492617207969724973e+02
7.631478686643580756e-02 2.222012123395502385e+02
8.519905595487022032e-02 2.030383192358911231e+02
9.511759691218703294e-02 1.897464835838973443e+02
1.061908156252536900e-01 1.809249962453544072e+02
1.185531351634873803e-01 1.757095898796617632e+02
1.323546276044391679e-01 1.734744157229364134e+02
1.477628358301314171e-01 1.739214505542814493e+02
1.649648074098020167e-01 1.768122757969796623e+02
1.841693652593244523e-01 1.820574844847619431e+02
2.056096426419194712e-01 1.631032076357304845e+02
2.295459132837373295e-01 1.045341941490024169e+02
2.562687509604298919e-01 7.084639431688934508e+01
2.861025569104377331e-01 5.055846355434507444e+01
3.194094978959385878e-01 3.783287202205508493e+01
3.565939027174543918e-01 2.956086499704048265e+01
3.981071705534971472e-01 2.402135837862267920e+01
4.444532507099246965e-01 2.021783702192827903e+01
4.961947603002900276e-01 1.756077374312095074e+01
5.539598141226161898e-01 1.522315410421229842e+01
6.184496496437186241e-01 1.254653305153362375e+01
6.904471396543906403e-01 1.069320114658214038e+01
7.708262959346177112e-01 9.391212200289592360e+00
8.605628792983366360e-01 8.473393812184221829e+00
9.607462448181176562e-01 7.831712564690969103e+00
1.072592566024592520e+00 7.395853604129515091e+00
1.197459598615466358e+00 7.121113447365349458e+00
1.336863162897809154e+00 6.974895804612896377e+00
1.492495545051829131e+00 6.937642902000805911e+00
1.666246040597821887e+00 6.995384901049545689e+00
1.860223889453220592e+00 7.141602543801999659e+00
2.076783880999303999e+00 7.370707894866353804e+00
2.318554939989653896e+00 7.681769631677306975e+00
2.588472040318300138e+00 8.076650399365462363e+00
2.889811834063971574e+00 8.557212843061424934e+00
3.226232428328361657e+00 9.129044898157006926e+00
3.601817792738369217e+00 9.799131483891978078e+00
4.021127336696125987e+00 1.057771714848466260e+01
4.489251258218603269e+00 1.147364945630542898e+01
5.011872336272719330e+00 1.249810427813790881e+01
5.595334916732480401e+00 1.366784542015753878e+01
6.246721929411505947e+00 1.495493320540524884e+01
6.973940871117343399e+00 1.141404481212608424e+01
7.785819798516762091e+00 9.067577608847059878e+00
8.692214496115088451e+00 7.469428086788392207e+00
9.704128120312613959e+00 6.356497621252200858e+00
1.083384477195432360e+01 5.571392698702401169e+00
1.209507861887348312e+01 5.014461804651655363e+00
1.350314037869872230e+01 4.623073496583383069e+00
1.507512318293853681e+01 4.354386936493684246e+00
1.683011007863576580e+01 4.181160939347464023e+00
1.878940568655332299e+01 4.085700376403983647e+00
2.097679482810011820e+01 4.054966731749009234e+00
2.341883126059243736e+01 4.081509424860122692e+00
2.614516002594537980e+01 4.159740520345511783e+00
2.918887732593875128e+01 4.287331711791921407e+00
3.258693229275402814e+01 4.463351676634047749e+00
3.638057553206641614e+01 4.688498906795866006e+00
4.061585988376975820e+01 4.964170386125332790e+00
4.534419947930706485e+01 5.294789896807633234e+00
5.062299388226948338e+01 5.682220083973369640e+00
5.651632488900333584e+01 6.133911528144961878e+00
6.309573444801932851e+01 6.653589519583618994e+00
