1.000000000000000021e-02 1.563833462015035138e+03
1.105295141126021521e-02 1.224117034409190182e+03
1.221677348996791888e-02 9.336080687288887248e+02
1.350314037869872891e-02 7.193689061242296248e+02
1.492495545051829124e-02 5.745906850706420528e+02
1.649648074098020514e-02 4.741154863525142673e+02
1.823348000868441413e-02 4.028737670311943475e+02
2.015337685941732959e-02 3.515464428301286262e+02
2.227542951999557375e-02 3.142041898560631239e+02
2.462092401494625493e-02 2.869787333123275630e+02
2.721338768375307360e-02 2.672915447298071854e+02
3.007882518043098960e-02 2.533932799411491885e+02
3.324597932270941664e-02 2.295110004284798606e+02
3.674661940736687754e-02 2.110575243062446305e+02
4.061585988376979761e-02 1.978020225825727323e+02
4.489251258218605184e-02 1.885821899778306374e+02
4.961947603002903051e-02 1.825964888450940009e+02
5.484416576121017850e-02 1.792896966932246983e+02
6.061898993497571997e-02 1.782790469779855300e+02
6.700187503509590081e-02 1.793057358500946066e+02
7.405684692262434754e-02 1.822026287181342354e+02
8.185467307069028975e-02 1.868725323952520512e+02
9.047357242349297890e-02 1.932735023203870526e+02
1.000000000000000056e-01 2.014089334910801199e+02
1.105295141126021452e-01 2.113209768145731857e+02
1.221677348996791784e-01 2.019292070233759375e+02
1.350314037869872752e-01 1.735573376564418311e+02
1.492495545051829020e-01 1.370583112117329279e+02
1.649648074098020722e-01 1.118187016267021221e+02
1.823348000868441343e-01 9.397623205380854472e+01
2.015337685941733237e-01 8.114662110984349397e+01
2.227542951999557652e-01 6.882834891970775004e+01
2.462092401494625493e-01 5.865116073511386929e+01
2.721338768375307082e-01 5.128330144811837954e+01
3.007882518043099029e-01 4.590711718759278881e+01
3.324597932270940137e-01 4.198392581484525721e+01
3.674661940736688170e-01 3.915183095343002151e+01
4.061585988376979484e-01 3.716386461582415279e+01
4.489251258218605600e-01 3.584963574390399543e+01
4.961947603002903051e-01 3.509103069267795405e+01
5.484416576121018405e-01 3.480651550818270579e+01
6.061898993497571997e-01 3.494082261867445283e+01
6.700187503509587028e-01 3.545808015509258837e+01
7.405684692262434199e-01 3.633718727271218540e+01
8.185467307069028697e-01 3.756868284413878456e+01
9.047357242349297612e-01 3.859994228823756401e+01
1.000000000000000000e+00 3.709523422922406155e+01
1.105295141126021008e+00 3.618523667617278505e+01
1.221677348996791812e+00 3.577827259975889262e+01
1.350314037869873474e+00 3.581146857396212368e+01
1.492495545051829131e+00 3.624290552738376192e+01
1.649648074098020611e+00 3.704628566247240684e+01
1.823348000868440399e+00 3.820726953336587428e+01
2.015337685941732904e+00 3.972095000470338988e+01
2.227542951999556209e+00 4.159012083000497029e+01
2.462092401494625715e+00 4.382411473630314447e+01
2.721338768375308526e+00 4.643805824410072347e+01
3.007882518043099029e+00 4.945243612518959253e+01
3.324597932270941580e+00 5.289288862395611801e+01
3.674661940736688059e+00 5.679018592774389873e+01
4.061585988376979373e+00 6.118034040912723981e+01
4.489251258218603269e+00 6.610482960450967482e+01
4.961947603002903051e+00 7.161091255833567004e+01
5.484416576121015297e+00 7.775202952477143015e+01
6.061898993497572441e+00 8.458828047908345127e+01
6.700187503509590137e+00 9.218698185176397430e+01
7.405684692262434865e+00 1.006233037515732747e+02
8.185467307069028919e+00 1.099809920377052919e+02
9.047357242349292505e+00 1.203531812163906665e+02
1.000000000000000000e+01 1.318433054847355663e+02
