3.162277660168379134e-02 8.674363867419957614e+02
3.530417660538831548e-02 7.103185446852444329e+02
3.941415080287675315e-02 5.937616629925370262e+02
4.400259212602089520e-02 4.772345836219190574e+02
4.912520184673455081e-02 3.970663372007011844e+02
5.484416576121017850e-02 3.409187623837589740e+02
6.122890909288016686e-02 3.010432554277777513e+02
6.835693927822929228e-02 2.727161482815444060e+02
7.631478686643580756e-02 2.527783948035537946e+02
8.519905595487022032e-02 2.391587336085736695e+02
9.511759691218703294e-02 2.305160602025687808e+02
1.061908156252536900e-01 2.259861072449386086e+02
1.185531351634873803e-01 2.249132236497104032e+02
1.323546276044391679e-01 2.269993861959874550e+02
1.477628358301314171e-01 2.289067348097264869e+02
1.649648074098020167e-01 2.062569700215756825e+02
1.841693652593244523e-01 1.906405532465875297e+02
2.056096426419194712e-01 1.360352485977858521e+02
2.295459132837373295e-01 9.350733497582375264e+01
2.562687509604298919e-01 6.752343540389091459e+01
2.861025569104377331e-01 5.104275128830224162e+01
3.194094978959385878e-01 3.857047949377447082e+01
3.565939027174543918e-01 3.019788963170721985e+01
3.981071705534971472e-01 2.419272173063829001e+01
4.444532507099246965e-01 1.927533858584239823e+01
4.961947603002900276e-01 1.444829372988082383e+01
5.539598141226161898e-01 1.087574036938138278e+01
6.184496496437186241e-01 8.542311682016588748e+00
6.904471396543906403e-01 6.973964482047594338e+00
7.708262959346177112e-01 5.892698983731679441e+00
8.605628792983366360e-01 5.137396383271552125e+00
9.607462448181176562e-01 4.604447045277337836e+00
1.072592566024592520e+00 4.231918019156437616e+00
1.197459598615466358e+00 3.976735636263619256e+00
1.336863162897809154e+00 3.812822864770423426e+00
1.492495545051829131e+00 3.721553253370802672e+00
1.666246040597821887e+00 3.690819608715828704e+00
1.860223889453220592e+00 3.713171350283082539e+00
2.076783880999303999e+00 3.783020542680751497e+00
2.318554939989653896e+00 3.898504540778230609e+00
2.588472040318300138e+00 4.057760699444916241e+00
2.889811834063971574e+00 4.262186002528760120e+00
3.226232428328361657e+00 4.512711772595066506e+00
3.601817792738369217e+00 4.812364807981066583e+00
4.021127336696125987e+00 5.164404737665317491e+00
4.489251258218603269e+00 5.574186666398308176e+00
5.011872336272719330e+00 6.045435884441247687e+00
5.595334916732480401e+00 6.586534294881857043e+00
6.246721929411505947e+00 7.204932478242553451e+00
6.973940871117343399e+00 7.908081015045754114e+00
7.785819798516762091e+00 8.707155776075088838e+00
8.692214496115088451e+00 9.612866970831527524e+00
9.704128120312613959e+00 1.063918443779460965e+01
1.083384477195432360e+01 1.180147499929182331e+01
1.209507861887348312e+01 1.099308701260946641e+01
1.350314037869872230e+01 1.006735238269902588e+01
1.507512318293853681e+01 9.314843749934805572e+00
1.683011007863576580e+01 8.750927936644293581e+00
1.878940568655332299e+01 8.383055523349902671e+00
2.097679482810011820e+01 8.172576623591593759e+00
2.341883126059243736e+01 8.093414205540902628e+00
2.614516002594537980e+01 8.127873140457085199e+00
2.918887732593875128e+01 8.265708880121819035e+00
3.258693229275402814e+01 8.501333489143288347e+00
3.638057553206641614e+01 8.832884322390892606e+00
4.061585988376975820e+01 9.260361379864624709e+00
4.534419947930706485e+01 9.786092967977747747e+00
5.062299388226948338e+01 1.041752966725267271e+01
5.651632488900333584e+01 1.116072507436387085e+01
6.309573444801932851e+01 1.202312976983375847e+01
