3.162277660168379412e-01 1.180788879905594557e+00
3.674661940736689281e-01 7.634981629898537348e-01
4.270067916167659128e-01 5.225475530480616637e-01
4.961947603002903051e-01 3.759806643336195964e-01
5.765932649858945824e-01 2.828047520581458141e-01
6.700187503509588138e-01 2.213956704085285054e-01
7.785819798516769863e-01 1.797771932715841181e-01
9.047357242349296502e-01 1.510808167282084447e-01
1.051330177026238211e+00 1.312974881730769872e-01
1.221677348996791812e+00 1.178806224666914260e-01
1.419625896474748350e+00 1.093386483130598247e-01
1.649648074098020167e+00 1.046674835714656998e-01
1.916940776533455626e+00 1.033141554687608682e-01
2.227542951999557541e+00 1.049294180429569540e-01
2.588472040318300582e+00 1.093677521432255273e-01
3.007882518043099473e+00 1.166000539394008301e-01
3.495250132675474131e+00 1.267281868370628284e-01
4.061585988376979373e+00 1.399413257322885407e-01
4.719685320018228047e+00 1.565232329691934876e-01
5.484416576121017961e+00 1.768959140851802669e-01
6.373057341948979548e+00 2.014886505751928569e-01
7.405684692262434865e+00 2.309417267028766041e-01
8.605628792983365472e+00 2.662155688636994588e-01
1.000000000000000000e+01 3.083433630285435378e-01
1.162030136386260892e+01 3.585183662342023569e-01
1.350314037869872941e+01 4.183558410548720574e-01
1.569105605590211816e+01 4.896020173004944631e-01
1.823348000868441332e+01 5.743523707429994962e-01
2.118785326128771018e+01 6.751389346068026320e-01
2.462092401494625449e+01 7.948138842481420330e-01
2.861025569104377908e+01 9.371898214187239784e-01
3.324597932270941669e+01 1.106108451700420048e+00
3.863282988666283302e+01 1.306750256862724058e+00
4.489251258218602914e+01 1.544936002938775310e+00
5.216645251859961974e+01 1.827359570866683658e+00
6.061898993497572263e+01 2.162170033092843280e+00
7.044109314173721259e+01 2.558331369308288750e+00
8.185467307069029630e+01 3.027252280937972717e+00
9.511759691218703949e+01 3.579992223444860233e+00
1.105295141126021008e+02 4.231452357873786596e+00
1.284386263589742896e+02 4.997697998476214210e+00
1.492495545051829140e+02 5.895492951427585560e+00
1.734324801772463900e+02 6.947887450219131011e+00
2.015337685941733241e+02 8.177233236418105733e+00
2.341883126059243523e+02 9.612866970831527524e+00
2.721338768375305790e+02 1.128738494324497843e+01
3.162277660168379612e+02 1.323943704011850109e+01
3.674661940736688166e+02 1.551000145432539234e+01
4.270067916167655540e+02 1.815495753978378701e+01
4.961947603002902838e+02 1.852189863051287588e+01
5.765932649858943932e+02 1.913750284617766440e+01
6.700187503509590670e+02 2.010235302383079770e+01
7.785819798516770334e+02 2.141738048603757960e+01
9.047357242349293074e+02 2.309376110358163814e+01
1.051330177026238516e+03 2.516502248881384673e+01
1.221677348996791807e+03 2.767214283460750934e+01
1.419625896474747606e+03 3.065982562409713807e+01
1.649648074098020743e+03 3.419885137224570570e+01
1.916940776533455619e+03 3.836186323914676422e+01
2.227542951999556408e+03 4.324944406185299073e+01
2.588472040318301424e+03 4.896403932254761315e+01
3.007882518043099026e+03 5.563975947063416072e+01
3.495250132675475925e+03 6.341816553603857187e+01
4.061585988376979458e+03 7.247807145129888795e+01
4.719685320018227685e+03 8.303181876130399530e+01
5.484416576121015169e+03 9.529547430120408080e+01
6.373057341948973772e+03 1.095707865821570266e+02
7.405684692262441786e+03 1.261706799861043606e+02
8.605628792983370658e+03 1.454676835391670409e+02
1.000000000000000000e+04 1.679013814921677010e+02
