3.162277660168379134e-02 1.161358235077771042e+03
3.437414337286241045e-02 9.171651899503972345e+02
3.736489516721269721e-02 7.438485446341220495e+02
4.061585988376979761e-02 6.182215442419400233e+02
4.414967757076887489e-02 5.254942513709767127e+02
4.799095809323872946e-02 4.560014797399364852e+02
5.216645251859962362e-02 4.032854178975349555e+02
5.670523941381171856e-02 3.629431713773728347e+02
6.163892735146683094e-02 3.319175072242333044e+02
6.700187503509590081e-02 3.080506597202939361e+02
7.283143057666745246e-02 2.897978332304494415e+02
7.916819159263009664e-02 2.760397194343182150e+02
8.605628792983370523e-02 2.659576312745547284e+02
9.354368899026167805e-02 2.589489787211068119e+02
1.016825377948150644e-01 2.545691946979069940e+02
1.105295141126021452e-01 2.524912928343171075e+02
1.201462291846031316e-01 2.382931921702367219e+02
1.305996547906053407e-01 2.216045710778767273e+02
1.419625896474748517e-01 2.033541714433617642e+02
1.543141663868093649e-01 1.893230750186708065e+02
1.677404026426158323e-01 1.786199136370596818e+02
1.823348000868441343e-01 1.500485747573223705e+02
1.981989955845199214e-01 1.286798246216951611e+02
2.154434690031883926e-01 1.125517697165583257e+02
2.341883126059244868e-01 1.002532915790034309e+02
2.545640673860414815e-01 9.081104863690946161e+01
2.767126321678177181e-01 8.354229279537568686e+01
3.007882518043099584e-01 7.796094111831617113e+01
3.269585913541653843e-01 7.371647793926098302e+01
3.554059037181062641e-01 7.055350058726433815e+01
3.863282988666283391e-01 6.828448959525570672e+01
4.199411234979421037e-01 6.677120062959629365e+01
4.564784607342344258e-01 6.591177146947724452e+01
4.961947603002903051e-01 6.563167754684297961e+01
5.393666105372006969e-01 6.587731853858814191e+01
5.862946645916405908e-01 6.661143004263965395e+01
6.373057341948979992e-01 6.780977938767951230e+01
6.927550656129388695e-01 6.942036190539258200e+01
7.530288136174587699e-01 6.836418926176546051e+01
8.185467307069028697e-01 6.792379142455476426e+01
8.897650903054697968e-01 6.803895043606233628e+01
9.671798642975448779e-01 6.866732551284292185e+01
1.051330177026238655e+00 6.978076520230784752e+01
1.142802059810032578e+00 7.136264213681097601e+01
1.242232532124357691e+00 7.340592572811313232e+01
1.350314037869873474e+00 7.591179495023199308e+01
1.467799267622069692e+00 7.888865196279468250e+01
1.595506400444828943e+00 8.235143708950820951e+01
1.734324801772465507e+00 8.632117260343186160e+01
1.885221217040871311e+00 9.082468089634086539e+01
2.049246504200854080e+00 9.589443479842189788e+01
2.227542951999557541e+00 1.015685063268814332e+02
2.421352234995232777e+00 1.078905868465720630e+02
2.632024060704877488e+00 1.149100579836385378e+02
2.861025569104377997e+00 1.192305613078007553e+02
3.109951549940198401e+00 1.239281076429329573e+02
3.380535549007040341e+00 1.293744200898480017e+02
3.674661940736691612e+00 1.355991236369583248e+02
3.994379051172821438e+00 1.426395346548528948e+02
4.341913422721453308e+00 1.456740836930330545e+02
4.719685320018228047e+00 1.456913473636381298e+02
5.130325584897002855e+00 1.467744879560881373e+02
5.576693957839359506e+00 1.488535216842548721e+02
6.061898993497572441e+00 1.518821150267386599e+02
6.589319708984723967e+00 1.558333162925899842e+02
7.162629115692790371e+00 1.606964379970150389e+02
7.785819798516770085e+00 1.664747869629283628e+02
8.463231720621141818e+00 1.731840274559535260e+02
9.199582447383766848e+00 1.808510242624393527e+02
1.000000000000000000e+01 1.895130559530001619e+02
