1.000000000000000021e-02 1.108280410243394499e+03
1.105295141126021521e-02 8.516196489492195951e+02
1.221677348996791888e-02 6.463586335706744421e+02
1.350314037869872891e-02 5.095693913775707529e+02
1.492495545051829124e-02 4.157998814764218878e+02
1.649648074098020514e-02 3.500336524034590298e+02
1.823348000868441413e-02 3.031097414486429784e+02
2.015337685941732959e-02 2.692695339574372042e+02
2.227542951999557375e-02 2.447959772315601867e+02
2.462092401494625493e-02 2.272341451869941409e+02
2.721338768375307360e-02 2.149315128134527129e+02
3.007882518043098960e-02 2.067594484118476714e+02
3.324597932270941664e-02 2.019403303681088460e+02
3.674661940736687754e-02 1.999378411244772167e+02
4.061585988376979761e-02 2.003859730684377212e+02
4.489251258218605184e-02 2.030423031214840819e+02
4.961947603002903051e-02 2.077568192861963610e+02
5.484416576121017850e-02 2.032605283689192106e+02
6.061898993497571997e-02 1.982076430752488534e+02
6.700187503509590081e-02 1.958918542140746126e+02
7.405684692262434754e-02 1.959528344546339440e+02
8.185467307069028975e-02 1.981511213010535073e+02
9.047357242349297890e-02 2.023373828968986743e+02
1.000000000000000056e-01 2.084317351275970509e+02
1.105295141126021452e-01 1.972392681369288994e+02
1.221677348996791784e-01 1.830325058323220162e+02
1.350314037869872752e-01 1.729228785919102336e+02
1.492495545051829020e-01 1.582100056997192610e+02
1.649648074098020722e-01 1.307969161694392710e+02
1.823348000868441343e-01 1.112784297480892377e+02
2.015337685941733237e-01 9.716914841218238053e+01
2.227542951999557652e-01 8.687694504643340565e+01
2.462092401494625493e-01 7.935719231776209881e+01
2.721338768375307082e-01 7.391025653232318859e+01
3.007882518043099029e-01 7.005964065339456681e+01
3.324597932270940137e-01 6.501098079083278947e+01
3.674661940736688170e-01 5.954522284099476082e+01
4.061585988376979484e-01 5.559480188156278047e+01
4.489251258218605600e-01 5.281673583397414973e+01
4.961947603002903051e-01 5.097419627821371080e+01
5.484416576121018405e-01 4.990277804223534019e+01
6.061898993497571997e-01 4.948871687358276006e+01
6.700187503509587028e-01 4.965457843704535179e+01
7.405684692262434199e-01 5.034972022630955735e+01
8.185467307069028697e-01 5.154386543440498514e+01
9.047357242349297612e-01 5.322274591056704907e+01
1.000000000000000000e+00 5.538514677035097122e+01
1.105295141126021008e+00 5.804091759573528719e+01
1.221677348996791812e+00 6.120966199165896882e+01
1.350314037869873474e+00 6.491991248683939375e+01
1.492495545051829131e+00 6.920866144378442186e+01
1.649648074098020611e+00 7.412116223813646343e+01
1.823348000868440399e+00 7.971094457136813105e+01
2.015337685941732904e+00 8.604000658865365381e+01
2.227542951999556209e+00 9.236633920343957982e+01
2.462092401494625715e+00 9.942641769538036556e+01
2.721338768375308526e+00 1.027507502350740225e+02
3.007882518043099029e+00 1.053186234411098070e+02
3.324597932270941580e+00 1.088333465478280289e+02
3.674661940736688059e+00 1.132904952768951574e+02
4.061585988376979373e+00 1.187052831652523821e+02
4.489251258218603269e+00 1.251099681518552131e+02
4.961947603002903051e+00 1.325521772153760480e+02
5.484416576121015297e+00 1.410939258317855547e+02
6.061898993497572441e+00 1.508111779708026461e+02
6.700187503509590137e+00 1.617938379184948587e+02
7.405684692262434865e+00 1.741460965691932188e+02
8.185467307069028919e+00 1.879870775818719721e+02
9.047357242349292505e+00 2.034517461779361156e+02
1.000000000000000000e+01 2.206920571303342342e+02
