1.000000000000000021e-02 5.591909693685173579e+02
1.105295141126021521e-02 4.542271909686922413e+02
1.221677348996791888e-02 3.799598043212293987e+02
1.350314037869872891e-02 3.264944384923576877e+02
1.492495545051829124e-02 2.875279023601114545e+02
1.649648074098020514e-02 2.590070801202953135e+02
1.823348000868441413e-02 2.381752569796144883e+02
2.015337685941732959e-02 2.231846889685094197e+02
2.227542951999557375e-02 2.127538762371241887e+02
2.462092401494625493e-02 1.878987396143376998e+02
2.721338768375307360e-02 1.688848581211268822e+02
3.007882518043098960e-02 1.551161853156983739e+02
3.324597932270941664e-02 1.453037707676738250e+02
3.674661940736687754e-02 1.385237424922734419e+02
4.061585988376979761e-02 1.341577023061365139e+02
4.489251258218605184e-02 1.318182200220972220e+02
4.961947603002903051e-02 1.311774700971693051e+02
5.484416576121017850e-02 1.320566385988146010e+02
6.061898993497571997e-02 1.343216150776297013e+02
6.700187503509590081e-02 1.378978937283903292e+02
7.405684692262434754e-02 1.427556722290069047e+02
8.185467307069028975e-02 1.468683926773816211e+02
9.047357242349297890e-02 1.515995113091170481e+02
1.000000000000000056e-01 1.576791850154101837e+02
1.105295141126021452e-01 1.651595678599178711e+02
1.221677348996791784e-01 1.741002644868194977e+02
1.350314037869872752e-01 1.845310772182047288e+02
1.492495545051829020e-01 1.912365996883809487e+02
1.649648074098020722e-01 1.887034023107588325e+02
1.823348000868441343e-01 1.706729974465071962e+02
2.015337685941733237e-01 1.575301734049618290e+02
2.227542951999557652e-01 1.480902878830581813e+02
2.462092401494625493e-01 1.415486781843751771e+02
2.721338768375307082e-01 1.373465507697314081e+02
3.007882518043099029e-01 1.321460455650836252e+02
3.324597932270940137e-01 1.226689071405678959e+02
3.674661940736688170e-01 1.159186811872571639e+02
4.061585988376979484e-01 1.113291235854476611e+02
4.489251258218605600e-01 1.084830018258839743e+02
4.961947603002903051e-01 1.071120950097590594e+02
5.484416576121018405e-01 1.023586246364563692e+02
6.061898993497571997e-01 9.064631205521521906e+01
6.700187503509587028e-01 7.675842996142803543e+01
7.405684692262434199e-01 6.422282823245971883e+01
8.185467307069028697e-01 5.523742812242359435e+01
9.047357242349297612e-01 4.870326900426297811e+01
1.000000000000000000e+00 4.392744688939302478e+01
1.105295141126021008e+00 4.044057520490139268e+01
1.221677348996791812e+00 3.793718014936893468e+01
1.350314037869873474e+00 3.619188166199252521e+01
1.492495545051829131e+00 3.506684400310739846e+01
1.649648074098020611e+00 3.444844581974670206e+01
1.823348000868440399e+00 3.427335717746988308e+01
2.015337685941732904e+00 3.448569872235879075e+01
2.227542951999556209e+00 3.505939342258498215e+01
2.462092401494625715e+00 3.597208953658118702e+01
2.721338768375308526e+00 3.721261119356378799e+01
3.007882518043099029e+00 3.878654632892459375e+01
3.324597932270941580e+00 4.070134552318602061e+01
3.674661940736688059e+00 4.295887142147869042e+01
4.061585988376979373e+00 4.558892634589224713e+01
4.489251258218603269e+00 4.861386203799396100e+01
4.961947603002903051e+00 5.204857965882867177e+01
5.484416576121015297e+00 5.593778269153087734e+01
6.061898993497572441e+00 6.031872403871268062e+01
6.700187503509590137e+00 6.522865660298616319e+01
7.405684692262434865e+00 7.071228386748582295e+01
8.185467307069028919e+00 7.683293576665221281e+01
9.047357242349292505e+00 8.365766752518712224e+01
1.000000000000000000e+01 9.124235849700866652e+01
