3.162277660168379134e-02 8.811454549032448540e+02
3.437414337286241045e-02 7.314185887247323308e+02
3.736489516721269721e-02 6.201963226860760869e+02
4.061585988376979761e-02 5.364219952920078640e+02
4.414967757076887489e-02 4.725854213759303093e+02
4.799095809323872946e-02 4.234711945721506368e+02
5.216645251859962362e-02 3.854434315857290017e+02
5.670523941381171856e-02 3.559987373611330668e+02
6.163892735146683094e-02 3.332297632846235729e+02
6.700187503509590081e-02 3.158848118284344650e+02
7.283143057666745246e-02 3.028313947531580652e+02
7.916819159263009664e-02 2.934585644559562070e+02
8.605628792983370523e-02 2.871404721729457492e+02
9.354368899026167805e-02 2.835343912000954560e+02
1.016825377948150644e-01 2.822826936723291738e+02
1.105295141126021452e-01 2.832065656571090244e+02
1.201462291846031316e-01 2.861569955439865680e+02
1.305996547906053407e-01 2.863954141207039470e+02
1.419625896474748517e-01 2.816568449084460894e+02
1.543141663868093649e-01 2.752195433370769138e+02
1.677404026426158323e-01 2.714346484316885153e+02
1.823348000868441343e-01 2.700041369713842982e+02
1.981989955845199214e-01 2.706895903794467699e+02
2.154434690031883926e-01 2.655933933021127586e+02
2.341883126059244868e-01 2.573083477611839953e+02
2.545640673860414815e-01 2.517949181745946134e+02
2.767126321678177181e-01 2.486954766772687435e+02
3.007882518043099584e-01 2.320359786291420505e+02
3.269585913541653843e-01 2.073596559388935532e+02
3.554059037181062641e-01 1.883755767677724577e+02
3.863282988666283391e-01 1.737426366217434293e+02
4.199411234979421037e-01 1.625071611939370371e+02
4.564784607342344258e-01 1.539538947542011726e+02
4.961947603002903051e-01 1.475836484075337296e+02
5.393666105372006969e-01 1.311774700971693051e+02
5.862946645916405908e-01 1.171852798760682361e+02
6.373057341948979992e-01 1.064266416016966019e+02
6.927550656129388695e-01 9.812669489972293491e+01
7.530288136174587699e-01 9.176389913357793660e+01
8.185467307069028697e-01 8.692102179400622219e+01
8.897650903054697968e-01 8.332984198220071903e+01
9.671798642975448779e-01 8.075194112144409075e+01
1.051330177026238655e+00 7.906810992337763366e+01
1.142802059810032578e+00 7.812933677755295037e+01
1.242232532124357691e+00 7.498519179709253990e+01
1.350314037869873474e+00 7.142753959763795990e+01
1.467799267622069692e+00 6.882728699531405425e+01
1.595506400444828943e+00 6.703169708941132399e+01
1.734324801772465507e+00 6.592156059157102277e+01
1.885221217040871311e+00 6.540747053552419743e+01
2.049246504200854080e+00 6.544472343813627901e+01
2.227542951999557541e+00 6.597371465522795120e+01
2.421352234995232777e+00 6.697209244523197924e+01
2.632024060704877488e+00 6.842495564710348788e+01
2.861025569104377997e+00 7.031740309979765868e+01
3.109951549940198401e+00 7.265688538383690798e+01
3.380535549007040341e+00 7.544712778948245102e+01
3.674661940736691612e+00 7.868067973621188571e+01
3.994379051172821438e+00 8.240596999742089679e+01
4.341913422721453308e+00 8.660809741206466583e+01
4.719685320018228047e+00 9.134666662432252338e+01
5.130325584897002855e+00 9.663657879523931626e+01
5.576693957839359506e+00 1.025076362469047240e+02
6.061898993497572441e+00 1.090045424624532444e+02
6.589319708984723967e+00 1.161720009250193755e+02
7.162629115692790371e+00 1.240547151177376577e+02
7.785819798516770085e+00 1.327122896847874074e+02
8.463231720621141818e+00 1.421894281093031225e+02
9.199582447383766848e+00 1.525829879380762293e+02
1.000000000000000000e+01 1.639078703321516173e+02
