1.000000000000000021e-02 9.237031708472966329e+02
1.105295141126021521e-02 7.355909138172863777e+02
1.221677348996791888e-02 6.043414873343705267e+02
1.350314037869872891e-02 5.109708122274279276e+02
1.492495545051829124e-02 4.434387503722309134e+02
1.649648074098020514e-02 3.942053142800926366e+02
1.823348000868441413e-02 3.520052262011170114e+02
2.015337685941732959e-02 3.158848118284344650e+02
2.227542951999557375e-02 2.896140649063885348e+02
2.462092401494625493e-02 2.707193927015364352e+02
2.721338768375307360e-02 2.575467663379013743e+02
3.007882518043098960e-02 2.489636975760757878e+02
3.324597932270941664e-02 2.441357213975489060e+02
3.674661940736687754e-02 2.425263960047066121e+02
4.061585988376979761e-02 2.412150938327610561e+02
4.489251258218605184e-02 2.134393296451866604e+02
4.961947603002903051e-02 1.931439483021199521e+02
5.484416576121017850e-02 1.783619965456425973e+02
6.061898993497571997e-02 1.677821722038090115e+02
6.700187503509590081e-02 1.604508009697496504e+02
7.405684692262434754e-02 1.558016387237608171e+02
8.185467307069028975e-02 1.533280459903180599e+02
9.047357242349297890e-02 1.527916041927039430e+02
1.000000000000000056e-01 1.539240924321115074e+02
1.105295141126021452e-01 1.566361037422716436e+02
1.221677348996791784e-01 1.608382311569154126e+02
1.350314037869872752e-01 1.665006723539530924e+02
1.492495545051829020e-01 1.736234273333847398e+02
1.649648074098020722e-01 1.733850087566673892e+02
1.823348000868441343e-01 1.605998125801980336e+02
2.015337685941733237e-01 1.514803020207583586e+02
2.227542951999557652e-01 1.452143638014048292e+02
2.462092401494625493e-01 1.412655561245232718e+02
2.721338768375307082e-01 1.392837017055600768e+02
3.007882518043099029e-01 1.390005796457081999e+02
3.324597932270940137e-01 1.402224748513847601e+02
3.674661940736688170e-01 1.428748815173655942e+02
4.061585988376979484e-01 1.287932843299955152e+02
4.489251258218605600e-01 1.149352045582979969e+02
4.961947603002903051e-01 1.048024150478094754e+02
5.484416576121018405e-01 9.744124149166046323e+01
6.061898993497571997e-01 9.221093396492301508e+01
6.700187503509587028e-01 8.866445763625203824e+01
7.405684692262434199e-01 8.650378928475082319e+01
8.185467307069028697e-01 8.113937130860982450e+01
9.047357242349297612e-01 7.443757412869481982e+01
1.000000000000000000e+00 6.959469678912311963e+01
1.105295141126021008e+00 6.619723207090049755e+01
1.221677348996791812e+00 6.395460733365266748e+01
1.350314037869873474e+00 6.252409587334840779e+01
1.492495545051829131e+00 6.079556119214743148e+01
1.649648074098020611e+00 5.991639269050210714e+01
1.823348000868440399e+00 5.976738108005374528e+01
2.015337685941732904e+00 6.028147113610059193e+01
2.227542951999556209e+00 6.140650879498571157e+01
2.462092401494625715e+00 6.311269173461943183e+01
2.721338768375308526e+00 6.538511879395693427e+01
3.007882518043099029e+00 6.823869113404303732e+01
3.324597932270941580e+00 7.167340875487774099e+01
3.674661940736688059e+00 7.571534868828950948e+01
4.061585988376979373e+00 8.040921441741285491e+01
4.489251258218603269e+00 8.578853355459868624e+01
4.961947603002903051e+00 9.189800958298145872e+01
5.484416576121015297e+00 9.879724714674054553e+01
6.061898993497572441e+00 1.065607520511001240e+02
6.700187503509590137e+00 1.152630301012843859e+02
7.405684692262434865e+00 1.249785871025174799e+02
8.185467307069028919e+00 1.358117311821133057e+02
9.047357242349292505e+00 1.478816716284304675e+02
1.000000000000000000e+01 1.613150683103501706e+02
