1.000000000000000021e-02 7.252197057300804772e+02
1.142802059810032675e-02 5.384485531941056706e+02
1.305996547906053407e-02 4.221002877560257502e+02
1.492495545051829124e-02 3.472368546667694886e+02
1.705626983142527822e-02 2.981822325071692035e+02
1.949194029602852388e-02 2.659212188450991903e+02
2.227542951999557375e-02 2.452086049927770830e+02
2.545640673860415093e-02 2.098630509944260041e+02
2.909163405623881732e-02 1.849483097274601562e+02
3.324597932270941664e-02 1.689444627653062412e+02
3.799357365039405382e-02 1.591991034419834534e+02
4.341913422721453003e-02 1.541625110088288864e+02
4.961947603002903051e-02 1.528214065147936083e+02
5.670523941381171856e-02 1.546095458401739222e+02
6.480286440412508231e-02 1.591991034419834534e+02
7.405684692262434754e-02 1.664410677097737619e+02
8.463231720621142151e-02 1.763652409656345696e+02
9.671798642975443228e-02 1.890908324979245663e+02
1.105295141126021452e-01 2.047668539170920781e+02
1.263133563976838181e-01 2.237509330882131735e+02
1.443511638727918156e-01 2.343009551079571509e+02
1.649648074098020722e-01 2.101908765374124073e+02
1.885221217040871367e-01 1.879583442585170303e+02
2.154434690031883370e-01 1.740108575205504735e+02
2.462092401494625493e-01 1.089002343351393876e+02
2.813684267870688038e-01 6.258370051752775254e+01
3.215484176977705943e-01 3.912182245243340617e+01
3.674661940736689836e-01 2.637946711396798349e+01
4.199411234979421037e-01 1.902946942860260293e+01
4.799095809323873363e-01 1.457681624389253727e+01
5.484416576121018405e-01 1.177167267720215094e+01
6.267602560047386140e-01 9.959318965123966194e+00
7.162629115692786819e-01 8.777004968472756019e+00
8.185467307069028697e-01 8.013320464924909459e+00
9.354368899026167528e-01 7.546727859708480146e+00
1.069019204603001150e+00 7.300858702468685735e+00
1.221677348996791812e+00 7.231009510071015889e+00
1.396135390856794611e+00 7.309240605556405868e+00
1.595506400444828943e+00 7.520650827880016820e+00
1.823348000868440399e+00 7.857789596519432429e+00
2.083725851142959939e+00 8.322519556605255886e+00
2.381286194765587005e+00 8.916703353268095711e+00
2.721338768375308526e+00 9.651982518574223846e+00
3.109951549940198401e+00 1.053860160074196806e+01
3.554059037181064529e+00 1.159658403492532663e+01
4.061585988376979373e+00 1.284455627243034570e+01
4.641588833612777520e+00 1.430859534508548769e+01
5.304417279843931965e+00 1.601850357498042143e+01
6.061898993497572441e+00 1.801153386472724449e+01
6.927550656129392692e+00 2.032587043950333694e+01
7.916819159263009276e+00 1.978570335162803673e+01
9.047357242349303164e+00 1.561617222676984973e+01
1.033933849239399372e+01 1.292278736791573479e+01
1.181581732618100844e+01 1.115327449384145275e+01
1.350314037869873474e+01 9.987258642083034488e+00
1.543141663868093083e+01 9.194237477728163910e+00
1.763505472047138767e+01 8.559075488192029013e+00
2.015337685941733170e+01 8.192134397462941919e+00
2.303132058706995977e+01 8.033809561361557883e+00
2.632024060704877400e+01 8.048710722406394069e+00
3.007882518043098941e+01 8.215417461595498239e+00
3.437414337286242727e+01 8.524616553275844666e+00
3.928284185071254342e+01 8.972582707186228745e+00
4.489251258218607887e+01 9.562575552305206728e+00
5.130325584897003210e+01 1.030204566915519493e+01
5.862946645916402133e+01 1.120356591236777533e+01
6.700187503509590670e+01 1.228390008811838996e+01
7.656988080124196472e+01 1.356539993797428956e+01
8.750421749906803370e+01 1.506855455837212610e+01
1.000000000000000000e+02 1.682316627140157195e+01
