1.000000000000000021e-02 1.045892691414952196e+03
1.142802059810032675e-02 7.792215133565663336e+02
1.305996547906053407e-02 6.124477189427614121e+02
1.492495545051829124e-02 5.048911385211347920e+02
1.705626983142527822e-02 4.342596351686119647e+02
1.949194029602852388e-02 3.877680127087234609e+02
2.227542951999557375e-02 3.161232304051518440e+02
2.545640673860415093e-02 2.576063709820807048e+02
2.909163405623881732e-02 2.196978172840177876e+02
3.324597932270941664e-02 1.949618899495899598e+02
3.799357365039405382e-02 1.791666592420637301e+02
4.341913422721453003e-02 1.696895208175480434e+02
4.961947603002903051e-02 1.649807539273798227e+02
5.670523941381171856e-02 1.641462889088689963e+02
6.480286440412508231e-02 1.665602769981324514e+02
7.405684692262434754e-02 1.719544972963631153e+02
8.463231720621142151e-02 1.572917548282444500e+02
9.671798642975443228e-02 1.440073697567731017e+02
1.105295141126021452e-01 1.358713358262926363e+02
1.263133563976838181e-01 1.316394060895592020e+02
1.443511638727918156e-01 1.305665224943310250e+02
1.649648074098020722e-01 1.222516746313124827e+02
1.885221217040871367e-01 1.101519318629056130e+02
2.154434690031883370e-01 1.026864501794427582e+02
2.462092401494625493e-01 9.864823553629217656e+01
2.813684267870688038e-01 8.814291699968276816e+01
3.215484176977705943e-01 5.913408173564821624e+01
3.674661940736689836e-01 4.243733078490942745e+01
4.199411234979421037e-01 3.233993153190240122e+01
4.799095809323873363e-01 2.599203692680224620e+01
5.484416576121018405e-01 2.188676705894991770e+01
6.267602560047386140e-01 1.920083278061821730e+01
7.162629115692786819e-01 1.746019090606830915e+01
8.185467307069028697e-01 1.637799408518709399e+01
9.354368899026167528e-01 1.578753557878546232e+01
1.069019204603001150e+00 1.558078196928836334e+01
1.221677348996791812e+00 1.569812861251644698e+01
1.396135390856794611e+00 1.610232260585762276e+01
1.595506400444828943e+00 1.656425859824754099e+01
1.823348000868440399e+00 1.662200059729628165e+01
2.083725851142959939e+00 1.698894168802537052e+01
2.381286194765587005e+00 1.716961826569400884e+01
2.721338768375308526e+00 1.694423820489086197e+01
3.109951549940198401e+00 1.706531013838015554e+01
3.554059037181064529e+00 1.749744380868039784e+01
4.061585988376979373e+00 1.822015011935494755e+01
4.641588833612777520e+00 1.923436039296910138e+01
5.304417279843931965e+00 2.054193727465345987e+01
6.061898993497572441e+00 2.216616382854058998e+01
6.927550656129392692e+00 2.413311708645894527e+01
7.916819159263009276e+00 2.648377524128183325e+01
9.047357242349303164e+00 2.073565236823633029e+01
1.033933849239399372e+01 1.667787995121441824e+01
1.181581732618100844e+01 1.403851180114783226e+01
1.350314037869873474e+01 1.229693860403262029e+01
1.543141663868093083e+01 1.081427308007143573e+01
1.763505472047138767e+01 9.741389484843239188e+00
2.015337685941733170e+01 9.059195705759339745e+00
2.303132058706995977e+01 8.662452292940580278e+00
2.632024060704877400e+01 8.488294973229056239e+00
3.007882518043098941e+01 8.497608198882080188e+00
3.437414337286242727e+01 8.668040228332394292e+00
3.928284185071254342e+01 8.988415190796368748e+00
4.489251258218607887e+01 9.456404779860747567e+00
5.130325584897003210e+01 1.007294031809083990e+01
5.862946645916402133e+01 1.084593804729171218e+01
6.700187503509590670e+01 1.179029912850819706e+01
7.656988080124196472e+01 1.292278736791573479e+01
8.750421749906803370e+01 1.426016657168976920e+01
1.000000000000000000e+02 1.583037641678936680e+01
