3.162277660168379412e-01 1.205701758527429668e+00
3.674661940736689281e-01 7.944646382861536571e-01
4.270067916167659128e-01 5.599750786411460401e-01
4.961947603002903051e-01 4.203349015061393912e-01
5.765932649858945824e-01 3.347114331586635294e-01
6.700187503509588138e-01 2.814368720403581658e-01
7.785819798516769863e-01 2.486950631039508142e-01
9.047357242349296502e-01 2.297484696660830883e-01
1.051330177026238211e+00 2.206680746543861205e-01
1.221677348996791812e+00 2.191546754857699730e-01
1.419625896474748350e+00 2.238694959726126588e-01
1.649648074098020167e+00 2.341431480211031146e-01
1.916940776533455626e+00 2.497428009899158585e-01
2.227542951999557541e+00 2.706102472187194574e-01
2.588472040318300582e+00 2.971092845845850761e-01
3.007882518043099473e+00 3.299966126718208992e-01
3.495250132675474131e+00 3.598571424218243719e-01
4.061585988376979373e+00 3.680062148682190504e-01
4.719685320018228047e+00 3.852356823263107244e-01
5.484416576121017961e+00 4.114291294754366390e-01
6.373057341948979548e+00 4.468775946172535707e-01
7.405684692262434865e+00 4.922795696757384376e-01
8.605628792983365472e+00 5.487410001971875229e-01
1.000000000000000000e+01 6.178625968407140956e-01
1.162030136386260892e+01 7.015652123972541121e-01
1.350314037869872941e+01 8.020316341292345053e-01
1.569105605590211816e+01 9.224050756945507690e-01
1.823348000868441332e+01 1.066061581392423241e+00
2.118785326128771018e+01 1.237133895106380832e+00
2.462092401494625449e+01 1.440627875624923115e+00
2.861025569104377908e+01 1.682073250679532173e+00
3.324597932270941669e+01 1.968920600792625875e+00
3.863282988666283302e+01 2.309086167769273334e+00
4.489251258218602914e+01 2.712465253865811832e+00
5.216645251859961974e+01 3.190233729865867840e+00
6.061898993497572263e+01 3.755546527004334667e+00
7.044109314173721259e+01 4.424236128891352315e+00
8.185467307069029630e+01 5.213764833626336248e+00
9.511759691218703949e+01 6.145087398928589018e+00
1.105295141126021008e+02 7.241254058289340989e+00
1.284386263589742896e+02 8.528341843537054601e+00
1.492495545051829140e+02 1.003755006060935351e+01
1.734324801772463900e+02 1.180333764442242739e+01
2.015337685941733241e+02 1.386901109426282375e+01
2.341883126059243523e+02 1.627741124813444884e+01
2.721338768375305790e+02 1.908534878252073952e+01
3.162277660168379612e+02 2.235987892212345685e+01
3.674661940736688166e+02 2.363392819145694190e+01
4.270067916167655540e+02 2.368980754537507849e+01
4.961947603002902838e+02 2.424487579429521844e+01
5.765932649858943932e+02 2.525815474534407201e+01
6.700187503509590670e+02 2.671846852773800407e+01
7.785819798516770334e+02 2.863699301226064620e+01
9.047357242349293074e+02 3.103980523074045905e+01
1.051330177026238516e+03 3.397905924683436751e+01
1.221677348996791807e+03 3.750504647906869593e+01
1.419625896474747606e+03 4.169227273266761813e+01
1.649648074098020743e+03 4.663945819955318939e+01
1.916940776533455619e+03 5.245091100703924525e+01
2.227542951999556408e+03 5.926074160452932205e+01
2.588472040318301424e+03 6.721051102194935822e+01
3.007882518043099026e+03 7.649020906262099118e+01
3.495250132675475925e+03 8.729355082012712330e+01
4.061585988376979458e+03 9.988503190301358359e+01
4.719685320018227685e+03 1.145477743711322489e+02
5.484416576121015169e+03 1.315947026064247041e+02
6.373057341948973772e+03 1.514206973765790281e+02
7.405684692262441786e+03 1.744578923518955662e+02
8.605628792983370658e+03 2.012501799105107807e+02
1.000000000000000000e+04 2.324234088163077843e+02
