3.162277660168379134e-02 5.634825037494301796e+02
3.437414337286241045e-02 4.646580037000774723e+02
3.736489516721269721e-02 3.916423145803808552e+02
4.061585988376979761e-02 3.369252512237429755e+02
4.414967757076887489e-02 2.953957153917848473e+02
4.799095809323872946e-02 2.635370330779254004e+02
5.216645251859962362e-02 2.389203150318562905e+02
5.670523941381171856e-02 2.198766312165558361e+02
6.163892735146683094e-02 2.051840864263475055e+02
6.700187503509590081e-02 1.939188086764514196e+02
7.283143057666745246e-02 1.854549492029845510e+02
7.916819159263009664e-02 1.792858685304224196e+02
8.605628792983370523e-02 1.750539387936890137e+02
9.354368899026167805e-02 1.725207414160668975e+02
1.016825377948150644e-01 1.715074624650180226e+02
1.105295141126021452e-01 1.718054856859147606e+02
1.201462291846031316e-01 1.733850087566673892e+02
1.305996547906053407e-01 1.761268223889171907e+02
1.419625896474748517e-01 1.799713219384848912e+02
1.543141663868093649e-01 1.839946354205906403e+02
1.677404026426158323e-01 1.892100417862832558e+02
1.823348000868441343e-01 1.955579363913834072e+02
1.981989955845199214e-01 2.030979238800704536e+02
2.154434690031883926e-01 2.118300042523443381e+02
2.341883126059244868e-01 2.218733867965638638e+02
2.545640673860414815e-01 2.331982691906392802e+02
2.767126321678177181e-01 2.343605597521364814e+02
3.007882518043099584e-01 2.236317237998544840e+02
3.269585913541653843e-01 2.158235154123604218e+02
3.554059037181062641e-01 2.046476446287333886e+02
3.863282988666283391e-01 1.886139953444898367e+02
4.199411234979421037e-01 1.763056363214552107e+02
4.564784607342344258e-01 1.669179048632085198e+02
4.961947603002903051e-01 1.599143591721355904e+02
5.393666105372006969e-01 1.470323054488748085e+02
5.862946645916405908e-01 1.299257725694030512e+02
6.373057341948979992e-01 1.168127508499473350e+02
6.927550656129388695e-01 1.067097636615484930e+02
7.530288136174587699e-01 9.893135759614406766e+01
8.185467307069028697e-01 9.297089317820964993e+01
8.897650903054697968e-01 8.848564370371400400e+01
9.671798642975448779e-01 8.517758595176039194e+01
1.051330177026238655e+00 8.286790598981082212e+01
1.142802059810032578e+00 8.142249336846170138e+01
1.242232532124357691e+00 8.073703996039925812e+01
1.350314037869873474e+00 8.070723763830957864e+01
1.467799267622069692e+00 8.130328408010301189e+01
1.595506400444828943e+00 8.248047580264507417e+01
1.734324801772465507e+00 8.420901048384605758e+01
1.885221217040871311e+00 8.648888812370597634e+01
2.049246504200854080e+00 8.932010872222481623e+01
2.227542951999557541e+00 9.270267227940260568e+01
2.421352234995232777e+00 9.607033467553554829e+01
2.632024060704877488e+00 9.605543351449071565e+01
2.861025569104377997e+00 9.654717182897029204e+01
3.109951549940198401e+00 9.772436355151235432e+01
3.380535549007040341e+00 9.957210752107202723e+01
3.674661940736691612e+00 1.020457002545148129e+02
3.994379051172821438e+00 1.051749440739303765e+02
4.341913422721453308e+00 1.089300366572290670e+02
4.719685320018228047e+00 1.133407803265005356e+02
5.130325584897002855e+00 1.184071750817447821e+02
5.576693957839359506e+00 1.241739244060963472e+02
6.061898993497572441e+00 1.306559294606000208e+02
6.589319708984723967e+00 1.378978937283903292e+02
7.162629115692790371e+00 1.459445206926017988e+02
7.785819798516770085e+00 1.548479644168913012e+02
8.463231720621141818e+00 1.646827307064831132e+02
9.199582447383766848e+00 1.754711713029444127e+02
1.000000000000000000e+01 1.873324954946339176e+02
