1.000000000000000021e-02 1.053626983739164189e+03
1.105295141126021521e-02 7.981666279190810656e+02
1.221677348996791888e-02 6.278272924897343046e+02
1.350314037869872891e-02 5.109129785642506931e+02
1.492495545051829124e-02 4.287322512047048235e+02
1.649648074098020514e-02 3.698859995225172383e+02
1.823348000868441413e-02 3.272101004495490884e+02
2.015337685941732959e-02 2.960804053174197179e+02
2.227542951999557375e-02 2.734422191256131782e+02
2.462092401494625493e-02 2.572379633457192085e+02
2.721338768375307360e-02 2.460604322486664728e+02
3.007882518043098960e-02 2.389375053004119707e+02
3.324597932270941664e-02 2.351954873124166454e+02
3.674661940736687754e-02 2.343706387165199203e+02
4.061585988376979761e-02 2.361509259699132315e+02
4.489251258218605184e-02 2.240626845984483282e+02
4.961947603002903051e-02 1.962769084174308318e+02
5.484416576121017850e-02 1.760257712519304789e+02
6.061898993497571997e-02 1.612621885104568094e+02
6.700187503509590081e-02 1.506140363869473049e+02
7.405684692262434754e-02 1.431464645326530274e+02
8.185467307069028975e-02 1.382151116765120094e+02
9.047357242349297890e-02 1.353734058106312261e+02
1.000000000000000056e-01 1.343128361524831291e+02
1.105295141126021452e-01 1.348237911308743264e+02
1.221677348996791784e-01 1.367695060373894762e+02
1.350314037869872752e-01 1.332959148453838623e+02
1.492495545051829020e-01 1.228292225108885560e+02
1.649648074098020722e-01 1.153171625845770620e+02
1.823348000868441343e-01 1.101124041464148178e+02
2.015337685941733237e-01 1.067671265755546841e+02
2.227542951999557652e-01 9.899762608771152372e+01
2.462092401494625493e-01 9.127251358083996990e+01
2.721338768375307082e-01 8.573291378263284912e+01
3.007882518043099029e-01 8.190254964519500902e+01
3.324597932270940137e-01 7.945181659006610175e+01
3.674661940736688170e-01 7.815206270383266940e+01
4.061585988376979484e-01 7.586065046313316884e+01
4.489251258218605600e-01 7.442473573918535124e+01
4.961947603002903051e-01 6.986161887305588891e+01
5.484416576121018405e-01 6.644356344624146971e+01
6.061898993497571997e-01 6.419725108486267118e+01
6.700187503509587028e-01 6.292012273251243926e+01
7.405684692262434199e-01 6.247228981186542285e+01
8.185467307069028697e-01 6.275895747737978780e+01
9.047357242349297612e-01 6.371868335447879161e+01
1.000000000000000000e+00 6.372726270375934376e+01
1.105295141126021008e+00 6.373614142097012092e+01
1.221677348996791812e+00 6.445023089990638709e+01
1.350314037869873474e+00 6.582278558132084356e+01
1.492495545051829131e+00 6.782879485231707406e+01
1.649648074098020611e+00 7.046044062538975083e+01
1.823348000868440399e+00 7.372393376063624260e+01
2.015337685941732904e+00 7.763733429422774179e+01
2.227542951999556209e+00 8.222909980072492431e+01
2.462092401494625715e+00 8.753719126083935009e+01
2.721338768375308526e+00 9.360861668246528211e+01
3.007882518043099029e+00 1.004993235786304808e+02
3.324597932270941580e+00 1.082743718112650129e+02
3.674661940736688059e+00 1.170083339754368268e+02
4.061585988376979373e+00 1.267858841230720799e+02
4.489251258218603269e+00 1.377025479656251434e+02
4.961947603002903051e+00 1.498655986066898436e+02
5.484416576121015297e+00 1.633950910257549936e+02
6.061898993497572441e+00 1.784250358463554278e+02
6.700187503509590137e+00 1.951047185200566787e+02
7.405684692262434865e+00 2.136001742685600675e+02
8.185467307069028919e+00 2.340958323423602394e+02
9.047357242349292505e+00 2.567963457464411476e+02
1.000000000000000000e+01 2.819286248566876338e+02
