1.000000000000000021e-02 2.129717166291149624e+03
1.105295141126021521e-02 1.510485502553431161e+03
1.221677348996791888e-02 1.084287278828961462e+03
1.350314037869872891e-02 8.126742829834022359e+02
1.492495545051829124e-02 6.334151447498975358e+02
1.649648074098020514e-02 5.115340675215250030e+02
1.823348000868441413e-02 4.266095120655809865e+02
2.015337685941732959e-02 3.663004665168931524e+02
2.227542951999557375e-02 3.229152310059854472e+02
2.462092401494625493e-02 2.915265025366546183e+02
2.721338768375307360e-02 2.684804035342691009e+02
3.007882518043098960e-02 2.460375852559169232e+02
3.324597932270941664e-02 2.300147389196326628e+02
3.674661940736687754e-02 2.107879792409695199e+02
4.061585988376979761e-02 1.827462741496676983e+02
4.489251258218605184e-02 1.624660758861939485e+02
4.961947603002903051e-02 1.477455746937181402e+02
5.484416576121017850e-02 1.371288011246841734e+02
6.061898993497571997e-02 1.296349370595187622e+02
6.700187503509590081e-02 1.245938461635083740e+02
7.405684692262434754e-02 1.215437251686799556e+02
8.185467307069028975e-02 1.201660260218487224e+02
9.047357242349297890e-02 1.202432809026514775e+02
1.000000000000000056e-01 1.216313222202177542e+02
1.105295141126021452e-01 1.242407472549162719e+02
1.221677348996791784e-01 1.280244454657814686e+02
1.350314037869872752e-01 1.329691855073015176e+02
1.492495545051829020e-01 1.357703867418414632e+02
1.649648074098020722e-01 1.205827139784427544e+02
1.823348000868441343e-01 1.074876632617534966e+02
2.015337685941733237e-01 9.119039809411256670e+01
2.227542951999557652e-01 7.942447107104960935e+01
2.462092401494625493e-01 7.084736343868156894e+01
2.721338768375307082e-01 6.458006060115927482e+01
3.007882518043099029e-01 6.003490546583821441e+01
3.324597932270940137e-01 5.681224925413687288e+01
3.674661940736688170e-01 5.463683835924990717e+01
4.061585988376979484e-01 5.331776141464675334e+01
4.489251258218605600e-01 4.968257908566209835e+01
4.961947603002903051e-01 4.659996364898343302e+01
5.484416576121018405e-01 4.445682735194132107e+01
6.061898993497571997e-01 4.306967950848373050e+01
6.700187503509587028e-01 4.231114095143525589e+01
7.405684692262434199e-01 4.209332983208551582e+01
8.185467307069028697e-01 4.235690024703831114e+01
9.047357242349297612e-01 4.306371075591586361e+01
1.000000000000000000e+00 4.419187002250942697e+01
1.105295141126021008e+00 4.573236830347515536e+01
1.221677348996791812e+00 4.712503350995091722e+01
1.350314037869873474e+00 4.815888150125108069e+01
1.492495545051829131e+00 4.964904693951085335e+01
1.649648074098020611e+00 5.158697303502514586e+01
1.823348000868440399e+00 5.355128731710915702e+01
2.015337685941732904e+00 5.599170098016368513e+01
2.227542951999556209e+00 5.892299730988293760e+01
2.462092401494625715e+00 6.236843666715069645e+01
2.721338768375308526e+00 6.635912785865849628e+01
3.007882518043099029e+00 7.093367613350703493e+01
3.324597932270941580e+00 7.613804070153190651e+01
3.674661940736688059e+00 8.202556040333169562e+01
4.061585988376979373e+00 8.865712564224230618e+01
4.489251258218603269e+00 9.610148825898014024e+01
4.961947603002903051e+00 1.044357090050573618e+02
5.484416576121015297e+00 1.137457455790172389e+02
6.061898993497572441e+00 1.241271843796090337e+02
6.700187503509590137e+00 1.356861179642878596e+02
7.405684692262434865e+00 1.485401691657844196e+02
8.185467307069028919e+00 1.628196628121299625e+02
9.047357242349292505e+00 1.786689472912822794e+02
1.000000000000000000e+01 1.962478706203427521e+02
