3.162277660168379134e-02 8.812646641916036288e+02
3.530417660538831548e-02 6.923179421430826324e+02
3.941415080287675315e-02 5.640189455470442681e+02
4.400259212602089520e-02 4.748503978547453244e+02
4.912520184673455081e-02 4.118482889571785677e+02
5.484416576121017850e-02 3.669063872459529989e+02
6.122890909288016686e-02 3.348986933216452258e+02
6.835693927822929228e-02 3.124277424660324982e+02
7.631478686643580756e-02 2.973030640055238791e+02
8.519905595487022032e-02 2.879451348693668820e+02
9.511759691218703294e-02 2.833853795896470729e+02
1.061908156252536900e-01 2.829979494024813107e+02
1.185531351634873803e-01 2.863656117986142817e+02
1.323546276044391679e-01 2.878259255810082209e+02
1.477628358301314171e-01 2.801667288039624850e+02
1.649648074098020167e-01 2.748917177940904821e+02
1.841693652593244523e-01 2.741764620639383452e+02
2.056096426419194712e-01 1.932035529462992827e+02
2.295459132837373295e-01 1.138176174799352793e+02
2.562687509604298919e-01 7.145734191972762517e+01
2.861025569104377331e-01 4.757823134537786558e+01
3.194094978959385878e-01 3.343516686869785559e+01
3.565939027174543918e-01 2.468446004511788061e+01
3.981071705534971472e-01 1.905927175069227530e+01
4.444532507099246965e-01 1.532373694126494179e+01
4.961947603002900276e-01 1.277750104772858286e+01
5.539598141226161898e-01 1.100612552852369674e+01
6.184496496437186241e-01 9.761878581279887612e+00
6.904471396543906403e-01 8.887832353743725378e+00
7.708262959346177112e-01 8.282472686297259301e+00
8.605628792983366360e-01 7.880141338086685820e+00
9.607462448181176562e-01 7.637066148542798416e+00
1.072592566024592520e+00 7.525307440706527906e+00
1.197459598615466358e+00 7.083860544753259880e+00
1.336863162897809154e+00 6.675009938585571234e+00
1.492495545051829131e+00 6.413308297735637709e+00
1.666246040597821887e+00 6.269884622679090747e+00
1.860223889453220592e+00 6.226112462109885115e+00
2.076783880999303999e+00 6.268953300113788707e+00
2.318554939989653896e+00 6.391887878733686357e+00
2.588472040318300138e+00 6.589328262577764050e+00
2.889811834063971574e+00 6.861274451646022676e+00
3.226232428328361657e+00 7.207726445938460458e+00
3.601817792738369217e+00 7.631478213150984402e+00
4.021127336696125987e+00 8.136255043544805332e+00
4.489251258218603269e+00 8.729507517642341341e+00
5.011872336272719330e+00 9.419151877248658877e+00
5.595334916732480401e+00 1.021077605775557373e+01
6.246721929411505947e+00 1.111974688149057222e+01
6.973940871117343399e+00 1.215724021923728237e+01
7.785819798516762091e+00 1.333629458690993452e+01
8.692214496115088451e+00 1.467739908094517887e+01
9.704128120312613959e+00 1.289298504582606242e+01
1.083384477195432360e+01 1.119797797697596131e+01
1.209507861887348312e+01 9.996571867736056660e+00
1.350314037869872230e+01 9.147671349463053048e+00
1.507512318293853681e+01 8.557212843061424934e+00
1.683011007863576580e+01 8.003075916706583470e+00
1.878940568655332299e+01 7.515062892488202806e+00
2.097679482810011820e+01 7.195619252589530390e+00
2.341883126059243736e+01 7.011217384659683916e+00
2.614516002594537980e+01 6.940436869696712918e+00
2.918887732593875128e+01 6.968376546655780324e+00
3.258693229275402814e+01 7.085723189883864848e+00
3.638057553206641614e+01 7.286888863989151588e+00
4.061585988376975820e+01 7.570010923841036465e+00
4.534419947930706485e+01 7.936020692004821520e+00
5.062299388226948338e+01 8.386780813611112606e+00
5.651632488900333584e+01 8.927879224051721962e+00
6.309573444801932851e+01 9.564438197435810807e+00
