1.000000000000000021e-02 4.434636940880862426e+02
1.142802059810032675e-02 3.313772744377679373e+02
1.305996547906053407e-02 2.619603323470878991e+02
1.492495545051829124e-02 2.175793862858701857e+02
1.705626983142527822e-02 1.887347072715951697e+02
1.949194029602852388e-02 1.700680737533425599e+02
2.227542951999557375e-02 1.584423015581273262e+02
2.545640673860415093e-02 1.519697304779400042e+02
2.909163405623881732e-02 1.494986555509770199e+02
3.324597932270941664e-02 1.479982907295749897e+02
3.799357365039405382e-02 1.469788203487262024e+02
4.341913422721453003e-02 1.395329904473273359e+02
4.961947603002903051e-02 1.301265666119445541e+02
5.670523941381171856e-02 1.248620203079030375e+02
6.480286440412508231e-02 1.228055955524262828e+02
7.405684692262434754e-02 1.233954476364910846e+02
8.463231720621142151e-02 1.263108955019703501e+02
9.671798642975443228e-02 1.313978602061175422e+02
1.105295141126021452e-01 1.386274037161098249e+02
1.263133563976838181e-01 1.480751548258762114e+02
1.443511638727918156e-01 1.599145735182524106e+02
1.649648074098020722e-01 1.394687528723602554e+02
1.885221217040871367e-01 1.183486669056634923e+02
2.154434690031883370e-01 1.046748100883088028e+02
2.462092401494625493e-01 9.605600976859361140e+01
2.813684267870688038e-01 6.609554785010899991e+01
3.215484176977705943e-01 4.608306017364082408e+01
3.674661940736689836e-01 3.421833204786468485e+01
4.199411234979421037e-01 2.695038226995187358e+01
4.799095809323873363e-01 2.234588434807814039e+01
5.484416576121018405e-01 1.937370365570255260e+01
6.267602560047386140e-01 1.745820346397625045e+01
7.162629115692786819e-01 1.626581256542548104e+01
8.185467307069028697e-01 1.559785001197348109e+01
9.354368899026167528e-01 1.533429906205422988e+01
1.069019204603001150e+00 1.540316314331978553e+01
1.221677348996791812e+00 1.481867876423524066e+01
1.396135390856794611e+00 1.311783749680539302e+01
1.595506400444828943e+00 1.201866006374372731e+01
1.823348000868440399e+00 1.134774276805097060e+01
2.083725851142959939e+00 1.099940705556123532e+01
2.381286194765587005e+00 1.090897629344534181e+01
2.721338768375308526e+00 1.103775215534926524e+01
3.109951549940198401e+00 1.136432631698505347e+01
3.554059037181064529e+00 1.187945622856692296e+01
4.061585988376979373e+00 1.258302300356001524e+01
4.641588833612777520e+00 1.348225462354970716e+01
5.304417279843931965e+00 1.459075239072744701e+01
6.061898993497572441e+00 1.592805352311263256e+01
6.927550656129392692e+00 1.751957315137799043e+01
7.916819159263009276e+00 1.939683353587112791e+01
9.047357242349303164e+00 1.567681254088967613e+01
1.033933849239399372e+01 1.310865711777016607e+01
1.181581732618100844e+01 1.141626896965468596e+01
1.350314037869873474e+01 1.030457256904320040e+01
1.543141663868093083e+01 9.598314225654014820e+00
1.763505472047138767e+01 9.190853605411273719e+00
2.015337685941733170e+01 9.016589735532825500e+00
2.303132058706995977e+01 9.035569656356351231e+00
2.632024060704877400e+01 9.224636724101380025e+00
3.007882518043098941e+01 9.572224646799758929e+00
3.437414337286242727e+01 1.007525755105475618e+01
3.928284185071254342e+01 1.073730665868709266e+01
4.489251258218607887e+01 1.156751550976993315e+01
5.130325584897003210e+01 1.257999999676274783e+01
5.862946645916402133e+01 1.379354098824414976e+01
6.700187503509590670e+01 1.523146168775198639e+01
7.656988080124196472e+01 1.692164004102856723e+01
8.750421749906803370e+01 1.889665145172660488e+01
1.000000000000000000e+02 2.119406320071109562e+01
