3.162277660168379134e-02 1.415208283478473277e+03
3.530417660538831548e-02 1.026597319972554715e+03
3.941415080287675315e-02 7.802992619359962418e+02
4.400259212602089520e-02 6.184066028727783078e+02
4.912520184673455081e-02 5.087804651794508004e+02
5.484416576121017850e-02 4.328331038789244758e+02
6.122890909288016686e-02 3.794141867214207196e+02
6.835693927822929228e-02 3.416178653296171888e+02
7.631478686643580756e-02 3.150496040413050309e+02
8.519905595487022032e-02 2.968523106155207074e+02
9.511759691218703294e-02 2.851423498197029858e+02
1.061908156252536900e-01 2.540939429527922186e+02
1.185531351634873803e-01 2.256832978670201726e+02
1.323546276044391679e-01 2.057301921333587984e+02
1.477628358301314171e-01 1.885994887646126017e+02
1.649648074098020167e-01 1.585800230417788725e+02
1.841693652593244523e-01 1.364388081167315079e+02
2.056096426419194712e-01 1.181992836820272430e+02
2.295459132837373295e-01 1.055941644644647113e+02
2.562687509604298919e-01 7.972877497558931736e+01
2.861025569104377331e-01 5.192841882237703999e+01
3.194094978959385878e-01 3.589696611186077035e+01
3.565939027174543918e-01 2.618446839025306616e+01
3.981071705534971472e-01 2.004373209387148336e+01
4.444532507099246965e-01 1.601915492143504949e+01
4.961947603002900276e-01 1.330403866464851781e+01
5.539598141226161898e-01 1.143288731018857796e+01
6.184496496437186241e-01 1.012724404380828958e+01
6.904471396543906403e-01 9.215193026222888051e+00
7.708262959346177112e-01 8.587709731144350656e+00
8.605628792983366360e-01 8.174162238983807782e+00
9.607462448181176562e-01 7.928122675806357655e+00
1.072592566024592520e+00 7.818913503974803447e+00
1.197459598615466358e+00 7.826442387804720013e+00
1.336863162897809154e+00 7.937977634907198876e+00
1.492495545051829131e+00 8.146100374224419127e+00
1.666246040597821887e+00 8.447389308125282881e+00
1.860223889453220592e+00 8.841573514449320825e+00
2.076783880999303999e+00 9.330992260411388628e+00
2.318554939989653896e+00 9.440222857194820349e+00
2.588472040318300138e+00 9.609829108478384896e+00
2.889811834063971574e+00 9.892731141151967833e+00
3.226232428328361657e+00 1.028629606149512199e+01
3.601817792738369217e+00 1.079130381557652640e+01
4.021127336696125987e+00 1.141142290813375659e+01
4.489251258218603269e+00 1.215289360021433573e+01
5.011872336272719330e+00 1.302436033095528956e+01
5.595334916732480401e+00 1.403681590920841415e+01
6.246721929411505947e+00 1.520363326558537587e+01
6.973940871117343399e+00 1.654066920205243463e+01
7.785819798516762091e+00 1.806643041113060377e+01
8.692214496115088451e+00 1.980229614274369609e+01
9.704128120312613959e+00 2.093102514056944585e+01
1.083384477195432360e+01 1.801025678252745976e+01
1.209507861887348312e+01 1.594143288563827277e+01
1.350314037869872230e+01 1.447362161346813636e+01
1.507512318293853681e+01 1.344476386775493282e+01
1.683011007863576580e+01 1.274814365399077332e+01
1.878940568655332299e+01 1.231255176022241038e+01
2.097679482810011820e+01 1.208985591422893613e+01
2.341883126059243736e+01 1.161821579682494487e+01
2.614516002594537980e+01 1.135739735522643379e+01
2.918887732593875128e+01 1.127392830421026382e+01
3.258693229275402814e+01 1.134591176499442788e+01
3.638057553206641614e+01 1.155977753712292966e+01
4.061585988376975820e+01 1.190816520834459880e+01
4.534419947930706485e+01 1.238852931496661469e+01
5.062299388226948338e+01 1.300221237801433283e+01
5.651632488900333584e+01 1.375382554040563576e+01
6.309573444801932851e+01 1.465083590131033731e+01
