1.000000000000000021e-02 4.434636943320473961e+02
1.105295141126021521e-02 3.544372270107220970e+02
1.221677348996791888e-02 2.926971472172841118e+02
1.350314037869872891e-02 2.489867695668728516e+02
1.492495545051829124e-02 2.175793864865291312e+02
1.649648074098020514e-02 1.948306073747020832e+02
1.823348000868441413e-02 1.783628458616075534e+02
2.015337685941732959e-02 1.665915755466710664e+02
2.227542951999557375e-02 1.584423016766956778e+02
2.462092401494625493e-02 1.531771178049466755e+02
2.721338768375307360e-02 1.502859570905562805e+02
3.007882518043098960e-02 1.494170034855185634e+02
3.324597932270941664e-02 1.479982891265690910e+02
3.674661940736687754e-02 1.469318871021325208e+02
4.061585988376979761e-02 1.462366542337354360e+02
4.489251258218605184e-02 1.367223458245952088e+02
4.961947603002903051e-02 1.301264971317232551e+02
5.484416576121017850e-02 1.258484243177782531e+02
6.061898993497571997e-02 1.234742901823745456e+02
6.700187503509590081e-02 1.227197878173641783e+02
7.405684692262434754e-02 1.233928018128115838e+02
8.185467307069028975e-02 1.253687131618709572e+02
9.047357242349297890e-02 1.285738790353369438e+02
1.000000000000000056e-01 1.329745096448200457e+02
1.105295141126021452e-01 1.385691839308074123e+02
1.221677348996791784e-01 1.453838728741099260e+02
1.350314037869872752e-01 1.534687322840959496e+02
1.492495545051829020e-01 1.622367070455132421e+02
1.649648074098020722e-01 1.389509548942700121e+02
1.823348000868441343e-01 1.220704392064049131e+02
2.015337685941733237e-01 1.097412380104559588e+02
2.227542951999557652e-01 1.007406139574138706e+02
2.462092401494625493e-01 9.424604168324677289e+01
2.721338768375307082e-01 8.969539029528111485e+01
3.007882518043099029e-01 8.670020673615977103e+01
3.324597932270940137e-01 8.145324453841195123e+01
3.674661940736688170e-01 7.492264272850053430e+01
4.061585988376979484e-01 7.021920602472054895e+01
4.489251258218605600e-01 6.693836453839897160e+01
4.961947603002903051e-01 6.480020890398795075e+01
5.484416576121018405e-01 6.361031568247044277e+01
6.061898993497571997e-01 6.323434912893719684e+01
6.700187503509587028e-01 6.358131739713351749e+01
7.405684692262434199e-01 6.459238191187574785e+01
8.185467307069028697e-01 6.623330292178145839e+01
9.047357242349297612e-01 6.658722015507198932e+01
1.000000000000000000e+00 6.660231421626561144e+01
1.105295141126021008e+00 6.734009887230946845e+01
1.221677348996791812e+00 6.875318073261168195e+01
1.350314037869873474e+00 7.081671018734623146e+01
1.492495545051829131e+00 7.352394461725312169e+01
1.649648074098020611e+00 7.688322023698833618e+01
1.823348000868440399e+00 7.920261772165493142e+01
2.015337685941732904e+00 7.685396275759192974e+01
2.227542951999556209e+00 7.559295999385790310e+01
2.462092401494625715e+00 7.526869274122397258e+01
2.721338768375308526e+00 7.577819558320811666e+01
3.007882518043099029e+00 7.705401450250948869e+01
3.324597932270941580e+00 7.905571986430936704e+01
3.674661940736688059e+00 8.176406673948336845e+01
4.061585988376979373e+00 8.517696690426754458e+01
4.489251258218603269e+00 8.930672991075316247e+01
4.961947603002903051e+00 9.417821538914299140e+01
5.484416576121015297e+00 9.982765633034520647e+01
6.061898993497572441e+00 1.063019888760369582e+02
6.700187503509590137e+00 1.136585740142182601e+02
7.405684692262434865e+00 1.219652304714248459e+02
8.185467307069028919e+00 1.313005220729997689e+02
9.047357242349292505e+00 1.417542604985021057e+02
1.000000000000000000e+01 1.534281977647154633e+02
