3.162277660168379134e-02 6.275872985643148922e+02
3.530417660538831548e-02 5.061428360489010174e+02
3.941415080287675315e-02 4.221002877560257502e+02
4.400259212602089520e-02 3.629128760859370004e+02
4.912520184673455081e-02 3.207127880069613184e+02
5.484416576121017850e-02 2.905379368911683287e+02
6.122890909288016686e-02 2.691696719528734434e+02
6.835693927822929228e-02 2.545069294847547496e+02
7.631478686643580756e-02 2.450893957044183935e+02
8.519905595487022032e-02 2.399335939829051370e+02
9.511759691218703294e-02 2.384136755563318673e+02
1.061908156252536900e-01 2.344201643963158403e+02
1.185531351634873803e-01 2.333174784789979697e+02
1.323546276044391679e-01 2.296517928619682891e+02
1.477628358301314171e-01 2.292941649968922206e+02
1.649648074098020167e-01 2.322445948837697642e+02
1.841693652593244523e-01 2.368937571297585976e+02
2.056096426419194712e-01 1.854549492029845510e+02
2.295459132837373295e-01 1.274074763528257535e+02
2.562687509604298919e-01 9.197251538820563610e+01
2.861025569104377331e-01 6.949038866180926277e+01
3.194094978959385878e-01 5.474568980794400375e+01
3.565939027174543918e-01 4.480661539103835622e+01
3.981071705534971472e-01 3.794463072989135100e+01
4.444532507099246965e-01 3.213876585779711803e+01
4.961947603002900276e-01 2.580949770400300380e+01
5.539598141226161898e-01 2.148816100100055237e+01
6.184496496437186241e-01 1.778429115879349354e+01
6.904471396543906403e-01 1.451721159971319253e+01
7.708262959346177112e-01 1.226527363681234384e+01
8.605628792983366360e-01 1.068575056605972229e+01
9.607462448181176562e-01 9.571888777958228900e+00
1.072592566024592520e+00 8.788180839256384047e+00
1.197459598615466358e+00 8.248945073946376993e+00
1.336863162897809154e+00 7.898767789392731054e+00
1.492495545051829131e+00 7.698533437852747241e+00
1.666246040597821887e+00 7.624027632628566309e+00
1.860223889453220592e+00 7.657555244979447728e+00
2.076783880999303999e+00 7.788871726687066399e+00
2.318554939989653896e+00 8.012389142359607419e+00
2.588472040318300138e+00 8.327176169431767860e+00
2.889811834063971574e+00 8.731370162772945420e+00
3.226232428328361657e+00 9.229627735209650297e+00
3.601817792738369217e+00 9.825208515720442293e+00
4.021127336696125987e+00 1.052742572995834003e+01
4.489251258218603269e+00 1.134326429716311324e+01
5.011872336272719330e+00 1.228576273324899404e+01
5.595334916732480401e+00 1.336423426386900282e+01
6.246721929411505947e+00 1.459730534032918570e+01
6.973940871117343399e+00 1.599987712367437709e+01
7.785819798516762091e+00 1.759243871034122719e+01
8.692214496115088451e+00 1.481709746574051678e+01
9.704128120312613959e+00 1.264711588858626889e+01
1.083384477195432360e+01 1.111229630096815413e+01
1.209507861887348312e+01 1.002264889956451910e+01
1.350314037869872230e+01 9.256636089603416551e+00
1.507512318293853681e+01 8.732301485338247460e+00
1.683011007863576580e+01 8.214486139030196199e+00
1.878940568655332299e+01 7.842888435474596243e+00
2.097679482810011820e+01 7.623096310063264269e+00
2.341883126059243736e+01 7.529032730967736953e+00
2.614516002594537980e+01 7.543933892012573139e+00
2.918887732593875128e+01 7.448938990351742895e+00
3.258693229275402814e+01 7.437763119568115755e+00
3.638057553206641614e+01 7.526238763271829946e+00
4.061585988376975820e+01 7.705984018375164446e+00
4.534419947930706485e+01 7.973273594616911097e+00
5.062299388226948338e+01 8.329038814562371940e+00
5.651632488900333584e+01 8.774211000776849900e+00
6.309573444801932851e+01 9.312515443521551362e+00
