1.000000000000000021e-02 5.565683650246263596e+02
1.105295141126021521e-02 4.516045866248011293e+02
1.221677348996791888e-02 3.772179906889796257e+02
1.350314037869872891e-02 3.235738109275698662e+02
1.492495545051829124e-02 2.843390538965165888e+02
1.649648074098020514e-02 2.554904061137139593e+02
1.823348000868441413e-02 2.342711527858674856e+02
2.015337685941732959e-02 2.188037476213276591e+02
2.227542951999557375e-02 2.078066907702386459e+02
2.462092401494625493e-02 1.836370075555145718e+02
2.721338768375307360e-02 1.642356958751380205e+02
3.007882518043098960e-02 1.500795928825437784e+02
3.324597932270941664e-02 1.398052423421293327e+02
3.674661940736687754e-02 1.325632780743390242e+02
4.061585988376979761e-02 1.277204007347673098e+02
4.489251258218605184e-02 1.248295754920691394e+02
4.961947603002903051e-02 1.236076802863925650e+02
5.484416576121017850e-02 1.238610000241547766e+02
6.061898993497571997e-02 1.254256219338625726e+02
6.700187503509590081e-02 1.282419413713365657e+02
7.405684692262434754e-02 1.322652548534423147e+02
8.185467307069028975e-02 1.374955623801797628e+02
9.047357242349297890e-02 1.439477651125937712e+02
1.000000000000000056e-01 1.510928718335926249e+02
1.105295141126021452e-01 1.578579989479482322e+02
1.221677348996791784e-01 1.659940328784286692e+02
1.350314037869872752e-01 1.755903805913030737e+02
1.492495545051829020e-01 1.635800447891652425e+02
1.649648074098020722e-01 1.459594218536466315e+02
1.823348000868441343e-01 1.330699175498634759e+02
2.015337685941733237e-01 1.216556281895190352e+02
2.227542951999557652e-01 1.076932402905076742e+02
2.462092401494625493e-01 9.748594497479497534e+01
2.721338768375307082e-01 9.005026561342178582e+01
3.007882518043099029e-01 8.417920816175639231e+01
3.324597932270940137e-01 7.387133000899105184e+01
3.674661940736688170e-01 6.634624368134885231e+01
4.061585988376979484e-01 6.084771525580435991e+01
4.489251258218605600e-01 5.689145699840038617e+01
4.961947603002903051e-01 5.411984104406088392e+01
5.484416576121018405e-01 5.230934997711329970e+01
6.061898993497571997e-01 5.128116986501962060e+01
6.700187503509587028e-01 5.093099258046597555e+01
7.405684692262434199e-01 5.118431231822818717e+01
8.185467307069028697e-01 5.198897501464932702e+01
9.047357242349297612e-01 5.331517834763973696e+01
1.000000000000000000e+00 5.514802115615457723e+01
1.105295141126021008e+00 5.749495402071624994e+01
1.221677348996791812e+00 6.035597694132476931e+01
1.350314037869873474e+00 6.355972656596451031e+01
1.492495545051829131e+00 6.330640682820229870e+01
1.649648074098020611e+00 6.378324398163704956e+01
1.823348000868440399e+00 6.491573222104459262e+01
2.015337685941732904e+00 6.667406922433525551e+01
2.227542951999556209e+00 6.904335383046418428e+01
2.462092401494625715e+00 7.202358603943139315e+01
2.721338768375308526e+00 7.562594172202048526e+01
3.007882518043099029e+00 7.985787145875393378e+01
3.324597932270941580e+00 8.477525460354983977e+01
3.674661940736688059e+00 9.039299231745302166e+01
4.061585988376979373e+00 9.677068924464283839e+01
4.489251258218603269e+00 1.036550256473570926e+02
4.961947603002903051e+00 1.060392114145308540e+02
5.484416576121015297e+00 1.093323680054396476e+02
6.061898993497572441e+00 1.135046930979937230e+02
6.700187503509590137e+00 1.185710878532379837e+02
7.405684692262434865e+00 1.245762557543069136e+02
8.185467307069028919e+00 1.315350979622453735e+02
9.047357242349292505e+00 1.395072191212326231e+02
1.000000000000000000e+01 1.485671250364929392e+02
