3.162277660168379412e-01 1.313711897013997598e+00
3.674661940736689281e-01 8.337346278876461847e-01
4.270067916167659128e-01 5.677909451887667158e-01
4.961947603002903051e-01 4.124637277974434468e-01
5.765932649858945824e-01 3.180667109590865071e-01
6.700187503509588138e-01 2.592623114061867184e-01
7.785819798516769863e-01 2.224621246439570932e-01
9.047357242349296502e-01 2.000718222871108454e-01
1.051330177026238211e+00 1.877101708229551025e-01
1.221677348996791812e+00 1.827990396308022680e-01
1.419625896474748350e+00 1.838223340558676755e-01
1.649648074098020167e+00 1.899283062989680360e-01
1.916940776533455626e+00 2.007138792369029534e-01
2.227542951999557541e+00 2.161062399306951376e-01
2.588472040318300582e+00 2.362867878677102629e-01
3.007882518043099473e+00 2.613932406234969474e-01
3.495250132675474131e+00 2.922745159208158805e-01
4.061585988376979373e+00 3.297815750872757912e-01
4.719685320018228047e+00 3.749839711763515160e-01
5.484416576121017961e+00 4.291925540202718437e-01
6.373057341948979548e+00 4.940044911818137208e-01
7.405684692262434865e+00 5.713099572179612951e-01
8.605628792983365472e+00 6.622475531675773297e-01
1.000000000000000000e+01 7.410889924570776000e-01
1.162030136386260892e+01 8.369577894055733047e-01
1.350314037869872941e+01 9.525371275955581973e-01
1.569105605590211816e+01 1.091107492901452813e+00
1.823348000868441332e+01 1.256628802972552972e+00
2.118785326128771018e+01 1.435255521126102884e+00
2.462092401494625449e+01 1.594801174141994515e+00
2.861025569104377908e+01 1.789446292755182411e+00
3.324597932270941669e+01 2.024479198939596714e+00
3.863282988666283302e+01 2.306395908379895943e+00
4.489251258218602914e+01 2.643039771456345388e+00
5.216645251859961974e+01 3.043761213818148459e+00
6.061898993497572263e+01 3.519581634627485744e+00
7.044109314173721259e+01 4.083352844104410906e+00
8.185467307069029630e+01 4.749921187284942725e+00
9.511759691218703949e+01 5.536325403928081812e+00
1.105295141126021008e+02 6.462066451735919870e+00
1.284386263589742896e+02 7.549480435790705712e+00
1.492495545051829140e+02 8.824229104287718783e+00
1.734324801772463900e+02 1.031590793260185457e+01
2.015337685941733241e+02 1.205876680863558548e+01
2.341883126059243523e+02 1.409254229119781776e+01
2.721338768375305790e+02 1.646340885731835968e+01
3.162277660168379612e+02 1.922506540952745624e+01
3.674661940736688166e+02 2.054225960941154838e+01
4.270067916167655540e+02 2.040145802586919999e+01
4.961947603002902838e+02 2.071184765855411669e+01
5.765932649858943932e+02 2.142807467145908618e+01
6.700187503509590670e+02 2.253221431011751363e+01
7.785819798516770334e+02 2.402659633439805376e+01
9.047357242349293074e+02 2.592975321861484161e+01
1.051330177026238516e+03 2.827428964275508605e+01
1.221677348996791807e+03 3.110600161155723953e+01
1.419625896474747606e+03 3.448386511377709951e+01
1.649648074098020743e+03 3.848068066284886157e+01
1.916940776533455619e+03 4.318425889761573444e+01
2.227542951999556408e+03 4.869909392401109471e+01
2.588472040318301424e+03 5.514851165305145742e+01
3.007882518043099026e+03 6.267730921490352358e+01
3.495250132675475925e+03 7.145492391046767011e+01
4.061585988376979458e+03 8.167918928919866062e+01
4.719685320018227685e+03 9.358075382635720985e+01
5.484416576121015169e+03 1.074282556655369376e+02
6.373057341948973772e+03 1.235343659779968988e+02
7.405684692262441786e+03 1.422628344601826029e+02
8.605628792983370658e+03 1.640366940447177342e+02
1.000000000000000000e+04 1.893478087157741072e+02
