3.162277660168379134e-02 1.460031804646178877e+00
3.842513346254321227e-02 1.236341137369605159e+00
4.669074130371086984e-02 1.170167100563429319e+00
5.673435918225600005e-02 1.241343878873448991e+00
6.893845379073933188e-02 1.535603637044866243e+00
8.376776400682915680e-02 2.654010309824668568e+00
1.017869984146125700e-01 9.789522640641497020e+00
1.236823397292983878e-01 6.829637074299721888e+00
1.502875750260604659e-01 2.934523108692721038e+00
1.826158468270260848e-01 1.643602634450506805e+00
2.218982341458970720e-01 1.018048201610957992e+00
2.696306326783701746e-01 6.532730025788239248e-01
3.276307193627228664e-01 4.200728041036524418e-01
3.981071705534971472e-01 2.683718376456938892e-01
4.837437696757803662e-01 1.732713821565715073e-01
5.878016072274911963e-01 1.163163969355832383e-01
7.142432649639980369e-01 8.269576810130736810e-02
8.678837132695964574e-01 6.256778669594519060e-02
1.054573667973740303e+00 5.028179466647537954e-02
1.281422388944083446e+00 4.275447826422931752e-02
1.557068404753729984e+00 3.828433533293466168e-02
1.892008472772299665e+00 3.591304772448217913e-02
2.298997301668542992e+00 3.509494533657189774e-02
2.793533257985219453e+00 3.552816996475555850e-02
3.394448552769389948e+00 3.705511192367045431e-02
4.124626382901348087e+00 3.959608277942339855e-02
5.011872336272719330e+00 4.309584917712128149e-02
6.089973244419446985e+00 4.748547152287360684e-02
7.399983804321420777e+00 5.267518851104208838e-02
8.991789964660114265e+00 5.857797440266571121e-02
1.092600861117377953e+01 6.515782904604192072e-02
1.327629589221125350e+01 7.247808065939158328e-02
1.613215208683695323e+01 8.074585200977095478e-02
1.960232982646277122e+01 9.036598396637607333e-02
2.381897545702918961e+01 1.020559689437795931e-01
2.894266124716748934e+01 1.169856488752399754e-01
3.516850007169744430e+01 1.369843011049105552e-01
4.273357542109315688e+01 1.648124920338819854e-01
5.192596967591166646e+01 2.046719918706648156e-01
6.309573444801932851e+01 2.630715683611477562e-01
