1.000000000000000021e-02 5.314131959621760437e+00
1.266380173467403399e-02 3.487720610930950205e+00
1.603718743751330125e-02 2.504525749206522267e+00
2.030917620904735751e-02 1.994415691716639571e+00
2.571913809059344497e-02 1.789668086993950746e+00
3.257020655659782771e-02 1.828976446273111733e+00
4.124626382901352278e-02 2.124118581044861287e+00
5.223345074266843441e-02 2.781697266973562233e+00
6.614740641230149043e-02 4.224910810520687399e+00
8.376776400682915680e-02 6.055475151775584486e+00
1.060818355139448305e-01 1.816654309820402435e+00
1.343399332598900209e-01 3.088596614235587512e-01
1.701254279852589257e-01 1.504236202076030815e-01
2.154434690031883370e-01 9.396035180542149090e-02
2.728333376486767881e-01 6.613480926205235477e-02
3.455107294592218437e-01 5.011601155498516397e-02
4.375479375074184385e-01 4.013229831122116370e-02
5.541020330009491790e-01 3.374181476653969475e-02
7.017038286703826122e-01 2.985847635870824551e-02
8.886238162743402835e-01 2.815219640688057523e-02
1.125335582600764495e+00 2.886540445481650813e-02
1.425102670302997865e+00 3.292336361609374956e-02
1.804721766827170226e+00 4.236693239219595924e-02
2.285463864134990697e+00 6.011583252544404343e-02
2.894266124716751598e+00 8.605283929279418376e-02
3.665241237079626124e+00 1.144727386709109701e-01
4.641588833612777520e+00 1.403988304447720548e-01
5.878016072274911963e+00 1.666249580670711439e-01
7.443803013251688583e+00 1.940824369142580552e-01
9.426684551178853511e+00 2.277082278045334252e-01
1.193776641714435804e+01 2.697395667722142232e-01
1.511775070615661498e+01 3.278060116851970740e-01
1.914481976169957633e+01 4.000619005774058712e-01
2.424462017082328202e+01 4.898076806581225240e-01
3.070290629757849743e+01 6.035812151189343666e-01
3.888155180308085335e+01 7.486268432017867402e-01
4.923882631706736390e+01 9.342968396536353026e-01
6.235507341273912374e+01 1.173612781651707238e+00
7.896522868499724268e+01 1.473537294677961240e+00
1.000000000000000000e+02 1.822390460041211524e+00
