1.000000000000000021e-02 6.400108740871597490e+01
1.193776641714436315e-02 4.863107152895784679e+01
1.425102670302997795e-02 3.883142489645335615e+01
1.701254279852589327e-02 3.214239002067790096e+01
2.030917620904735751e-02 2.735252981712249465e+01
2.424462017082328405e-02 2.388330725747878347e+01
2.894266124716751709e-02 2.149316699865707747e+01
3.455107294592219686e-02 2.012694745260361984e+01
4.124626382901352278e-02 1.986803100395051302e+01
4.923882631706739260e-02 2.102826729858295352e+01
5.878016072274912240e-02 2.450142484992803560e+01
7.017038286703829175e-02 3.318476261577536945e+01
8.376776400682919843e-02 6.187194994738536025e+01
1.000000000000000056e-01 1.241334314091107274e+02
1.193776641714437009e-01 6.202757663465881421e+01
1.425102670302998420e-01 2.874324270739675669e+01
1.701254279852589257e-01 1.832628764232903862e+01
2.030917620904735821e-01 1.366266744651136733e+01
2.424462017082328336e-01 1.129170508495576897e+01
2.894266124716751709e-01 1.004188070583115788e+01
3.455107294592220102e-01 9.365417360744448416e+00
4.124626382901352417e-01 9.015140327070941595e+00
4.923882631706741342e-01 8.860165284381585238e+00
5.878016072274915294e-01 8.843185745099173545e+00
7.017038286703829453e-01 8.946539807572451153e+00
8.376776400682920398e-01 9.176207508326019280e+00
1.000000000000000000e+00 9.551838523211817034e+00
1.193776641714436870e+00 1.010055128167246075e+01
1.425102670302999197e+00 1.085573356247950549e+01
1.701254279852589146e+00 1.185896618919878520e+01
2.030917620904737042e+00 1.317166893594383836e+01
2.424462017082328114e+00 1.488366354567174632e+01
2.894266124716751598e+00 1.712618984104086550e+01
3.455107294592221656e+00 2.008515642184011085e+01
4.124626382901352528e+00 2.401763941081505749e+01
4.923882631706741897e+00 2.928046790229146978e+01
5.878016072274911963e+00 3.636812372983395392e+01
7.017038286703829897e+00 4.596615234894007074e+01
8.376776400682924617e+00 5.903453682651664991e+01
1.000000000000000000e+01 7.691637102991053609e+01
