3.162277660168379134e-02 1.927518316294619005e+00
3.842513346254321227e-02 1.756039737892375108e+00
4.669074130371086984e-02 1.805763778422723842e+00
5.673435918225600005e-02 2.071629788891859558e+00
6.893845379073933188e-02 2.702462421261376146e+00
8.376776400682915680e-02 4.718382225352320880e+00
1.017869984146125700e-01 9.266852129191509135e+00
1.236823397292983878e-01 4.131622389137743490e+00
1.502875750260604659e-01 1.994274075809790769e+00
1.826158468270260848e-01 1.285630965836920492e+00
2.218982341458970720e-01 9.291135812517510306e-01
2.696306326783701746e-01 6.996528102233217083e-01
3.276307193627228664e-01 5.303646985665305680e-01
3.981071705534971472e-01 4.035892539102226562e-01
4.837437696757803662e-01 3.155872607153069609e-01
5.878016072274911963e-01 2.600007538009889152e-01
7.142432649639980369e-01 2.257516389151117686e-01
8.678837132695964574e-01 1.972742937008898911e-01
1.054573667973740303e+00 1.731116829837674176e-01
1.281422388944083446e+00 1.540431512448673657e-01
1.557068404753729984e+00 1.391310918833890409e-01
1.892008472772299665e+00 1.285620991117606693e-01
2.298997301668542992e+00 1.217137759523872348e-01
2.793533257985219453e+00 1.187086552008647100e-01
3.394448552769389948e+00 1.195596350091754495e-01
4.124626382901348087e+00 1.243308961762136927e-01
5.011872336272719330e+00 1.332305955178406109e-01
6.089973244419446985e+00 1.465018377079174150e-01
7.399983804321420777e+00 1.642408626328357435e-01
8.991789964660114265e+00 1.868454361615988213e-01
1.092600861117377953e+01 2.148011862729415911e-01
1.327629589221125350e+01 2.489066730126714144e-01
1.613215208683695323e+01 2.907613624927309903e-01
1.960232982646277122e+01 3.423555820566115959e-01
2.381897545702918961e+01 4.113541677626059156e-01
2.894266124716748934e+01 5.503393306293523635e-01
3.516850007169744430e+01 7.586801799647009403e-01
4.273357542109315688e+01 8.992185090523681090e-01
5.192596967591166646e+01 1.178973907762162376e+00
6.309573444801932851e+01 1.523008551365947705e+00
