1.000000000000000021e-02 1.243033269832829113e+01
1.193776641714436315e-02 8.843010090549995539e+00
1.425102670302997795e-02 6.683929265876497716e+00
1.701254279852589327e-02 5.294391750273876873e+00
2.030917620904735751e-02 4.362591412895247878e+00
2.424462017082328405e-02 3.731805230587077915e+00
2.894266124716751709e-02 3.318626462816151701e+00
3.455107294592219686e-02 3.079605018477675760e+00
4.124626382901352278e-02 3.001080192378305700e+00
4.923882631706739260e-02 3.104963500909363905e+00
5.878016072274912240e-02 3.485634436229820832e+00
7.017038286703829175e-02 4.470590178513472956e+00
8.376776400682919843e-02 7.760640976924105594e+00
1.000000000000000056e-01 5.115453362222564238e+01
1.193776641714437009e-01 5.160438286560411569e+01
1.425102670302998420e-01 3.237603889759470377e+01
1.701254279852589257e-01 1.974533481872976637e+01
2.030917620904735821e-01 1.355843659437681303e+01
2.424462017082328336e-01 9.901715676534912802e+00
2.894266124716751709e-01 7.535818013412320049e+00
3.455107294592220102e-01 6.166742166681562054e+00
4.124626382901352417e-01 5.053321635311676552e+00
4.923882631706741342e-01 4.726595655523769146e+00
5.878016072274915294e-01 4.171528559472292841e+00
7.017038286703829453e-01 3.901811051023264643e+00
8.376776400682920398e-01 3.772529079940416086e+00
1.000000000000000000e+00 3.881718315795151142e+00
1.193776641714436870e+00 4.028538352743338713e+00
1.425102670302999197e+00 4.185300620914592429e+00
1.701254279852589146e+00 4.421799876385194672e+00
2.030917620904737042e+00 4.390556389781703928e+00
2.424462017082328114e+00 4.811833920285390143e+00
2.894266124716751598e+00 5.599324438534856618e+00
3.455107294592221656e+00 6.300001916634594856e+00
4.124626382901352528e+00 8.222016522845439823e+00
4.923882631706741897e+00 9.482574701889564750e+00
5.878016072274911963e+00 1.136952698195108447e+01
7.017038286703829897e+00 1.369321163932251828e+01
8.376776400682924617e+00 1.665444356921653224e+01
1.000000000000000000e+01 2.056766972459070431e+01
