3.162277660168379412e-01 3.590656248434723197e-01
3.665241237079627790e-01 2.489849499917629050e-01
4.248201698162611950e-01 1.869835446902654852e-01
4.923882631706739121e-01 1.523482696412094828e-01
5.707031326057167009e-01 1.345416505067617563e-01
6.614740641230149043e-01 1.277597847221177696e-01
7.666822074546214560e-01 1.280067402940404664e-01
8.886238162743402835e-01 1.317385049207556169e-01
1.029960365809989842e+00 1.357289930695281532e-01
1.193776641714436426e+00 1.355339966073316749e-01
1.383648068032459433e+00 1.327965792306539106e-01
1.603718743751330056e+00 1.293107538960315273e-01
1.858791891146563513e+00 1.260492809983920215e-01
2.154434690031883370e+00 1.236124434321545368e-01
2.497099786006540700e+00 1.224122034968409684e-01
2.894266124716750266e+00 1.227603964351199617e-01
3.354602185954043136e+00 1.248877684740478944e-01
3.888155180308087377e+00 1.290083213810098162e-01
4.506570337745473331e+00 1.353073066009336800e-01
5.223345074266840804e+00 1.439515213815097394e-01
6.054123584037268024e+00 1.550946754798057936e-01
7.017038286703826344e+00 1.688825162548078518e-01
8.133105582266926703e+00 1.854732768927122855e-01
9.426684551178849958e+00 2.050772670264446873e-01
1.092600861117377953e+01 2.280104330874299090e-01
1.266380173467402770e+01 2.547373672489974261e-01
1.467799267622068982e+01 2.859297563445055701e-01
1.701254279852588169e+01 3.224516811251820769e-01
1.971840556512641740e+01 3.653742508300720782e-01
2.285463864134989720e+01 4.159998471116239660e-01
2.648969287610526990e+01 4.758266691279178229e-01
3.070290629757848322e+01 5.467639484394670735e-01
3.558623573050965661e+01 6.311447711307087705e-01
4.124626382901347910e+01 7.319210638998637775e-01
4.780652533007380356e+01 8.527402100947201191e-01
5.541020330009492056e+01 9.978916223728826473e-01
6.422325422229356207e+01 1.171951757379585013e+00
7.443803013251681477e+01 1.379269902702641604e+00
8.627747685955866075e+01 1.622269535128804785e+00
1.000000000000000000e+02 1.899310806120582340e+00
