1.000000000000000021e-02 1.439818920002499114e+00
1.266380173467403399e-02 9.470418066812277269e-01
1.603718743751330125e-02 6.968212677818707013e-01
2.030917620904735751e-02 5.555971858023142085e-01
2.571913809059344497e-02 4.710048517061749540e-01
3.257020655659782771e-02 4.229385522073680903e-01
4.124626382901352278e-02 4.071763977108578958e-01
5.223345074266843441e-02 4.329565389206804227e-01
6.614740641230149043e-02 5.442265156853166586e-01
8.376776400682915680e-02 1.039895877718916672e+00
1.060818355139448305e-01 6.019815594027737582e+00
1.343399332598900209e-01 5.491429849079225711e+00
1.701254279852589257e-01 2.962754898331192877e+00
2.154434690031883370e-01 1.952477110309098984e+00
2.728333376486767881e-01 1.256541776108611730e+00
3.455107294592218437e-01 7.843511607352453563e-01
4.375479375074184385e-01 5.148598936367411172e-01
5.541020330009491790e-01 3.491269914467683977e-01
7.017038286703826122e-01 2.414267866301894883e-01
8.886238162743402835e-01 1.784595977608893769e-01
1.125335582600764495e+00 1.441010475972911153e-01
1.425102670302997865e+00 1.267727643794546999e-01
1.804721766827170226e+00 1.197703444534477801e-01
2.285463864134990697e+00 1.191934303351799701e-01
2.894266124716751598e+00 1.226127910395358733e-01
3.665241237079626124e+00 1.287254360382527607e-01
4.641588833612777520e+00 1.373450957142517137e-01
5.878016072274911963e+00 1.492133988171197023e-01
7.443803013251688583e+00 1.656445216887890426e-01
9.426684551178853511e+00 1.882617385691011391e-01
1.193776641714435804e+01 2.189018780992682545e-01
1.511775070615661498e+01 2.597994568560745843e-01
1.914481976169957633e+01 3.138857658599697453e-01
2.424462017082328202e+01 3.859012735162882235e-01
3.070290629757849743e+01 4.833037112783211686e-01
3.888155180308085335e+01 6.142911683360441355e-01
4.923882631706736390e+01 7.795689254939011104e-01
6.235507341273912374e+01 1.032684761617747693e+00
7.896522868499724268e+01 1.480781815551136305e+00
1.000000000000000000e+02 2.262786858998825146e+00
