1.000000000000000021e-02 1.735463932987667324e+00
1.266380173467403399e-02 1.235003145232157706e+00
1.603718743751330125e-02 9.859474684858938742e-01
2.030917620904735751e-02 8.498004119683966184e-01
2.571913809059344497e-02 7.793534951777508768e-01
3.257020655659782771e-02 7.670708688488945270e-01
4.124626382901352278e-02 8.320723496311118739e-01
5.223345074266843441e-02 1.035235388839904180e+00
6.614740641230149043e-02 1.577365353234232215e+00
8.376776400682915680e-02 3.703977108847561706e+00
1.060818355139448305e-01 4.171911398182897912e+00
1.343399332598900209e-01 6.413671904366060605e-01
1.701254279852589257e-01 2.767047318066330752e-01
2.154434690031883370e-01 1.533007696919374274e-01
2.728333376486767881e-01 9.682689041530699592e-02
3.455107294592218437e-01 6.695913066550017445e-02
4.375479375074184385e-01 4.975217792036211450e-02
5.541020330009491790e-01 3.929117875542519761e-02
7.017038286703826122e-01 3.277814364388786234e-02
8.886238162743402835e-01 2.880221309646233824e-02
1.125335582600764495e+00 2.658783748229254229e-02
1.425102670302997865e+00 2.566719176005188841e-02
1.804721766827170226e+00 2.573120991150575423e-02
2.285463864134990697e+00 2.656412305402036308e-02
2.894266124716751598e+00 2.803647770881243645e-02
3.665241237079626124e+00 3.014510891568553466e-02
4.641588833612777520e+00 3.304910591880679677e-02
5.878016072274911963e+00 3.708451578717408825e-02
7.443803013251688583e+00 4.278054601063413509e-02
9.426684551178853511e+00 5.090020388109036537e-02
1.193776641714435804e+01 6.254847540386811178e-02
1.511775070615661498e+01 7.936698451814874766e-02
1.914481976169957633e+01 1.039464761748976757e-01
2.424462017082328202e+01 1.405621402370051121e-01
3.070290629757849743e+01 1.963445190151387743e-01
3.888155180308085335e+01 2.825859006029725617e-01
4.923882631706736390e+01 4.150035302045495533e-01
6.235507341273912374e+01 6.116454991102866501e-01
7.896522868499724268e+01 8.891686431086391895e-01
1.000000000000000000e+02 1.258041942487958531e+00
