1.000000000000000021e-02 3.023607315650610161e+01
1.193776641714436315e-02 2.182042315461072945e+01
1.425102670302997795e-02 1.686012553760979671e+01
1.701254279852589327e-02 1.373731017696280254e+01
2.030917620904735751e-02 1.166736754064798376e+01
2.424462017082328405e-02 1.025389048682858473e+01
2.894266124716751709e-02 9.302138872787006463e+00
3.455107294592219686e-02 8.733235887341013637e+00
4.124626382901352278e-02 8.550639080968171157e+00
4.923882631706739260e-02 8.847802191472116107e+00
5.878016072274912240e-02 9.908493255490588680e+00
7.017038286703829175e-02 1.266076044351356877e+01
8.376776400682919843e-02 2.187976924391170286e+01
1.000000000000000056e-01 1.227710170013418320e+02
1.193776641714437009e-01 1.180645794198061793e+02
1.425102670302998420e-01 7.467995334392426798e+01
1.701254279852589257e-01 4.880379302589146562e+01
2.030917620904735821e-01 3.585283727656965169e+01
2.424462017082328336e-01 2.806216886714159386e+01
2.894266124716751709e-01 2.287100625846515101e+01
3.455107294592220102e-01 1.919294280571052269e+01
4.124626382901352417e-01 1.648218924064249080e+01
4.923882631706741342e-01 1.443542035862858164e+01
5.878016072274915294e-01 1.287156047905428657e+01
7.017038286703829453e-01 1.167817199323354593e+01
8.376776400682920398e-01 1.078369292542830316e+01
1.000000000000000000e+00 1.014256714018160999e+01
1.193776641714436870e+00 9.728345437638404647e+00
1.425102670302999197e+00 9.531949612635861158e+00
1.701254279852589146e+00 9.562770685528235504e+00
2.030917620904737042e+00 9.848123772793531572e+00
2.424462017082328114e+00 1.043607200214024289e+01
2.894266124716751598e+00 1.139997100336034030e+01
3.455107294592221656e+00 1.282718475333076036e+01
4.124626382901352528e+00 1.487382939139677873e+01
4.923882631706741897e+00 1.772861786431618469e+01
5.878016072274911963e+00 2.166208165374579764e+01
7.017038286703829897e+00 2.705576448648482213e+01
8.376776400682924617e+00 3.445000892355101030e+01
1.000000000000000000e+01 4.460886315220162857e+01
