1.000000000000000021e-02 2.849625834064551722e+00
1.266380173467403399e-02 1.968782702358872871e+00
1.603718743751330125e-02 1.475669846754052328e+00
2.030917620904735751e-02 1.193478181035317665e+00
2.571913809059344497e-02 1.051073091126255132e+00
3.257020655659782771e-02 1.022863046965814426e+00
4.124626382901352278e-02 1.121184664387368413e+00
5.223345074266843441e-02 1.424839578110646654e+00
6.614740641230149043e-02 2.229310628370519520e+00
8.376776400682915680e-02 5.404807584780296104e+00
1.060818355139448305e-01 4.634347141568467165e+00
1.343399332598900209e-01 7.546109780265276568e-01
1.701254279852589257e-01 3.468486137704366867e-01
2.154434690031883370e-01 2.039863015189369300e-01
2.728333376486767881e-01 1.338413590557956112e-01
3.455107294592218437e-01 9.311641394028360996e-02
4.375479375074184385e-01 6.771549485131678203e-02
5.541020330009491790e-01 5.170042711663747764e-02
7.017038286703826122e-01 4.187493359285928557e-02
8.886238162743402835e-01 3.625625995966651194e-02
1.125335582600764495e+00 3.359067390404810866e-02
1.425102670302997865e+00 3.316023968379661763e-02
1.804721766827170226e+00 3.466653093557098275e-02
2.285463864134990697e+00 3.820790643775569262e-02
2.894266124716751598e+00 4.433828909679882191e-02
3.665241237079626124e+00 5.425040273393291063e-02
4.641588833612777520e+00 7.012980546911094792e-02
5.878016072274911963e+00 9.556236757781988445e-02
7.443803013251688583e+00 1.325236360457902884e-01
9.426684551178853511e+00 1.802889765846441283e-01
1.193776641714435804e+01 2.385478049419223756e-01
1.511775070615661498e+01 3.066603582214652568e-01
1.914481976169957633e+01 3.886602011372974341e-01
2.424462017082328202e+01 4.776895746036658452e-01
3.070290629757849743e+01 6.794449233832012824e-01
3.888155180308085335e+01 8.548438350022156129e-01
4.923882631706736390e+01 1.005614125426834482e+00
6.235507341273912374e+01 1.546667525122973119e+00
7.896522868499724268e+01 2.131311148635795405e+00
1.000000000000000000e+02 2.425182878647278883e+00
