1.000000000000000021e-02 5.194378717410487845e+00
1.266380173467403399e-02 3.576950284705768812e+00
1.603718743751330125e-02 2.560060050012315180e+00
2.030917620904735751e-02 1.926267849602894877e+00
2.571913809059344497e-02 1.533648897107665166e+00
3.257020655659782771e-02 1.305994031670188349e+00
4.124626382901352278e-02 1.216432159168765015e+00
5.223345074266843441e-02 1.292753381399306400e+00
6.614740641230149043e-02 1.706087284185572317e+00
8.376776400682915680e-02 3.639242558532589378e+00
1.060818355139448305e-01 4.918359048761164587e+00
1.343399332598900209e-01 9.873566799468227462e-01
1.701254279852589257e-01 4.263256622867132029e-01
2.154434690031883370e-01 2.285823878244866991e-01
2.728333376486767881e-01 1.384463203775506690e-01
3.455107294592218437e-01 9.276990225882926488e-02
4.375479375074184385e-01 6.878538691836989794e-02
5.541020330009491790e-01 5.661663555080294341e-02
7.017038286703826122e-01 5.131300612909803216e-02
8.886238162743402835e-01 5.006978909446331560e-02
1.125335582600764495e+00 5.140618006064017614e-02
1.425102670302997865e+00 5.496116924220349753e-02
1.804721766827170226e+00 6.108743486955270363e-02
2.285463864134990697e+00 7.011852549951341773e-02
2.894266124716751598e+00 8.181748591442221386e-02
3.665241237079626124e+00 9.720098480340193248e-02
4.641588833612777520e+00 1.178096771280982002e-01
5.878016072274911963e+00 1.457243341603201292e-01
7.443803013251688583e+00 1.831247517877751252e-01
9.426684551178853511e+00 2.321042322533534430e-01
1.193776641714435804e+01 2.931743747800354960e-01
1.511775070615661498e+01 3.674169390461717866e-01
1.914481976169957633e+01 4.566488351103474286e-01
2.424462017082328202e+01 5.695766588234102423e-01
3.070290629757849743e+01 7.122318445707466195e-01
3.888155180308085335e+01 1.242234407917256922e+00
4.923882631706736390e+01 1.623373161882615934e+00
6.235507341273912374e+01 1.936116833966009310e+00
7.896522868499724268e+01 2.715485648746307046e+00
1.000000000000000000e+02 3.648472750083856742e+00
