1.000000000000000021e-02 1.193467766344726471e+02
1.193776641714436315e-02 8.573445678098259748e+01
1.425102670302997795e-02 6.529432663359827416e+01
1.701254279852589327e-02 5.287931907370277429e+01
2.030917620904735751e-02 4.554608157674435631e+01
2.424462017082328405e-02 4.167916551721366147e+01
2.894266124716751709e-02 4.044177197501256416e+01
3.455107294592219686e-02 4.151224862512874125e+01
4.124626382901352278e-02 4.502050852139740300e+01
4.923882631706739260e-02 5.178005508660457679e+01
5.878016072274912240e-02 6.420185832064484543e+01
7.017038286703829175e-02 9.008967463803818987e+01
8.376776400682919843e-02 1.263344380268285931e+02
1.000000000000000056e-01 1.199186701606397492e+02
1.193776641714437009e-01 1.629537789955265126e+01
1.425102670302998420e-01 7.518781138191921620e+00
1.701254279852589257e-01 4.736342068489761026e+00
2.030917620904735821e-01 3.439542262811127848e+00
2.424462017082328336e-01 2.733595791399007879e+00
2.894266124716751709e-01 2.324964996201618561e+00
3.455107294592220102e-01 2.092359420876585219e+00
4.124626382901352417e-01 1.979976095353902732e+00
4.923882631706741342e-01 1.962968020357267918e+00
5.878016072274915294e-01 2.034919648699338168e+00
7.017038286703829453e-01 2.203665291858535991e+00
8.376776400682920398e-01 2.492048699733817152e+00
1.000000000000000000e+00 2.941165447290533308e+00
1.193776641714436870e+00 3.616117401436071965e+00
1.425102670302999197e+00 4.610329308381477809e+00
1.701254279852589146e+00 6.042518783486883649e+00
2.030917620904737042e+00 8.039812097937947044e+00
2.424462017082328114e+00 1.072444835913793071e+01
2.894266124716751598e+00 1.405955437247609474e+01
3.455107294592221656e+00 1.813197136397779374e+01
4.124626382901352528e+00 2.325676624715432439e+01
4.923882631706741897e+00 2.987740648968232904e+01
5.878016072274911963e+00 3.860788649054864408e+01
7.017038286703829897e+00 5.030029397475177433e+01
8.376776400682924617e+00 6.614067982828323977e+01
1.000000000000000000e+01 8.778199175487340256e+01
