1.000000000000000021e-02 1.882445438210068822e+00
1.266380173467403399e-02 1.378883697225117055e+00
1.603718743751330125e-02 1.159473215561610315e+00
2.030917620904735751e-02 1.071858781453436382e+00
2.571913809059344497e-02 1.058055740068909234e+00
3.257020655659782771e-02 1.107816946784324630e+00
4.124626382901352278e-02 1.248705440394972221e+00
5.223345074266843441e-02 1.565591031633304597e+00
6.614740641230149043e-02 2.329074050436675591e+00
8.376776400682915680e-02 5.210898440510479901e+00
1.060818355139448305e-01 4.871151345831703061e+00
1.343399332598900209e-01 8.482978090015277362e-01
1.701254279852589257e-01 4.033911655661126527e-01
2.154434690031883370e-01 2.389008345206959927e-01
2.728333376486767881e-01 1.566570430914849543e-01
3.455107294592218437e-01 1.097538904454850028e-01
4.375479375074184385e-01 8.107405493551775311e-02
5.541020330009491790e-01 6.282972490338922800e-02
7.017038286703826122e-01 5.107476807190543255e-02
8.886238162743402835e-01 4.363268463147047804e-02
1.125335582600764495e+00 3.916203369840690063e-02
1.425102670302997865e+00 3.677455796317596198e-02
1.804721766827170226e+00 3.586026889075747542e-02
2.285463864134990697e+00 3.601058618243960230e-02
2.894266124716751598e+00 3.699333257322585944e-02
3.665241237079626124e+00 3.877877752236647685e-02
4.641588833612777520e+00 4.154878305577022757e-02
5.878016072274911963e+00 4.568297540541024077e-02
7.443803013251688583e+00 5.176496956696381019e-02
9.426684551178853511e+00 6.062417892879889969e-02
1.193776641714435804e+01 7.345661924137458776e-02
1.511775070615661498e+01 9.203651694842021613e-02
1.914481976169957633e+01 1.191547888242143333e-01
2.424462017082328202e+01 1.594290518577082816e-01
3.070290629757849743e+01 2.205400941926534408e-01
3.888155180308085335e+01 3.145334539844575894e-01
4.923882631706736390e+01 4.578936997661111619e-01
6.235507341273912374e+01 6.686283667398232877e-01
7.896522868499724268e+01 9.674520910286035225e-01
1.000000000000000000e+02 1.361584387445115674e+00
