1.000000000000000021e-02 1.619758800330539472e+01
1.193776641714436315e-02 1.239192377596035044e+01
1.425102670302997795e-02 1.018153702216035761e+01
1.701254279852589327e-02 8.811761532523256335e+00
2.030917620904735751e-02 7.931259470474383733e+00
2.424462017082328405e-02 7.388904752907593299e+00
2.894266124716751709e-02 7.143504657989559803e+00
3.455107294592219686e-02 7.230376527193739911e+00
4.124626382901352278e-02 7.765998882362704414e+00
4.923882631706739260e-02 9.006962613623338498e+00
5.878016072274912240e-02 1.155224747246321293e+01
7.017038286703829175e-02 1.717297997697282597e+01
8.376776400682919843e-02 3.466665161486270819e+01
1.000000000000000056e-01 5.115080986621949677e+01
1.193776641714437009e-01 1.181750865292283059e+01
1.425102670302998420e-01 4.882005035558141692e+00
1.701254279852589257e-01 2.765128148000677299e+00
2.030917620904735821e-01 1.814717997461784860e+00
2.424462017082328336e-01 1.310297531846331243e+00
2.894266124716751709e-01 1.017749614449735995e+00
3.455107294592220102e-01 8.400541545249815556e-01
4.124626382901352417e-01 7.308165942792119729e-01
4.923882631706741342e-01 6.655895078550996269e-01
5.878016072274915294e-01 6.305574018611425080e-01
7.017038286703829453e-01 6.173815671966444985e-01
8.376776400682920398e-01 6.207405878508098773e-01
1.000000000000000000e+00 6.371485916505961189e-01
1.193776641714436870e+00 6.644781783469818626e-01
1.425102670302999197e+00 7.018817308849459868e-01
1.701254279852589146e+00 7.498402294752674058e-01
2.030917620904737042e+00 8.101763965907302634e-01
2.424462017082328114e+00 8.860070442544817348e-01
2.894266124716751598e+00 9.817809354014220835e-01
3.455107294592221656e+00 1.103553859891770239e+00
4.124626382901352528e+00 1.259555699706500276e+00
4.923882631706741897e+00 1.461082838312915522e+00
5.878016072274911963e+00 1.723744464053304393e+00
7.017038286703829897e+00 2.069131287972838518e+00
8.376776400682924617e+00 2.527161623387040645e+00
1.000000000000000000e+01 3.139361626016013318e+00
