3.162277660168379412e-01 3.472952221478472490e-01
3.665241237079627790e-01 2.320665325917420641e-01
4.248201698162611950e-01 1.638313617282621815e-01
4.923882631706739121e-01 1.216859824492117492e-01
5.707031326057167009e-01 9.478777599275729771e-02
6.614740641230149043e-01 7.722803493517554907e-02
7.666822074546214560e-01 6.563579722089950275e-02
8.886238162743402835e-01 5.801155833133504747e-02
1.029960365809989842e+00 5.313483666544829148e-02
1.193776641714436426e+00 5.024312353267743753e-02
1.383648068032459433e+00 4.886674645455177379e-02
1.603718743751330056e+00 4.872930932520420921e-02
1.858791891146563513e+00 4.969943902392517932e-02
2.154434690031883370e+00 5.176462220486869464e-02
2.497099786006540700e+00 5.502179498209506386e-02
2.894266124716750266e+00 5.968616175495897874e-02
3.354602185954043136e+00 6.610395692705012261e-02
3.888155180308087377e+00 7.478946435317128383e-02
4.506570337745473331e+00 8.645880780499785867e-02
5.223345074266840804e+00 1.020372519041362475e-01
6.054123584037268024e+00 1.216623572064405717e-01
7.017038286703826344e+00 1.452621251239284705e-01
8.133105582266926703e+00 1.731240971671680617e-01
9.426684551178849958e+00 2.052572546705307421e-01
1.092600861117377953e+01 2.414635064297657729e-01
1.266380173467402770e+01 2.814935023412062365e-01
1.467799267622068982e+01 3.252822808120864329e-01
1.701254279852588169e+01 3.731659541659025914e-01
1.971840556512641740e+01 4.259359808238806777e-01
2.285463864134989720e+01 4.849628790748216067e-01
2.648969287610526990e+01 5.520941332869182538e-01
3.070290629757848322e+01 6.296595369019822863e-01
3.558623573050965661e+01 7.204414891493002848e-01
4.124626382901347910e+01 8.276503018619907337e-01
4.780652533007380356e+01 9.548783349774772056e-01
5.541020330009492056e+01 1.105967747049505068e+00
6.422325422229356207e+01 1.284952140883921734e+00
7.443803013251681477e+01 1.495528646590883026e+00
8.627747685955866075e+01 1.740126300112729618e+00
1.000000000000000000e+02 2.017774392570368391e+00
