3.162277660168379134e-02 8.941323979230205721e-01
3.842513346254321227e-02 6.942119576101102307e-01
4.669074130371086984e-02 6.129580284859277306e-01
5.673435918225600005e-02 6.197194659904292635e-01
6.893845379073933188e-02 7.462126492476824913e-01
8.376776400682915680e-02 1.277616391305456123e+00
1.017869984146125700e-01 9.471358131774485045e+00
1.236823397292983878e-01 8.787266830002499418e+00
1.502875750260604659e-01 6.774831085351177506e+00
1.826158468270260848e-01 3.873787600054597657e+00
2.218982341458970720e-01 2.465108606741390762e+00
2.696306326783701746e-01 1.639673781692203569e+00
3.276307193627228664e-01 1.065775779188216532e+00
3.981071705534971472e-01 6.828321004108858228e-01
4.837437696757803662e-01 3.982957999820070927e-01
5.878016072274911963e-01 2.127201211963078153e-01
7.142432649639980369e-01 1.174391778176508139e-01
8.678837132695964574e-01 7.338372357070045704e-02
1.054573667973740303e+00 5.154096620123544553e-02
1.281422388944083446e+00 3.952859098915201957e-02
1.557068404753729984e+00 3.239239912375760366e-02
1.892008472772299665e+00 2.796763530821439608e-02
2.298997301668542992e+00 2.521681278973152834e-02
2.793533257985219453e+00 2.360863683812137667e-02
3.394448552769389948e+00 2.286778075167309604e-02
4.124626382901348087e+00 2.286389358910100728e-02
5.011872336272719330e+00 2.355880182353331173e-02
6.089973244419446985e+00 2.497755227591209534e-02
7.399983804321420777e+00 2.719632723424196888e-02
8.991789964660114265e+00 3.034240072131050292e-02
1.092600861117377953e+01 3.459950384200100038e-02
1.327629589221125350e+01 4.021964147282967861e-02
1.613215208683695323e+01 4.755305941070395170e-02
1.960232982646277122e+01 5.709787821732327517e-02
2.381897545702918961e+01 6.960091618823412152e-02
2.894266124716748934e+01 8.622998209070512066e-02
3.516850007169744430e+01 1.088248863491262514e-01
4.273357542109315688e+01 1.401978143662790666e-01
5.192596967591166646e+01 1.843304406667646556e-01
6.309573444801932851e+01 2.459556767828427748e-01
