3.162277660168379412e-01 3.470383446259234228e-01
3.665241237079627790e-01 2.315678285402159309e-01
4.248201698162611950e-01 1.629791732493433565e-01
4.923882631706739121e-01 1.203682689852460380e-01
5.707031326057167009e-01 9.291906729224704009e-02
6.614740641230149043e-01 7.473552551267487187e-02
7.666822074546214560e-01 6.245933043519499850e-02
8.886238162743402835e-01 5.408980676915284974e-02
1.029960365809989842e+00 4.838953460015205793e-02
1.193776641714436426e+00 4.456629086901434805e-02
1.383648068032459433e+00 4.209673649018718516e-02
1.603718743751330056e+00 4.062285543070895399e-02
1.858791891146563513e+00 3.989263298076507064e-02
2.154434690031883370e+00 3.972531723931519571e-02
2.497099786006540700e+00 3.999678379419544655e-02
2.894266124716750266e+00 4.063834593656909244e-02
3.354602185954043136e+00 4.162633163806880865e-02
3.888155180308087377e+00 4.298588187780733039e-02
4.506570337745473331e+00 4.478293307205346435e-02
5.223345074266840804e+00 4.711778239359970533e-02
6.054123584037268024e+00 5.012494571154678391e-02
7.017038286703826344e+00 5.397256122194003802e-02
8.133105582266926703e+00 5.886985129820559992e-02
9.426684551178849958e+00 6.507607520342287288e-02
1.092600861117377953e+01 7.291466600315463231e-02
1.266380173467402770e+01 8.280209227628029800e-02
1.467799267622068982e+01 9.527696122339751605e-02
1.701254279852588169e+01 1.110634103813820939e-01
1.971840556512641740e+01 1.311505768289810137e-01
2.285463864134989720e+01 1.569036540455135964e-01
2.648969287610526990e+01 1.901958307002243886e-01
3.070290629757848322e+01 2.335802188093316634e-01
3.558623573050965661e+01 2.903767477357044879e-01
4.124626382901347910e+01 3.624403159682044184e-01
4.780652533007380356e+01 4.519109931854026208e-01
5.541020330009492056e+01 5.616486159974738435e-01
6.422325422229356207e+01 6.944752444731361329e-01
7.443803013251681477e+01 8.530127087884008530e-01
8.627747685955866075e+01 1.039494666920631527e+00
1.000000000000000000e+02 1.254591660427538669e+00
