1.000000000000000021e-02 4.959972440967086271e+01
1.193776641714436315e-02 3.587671275473364574e+01
1.425102670302997795e-02 2.725668294455703844e+01
1.701254279852589327e-02 2.185510884572447310e+01
2.030917620904735751e-02 1.861452237222495398e+01
2.424462017082328405e-02 1.695829773398154217e+01
2.894266124716751709e-02 1.661062173642504192e+01
3.455107294592219686e-02 1.745362898603691448e+01
4.124626382901352278e-02 1.982566190365460912e+01
4.923882631706739260e-02 2.399337694007594379e+01
5.878016072274912240e-02 3.120126436627523603e+01
7.017038286703829175e-02 4.544361118981377246e+01
8.376776400682919843e-02 5.653372606583613447e+01
1.000000000000000056e-01 4.996641644889066214e+01
1.193776641714437009e-01 5.299291405675245592e+00
1.425102670302998420e-01 2.376449101174007428e+00
1.701254279852589257e-01 1.463100690881185217e+00
2.030917620904735821e-01 1.040202063560638601e+00
2.424462017082328336e-01 8.081165563541882202e-01
2.894266124716751709e-01 6.695007461774472590e-01
3.455107294592220102e-01 5.842851556626978970e-01
4.124626382901352417e-01 5.336348712444669573e-01
4.923882631706741342e-01 5.081500275233185038e-01
5.878016072274915294e-01 5.033631587005569230e-01
7.017038286703829453e-01 5.177871120003422201e-01
8.376776400682920398e-01 5.521081228375129824e-01
1.000000000000000000e+00 6.088874806452598820e-01
1.193776641714436870e+00 6.925810977733992679e-01
1.425102670302999197e+00 8.097690115588135340e-01
1.701254279852589146e+00 9.693643713364101799e-01
2.030917620904737042e+00 1.182962911684707352e+00
2.424462017082328114e+00 1.464912065400682861e+00
2.894266124716751598e+00 1.832513418632341073e+00
3.455107294592221656e+00 2.306974540774437976e+00
4.124626382901352528e+00 2.915339820029986484e+00
4.923882631706741897e+00 3.694186879537216583e+00
5.878016072274911963e+00 4.695076651570814441e+00
7.017038286703829897e+00 5.991459099374371711e+00
8.376776400682924617e+00 7.688038550611207000e+00
1.000000000000000000e+01 9.933612079192950972e+00
