3.162277660168379412e-01 3.602429867580725364e-01
3.665241237079627790e-01 2.491948109509949938e-01
4.248201698162611950e-01 1.852224446767817279e-01
4.923882631706739121e-01 1.471676342225869127e-01
5.707031326057167009e-01 1.239282604105563096e-01
6.614740641230149043e-01 1.093451231870220530e-01
7.666822074546214560e-01 9.990570239335067049e-02
8.886238162743402835e-01 9.368895715816163983e-02
1.029960365809989842e+00 8.976444795074259297e-02
1.193776641714436426e+00 8.774765961514097157e-02
1.383648068032459433e+00 8.750157056032184522e-02
1.603718743751330056e+00 8.874614239191938592e-02
1.858791891146563513e+00 9.112660090484844821e-02
2.154434690031883370e+00 9.477980447533095043e-02
2.497099786006540700e+00 9.979037622417145925e-02
2.894266124716750266e+00 1.062772770000320888e-01
3.354602185954043136e+00 1.144588010126414285e-01
3.888155180308087377e+00 1.246576197765202343e-01
4.506570337745473331e+00 1.373225060794545649e-01
5.223345074266840804e+00 1.529763879221264500e-01
6.054123584037268024e+00 1.721801287135863723e-01
7.017038286703826344e+00 1.954723028676667584e-01
8.133105582266926703e+00 2.233083982889297048e-01
9.426684551178849958e+00 2.560081057063807175e-01
1.092600861117377953e+01 2.937792848450510586e-01
1.266380173467402770e+01 3.367560416655923650e-01
1.467799267622068982e+01 3.851379144151642619e-01
1.701254279852588169e+01 4.393703007320424181e-01
1.971840556512641740e+01 5.002444996018945433e-01
2.285463864134989720e+01 5.691706454995300035e-01
2.648969287610526990e+01 6.482300190245802174e-01
3.070290629757848322e+01 7.403429890405813785e-01
3.558623573050965661e+01 8.493505352038621670e-01
4.124626382901347910e+01 9.800330116720189499e-01
4.780652533007380356e+01 1.138020422942053411e+00
5.541020330009492056e+01 1.329476466873731777e+00
6.422325422229356207e+01 1.560784767492896519e+00
7.443803013251681477e+01 1.837389284541287582e+00
8.627747685955866075e+01 2.161987428793578303e+00
1.000000000000000000e+02 2.531093875242475644e+00
