3.162277660168379134e-02 3.566332936159724198e+01
3.665241237079627790e-02 3.505889565108481776e+01
4.248201698162612505e-02 3.785178260743334278e+01
4.923882631706739260e-02 4.444967157904621047e+01
5.707031326057167286e-02 5.587275455212611774e+01
6.614740641230149043e-02 7.488052976212009071e+01
7.666822074546214560e-02 1.048553129493870557e+02
8.886238162743402558e-02 1.753343800108106336e+02
1.029960365809989981e-01 1.494526142833937854e+02
1.193776641714436315e-01 3.299862460644045115e+01
1.383648068032459488e-01 1.544042300347612695e+01
1.603718743751330056e-01 9.410396037033436301e+00
1.858791891146563680e-01 6.516914705428497712e+00
2.154434690031883370e-01 4.876897084183808850e+00
2.497099786006540811e-01 3.849306988108550875e+00
2.894266124716750044e-01 3.163195408883726856e+00
3.354602185954043136e-01 2.687284912582686758e+00
3.888155180308087155e-01 2.350980837421429381e+00
4.506570337745472998e-01 2.113413283437150181e+00
5.223345074266840804e-01 1.949345006010688719e+00
6.054123584037268690e-01 1.842567762444099255e+00
7.017038286703826122e-01 1.782536357940057270e+00
8.133105582266927369e-01 1.762157049648272800e+00
9.426684551178848848e-01 1.777035211554596428e+00
1.092600861117377864e+00 1.824842826434726506e+00
1.266380173467402726e+00 1.905277249494041092e+00
1.467799267622069026e+00 2.020085363143029333e+00
1.701254279852588258e+00 2.173340120465946157e+00
1.971840556512642006e+00 2.371699299722294096e+00
2.285463864134989365e+00 2.624395098904810819e+00
2.648969287610527079e+00 2.943687588728983950e+00
3.070290629757848055e+00 3.345195330122788580e+00
3.558623573050965661e+00 3.848388887741535758e+00
4.124626382901348087e+00 4.478366849538697458e+00
4.780652533007380356e+00 5.267129397960617965e+00
5.541020330009492234e+00 6.256667489220895106e+00
6.422325422229356207e+00 7.501584733788777548e+00
7.443803013251680589e+00 9.074577973408464615e+00
8.627747685955865720e+00 1.107170645104320883e+01
1.000000000000000000e+01 1.362152375056434650e+01
