1.000000000000000021e-02 2.226098469778518663e+00
1.266380173467403399e-02 1.417914375143993988e+00
1.603718743751330125e-02 1.029696716055703565e+00
2.030917620904735751e-02 8.344246270444184432e-01
2.571913809059344497e-02 7.382676068372396871e-01
3.257020655659782771e-02 7.001134108187516691e-01
4.124626382901352278e-02 7.045082864359309971e-01
5.223345074266843441e-02 7.587738510481624177e-01
6.614740641230149043e-02 9.283080423381395718e-01
8.376776400682915680e-02 1.675062951694590296e+00
1.060818355139448305e-01 6.548763689870951588e+00
1.343399332598900209e-01 3.984179284662954679e+00
1.701254279852589257e-01 2.158448651182693023e+00
2.154434690031883370e-01 1.386445655638974594e+00
2.728333376486767881e-01 9.456580385360305874e-01
3.455107294592218437e-01 6.331558430632814316e-01
4.375479375074184385e-01 4.227091571596094388e-01
5.541020330009491790e-01 3.080225511113386383e-01
7.017038286703826122e-01 2.487130345865876391e-01
8.886238162743402835e-01 2.123477405991793798e-01
1.125335582600764495e+00 1.856308882883943578e-01
1.425102670302997865e+00 1.649043663191478437e-01
1.804721766827170226e+00 1.494149901093400068e-01
2.285463864134990697e+00 1.391828553185934236e-01
2.894266124716751598e+00 1.344959345941887097e-01
3.665241237079626124e+00 1.356140631395051643e-01
4.641588833612777520e+00 1.427914970888465307e-01
5.878016072274911963e+00 1.563390479463323823e-01
7.443803013251688583e+00 1.765618865105550439e-01
9.426684551178853511e+00 2.040287988522203610e-01
1.193776641714435804e+01 2.397587113130281444e-01
1.511775070615661498e+01 2.858092305276328515e-01
1.914481976169957633e+01 3.464195573910260340e-01
2.424462017082328202e+01 4.237984089387153430e-01
3.070290629757849743e+01 5.277308647892687832e-01
3.888155180308085335e+01 6.703149215714017117e-01
4.923882631706736390e+01 9.240243220976941396e-01
6.235507341273912374e+01 1.436731611082025628e+00
7.896522868499724268e+01 1.761159027192724880e+00
1.000000000000000000e+02 2.572021840619985067e+00
