3.162277660168379134e-02 1.817509673052573493e+00
3.842513346254321227e-02 1.566024026409661207e+00
4.669074130371086984e-02 1.504817929397779253e+00
5.673435918225600005e-02 1.628801943661327023e+00
6.893845379073933188e-02 2.083925556077331542e+00
8.376776400682915680e-02 3.792520818796834003e+00
1.017869984146125700e-01 9.460644575269034462e+00
1.236823397292983878e-01 4.001314977800612738e+00
1.502875750260604659e-01 1.601445165186250241e+00
1.826158468270260848e-01 8.352166383583771170e-01
2.218982341458970720e-01 4.847774483776794430e-01
2.696306326783701746e-01 2.972009400359860720e-01
3.276307193627228664e-01 1.896862119106287048e-01
3.981071705534971472e-01 1.264710009224402909e-01
4.837437696757803662e-01 8.886233493225455249e-02
5.878016072274911963e-01 6.635709054804014850e-02
7.142432649639980369e-01 5.304259653060677121e-02
8.678837132695964574e-01 4.563696975542561041e-02
1.054573667973740303e+00 4.236141208661219765e-02
1.281422388944083446e+00 4.229762628579778611e-02
1.557068404753729984e+00 4.496348996138389148e-02
1.892008472772299665e+00 4.994707052945866754e-02
2.298997301668542992e+00 5.666031252540010971e-02
2.793533257985219453e+00 6.446233991567286437e-02
3.394448552769389948e+00 7.307646113592324022e-02
4.124626382901348087e+00 8.284967676659107938e-02
5.011872336272719330e+00 9.464014296641529156e-02
6.089973244419446985e+00 1.095373848107839415e-01
7.399983804321420777e+00 1.294400154039621609e-01
8.991789964660114265e+00 1.554053863537535329e-01
1.092600861117377953e+01 1.904057953035298845e-01
1.327629589221125350e+01 2.365213605714505118e-01
1.613215208683695323e+01 2.859293478165453317e-01
1.960232982646277122e+01 3.534931824207409035e-01
2.381897545702918961e+01 4.534281724243646172e-01
2.894266124716748934e+01 5.531896743815029049e-01
3.516850007169744430e+01 6.990369709726772518e-01
4.273357542109315688e+01 8.515672768853079777e-01
5.192596967591166646e+01 1.082659487942581933e+00
6.309573444801932851e+01 1.381496148471868857e+00
