1.000000000000000021e-02 2.268838285519111864e+01
1.193776641714436315e-02 1.709932283603262348e+01
1.425102670302997795e-02 1.355052709702144931e+01
1.701254279852589327e-02 1.114471400436161730e+01
2.030917620904735751e-02 9.463299523274290692e+00
2.424462017082328405e-02 8.319633801206707702e+00
2.894266124716751709e-02 7.642308678811331468e+00
3.455107294592219686e-02 7.422828011392009095e+00
4.124626382901352278e-02 7.710945145737324147e+00
4.923882631706739260e-02 8.659289019828010581e+00
5.878016072274912240e-02 1.067662478065239462e+01
7.017038286703829175e-02 1.505528515862390471e+01
8.376776400682919843e-02 2.840564646800553206e+01
1.000000000000000056e-01 5.516442918987581834e+01
1.193776641714437009e-01 1.925433401479983431e+01
1.425102670302998420e-01 8.804180330685186462e+00
1.701254279852589257e-01 5.568587602304146067e+00
2.030917620904735821e-01 4.099749894305641185e+00
2.424462017082328336e-01 3.309106575233795144e+00
2.894266124716751709e-01 2.833759890751032184e+00
3.455107294592220102e-01 2.519052727908839717e+00
4.124626382901352417e-01 2.292694688717411555e+00
4.923882631706741342e-01 2.122683328109015388e+00
5.878016072274915294e-01 1.998828695458301219e+00
7.017038286703829453e-01 1.922398044995900390e+00
8.376776400682920398e-01 1.899774315830256910e+00
1.000000000000000000e+00 1.939116725825196674e+00
1.193776641714436870e+00 2.049144933900005849e+00
1.425102670302999197e+00 2.239030128892803173e+00
1.701254279852589146e+00 2.506543841706468712e+00
2.030917620904737042e+00 2.851074493471115634e+00
2.424462017082328114e+00 3.366932238888300954e+00
2.894266124716751598e+00 3.913473088443044201e+00
3.455107294592221656e+00 4.504907009037885324e+00
4.124626382901352528e+00 5.389616782489288660e+00
4.923882631706741897e+00 6.880439338882013089e+00
5.878016072274911963e+00 8.454856773042445539e+00
7.017038286703829897e+00 1.047756954513765137e+01
8.376776400682924617e+00 1.332410633643427467e+01
1.000000000000000000e+01 1.686388565885894764e+01
