3.162277660168379134e-02 1.571749564505169339e+00
3.842513346254321227e-02 1.425838792786851661e+00
4.669074130371086984e-02 1.510581509710590797e+00
5.673435918225600005e-02 1.875187712254467565e+00
6.893845379073933188e-02 2.782303224736718761e+00
8.376776400682915680e-02 5.680179656913239228e+00
1.017869984146125700e-01 9.402358376507004678e+00
1.236823397292983878e-01 2.735359789880893899e+00
1.502875750260604659e-01 1.161202267791414444e+00
1.826158468270260848e-01 6.713358996679305024e-01
2.218982341458970720e-01 4.443902283394216002e-01
2.696306326783701746e-01 3.134401290386674144e-01
3.276307193627228664e-01 2.270918921601227103e-01
3.981071705534971472e-01 1.666071991248259387e-01
4.837437696757803662e-01 1.241581540539186540e-01
5.878016072274911963e-01 9.523231351628384800e-02
7.142432649639980369e-01 7.623016710984131805e-02
8.678837132695964574e-01 6.416613985281768850e-02
1.054573667973740303e+00 5.681634686326181988e-02
1.281422388944083446e+00 5.269505603763813967e-02
1.557068404753729984e+00 5.091145184485862396e-02
1.892008472772299665e+00 5.102505428323101527e-02
2.298997301668542992e+00 5.294800018009220011e-02
2.793533257985219453e+00 5.690505398567972939e-02
3.394448552769389948e+00 6.345818177276286998e-02
4.124626382901348087e+00 7.359783139103716343e-02
5.011872336272719330e+00 8.886188841737534261e-02
6.089973244419446985e+00 1.106437010552678429e-01
7.399983804321420777e+00 1.390100104883374987e-01
8.991789964660114265e+00 1.747417384690739262e-01
1.092600861117377953e+01 2.177980626651276341e-01
1.327629589221125350e+01 2.676741130364144183e-01
1.613215208683695323e+01 3.485941028915871542e-01
1.960232982646277122e+01 4.211556270977920846e-01
2.381897545702918961e+01 4.725836539719336371e-01
2.894266124716748934e+01 5.703737625987865822e-01
3.516850007169744430e+01 7.687615282681915518e-01
4.273357542109315688e+01 9.135522118682064541e-01
5.192596967591166646e+01 1.073266376775223518e+00
6.309573444801932851e+01 1.621983103750479493e+00
