1.000000000000000021e-02 1.755925221918986034e+00
1.266380173467403399e-02 1.114815843009132168e+00
1.603718743751330125e-02 7.506980542450698568e-01
2.030917620904735751e-02 5.335103963457353826e-01
2.571913809059344497e-02 4.066092935648413786e-01
3.257020655659782771e-02 3.379751753928960656e-01
4.124626382901352278e-02 3.101121449018613974e-01
5.223345074266843441e-02 3.197719103264403673e-01
6.614740641230149043e-02 3.925134987782082918e-01
8.376776400682915680e-02 7.363570146522918636e-01
1.060818355139448305e-01 6.381344013976503859e+00
1.343399332598900209e-01 4.921068980524097469e+00
1.701254279852589257e-01 2.391906122694192671e+00
2.154434690031883370e-01 1.408260891626889499e+00
2.728333376486767881e-01 8.779371431601460385e-01
3.455107294592218437e-01 5.459904720090849040e-01
4.375479375074184385e-01 3.266335205445302647e-01
5.541020330009491790e-01 1.878487947282752590e-01
7.017038286703826122e-01 1.114942140077214011e-01
8.886238162743402835e-01 7.386211301886036473e-02
1.125335582600764495e+00 5.523632336404287607e-02
1.425102670302997865e+00 4.572914273994171941e-02
1.804721766827170226e+00 4.104434773566958267e-02
2.285463864134990697e+00 3.926357724138380273e-02
2.894266124716751598e+00 3.949862368269341922e-02
3.665241237079626124e+00 4.134284825988799456e-02
4.641588833612777520e+00 4.459645348915406565e-02
5.878016072274911963e+00 4.910220497511987719e-02
7.443803013251688583e+00 5.468899336184412929e-02
9.426684551178853511e+00 6.120966555702427730e-02
1.193776641714435804e+01 6.866094296522774754e-02
1.511775070615661498e+01 7.727556146959589645e-02
1.914481976169957633e+01 8.762861891598541786e-02
2.424462017082328202e+01 1.008397606647811751e-01
3.070290629757849743e+01 1.189269890896730714e-01
3.888155180308085335e+01 1.453134713224903951e-01
4.923882631706736390e+01 1.856455072544708484e-01
6.235507341273912374e+01 2.494163328592686746e-01
7.896522868499724268e+01 3.534978174266235618e-01
1.000000000000000000e+02 5.290501763635907517e-01
