1.000000000000000021e-02 2.430876884983302677e+00
1.266380173467403399e-02 1.687268284130968743e+00
1.603718743751330125e-02 1.269849933453169433e+00
2.030917620904735751e-02 1.013932467562636663e+00
2.571913809059344497e-02 8.618035129487779944e-01
3.257020655659782771e-02 7.975068307027306513e-01
4.124626382901352278e-02 8.261637166846934610e-01
5.223345074266843441e-02 9.834392050501028493e-01
6.614740641230149043e-02 1.409755555828571483e+00
8.376776400682915680e-02 3.034090277673147984e+00
1.060818355139448305e-01 5.603803938920802530e+00
1.343399332598900209e-01 1.104240224907011791e+00
1.701254279852589257e-01 5.416929328552072542e-01
2.154434690031883370e-01 3.366768311820379500e-01
2.728333376486767881e-01 2.285073693868735212e-01
3.455107294592218437e-01 1.584700317403308634e-01
4.375479375074184385e-01 1.098463339923387433e-01
5.541020330009491790e-01 7.710934913139444458e-02
7.017038286703826122e-01 5.627612949708669932e-02
8.886238162743402835e-01 4.346930718763601653e-02
1.125335582600764495e+00 3.568516206338771118e-02
1.425102670302997865e+00 3.100029942220604989e-02
1.804721766827170226e+00 2.830432588367051000e-02
2.285463864134990697e+00 2.700801424669376991e-02
2.894266124716751598e+00 2.682954750549720532e-02
3.665241237079626124e+00 2.765286303368847537e-02
4.641588833612777520e+00 2.946810280119030456e-02
5.878016072274911963e+00 3.236506970426859114e-02
7.443803013251688583e+00 3.656290376863294972e-02
9.426684551178853511e+00 4.243833914264256990e-02
1.193776641714435804e+01 5.055000511476846758e-02
1.511775070615661498e+01 6.167375080385559954e-02
1.914481976169957633e+01 7.690243736810613295e-02
2.424462017082328202e+01 9.794555521025639921e-02
3.070290629757849743e+01 1.277898519242658404e-01
3.888155180308085335e+01 1.719464309512783451e-01
4.923882631706736390e+01 2.403756028801448674e-01
6.235507341273912374e+01 3.496837173832499368e-01
7.896522868499724268e+01 5.227971778448293749e-01
1.000000000000000000e+02 7.791774948937266743e-01
