1.000000000000000021e-02 5.569418620407477505e+01
1.193776641714436315e-02 4.309309254575386916e+01
1.425102670302997795e-02 3.567244425619996662e+01
1.701254279852589327e-02 3.124684773122647741e+01
2.030917620904735751e-02 2.877230980076073408e+01
2.424462017082328405e-02 2.781391267932961497e+01
2.894266124716751709e-02 2.784796930146385563e+01
3.455107294592219686e-02 3.052906529764765509e+01
4.124626382901352278e-02 3.288354352051901230e+01
4.923882631706739260e-02 3.915103018125687839e+01
5.878016072274912240e-02 5.043446149018585345e+01
7.017038286703829175e-02 7.350130483111746571e+01
8.376776400682919843e-02 1.351831840275284549e+02
1.000000000000000056e-01 1.323964386793211077e+02
1.193776641714437009e-01 2.262656957333416941e+01
1.425102670302998420e-01 1.029475861685606652e+01
1.701254279852589257e-01 6.452134333217030004e+00
2.030917620904735821e-01 4.691395790881883521e+00
2.424462017082328336e-01 3.737321695852014791e+00
2.894266124716751709e-01 3.167243534848152020e+00
3.455107294592220102e-01 2.802700234745951757e+00
4.124626382901352417e-01 2.558981883256896683e+00
4.923882631706741342e-01 2.395176652102469994e+00
5.878016072274915294e-01 2.292844962181926682e+00
7.017038286703829453e-01 2.244943821892812164e+00
8.376776400682920398e-01 2.249818063887251363e+00
1.000000000000000000e+00 2.308361163407760763e+00
1.193776641714436870e+00 2.423143571893965564e+00
1.425102670302999197e+00 2.598888462519834963e+00
1.701254279852589146e+00 2.843582779670335015e+00
2.030917620904737042e+00 3.170621850856328194e+00
2.424462017082328114e+00 3.601119057716592575e+00
2.894266124716751598e+00 4.166659538199382062e+00
3.455107294592221656e+00 4.912596579999812363e+00
4.124626382901352528e+00 5.902487905697818782e+00
4.923882631706741897e+00 7.225315654580025004e+00
5.878016072274911963e+00 9.004441120933281084e+00
7.017038286703829897e+00 1.141176765275293015e+01
8.376776400682924617e+00 1.468773143544419746e+01
1.000000000000000000e+01 1.916959899562883862e+01
