1.000000000000000021e-02 2.652085040166573648e+00
1.266380173467403399e-02 1.913550801783583832e+00
1.603718743751330125e-02 1.546163881448524791e+00
2.030917620904735751e-02 1.370122060370617900e+00
2.571913809059344497e-02 1.324412589124475348e+00
3.257020655659782771e-02 1.408284427325660726e+00
4.124626382901352278e-02 1.667827003118873108e+00
5.223345074266843441e-02 2.232390062799042507e+00
6.614740641230149043e-02 3.514509279058843028e+00
8.376776400682915680e-02 6.735765288680217289e+00
1.060818355139448305e-01 3.357975877312548096e+00
1.343399332598900209e-01 5.825492292241178927e-01
1.701254279852589257e-01 2.859619234650176978e-01
2.154434690031883370e-01 1.787417839650134177e-01
2.728333376486767881e-01 1.238052891947821754e-01
3.455107294592218437e-01 8.986960839596898343e-02
4.375479375074184385e-01 6.705953945341382172e-02
5.541020330009491790e-01 5.148827206949191382e-02
7.017038286703826122e-01 4.095976864331422884e-02
8.886238162743402835e-01 3.391881769600646468e-02
1.125335582600764495e+00 2.927134330321545450e-02
1.425102670302997865e+00 2.629794240314191692e-02
1.804721766827170226e+00 2.456186753596947825e-02
2.285463864134990697e+00 2.383178303925519159e-02
2.894266124716751598e+00 2.401420053753711495e-02
3.665241237079626124e+00 2.509745618207677789e-02
4.641588833612777520e+00 2.713608957327228247e-02
5.878016072274911963e+00 3.026249195910539480e-02
7.443803013251688583e+00 3.472220723493856659e-02
9.426684551178853511e+00 4.091385393065734982e-02
1.193776641714435804e+01 4.942471982308337120e-02
1.511775070615661498e+01 6.107880964150991937e-02
1.914481976169957633e+01 7.703583527624607852e-02
2.424462017082328202e+01 9.909755605951482693e-02
3.070290629757849743e+01 1.303894584575541471e-01
3.888155180308085335e+01 1.766816387651515274e-01
4.923882631706736390e+01 2.484315402664727390e-01
6.235507341273912374e+01 3.632032226987239598e-01
7.896522868499724268e+01 5.455533240599387268e-01
1.000000000000000000e+02 8.167393914436320568e-01
