3.162277660168379412e-01 3.469599709696424283e-01
3.665241237079627790e-01 2.313757814081093822e-01
4.248201698162611950e-01 1.625762469586564396e-01
4.923882631706739121e-01 1.196289139019723891e-01
5.707031326057167009e-01 9.170006220238115235e-02
6.614740641230149043e-01 7.291027825865054046e-02
7.666822074546214560e-01 5.993183630703566994e-02
8.886238162743402835e-01 5.080739175755329129e-02
1.029960365809989842e+00 4.434753716120736627e-02
1.193776641714436426e+00 3.979932509987678391e-02
1.383648068032459433e+00 3.667724233097789666e-02
1.603718743751330056e+00 3.465952229455369210e-02
1.858791891146563513e+00 3.353208302424012105e-02
2.154434690031883370e+00 3.315540210164467233e-02
2.497099786006540700e+00 3.344074720193924988e-02
2.894266124716750266e+00 3.433887620647430028e-02
3.354602185954043136e+00 3.582719566377436798e-02
3.888155180308087377e+00 3.789610402366710984e-02
4.506570337745473331e+00 4.053998327648720285e-02
5.223345074266840804e+00 4.374959764371039173e-02
6.054123584037268024e+00 4.750051520238393610e-02
7.017038286703826344e+00 5.175784527434136584e-02
8.133105582266926703e+00 5.648182683577367136e-02
9.426684551178849958e+00 6.164102145504458952e-02
1.092600861117377953e+01 6.722709975715615571e-02
1.266380173467402770e+01 7.326849927666571893e-02
1.467799267622068982e+01 7.984297546417180869e-02
1.701254279852588169e+01 8.709322019479628918e-02
1.971840556512641740e+01 9.524875189483804350e-02
2.285463864134989720e+01 1.046602085259711323e-01
2.648969287610526990e+01 1.158408628637380977e-01
3.070290629757848322e+01 1.295170665406384647e-01
3.558623573050965661e+01 1.466934177725228439e-01
4.124626382901347910e+01 1.687413744904752710e-01
4.780652533007380356e+01 1.975422846593858361e-01
5.541020330009492056e+01 2.356944720316486719e-01
6.422325422229356207e+01 2.868979069580139263e-01
7.443803013251681477e+01 3.565368460421457497e-01
8.627747685955866075e+01 4.525998908510310836e-01
1.000000000000000000e+02 5.866904123698932771e-01
