1.000000000000000021e-02 2.608767146888283150e+01
1.193776641714436315e-02 1.938951581101804678e+01
1.425102670302997795e-02 1.498872630193663724e+01
1.701254279852589327e-02 1.191109390500439957e+01
2.030917620904735751e-02 9.691242321566223339e+00
2.424462017082328405e-02 8.098861351368087824e+00
2.894266124716751709e-02 7.014508941990307278e+00
3.455107294592219686e-02 6.373222155009500511e+00
4.124626382901352278e-02 6.157522074762908915e+00
4.923882631706739260e-02 6.428187532755635480e+00
5.878016072274912240e-02 7.433589471249812952e+00
7.017038286703829175e-02 1.004133085373561762e+01
8.376776400682919843e-02 1.874505540165150563e+01
1.000000000000000056e-01 5.171742865336275230e+01
1.193776641714437009e-01 2.429982758224930706e+01
1.425102670302998420e-01 1.051530660673330253e+01
1.701254279852589257e-01 6.258053292400531653e+00
2.030917620904735821e-01 4.344466948360101277e+00
2.424462017082328336e-01 3.329997224037483772e+00
2.894266124716751709e-01 2.734997603993366777e+00
3.455107294592220102e-01 2.358637082141149310e+00
4.124626382901352417e-01 2.106158546274037757e+00
4.923882631706741342e-01 1.930634978405124658e+00
5.878016072274915294e-01 1.809577684547023502e+00
7.017038286703829453e-01 1.732740790707130385e+00
8.376776400682920398e-01 1.696114955926064205e+00
1.000000000000000000e+00 1.698242940474861129e+00
1.193776641714436870e+00 1.738766168574741755e+00
1.425102670302999197e+00 1.818253659618218165e+00
1.701254279852589146e+00 1.938342411644536023e+00
2.030917620904737042e+00 2.103045016290571834e+00
2.424462017082328114e+00 2.319171746662642253e+00
2.894266124716751598e+00 2.597159949116627065e+00
3.455107294592221656e+00 2.952030264184144936e+00
4.124626382901352528e+00 3.404835151707796381e+00
4.923882631706741897e+00 3.985473634716738545e+00
5.878016072274911963e+00 4.735335578347846130e+00
7.017038286703829897e+00 5.712854135233855324e+00
8.376776400682924617e+00 6.999459061941503357e+00
1.000000000000000000e+01 8.709438907955163955e+00
