1.000000000000000021e-02 5.803996034038443774e+00
1.266380173467403399e-02 3.916644085157469313e+00
1.603718743751330125e-02 2.925923186580551061e+00
2.030917620904735751e-02 2.427673922086183378e+00
2.571913809059344497e-02 2.251461439971762957e+00
3.257020655659782771e-02 2.318299217746450314e+00
4.124626382901352278e-02 2.625423334493393046e+00
5.223345074266843441e-02 3.290202667497861722e+00
6.614740641230149043e-02 4.849360990002288929e+00
8.376776400682915680e-02 6.443458301020292822e+00
1.060818355139448305e-01 2.408892723628151877e+00
1.343399332598900209e-01 4.277362585330337086e-01
1.701254279852589257e-01 2.134311263742709464e-01
2.154434690031883370e-01 1.351429654699807525e-01
2.728333376486767881e-01 9.576233016908558549e-02
3.455107294592218437e-01 7.258769083261722155e-02
4.375479375074184385e-01 5.772551840514567045e-02
5.541020330009491790e-01 4.786138815957944465e-02
7.017038286703826122e-01 4.160147660407895881e-02
8.886238162743402835e-01 3.860238442910886997e-02
1.125335582600764495e+00 3.928700786715225851e-02
1.425102670302997865e+00 4.507280359325554348e-02
1.804721766827170226e+00 5.894684567914383611e-02
2.285463864134990697e+00 8.380188137427339867e-02
2.894266124716751598e+00 1.147476284919144857e-01
3.665241237079626124e+00 1.370075083720824205e-01
4.641588833612777520e+00 1.531814104322833103e-01
5.878016072274911963e+00 1.684634929421336969e-01
7.443803013251688583e+00 1.865614444487656010e-01
9.426684551178853511e+00 2.110955400294488582e-01
1.193776641714435804e+01 2.431420998135210565e-01
1.511775070615661498e+01 2.880613068680161204e-01
1.914481976169957633e+01 3.409138359953809982e-01
2.424462017082328202e+01 4.099922762513917296e-01
3.070290629757849743e+01 4.972393017898440459e-01
3.888155180308085335e+01 6.110900424476279902e-01
4.923882631706736390e+01 7.958964907623952145e-01
6.235507341273912374e+01 1.069444855541439088e+00
7.896522868499724268e+01 1.313538879442042173e+00
1.000000000000000000e+02 1.888158368333774817e+00
