1.000000000000000021e-02 2.048924016343602883e+00
1.266380173467403399e-02 1.270905134101517620e+00
1.603718743751330125e-02 8.838424439906666930e-01
2.030917620904735751e-02 6.781521590287239443e-01
2.571913809059344497e-02 5.694715364682042535e-01
3.257020655659782771e-02 5.223461915704307179e-01
4.124626382901352278e-02 5.239126574546348891e-01
5.223345074266843441e-02 5.788593424576725655e-01
6.614740641230149043e-02 7.357088254076048495e-01
8.376776400682915680e-02 1.362527457808909492e+00
1.060818355139448305e-01 6.136516979728135368e+00
1.343399332598900209e-01 2.989133609302780492e+00
1.701254279852589257e-01 1.648041894103993821e+00
2.154434690031883370e-01 1.132499877268416055e+00
2.728333376486767881e-01 8.467046076598645499e-01
3.455107294592218437e-01 6.529961238141297475e-01
4.375479375074184385e-01 5.131239686706197123e-01
5.541020330009491790e-01 4.137489377989110317e-01
7.017038286703826122e-01 3.418503924989018672e-01
8.886238162743402835e-01 2.869827768537777657e-01
1.125335582600764495e+00 2.429081610011733228e-01
1.425102670302997865e+00 2.079900481194887629e-01
1.804721766827170226e+00 1.846743769719648987e-01
2.285463864134990697e+00 1.673101373378065304e-01
2.894266124716751598e+00 1.555998268186341849e-01
3.665241237079626124e+00 1.570976777824803217e-01
4.641588833612777520e+00 1.634650855765067412e-01
5.878016072274911963e+00 1.810433898684254694e-01
7.443803013251688583e+00 2.085048383414238871e-01
9.426684551178853511e+00 2.442270593421851377e-01
1.193776641714435804e+01 2.888545323445172452e-01
1.511775070615661498e+01 3.518627965478183239e-01
1.914481976169957633e+01 4.303770953994526804e-01
2.424462017082328202e+01 5.353806649920537231e-01
3.070290629757849743e+01 6.769893425415007826e-01
3.888155180308085335e+01 8.652894558917175738e-01
4.923882631706736390e+01 1.120892111776240485e+00
6.235507341273912374e+01 1.469783496183037830e+00
7.896522868499724268e+01 1.936533411719674858e+00
1.000000000000000000e+02 2.528739673500495666e+00
