3.162277660168379134e-02 2.778205899700496317e+01
3.665241237079627790e-02 2.456858702884339252e+01
4.248201698162612505e-02 2.313238598962295001e+01
4.923882631706739260e-02 2.320442792516873709e+01
5.707031326057167286e-02 2.501393359550842277e+01
6.614740641230149043e-02 2.967009687154158470e+01
7.666822074546214560e-02 4.120947609819268109e+01
8.886238162743402558e-02 8.440467739541729486e+01
1.029960365809989981e-01 1.437898581070919590e+02
1.193776641714436315e-01 8.274514700702026460e+01
1.383648068032459488e-01 3.718177688324460206e+01
1.603718743751330056e-01 2.202090991400820030e+01
1.858791891146563680e-01 1.475880415774676457e+01
2.154434690031883370e-01 1.066083278440035542e+01
2.497099786006540811e-01 8.144690827111421783e+00
2.894266124716750044e-01 6.492235070166961997e+00
3.354602185954043136e-01 5.353181732306302898e+00
3.888155180308087155e-01 4.541044828548871592e+00
4.506570337745472998e-01 3.950592743589288691e+00
5.223345074266840804e-01 3.519458275046155826e+00
6.054123584037268690e-01 3.209225631722530725e+00
7.017038286703826122e-01 2.994760773906254059e+00
8.133105582266927369e-01 2.858643333715184642e+00
9.426684551178848848e-01 2.788299311168802141e+00
1.092600861117377864e+00 2.774734525427429155e+00
1.266380173467402726e+00 2.811780491513543812e+00
1.467799267622069026e+00 2.895962771274859016e+00
1.701254279852588258e+00 3.026705929323755040e+00
1.971840556512642006e+00 3.205891925879061244e+00
2.285463864134989365e+00 3.438507653129716513e+00
2.648969287610527079e+00 3.732448436303168471e+00
3.070290629757848055e+00 4.098715749598403235e+00
3.558623573050965661e+00 4.552666360705741155e+00
4.124626382901348087e+00 5.114373275424364707e+00
4.780652533007380356e+00 5.810403233509052079e+00
5.541020330009492234e+00 6.676411092547383852e+00
6.422325422229356207e+00 7.759373347869408022e+00
7.443803013251680589e+00 9.121463100312450223e+00
8.627747685955865720e+00 1.084464378781238203e+01
1.000000000000000000e+01 1.303715619117410895e+01
