3.162277660168379134e-02 1.675673450745070570e+00
3.842513346254321227e-02 1.454835253622579039e+00
4.669074130371086984e-02 1.442762047795891567e+00
5.673435918225600005e-02 1.657680730321706930e+00
6.893845379073933188e-02 2.310373781666755999e+00
8.376776400682915680e-02 4.654198586258749160e+00
1.017869984146125700e-01 9.231870995877216046e+00
1.236823397292983878e-01 2.729501922519696588e+00
1.502875750260604659e-01 1.010488390770578837e+00
1.826158468270260848e-01 5.004025284514023175e-01
2.218982341458970720e-01 2.847839597037526427e-01
2.696306326783701746e-01 1.770013785781499871e-01
3.276307193627228664e-01 1.176537893950147240e-01
3.981071705534971472e-01 8.287730252188880986e-02
4.837437696757803662e-01 6.158685922120033657e-02
5.878016072274911963e-01 4.815869398313755295e-02
7.142432649639980369e-01 3.956497964600652617e-02
8.678837132695964574e-01 3.410001006118784650e-02
1.054573667973740303e+00 3.075464138795633989e-02
1.281422388944083446e+00 2.890953682672670749e-02
1.557068404753729984e+00 2.816202456346508093e-02
1.892008472772299665e+00 2.823896713798181718e-02
2.298997301668542992e+00 2.894626476416956723e-02
2.793533257985219453e+00 3.015931505391940617e-02
3.394448552769389948e+00 3.183368639461440358e-02
4.124626382901348087e+00 3.402427086607175133e-02
5.011872336272719330e+00 3.687928392144134565e-02
6.089973244419446985e+00 4.064508842869359734e-02
7.399983804321420777e+00 4.566685259936830582e-02
8.991789964660114265e+00 5.240596158190312381e-02
1.092600861117377953e+01 6.148626773357784847e-02
1.327629589221125350e+01 7.375879051259007224e-02
1.613215208683695323e+01 9.043911284007262463e-02
1.960232982646277122e+01 1.133340411510240647e-01
2.381897545702918961e+01 1.451767538382356393e-01
2.894266124716748934e+01 1.901645448309329245e-01
3.516850007169744430e+01 2.544770628951971703e-01
4.273357542109315688e+01 3.465627928818446613e-01
5.192596967591166646e+01 4.766369786352285254e-01
6.309573444801932851e+01 6.553425644070184353e-01
