1.000000000000000021e-02 9.074907076305150895e+02
1.105295141126021521e-02 7.055501731508969669e+02
1.221677348996791888e-02 5.673568056210875739e+02
1.350314037869872891e-02 4.705588634738325595e+02
1.492495545051829124e-02 4.013578715816139493e+02
1.649648074098020514e-02 3.512899704709648745e+02
1.823348000868441413e-02 3.147523235890269575e+02
2.015337685941732959e-02 2.881537511239945957e+02
2.227542951999557375e-02 2.689312533761560644e+02
2.462092401494625493e-02 2.554904061137139593e+02
2.721338768375307360e-02 2.466093141309916632e+02
3.007882518043098960e-02 2.415429193757474593e+02
3.324597932270941664e-02 2.396653730840980927e+02
3.674661940736687754e-02 2.357016642461717311e+02
4.061585988376979761e-02 2.050946794600784813e+02
4.489251258218605184e-02 1.828025425370037453e+02
4.961947603002903051e-02 1.665304746760427577e+02
5.484416576121017850e-02 1.547585574506223054e+02
6.061898993497571997e-02 1.463915555239468631e+02
6.700187503509590081e-02 1.407291143269091833e+02
7.405684692262434754e-02 1.372720449645072449e+02
8.185467307069028975e-02 1.356925218937546163e+02
9.047357242349297890e-02 1.357223242158442815e+02
1.000000000000000056e-01 1.372273414813727470e+02
1.105295141126021452e-01 1.400883644019812380e+02
1.221677348996791784e-01 1.442755906555801744e+02
1.350314037869872752e-01 1.326377838795632158e+02
1.492495545051829020e-01 1.232053489381819844e+02
1.649648074098020722e-01 1.164849253069609460e+02
1.823348000868441343e-01 1.064713450848311140e+02
2.015337685941733237e-01 8.741276010848581279e+01
2.227542951999557652e-01 7.172556281853466942e+01
2.462092401494625493e-01 6.060184609856456461e+01
2.721338768375307082e-01 5.258502145644277448e+01
3.007882518043099029e-01 4.674376632686704625e+01
3.324597932270940137e-01 4.247458368752150903e+01
3.674661940736688170e-01 3.937514219019561779e+01
4.061585988376979484e-01 3.716790771042927588e+01
4.489251258218605600e-01 3.566661573516205408e+01
4.961947603002903051e-01 3.473901846012100947e+01
5.484416576121018405e-01 3.429570891903713914e+01
6.061898993497571997e-01 3.427335717746988308e+01
6.700187503509587028e-01 3.462725975228473629e+01
7.405684692262434199e-01 3.533879019217565798e+01
8.185467307069028697e-01 3.638932204583659313e+01
9.047357242349297612e-01 3.777326737787574018e+01
1.000000000000000000e+00 3.950180205907673070e+01
1.105295141126021008e+00 4.158051402483134495e+01
1.221677348996791812e+00 4.403175501670688163e+01
1.350314037869873474e+00 4.687787677627056837e+01
1.492495545051829131e+00 5.014868162561207754e+01
1.649648074098020611e+00 5.388142246734351204e+01
1.823348000868440399e+00 5.745770111810416125e+01
2.015337685941732904e+00 6.040068042445928143e+01
2.227542951999556209e+00 6.388010152842849010e+01
2.462092401494625715e+00 6.791086559105664833e+01
2.721338768375308526e+00 7.254512667600063480e+01
3.007882518043099029e+00 7.781641239561139400e+01
3.324597932270941580e+00 8.380667913563547700e+01
3.674661940736688059e+00 9.054200392790137641e+01
4.061585988376979373e+00 9.811179373867808806e+01
4.489251258218603269e+00 1.066054555342346362e+02
4.961947603002903051e+00 1.160974951197951981e+02
5.484416576121015297e+00 1.266773194616287981e+02
6.061898993497572441e+00 1.384790390091389440e+02
6.700187503509590137e+00 1.515995113091170481e+02
7.405684692262434865e+00 1.662026491330563829e+02
8.185467307069028919e+00 1.823853100277483179e+02
9.047357242349292505e+00 2.003859125699102606e+02
1.000000000000000000e+01 2.203236660479009288e+02
