3.162277660168379134e-02 8.323888559645412215e+02
3.530417660538831548e-02 6.784896646934747650e+02
3.941415080287675315e-02 5.712907121369244123e+02
4.400259212602089520e-02 4.952947908082604158e+02
4.912520184673455081e-02 4.409949599608778499e+02
5.484416576121017850e-02 4.021327319559454168e+02
6.122890909288016686e-02 3.747742002776264485e+02
6.835693927822929228e-02 3.561775512936710584e+02
7.631478686643580756e-02 3.445546456786990461e+02
8.519905595487022032e-02 2.843688562186062541e+02
9.511759691218703294e-02 2.386222918109595525e+02
1.061908156252536900e-01 2.065847955645620573e+02
1.185531351634873803e-01 1.701663579709827729e+02
1.323546276044391679e-01 1.340235918567329918e+02
1.477628358301314171e-01 1.097346993536501998e+02
1.649648074098020167e-01 9.307520130552350679e+01
1.841693652593244523e-01 8.152680149577555824e+01
2.056096426419194712e-01 7.354350446600464863e+01
2.295459132837373295e-01 6.812693242620676415e+01
2.562687509604298919e-01 6.405146488044410091e+01
2.861025569104377331e-01 4.821153068978338752e+01
3.194094978959385878e-01 3.559583522019908486e+01
3.565939027174543918e-01 2.747842774102464247e+01
3.981071705534971472e-01 2.208793273305520088e+01
4.444532507099246965e-01 1.841013992267660271e+01
4.961947603002900276e-01 1.585459080348722516e+01
5.539598141226161898e-01 1.405900089758448246e+01
6.184496496437186241e-01 1.279426485390402313e+01
6.904471396543906403e-01 1.172138125867582836e+01
7.708262959346177112e-01 1.097259791617281799e+01
8.605628792983366360e-01 1.039517792568541843e+01
9.607462448181176562e-01 9.570026132827624821e+00
1.072592566024592520e+00 9.005178996971809013e+00
1.197459598615466358e+00 8.641963196503930078e+00
1.336863162897809154e+00 8.438934877268039259e+00
1.492495545051829131e+00 8.370948330000974380e+00
1.666246040597821887e+00 8.421239748527295177e+00
1.860223889453220592e+00 8.576770616932771318e+00
2.076783880999303999e+00 8.833815644956194646e+00
2.318554939989653896e+00 9.189580864901653712e+00
2.588472040318300138e+00 9.644531938051805753e+00
2.889811834063971574e+00 1.020146283210254978e+01
3.226232428328361657e+00 1.086828978885896468e+01
3.601817792738369217e+00 1.165060074371285737e+01
4.021127336696125987e+00 1.256143421257845993e+01
4.489251258218603269e+00 1.361010342110879812e+01
5.011872336272719330e+00 1.480964688521809869e+01
5.595334916732480401e+00 1.618055370134301540e+01
6.246721929411505947e+00 1.774145032078958906e+01
6.973940871117343399e+00 1.951003187229856550e+01
7.785819798516762091e+00 1.837661231032572218e+01
8.692214496115088451e+00 1.495493320540524884e+01
9.704128120312613959e+00 1.259123653466813231e+01
1.083384477195432360e+01 1.092789443303830943e+01
1.209507861887348312e+01 9.748840065365657281e+00
1.350314037869872230e+01 8.914840708137491632e+00
1.507512318293853681e+01 8.334626749954185954e+00
1.683011007863576580e+01 7.949059207919052739e+00
1.878940568655332299e+01 7.719022534289396553e+00
2.097679482810011820e+01 7.466634119092485200e+00
2.341883126059243736e+01 7.149053124324417752e+00
2.614516002594537980e+01 6.966513901525176244e+00
2.918887732593875128e+01 6.896664709127507287e+00
3.258693229275402814e+01 6.924604386086574692e+00
3.638057553206641614e+01 7.041019706749356288e+00
4.061585988376975820e+01 7.241254058289340989e+00
4.534419947930706485e+01 7.523444795575922939e+00
5.062299388226948338e+01 7.886660596043801874e+00
5.651632488900333584e+01 8.335558072519487993e+00
6.309573444801932851e+01 8.872931192698889191e+00
