1.000000000000000021e-02 3.815691297140716642e+02
1.105295141126021521e-02 3.127257656869292077e+02
1.221677348996791888e-02 2.637158470104634489e+02
1.350314037869872891e-02 2.282808860458433458e+02
1.492495545051829124e-02 2.023826681499183167e+02
1.649648074098020514e-02 1.834283913008868581e+02
1.823348000868441413e-02 1.696001138512790192e+02
2.015337685941732959e-02 1.597057429175078767e+02
2.227542951999557375e-02 1.529108134810626325e+02
2.462092401494625493e-02 1.486714331638067961e+02
2.721338768375307360e-02 1.465405671343952463e+02
3.007882518043098960e-02 1.462425439134985083e+02
3.324597932270941664e-02 1.453186719287186577e+02
3.674661940736687754e-02 1.446481196817010755e+02
4.061585988376979761e-02 1.437242476969212248e+02
4.489251258218605184e-02 1.347239464258402961e+02
4.961947603002903051e-02 1.285101622701436099e+02
5.484416576121017850e-02 1.245166511101275688e+02
6.061898993497571997e-02 1.223410815975815069e+02
6.700187503509590081e-02 1.217599363168328921e+02
7.405684692262434754e-02 1.225496978522092064e+02
8.185467307069028975e-02 1.246209592374414257e+02
9.047357242349297890e-02 1.279141158283501767e+02
1.000000000000000056e-01 1.323695629807561716e+02
1.105295141126021452e-01 1.380171030167490187e+02
1.221677348996791784e-01 1.448716370973736218e+02
1.350314037869872752e-01 1.530002204473316567e+02
1.492495545051829020e-01 1.617919054637849285e+02
1.649648074098020722e-01 1.386429517806321314e+02
1.823348000868441343e-01 1.218642444441467489e+02
2.015337685941733237e-01 1.095856877432018592e+02
2.227542951999557652e-01 1.006300899552553858e+02
2.462092401494625493e-01 9.416298606179654485e+01
2.721338768375307082e-01 8.963303310416637260e+01
3.007882518043099029e-01 8.665280089519917794e+01
3.324597932270940137e-01 8.142249336846170138e+01
3.674661940736688170e-01 7.489578483082352989e+01
4.061585988376979484e-01 7.020564439196138551e+01
4.489251258218605600e-01 6.692738896209746713e+01
4.961947603002903051e-01 6.478907235216348681e+01
5.484416576121018405e-01 6.360443004909901532e+01
6.061898993497571997e-01 6.323190102297812132e+01
6.700187503509587028e-01 6.358207830753176637e+01
7.405684692262434199e-01 6.458790667805820362e+01
8.185467307069028697e-01 6.623448497351259334e+01
9.047357242349297612e-01 6.658466225806623129e+01
1.000000000000000000e+00 6.659956341911107813e+01
1.105295141126021008e+00 6.734462147135288035e+01
1.221677348996791812e+00 6.875278119008987687e+01
1.350314037869873474e+00 7.081659199479966560e+01
1.492495545051829131e+00 7.352860330495981600e+01
1.649648074098020611e+00 7.689254041083155755e+01
1.823348000868440399e+00 7.920222037278114158e+01
2.015337685941732904e+00 7.686273808874189228e+01
2.227542951999556209e+00 7.559613939993081999e+01
2.462092401494625715e+00 7.526831385694443100e+01
2.721338768375308526e+00 7.577495333246885423e+01
3.007882518043099029e+00 7.705645318232475915e+01
3.324597932270941580e+00 7.905320876233280103e+01
3.674661940736688059e+00 8.176522007249293722e+01
4.061585988376979373e+00 8.517758595176039194e+01
4.489251258218603269e+00 8.930520756117998360e+01
4.961947603002903051e+00 9.417788722284137748e+01
5.484416576121015297e+00 9.982542725883423884e+01
6.061898993497572441e+00 1.063074323133379124e+02
6.700187503509590137e+00 1.136537047084420777e+02
7.405684692262434865e+00 1.219685525714606058e+02
8.185467307069028919e+00 1.312966793855279946e+02
9.047357242349292505e+00 1.417572944390028908e+02
1.000000000000000000e+01 1.534174529565870557e+02
