3.162277660168379412e-01 1.180788879905594557e+00
3.674661940736689281e-01 7.634981629898537348e-01
4.270067916167659128e-01 5.224311377273989088e-01
4.961947603002903051e-01 3.758060413526254639e-01
5.765932649858945824e-01 2.823972984358260607e-01
6.700187503509588138e-01 2.205516593337233378e-01
7.785819798516769863e-01 1.782928979331336594e-01
9.047357242349296502e-01 1.486943026546214408e-01
1.051330177026238211e+00 1.277177170626964675e-01
1.221677348996791812e+00 1.128602117631089669e-01
1.419625896474748350e+00 1.026011116297013276e-01
1.649648074098020167e+00 9.595088643683992446e-02
1.916940776533455626e+00 9.234201149629370220e-02
2.227542951999557541e+00 9.139613701590859618e-02
2.588472040318300582e+00 9.293864001469044622e-02
3.007882518043099473e+00 9.691131283230787485e-02
3.495250132675474131e+00 1.033578112140094013e-01
4.061585988376979373e+00 1.123945504804578360e-01
4.719685320018228047e+00 1.242252574428130280e-01
5.484416576121017961e+00 1.391264184876490617e-01
6.373057341948979548e+00 1.574545555344957215e-01
7.405684692262434865e+00 1.797480894414184294e-01
8.605628792983365472e+00 2.063489902128639863e-01
1.000000000000000000e+01 2.382176842443004816e-01
1.162030136386260892e+01 2.762563902708643493e-01
1.350314037869872941e+01 3.216147095841006553e-01
1.569105605590211816e+01 3.756896260319626535e-01
1.823348000868441332e+01 4.400672983584809073e-01
2.118785326128771018e+01 5.166685793545912064e-01
2.462092401494625449e+01 6.077344639430520834e-01
2.861025569104377908e+01 7.161171274801018116e-01
3.324597932270941669e+01 8.447560568124753422e-01
3.863282988666283302e+01 9.977257881633704306e-01
4.489251258218602914e+01 1.179391896057641054e+00
5.216645251859961974e+01 1.394760239283787007e+00
6.061898993497572263e+01 1.650408283459255498e+00
7.044109314173721259e+01 1.953088117182487649e+00
8.185467307069029630e+01 2.311181643541203368e+00
9.511759691218703949e+01 2.734351334150414647e+00
1.105295141126021008e+02 3.232608906587119968e+00
1.284386263589742896e+02 3.818410800162236995e+00
1.492495545051829140e+02 4.505726853355299433e+00
1.734324801772463900e+02 5.310622380417771460e+00
2.015337685941733241e+02 6.252189493938348441e+00
2.341883126059243523e+02 7.351150120995006532e+00
2.721338768375305790e+02 8.632649970850907906e+00
3.162277660168379612e+02 1.012695702687837063e+01
3.674661940736688166e+02 1.186480493373237621e+01
4.270067916167655540e+02 1.388950019069947217e+01
4.961947603002902838e+02 1.624574628091417239e+01
5.765932649858943932e+02 1.747136677685193362e+01
6.700187503509590670e+02 1.835984850415028546e+01
7.785819798516770334e+02 1.956591122621670209e+01
9.047357242349293074e+02 2.110818139435723140e+01
1.051330177026238516e+03 2.300807942757382918e+01
1.221677348996791807e+03 2.530285822847858057e+01
1.419625896474747606e+03 2.804094657046720229e+01
1.649648074098020743e+03 3.128194909771904264e+01
1.916940776533455619e+03 3.509664632519707084e+01
2.227542951999556408e+03 3.957630786430090808e+01
2.588472040318301424e+03 4.480661539103835622e+01
3.007882518043099026e+03 5.091609141942114292e+01
3.495250132675475925e+03 5.803884639885276897e+01
4.061585988376979458e+03 6.633879310082643599e+01
4.719685320018227685e+03 7.599847074814138637e+01
5.484416576121015169e+03 8.723394617594777856e+01
6.373057341948973772e+03 1.003022644122689826e+02
7.405684692262441786e+03 1.155014486780017506e+02
8.605628792983370658e+03 1.331742256771773327e+02
1.000000000000000000e+04 1.537154761774837937e+02
