1.000000000000000021e-02 8.205871364170311608e+02
1.105295141126021521e-02 6.323556700986624719e+02
1.221677348996791888e-02 5.043546967235207035e+02
1.350314037869872891e-02 4.149477304545044376e+02
1.492495545051829124e-02 3.512899704709648745e+02
1.649648074098020514e-02 3.052155805203318550e+02
1.823348000868441413e-02 2.714644507537781806e+02
2.015337685941732959e-02 2.467285234193503527e+02
2.227542951999557375e-02 2.286385139109194142e+02
2.462092401494625493e-02 2.156745038019120670e+02
2.721338768375307360e-02 2.067338071750104405e+02
3.007882518043098960e-02 1.969288432075082937e+02
3.324597932270941664e-02 1.808355892790853829e+02
3.674661940736687754e-02 1.692126836641132854e+02
4.061585988376979761e-02 1.610766497336327916e+02
4.489251258218605184e-02 1.557420340795814866e+02
4.961947603002903051e-02 1.527319995485246125e+02
5.484416576121017850e-02 1.516591159532964070e+02
6.061898993497571997e-02 1.523445693613588503e+02
6.700187503509590081e-02 1.546393481622636159e+02
7.405684692262434754e-02 1.577387896595895427e+02
8.185467307069028975e-02 1.550267783494293496e+02
9.047357242349297890e-02 1.542817202971875759e+02
1.000000000000000056e-01 1.553248015703260592e+02
1.105295141126021452e-01 1.579474059142172280e+02
1.221677348996791784e-01 1.620899286846816381e+02
1.350314037869872752e-01 1.677523698817193463e+02
1.492495545051829020e-01 1.556228247912227971e+02
1.649648074098020722e-01 1.459147183705121051e+02
1.823348000868441343e-01 1.391495912561565831e+02
2.015337685941733237e-01 1.347686499089747940e+02
2.227542951999557652e-01 1.180495472166687279e+02
2.462092401494625493e-01 1.015986654231697344e+02
2.721338768375307082e-01 8.964793426521120523e+01
3.007882518043099029e-01 8.091585389293729236e+01
3.324597932270940137e-01 7.453815696574746141e+01
3.674661940736688170e-01 6.997467639576642284e+01
4.061585988376979484e-01 6.681563025426119395e+01
4.489251258218605600e-01 6.478907235216348681e+01
4.961947603002903051e-01 6.370873817641287218e+01
5.484416576121018405e-01 6.098182570520788204e+01
6.061898993497571997e-01 5.816550626773387478e+01
6.700187503509587028e-01 5.634011403974145793e+01
7.405684692262434199e-01 5.534918683025985331e+01
8.185467307069028697e-01 5.508096593145280906e+01
9.047357242349297612e-01 5.543859379652887043e+01
1.000000000000000000e+00 5.639226810339837925e+01
1.105295141126021008e+00 5.790473594944923974e+01
1.221677348996791812e+00 5.996109617363661215e+01
1.350314037869873474e+00 6.256879935648291990e+01
1.492495545051829131e+00 6.574274665903300274e+01
1.649648074098020611e+00 6.950528982285409541e+01
1.823348000868440399e+00 7.388623117003588447e+01
2.015337685941732904e+00 7.891909831292926469e+01
2.227542951999556209e+00 8.468584763728081555e+01
2.462092401494625715e+00 9.119765501387415441e+01
2.721338768375308526e+00 9.855882857002316655e+01
3.007882518043099029e+00 1.068140717888623357e+02
3.324597932270941580e+00 1.160676927977055328e+02
3.674661940736688059e+00 1.263941974017769070e+02
4.061585988376979373e+00 1.316543072506040346e+02
4.489251258218603269e+00 1.340831965009123223e+02
4.961947603002903051e+00 1.376743763127177829e+02
5.484416576121015297e+00 1.424129455249756688e+02
6.061898993497572441e+00 1.482989041376858665e+02
6.700187503509590137e+00 1.553546038924157529e+02
7.405684692262434865e+00 1.636098471112549078e+02
8.185467307069028919e+00 1.731167878578603450e+02
9.047357242349292505e+00 1.839946354205906403e+02
1.000000000000000000e+01 1.963029944436252094e+02
