1.000000000000000021e-02 6.310443679267168591e+02
1.105295141126021521e-02 5.026261620423197769e+02
1.221677348996791888e-02 4.131595911291240668e+02
1.350314037869872891e-02 3.494422265014052300e+02
1.492495545051829124e-02 3.034274411949514842e+02
1.649648074098020514e-02 2.699147300051153024e+02
1.823348000868441413e-02 2.453874189253151314e+02
2.015337685941732959e-02 2.275954326377809025e+02
2.227542951999557375e-02 2.149592480717599585e+02
2.462092401494625493e-02 2.064357839541137025e+02
2.721338768375307360e-02 2.011905752663314217e+02
3.007882518043098960e-02 1.987765871770679951e+02
3.324597932270941664e-02 1.988063894991576603e+02
3.674661940736687754e-02 2.008627497233450185e+02
4.061585988376979761e-02 1.928161227591335489e+02
4.489251258218605184e-02 1.878987396143376998e+02
4.961947603002903051e-02 1.856039608134329058e+02
5.484416576121017850e-02 1.856039608134329058e+02
6.061898993497571997e-02 1.876305187155306271e+02
6.700187503509590081e-02 1.915644252313673235e+02
7.405684692262434754e-02 1.972864710725843622e+02
8.185467307069028975e-02 1.990746103979647046e+02
9.047357242349297890e-02 1.999686800606548900e+02
1.000000000000000056e-01 2.029191099475324336e+02
1.105295141126021452e-01 2.078364930923283111e+02
1.221677348996791784e-01 2.106975160129368305e+02
1.350314037869872752e-01 1.904915416361391465e+02
1.492495545051829020e-01 1.450951545130461398e+02
1.649648074098020722e-01 1.128341408509760981e+02
1.823348000868441343e-01 9.078042250461874119e+01
2.015337685941733237e-01 7.535772082321344101e+01
2.227542951999557652e-01 6.433458694029599201e+01
2.462092401494625493e-01 5.636246578130870688e+01
2.721338768375307082e-01 5.053611181277781839e+01
3.007882518043099029e-01 4.628928091499953723e+01
3.324597932270940137e-01 4.321964173976331836e+01
3.674661940736688170e-01 4.105897338826208909e+01
4.061585988376979484e-01 3.963591250848024572e+01
4.489251258218605600e-01 3.880889807049184270e+01
4.961947603002903051e-01 3.848852310802787713e+01
5.484416576121018405e-01 3.863008413795381557e+01
6.061898993497571997e-01 3.918142709661275092e+01
6.700187503509587028e-01 4.012020024243741290e+01
7.405684692262434199e-01 4.144640357542782994e+01
8.185467307069028697e-01 4.314513593453914098e+01
9.047357242349297612e-01 4.361452250745147552e+01
1.000000000000000000e+00 4.412116198297589875e+01
1.105295141126021008e+00 4.508228687036782389e+01
1.221677348996791812e+00 4.646809484753757147e+01
1.350314037869873474e+00 4.827858591448514858e+01
1.492495545051829131e+00 5.052121065173297865e+01
1.649648074098020611e+00 5.321087022032588720e+01
1.823348000868440399e+00 5.636991636183113030e+01
2.015337685941732904e+00 6.002815139833837321e+01
2.227542951999556209e+00 6.422282823245971883e+01
2.462092401494625715e+00 6.900610092785208849e+01
2.721338768375308526e+00 7.441522238712757087e+01
3.007882518043099029e+00 8.051352254472671177e+01
3.324597932270941580e+00 8.736805662535130068e+01
3.674661940736688059e+00 9.505705572448670182e+01
4.061585988376979373e+00 1.036550256473570926e+02
4.489251258218603269e+00 1.132662745212763582e+02
4.961947603002903051e+00 1.239802093125134661e+02
5.484416576121015297e+00 1.359160393094271626e+02
6.061898993497572441e+00 1.491855232198536214e+02
6.700187503509590137e+00 1.639376726542413110e+02
7.405684692262434865e+00 1.803289498035609597e+02
8.185467307069028919e+00 1.985083662782609508e+02
9.047357242349292505e+00 2.186845383329689696e+02
1.000000000000000000e+01 2.410362799002230076e+02
