3.162277660168379412e-01 1.188937952351988958e+00
3.674661940736689281e-01 7.752561103767947603e-01
4.270067916167659128e-01 5.386128672995256217e-01
4.961947603002903051e-01 3.969936297132516945e-01
5.765932649858945824e-01 3.094493085748399874e-01
6.700187503509588138e-01 2.541956870052672346e-01
7.785819798516769863e-01 2.193584022969298497e-01
9.047357242349296502e-01 1.981126062759721862e-01
1.051330177026238211e+00 1.864128665493626769e-01
1.221677348996791812e+00 1.819308767038455565e-01
1.419625896474748350e+00 1.832405490613018550e-01
1.649648074098020167e+00 1.895269763770920657e-01
1.916940776533455626e+00 2.004409126892278126e-01
2.227542951999557541e+00 2.159532541675434902e-01
2.588472040318300582e+00 2.362095199628674869e-01
3.007882518043099473e+00 2.613552292260283294e-01
3.495250132675474131e+00 2.922780487770796909e-01
4.061585988376979373e+00 3.298219896908267113e-01
4.719685320018228047e+00 3.750493417683173347e-01
5.484416576121017961e+00 4.292988811971735763e-01
6.373057341948979548e+00 4.941422148063429609e-01
7.405684692262434865e+00 5.714419877264299563e-01
8.605628792983365472e+00 6.624496646545594558e-01
1.000000000000000000e+01 7.412628367432625431e-01
1.162030136386260892e+01 8.370726456487317391e-01
1.350314037869872941e+01 9.526730590668739396e-01
1.569105605590211816e+01 1.091323705976247060e+00
1.823348000868441332e+01 1.256924499619053615e+00
2.118785326128771018e+01 1.435505601515760565e+00
2.462092401494625449e+01 1.594994590823771485e+00
2.861025569104377908e+01 1.789641006971942172e+00
3.324597932270941669e+01 2.024567124069435398e+00
3.863282988666283302e+01 2.306525030714691837e+00
4.489251258218602914e+01 2.643081722750793894e+00
5.216645251859961974e+01 3.044016087113413427e+00
6.061898993497572263e+01 3.519921917982864912e+00
7.044109314173721259e+01 4.083372069990727660e+00
8.185467307069029630e+01 4.749966196105814831e+00
9.511759691218703949e+01 5.536933763786218599e+00
1.105295141126021008e+02 6.462668393696657354e+00
1.284386263589742896e+02 7.549521827404386265e+00
1.492495545051829140e+02 8.824502419303172474e+00
1.734324801772463900e+02 1.031694683020003112e+01
2.015337685941733241e+02 1.205852002731524308e+01
2.341883126059243523e+02 1.409252850993536477e+01
2.721338768375305790e+02 1.646367576119489939e+01
3.162277660168379612e+02 1.922690981244668151e+01
3.674661940736688166e+02 2.054193727465345987e+01
4.270067916167655540e+02 2.040037624472751787e+01
4.961947603002902838e+02 2.071330062666907779e+01
5.765932649858943932e+02 2.142855635682120763e+01
6.700187503509590670e+02 2.253124227413907477e+01
7.785819798516770334e+02 2.402508366888388736e+01
9.047357242349293074e+02 2.592870699236169330e+01
1.051330177026238516e+03 2.827563985692336956e+01
1.221677348996791807e+03 3.110686045544222011e+01
1.419625896474747606e+03 3.448197343209758259e+01
1.649648074098020743e+03 3.848107252750545371e+01
1.916940776533455619e+03 4.318238883715122967e+01
2.227542951999556408e+03 4.869581842374056180e+01
2.588472040318301424e+03 5.514802115615457723e+01
3.007882518043099026e+03 6.267310748379676966e+01
3.495250132675475925e+03 7.144989133920520885e+01
4.061585988376979458e+03 8.167581310622392721e+01
4.719685320018227685e+03 9.358184078104793002e+01
5.484416576121015169e+03 1.074250193917006300e+02
6.373057341948973772e+03 1.235331744811683876e+02
7.405684692262441786e+03 1.422639339145273141e+02
8.605628792983370658e+03 1.640270796205103068e+02
1.000000000000000000e+04 1.893292510746419453e+02
