3.162277660168379134e-02 7.589559343355892906e+02
3.530417660538831548e-02 6.241302292019128117e+02
3.941415080287675315e-02 5.296270658555625914e+02
4.400259212602089520e-02 4.623930272212624004e+02
4.912520184673455081e-02 4.008214297839998608e+02
5.484416576121017850e-02 3.293554614129662355e+02
6.122890909288016686e-02 2.796898916505277271e+02
6.835693927822929228e-02 2.446423608730733292e+02
7.631478686643580756e-02 2.197574219281971466e+02
8.519905595487022032e-02 2.022038542173802966e+02
9.511759691218703294e-02 1.901339137710630780e+02
1.061908156252536900e-01 1.822959030614793221e+02
1.185531351634873803e-01 1.779149617142975046e+02
1.323546276044391679e-01 1.764248456098139002e+02
1.477628358301314171e-01 1.709710206674039341e+02
1.649648074098020167e-01 1.493643371523916414e+02
1.841693652593244523e-01 1.310284584867209503e+02
2.056096426419194712e-01 1.176770181905478267e+02
2.295459132837373295e-01 8.508817898549138192e+01
2.562687509604298919e-01 6.436438926238565728e+01
2.861025569104377331e-01 5.000712059568613910e+01
3.194094978959385878e-01 3.948690089803189096e+01
3.565939027174543918e-01 3.238090972477570517e+01
3.981071705534971472e-01 2.748587832154705879e+01
4.444532507099246965e-01 2.340296019526198279e+01
4.961947603002900276e-01 1.844553018015809087e+01
5.539598141226161898e-01 1.510394481585361071e+01
6.184496496437186241e-01 1.279985278929583714e+01
6.904471396543906403e-01 1.118493946106172920e+01
7.708262959346177112e-01 1.004500064113177160e+01
8.605628792983366360e-01 9.246391541385090562e+00
9.607462448181176562e-01 8.699705195552670745e+00
1.072592566024592520e+00 8.347665265868418061e+00
1.197459598615466358e+00 8.152087527154943558e+00
1.336863162897809154e+00 8.086894947583788351e+00
1.492495545051829131e+00 8.134392398414201253e+00
1.666246040597821887e+00 8.285266653993165420e+00
1.860223889453220592e+00 8.533929778928868615e+00
2.076783880999303999e+00 8.594465745673515400e+00
2.318554939989653896e+00 8.698773872987368705e+00
2.588472040318300138e+00 8.908321450180375578e+00
2.889811834063971574e+00 9.220314509556628124e+00
3.226232428328361657e+00 9.633356067268177725e+00
3.601817792738369217e+00 1.014930876844562313e+01
4.021127336696125987e+00 1.077329488719813533e+01
4.489251258218603269e+00 1.151276500404812353e+01
5.011872336272719330e+00 1.237703234464861346e+01
5.595334916732480401e+00 1.337541013465262907e+01
6.246721929411505947e+00 1.452279953510500476e+01
6.973940871117343399e+00 1.583410170705057496e+01
7.785819798516762091e+00 1.732794310179539110e+01
8.692214496115088451e+00 1.659778621059842507e+01
9.704128120312613959e+00 1.412233083202503714e+01
1.083384477195432360e+01 1.237516969951800938e+01
1.209507861887348312e+01 1.113464804253540841e+01
1.350314037869872230e+01 1.026106747628189453e+01
1.507512318293853681e+01 9.659433099096641939e+00
1.683011007863576580e+01 9.269674605517646881e+00
1.878940568655332299e+01 9.050813802671619612e+00
2.097679482810011820e+01 8.975376674882136641e+00
2.341883126059243736e+01 9.023805448277853358e+00
2.614516002594537980e+01 9.186786897205747593e+00
2.918887732593875128e+01 9.458267424991353423e+00
3.258693229275402814e+01 9.834521741373464465e+00
3.638057553206641614e+01 1.031694683020003112e+01
4.061585988376975820e+01 1.090926798173226331e+01
4.534419947930706485e+01 1.161893577649258091e+01
5.062299388226948338e+01 1.245153814987279439e+01
5.651632488900333584e+01 1.342197626291774348e+01
6.309573444801932851e+01 1.453770069614984095e+01
