1.000000000000000021e-02 5.182425788173079582e+02
1.142802059810032675e-02 3.899137798991798718e+02
1.305996547906053407e-02 3.090302777478098619e+02
1.492495545051829124e-02 2.564142780984938099e+02
1.705626983142527822e-02 2.216051658977567911e+02
1.949194029602852388e-02 1.985381686003506161e+02
2.227542951999557375e-02 1.836072052334249065e+02
2.545640673860415093e-02 1.746069039623439210e+02
2.909163405623881732e-02 1.701663579709827729e+02
3.324597932270941664e-02 1.694809045629203297e+02
3.799357365039405382e-02 1.720141019405424458e+02
4.341913422721453003e-02 1.775275315271317709e+02
4.961947603002903051e-02 1.859019840343296437e+02
5.670523941381171856e-02 1.971672617842256727e+02
6.480286440412508231e-02 2.115021787093579917e+02
7.405684692262434754e-02 2.291153510643541722e+02
8.463231720621142151e-02 2.485464650668203603e+02
9.671798642975443228e-02 2.009223543675243775e+02
1.105295141126021452e-01 1.700471486826240834e+02
1.263133563976838181e-01 1.499007789500057584e+02
1.443511638727918156e-01 1.370485275488346986e+02
1.649648074098020722e-01 1.294936388991028196e+02
1.885221217040871367e-01 1.150842161687463516e+02
2.154434690031883370e-01 9.159998636208473499e+01
2.462092401494625493e-01 6.430478461820631253e+01
2.813684267870688038e-01 4.095466526094823223e+01
3.215484176977705943e-01 2.811545237569138322e+01
3.674661940736689836e-01 2.063506953118368870e+01
4.199411234979421037e-01 1.606879499350674223e+01
4.799095809323873363e-01 1.317610710567794818e+01
5.484416576121018405e-01 1.130042345915921054e+01
6.267602560047386140e-01 9.224039799817836283e+00
7.162629115692786819e-01 7.807498177993111632e+00
8.185467307069028697e-01 6.881763548082671100e+00
9.354368899026167528e-01 6.284785783723926933e+00
1.069019204603001150e+00 5.917844692994838951e+00
1.221677348996791812e+00 5.725060921977274120e+00
1.396135390856794611e+00 5.670112890624441349e+00
1.595506400444828943e+00 5.731580179934389285e+00
1.823348000868440399e+00 5.897355596558190527e+00
2.083725851142959939e+00 6.162782527669331323e+00
2.381286194765587005e+00 6.526929650702512298e+00
2.721338768375308526e+00 6.994453578484242762e+00
3.109951549940198401e+00 6.400269781821406490e+00
3.554059037181064529e+00 4.454504112263676596e+00
4.061585988376979373e+00 3.296404502310324336e+00
4.641588833612777520e+00 2.576492159331682519e+00
5.304417279843931965e+00 2.113741259697126562e+00
6.061898993497572441e+00 1.810595764691243170e+00
6.927550656129392692e+00 1.611292735716560953e+00
7.916819159263009276e+00 1.483235882987501197e+00
9.047357242349303164e+00 1.406867432632716186e+00
1.033933849239399372e+01 1.370080191303277406e+00
1.181581732618100844e+01 1.365423578476766320e+00
1.350314037869873474e+01 1.388706642609322417e+00
1.543141663868093083e+01 1.437601077287690599e+00
1.763505472047138767e+01 1.511408390587894335e+00
2.015337685941733170e+01 1.610594243792584201e+00
2.303132058706995977e+01 1.736322790108388414e+00
2.632024060704877400e+01 1.890922335948562294e+00
3.007882518043098941e+01 2.077652510291664090e+00
3.437414337286242727e+01 2.300005772757576672e+00
3.928284185071254342e+01 2.562987982134799836e+00
4.489251258218607887e+01 2.871721412532497020e+00
5.130325584897003210e+01 3.234005890435073027e+00
5.862946645916402133e+01 3.656360673799645244e+00
6.700187503509590670e+01 4.149030310844536551e+00
7.656988080124196472e+01 4.721095196581444497e+00
8.750421749906803370e+01 5.385128185641951504e+00
1.000000000000000000e+02 6.153469302016309150e+00
