1.000000000000000021e-02 6.310443679267168591e+02
1.142802059810032675e-02 4.693071659460663341e+02
1.305996547906053407e-02 3.683965033504366602e+02
1.492495545051829124e-02 3.034274411949514842e+02
1.705626983142527822e-02 2.608548240898549579e+02
1.949194029602852388e-02 2.329002459697425422e+02
2.227542951999557375e-02 2.149592480717599585e+02
2.545640673860415093e-02 2.043496214078366791e+02
2.909163405623881732e-02 1.993130289746820836e+02
3.324597932270941664e-02 1.988063894991576603e+02
3.799357365039405382e-02 1.977931105481088139e+02
4.341913422721453003e-02 1.892398441083729210e+02
4.961947603002903051e-02 1.856337631355225994e+02
5.670523941381171856e-02 1.860807979668676637e+02
6.480286440412508231e-02 1.900445068047940822e+02
7.405684692262434754e-02 1.973162733946740559e+02
8.463231720621142151e-02 1.991938196863233941e+02
9.671798642975443228e-02 2.018164240302145345e+02
1.105295141126021452e-01 2.080451093469559964e+02
1.263133563976838181e-01 2.087901673991977987e+02
1.443511638727918156e-01 1.583646384234726270e+02
1.649648074098020722e-01 1.126851292405277434e+02
1.885221217040871367e-01 8.532659756220876091e+01
2.154434690031883370e-01 6.827594403665513312e+01
2.462092401494625493e-01 5.739809647392481651e+01
2.813684267870688038e-01 4.839779520284383807e+01
3.215484176977705943e-01 3.581935263587161700e+01
3.674661940736689836e-01 2.745607599945738642e+01
4.199411234979421037e-01 2.102995029887184231e+01
4.799095809323873363e-01 1.698149110750295065e+01
5.484416576121018405e-01 1.436447469900362250e+01
6.267602560047386140e-01 1.265456646910868699e+01
7.162629115692786819e-01 1.155188055179081985e+01
8.185467307069028697e-01 1.087574036938138278e+01
9.354368899026167528e-01 1.051811250430531786e+01
1.069019204603001150e+00 1.041194173186086047e+01
1.221677348996791812e+00 1.051997514943592194e+01
1.396135390856794611e+00 1.081986101546324797e+01
1.595506400444828943e+00 1.130042345915921054e+01
1.823348000868440399e+00 1.195979983539320379e+01
2.083725851142959939e+00 1.280730336981825523e+01
2.381286194765587005e+00 1.385410993321798756e+01
2.721338768375308526e+00 1.511884597689844689e+01
3.109951549940198401e+00 1.662386324242688573e+01
3.554059037181064529e+00 1.840268934215418639e+01
4.061585988376979373e+00 2.048605792073532683e+01
4.641588833612777520e+00 2.292239775156602022e+01
5.304417279843931965e+00 2.576106893060728709e+01
6.061898993497572441e+00 2.905795081177726402e+01
6.927550656129392692e+00 2.706119523176923281e+01
7.916819159263009276e+00 1.915985458774492045e+01
9.047357242349303164e+00 1.441290347239934100e+01
1.033933849239399372e+01 1.143453390856273444e+01
1.181581732618100844e+01 9.506696198387070140e+00
1.350314037869873474e+01 8.239631848293354821e+00
1.543141663868093083e+01 7.405166829782537263e+00
1.763505472047138767e+01 6.872450322429648928e+00
2.015337685941733170e+01 6.560457263053393717e+00
2.303132058706995977e+01 6.419827555692753762e+00
2.632024060704877400e+01 6.419827555692753762e+00
3.007882518043098941e+01 6.542762134312650524e+00
3.437414337286242727e+01 6.779318065899423651e+00
3.928284185071254342e+01 7.128564027887767551e+00
4.489251258218607887e+01 7.590500020277684889e+00
5.130325584897003210e+01 8.171645301026291719e+00
5.862946645916402133e+01 8.883175740917213403e+00
6.700187503509590670e+01 9.624042841615155552e+00
7.656988080124196472e+01 1.048272224682383147e+01
8.750421749906803370e+01 1.150717706865631129e+01
1.000000000000000000e+02 1.271417111328803173e+01
