3.162277660168379134e-02 8.925895465856789315e+02
3.437414337286241045e-02 6.789665018469095230e+02
3.736489516721269721e-02 5.313556005367636317e+02
4.061585988376979761e-02 4.269878685787319341e+02
4.414967757076887489e-02 3.515283890476822535e+02
4.799095809323872946e-02 2.960215641556679884e+02
5.216645251859962362e-02 2.545665341289341086e+02
5.670523941381171856e-02 2.231548866464197545e+02
6.163892735146683094e-02 1.991342150421440635e+02
6.700187503509590081e-02 1.806567753465473629e+02
7.283143057666745246e-02 1.664112653876840682e+02
7.916819159263009664e-02 1.554142085365950834e+02
8.605628792983370523e-02 1.470472066099196411e+02
9.354368899026167805e-02 1.407887189710885139e+02
1.016825377948150644e-01 1.362885683355480637e+02
1.105295141126021452e-01 1.332487314824014959e+02
1.201462291846031316e-01 1.315052956401557083e+02
1.305996547906053407e-01 1.308943480373173998e+02
1.419625896474748517e-01 1.173342914865165909e+02
1.543141663868093649e-01 1.052196475570648886e+02
1.677404026426158323e-01 9.589152074299751405e+01
1.823348000868441343e-01 8.872406228043136878e+01
1.981989955845199214e-01 8.324043501593170902e+01
2.154434690031883926e-01 7.908301108442246630e+01
2.341883126059244868e-01 7.602827307023106584e+01
2.545640673860414815e-01 7.388623117003588447e+01
2.767126321678177181e-01 6.463261016119271574e+01
3.007882518043099584e-01 5.613894836563616764e+01
3.269585913541653843e-01 4.968674563322215931e+01
3.554059037181062641e-01 4.473956016633658805e+01
3.863282988666283391e-01 4.093231351938098328e+01
4.199411234979421037e-01 3.801168595459311916e+01
4.564784607342344258e-01 3.577837444299832015e+01
4.961947603002903051e-01 3.410199382545426516e+01
5.393666105372006969e-01 3.288382391003892735e+01
5.862946645916405908e-01 3.204935889152810091e+01
6.373057341948979992e-01 3.154271941600367413e+01
6.927550656129388695e-01 3.133037787111475936e+01
7.530288136174587699e-01 3.137508135424926792e+01
8.185467307069028697e-01 3.166565399462357178e+01
8.897650903054697968e-01 3.217974405067041488e+01
9.671798642975448779e-01 3.291735152238980078e+01
1.051330177026238655e+00 3.387102582925930960e+01
1.142802059810032578e+00 3.504076697127893425e+01
1.242232532124357691e+00 3.643402552897110525e+01
1.350314037869873474e+00 3.805638943772762417e+01
1.467799267622069692e+00 3.991158398780971339e+01
1.595506400444828943e+00 4.202009827565401423e+01
1.734324801772465507e+00 4.440428404282777564e+01
1.885221217040871311e+00 4.591675188887864323e+01
2.049246504200854080e+00 4.551442054066806264e+01
2.227542951999557541e+00 4.549206879910081369e+01
2.421352234995232777e+00 4.582734492260962611e+01
2.632024060704877488e+00 4.649044658910482752e+01
2.861025569104377997e+00 4.747392321806400872e+01
3.109951549940198401e+00 4.876287364844232286e+01
3.380535549007040341e+00 5.035729788023978415e+01
3.674661940736691612e+00 5.227209707450121101e+01
3.994379051172821438e+00 5.449982065070420845e+01
4.341913422721453308e+00 5.705536976989358777e+01
4.719685320018228047e+00 5.996109617363661215e+01
5.130325584897002855e+00 6.321699986193328158e+01
5.576693957839359506e+00 6.686033373739570607e+01
6.061898993497572441e+00 7.090599896106868982e+01
6.589319708984723967e+00 7.538752314530310628e+01
7.162629115692790371e+00 8.031980745114384490e+01
7.785819798516770085e+00 8.574383007146417413e+01
8.463231720621141818e+00 9.170429448939859185e+01
9.199582447383766848e+00 9.823100302703677755e+01
1.000000000000000000e+01 1.053686591675132433e+02
