3.162277660168379134e-02 1.051495527967810631e+03
3.530417660538831548e-02 7.905463957506416364e+02
3.941415080287675315e-02 6.191234390908479099e+02
4.400259212602089520e-02 5.032818131282925265e+02
4.912520184673455081e-02 4.229943574187159356e+02
5.484416576121017850e-02 3.664891547366976283e+02
6.122890909288016686e-02 3.262560199156403087e+02
6.835693927822929228e-02 2.976308895485103108e+02
7.631478686643580756e-02 2.776335314263403689e+02
8.519905595487022032e-02 2.641628818418084848e+02
9.511759691218703294e-02 2.559076386229693583e+02
1.061908156252536900e-01 2.519737321071326335e+02
1.185531351634873803e-01 2.407084543572366329e+02
1.323546276044391679e-01 2.185355267225206148e+02
1.477628358301314171e-01 1.970480524958669832e+02
1.649648074098020167e-01 1.821766937731206326e+02
1.841693652593244523e-01 1.479859797557443244e+02
2.056096426419194712e-01 1.227583141068369201e+02
2.295459132837373295e-01 9.285168388985096044e+01
2.562687509604298919e-01 6.676347619060426553e+01
2.861025569104377331e-01 4.857660913538187231e+01
3.194094978959385878e-01 3.608384824441746019e+01
3.565939027174543918e-01 2.800369366785511005e+01
3.981071705534971472e-01 2.261692395014688373e+01
4.444532507099246965e-01 1.893261188181116594e+01
4.961947603002900276e-01 1.636868085953407004e+01
5.539598141226161898e-01 1.456377772797830517e+01
6.184496496437186241e-01 1.329531639403663590e+01
6.904471396543906403e-01 1.241801053752191386e+01
7.708262959346177112e-01 1.183872790190391200e+01
8.605628792983366360e-01 1.149413855274207918e+01
9.607462448181176562e-01 1.134140165203250739e+01
1.072592566024592520e+00 1.135257752281613541e+01
1.197459598615466358e+00 1.085152598268352619e+01
1.336863162897809154e+00 1.042684289290569666e+01
1.492495545051829131e+00 1.019214960644952761e+01
1.666246040597821887e+00 1.011764380122534845e+01
1.860223889453220592e+00 1.018469902592710952e+01
2.076783880999303999e+00 1.038027676464058402e+01
2.318554939989653896e+00 1.069692643684335032e+01
2.588472040318300138e+00 1.113092275227419847e+01
2.889811834063971574e+00 1.168599100119434375e+01
3.226232428328361657e+00 1.236399382873438313e+01
3.601817792738369217e+00 1.317424446054734233e+01
4.021127336696125987e+00 1.412419347715564122e+01
4.489251258218603269e+00 1.439241437596269080e+01
5.011872336272719330e+00 1.451534895458258667e+01
5.595334916732480401e+00 1.481709746574051678e+01
6.246721929411505947e+00 1.528834668378345540e+01
6.973940871117343399e+00 1.592723396358080024e+01
7.785819798516762091e+00 1.673375930513255483e+01
8.692214496115088451e+00 1.771723593409173247e+01
9.704128120312613959e+00 1.888790839867665738e+01
1.083384477195432360e+01 1.820152366804889965e+01
1.209507861887348312e+01 1.546902326145209194e+01
1.350314037869872230e+01 1.353932290614582534e+01
1.507512318293853681e+01 1.217214138028211856e+01
1.683011007863576580e+01 1.120542855749837940e+01
1.878940568655332299e+01 1.054046424587257214e+01
2.097679482810011820e+01 1.010833057557232628e+01
2.341883126059243736e+01 9.862461418332532759e+00
2.614516002594537980e+01 9.773054452063515640e+00
2.918887732593875128e+01 9.821483225459232358e+00
3.258693229275402814e+01 9.994709222605452581e+00
3.638057553206641614e+01 1.028341921784914881e+01
4.061585988376975820e+01 1.068761321119032814e+01
4.534419947930706485e+01 1.120915384775958934e+01
5.062299388226948338e+01 1.184804112755693417e+01
5.651632488900333584e+01 1.261358827623538659e+01
6.309573444801932851e+01 1.351324587431736290e+01
