3.162277660168379134e-02 1.243005249716043409e+03
3.437414337286241045e-02 1.025627112393975267e+03
3.736489516721269721e-02 8.567075507897137641e+02
4.061585988376979761e-02 7.135371954709290776e+02
4.414967757076887489e-02 6.072025102549790745e+02
4.799095809323872946e-02 5.270640661558508100e+02
5.216645251859962362e-02 4.659097012278437546e+02
5.670523941381171856e-02 4.189412416145204929e+02
6.163892735146683094e-02 3.826420133092998412e+02
6.700187503509590081e-02 3.545682259008288497e+02
7.283143057666745246e-02 3.329317400637268634e+02
7.916819159263009664e-02 3.096859288337826115e+02
8.605628792983370523e-02 2.901803090260922886e+02
9.354368899026167805e-02 2.753685549475252401e+02
1.016825377948150644e-01 2.613912658874690464e+02
1.105295141126021452e-01 2.448509771277010145e+02
1.201462291846031316e-01 2.232144912905990850e+02
1.305996547906053407e-01 1.930545413358509279e+02
1.419625896474748517e-01 1.701663579709827729e+02
1.543141663868093649e-01 1.526425925822555882e+02
1.677404026426158323e-01 1.391793935782462484e+02
1.823348000868441343e-01 1.261408776640146954e+02
1.981989955845199214e-01 1.087214204026013533e+02
2.154434690031883926e-01 9.426729418911040170e+01
2.341883126059244868e-01 8.330003966011105376e+01
2.545640673860414815e-01 7.489578483082352989e+01
2.767126321678177181e-01 6.842495564710348788e+01
3.007882518043099584e-01 6.313504347618668788e+01
3.269585913541653843e-01 5.825491323400289190e+01
3.554059037181062641e-01 5.450727123122662476e+01
3.863282988666283391e-01 5.166860005218535434e+01
4.199411234979421037e-01 4.956753634486346982e+01
4.564784607342344258e-01 4.807742024037986539e+01
4.961947603002903051e-01 4.710884477246553104e+01
5.393666105372006969e-01 4.659475471641868438e+01
5.862946645916405908e-01 4.555912402380257475e+01
6.373057341948979992e-01 4.335375218916684759e+01
6.927550656129388695e-01 4.173697621580213024e+01
7.530288136174587699e-01 4.061193855691700350e+01
8.185467307069028697e-01 3.991158398780971339e+01
8.897650903054697968e-01 3.958375844482332440e+01
9.671798642975448779e-01 3.959120902534574071e+01
1.051330177026238655e+00 3.990413340728729708e+01
1.142802059810032578e+00 4.050763042960315374e+01
1.242232532124357691e+00 4.137934835072606887e+01
1.350314037869873474e+00 4.253418833170085378e+01
1.467799267622069692e+00 4.395724921148269715e+01
1.595506400444828943e+00 4.565598157059400819e+01
1.734324801772465507e+00 4.763783598955721033e+01
1.885221217040871311e+00 4.991771362941712198e+01
2.049246504200854080e+00 5.251051565121858999e+01
2.227542951999557541e+00 5.543859379652887043e+01
2.421352234995232777e+00 5.871684922639280302e+01
2.632024060704877488e+00 6.236763368237763672e+01
2.861025569104377997e+00 6.642820006709546021e+01
3.109951549940198401e+00 7.092835070263593877e+01
3.380535549007040341e+00 7.590906378187237635e+01
3.674661940736691612e+00 8.139269104637203611e+01
3.994379051172821438e+00 8.742766126953064543e+01
4.341913422721453308e+00 9.407357909552753483e+01
4.719685320018228047e+00 1.013602468464523554e+02
5.130325584897002855e+00 1.093472691664844803e+02
5.576693957839359506e+00 1.181091518608480726e+02
6.061898993497572441e+00 1.246060580763965930e+02
6.589319708984723967e+00 1.312817782244831619e+02
7.162629115692790371e+00 1.387174575858563230e+02
7.785819798516770085e+00 1.469577996436506169e+02
8.463231720621141818e+00 1.560698596225678898e+02
9.199582447383766848e+00 1.660834398446976934e+02
1.000000000000000000e+01 1.770804966957867066e+02
