3.162277660168379134e-02 1.093218778893351555e+03
3.530417660538831548e-02 8.754234090620278721e+02
3.941415080287675315e-02 6.614427364581823667e+02
4.400259212602089520e-02 5.184213927498460635e+02
4.912520184673455081e-02 4.217426598909496533e+02
5.484416576121017850e-02 3.548662491217255024e+02
6.122890909288016686e-02 3.077785802200436365e+02
6.835693927822929228e-02 2.743254736743867284e+02
7.631478686643580756e-02 2.506326276130974122e+02
8.519905595487022032e-02 2.340923388533294371e+02
9.511759691218703294e-02 2.230654796801507587e+02
1.061908156252536900e-01 2.023826681499183167e+02
1.185531351634873803e-01 1.571129408957064015e+02
1.323546276044391679e-01 1.238460988631099440e+02
1.477628358301314171e-01 1.014794561348110449e+02
1.649648074098020167e-01 8.614616141967475471e+01
1.841693652593244523e-01 7.552163359470662840e+01
2.056096426419194712e-01 6.817163590934127626e+01
2.295459132837373295e-01 5.117686173770576374e+01
2.562687509604298919e-01 3.788502608571200625e+01
2.861025569104377331e-01 2.857738836808130145e+01
3.194094978959385878e-01 2.092191688129678084e+01
3.565939027174543918e-01 1.603526738115586170e+01
3.981071705534971472e-01 1.280916601494885931e+01
4.444532507099246965e-01 1.062055798648856531e+01
4.961947603002900276e-01 9.106693156589752647e+00
5.539598141226161898e-01 8.045916754710487950e+00
6.184496496437186241e-01 7.301790025033987774e+00
6.904471396543906403e-01 6.785837323856538816e+00
7.708262959346177112e-01 6.442179297260008042e+00
8.605628792983366360e-01 6.231700397501699129e+00
9.607462448181176562e-01 6.131117560449055759e+00
1.072592566024592520e+00 6.122735657361334738e+00
1.197459598615466358e+00 6.197241462585514782e+00
1.336863162897809154e+00 6.347184395599178686e+00
1.492495545051829131e+00 6.570701811271718817e+00
1.666246040597821887e+00 6.865931064472532874e+00
1.860223889453220592e+00 7.234734800332224935e+00
2.076783880999303999e+00 7.681769631677306975e+00
2.318554939989653896e+00 8.210760848768986264e+00
2.588472040318300138e+00 8.829159032129682672e+00
2.889811834063971574e+00 9.543949100999160606e+00
3.226232428328361657e+00 1.036537560359574783e+01
3.601817792738369217e+00 1.130601139455102455e+01
4.021127336696125987e+00 1.237889498977921932e+01
4.489251258218603269e+00 1.359706490519456601e+01
5.011872336272719330e+00 1.457867888902314135e+01
5.595334916732480401e+00 1.567391422581858862e+01
6.246721929411505947e+00 1.693865026949904973e+01
6.973940871117343399e+00 1.839151347137055836e+01
7.785819798516762091e+00 1.877614969084039132e+01
8.692214496115088451e+00 1.554539171180687873e+01
9.704128120312613959e+00 1.328972845864482188e+01
1.083384477195432360e+01 1.169530422684736592e+01
1.209507861887348312e+01 1.056467863257043049e+01
1.350314037869872230e+01 9.769329161802305705e+00
1.507512318293853681e+01 9.224971122383138322e+00
1.683011007863576580e+01 8.877587805525401166e+00
1.878940568655332299e+01 8.690391969899648572e+00
2.097679482810011820e+01 8.637306583677418104e+00
2.341883126059243736e+01 8.702499163248576863e+00
2.614516002594537980e+01 8.875725160394795310e+00
2.918887732593875128e+01 9.152327962289565022e+00
3.258693229275402814e+01 9.530910585084928499e+00
3.638057553206641614e+01 1.001147302878089285e+01
4.061585988376975820e+01 1.060006889005191688e+01
4.534419947930706485e+01 1.130042345915921054e+01
5.062299388226948338e+01 1.212371260688640007e+01
5.651632488900333584e+01 1.307924955888651297e+01
6.309573444801932851e+01 1.417821018594317195e+01
