3.162277660168379412e-01 1.180788879905594557e+00
3.674661940736689281e-01 7.636145783105164897e-01
4.270067916167659128e-01 5.227803836893872846e-01
4.961947603002903051e-01 3.764463256162707272e-01
5.765932649858945824e-01 2.837360746234480757e-01
6.700187503509588138e-01 2.229381734073103971e-01
7.785819798516769863e-01 1.821054996848397445e-01
9.047357242349296502e-01 1.544277571972633989e-01
1.051330177026238211e+00 1.357940299336769518e-01
1.221677348996791812e+00 1.237159404149133501e-01
1.419625896474748350e+00 1.166582615997322214e-01
1.649648074098020167e+00 1.136751190077484319e-01
1.916940776533455626e+00 1.141844360356480959e-01
2.227542951999557541e+00 1.178806224666914260e-01
2.588472040318300582e+00 1.246618148952984423e-01
3.007882518043099473e+00 1.345280133214692142e-01
3.495250132675474131e+00 1.476465647686563964e-01
4.061585988376979373e+00 1.642357479631027795e-01
4.719685320018228047e+00 1.847539482299180302e-01
5.484416576121017961e+00 2.095504115310904969e-01
6.373057341948979548e+00 2.393236297905968757e-01
7.405684692262434865e+00 2.750340294039051448e-01
8.605628792983365472e+00 3.177147963418974763e-01
1.000000000000000000e+01 3.686464991318643691e-01
1.162030136386260892e+01 4.292988811971735763e-01
1.350314037869872941e+01 5.015345876684296211e-01
1.569105605590211816e+01 5.874781981477280590e-01
1.823348000868441332e+01 6.896908496896503316e-01
2.118785326128771018e+01 8.111120291409315008e-01
2.462092401494625449e+01 9.553506114421179696e-01
2.861025569104377908e+01 1.126713963457732781e+00
3.324597932270941669e+01 1.330266151636606109e+00
3.863282988666283302e+01 1.571478696049889656e+00
4.489251258218602914e+01 1.857860384880332338e+00
5.216645251859961974e+01 2.197560290574328778e+00
6.061898993497572263e+01 2.599775223464239282e+00
7.044109314173721259e+01 3.076146715616341787e+00
8.185467307069029630e+01 3.638665545058902495e+00
9.511759691218703949e+01 4.302698534119408613e+00
1.105295141126021008e+02 5.084310997049323433e+00
1.284386263589742896e+02 6.003526369002646135e+00
1.492495545051829140e+02 7.081997899622655801e+00
1.734324801772463900e+02 8.343939975607208126e+00
2.015337685941733241e+02 9.819620580328628279e+00
2.341883126059243523e+02 1.154256732613779590e+01
2.721338768375305790e+02 1.355049877692945337e+01
3.162277660168379612e+02 1.588998106096870977e+01
3.674661940736688166e+02 1.861503088704310116e+01
4.270067916167655540e+02 2.178618422189727255e+01
4.961947603002902838e+02 2.547794687075540665e+01
5.765932649858943932e+02 2.956086499704048265e+01
6.700187503509590670e+02 3.120744329249486526e+01
7.785819798516770334e+02 3.338673809530213532e+01
9.047357242349293074e+02 3.613600230807438862e+01
1.051330177026238516e+03 3.950180205907673070e+01
1.221677348996791807e+03 4.355491786327213077e+01
1.419625896474747606e+03 4.837544346127658201e+01
1.649648074098020743e+03 5.406768698040395549e+01
1.916940776533455619e+03 6.075830828953534279e+01
2.227542951999556408e+03 6.860376957964152211e+01
2.588472040318301424e+03 7.777170891247688189e+01
3.007882518043099026e+03 8.845584138162432453e+01
3.495250132675475925e+03 1.009281131761521095e+02
4.061585988376979458e+03 1.154418440338224059e+02
4.719685320018227685e+03 1.323397606586665063e+02
5.484416576121015169e+03 1.519869414962827818e+02
6.373057341948973772e+03 1.748453225390612999e+02
7.405684692262441786e+03 2.014289938430488007e+02
8.605628792983370658e+03 2.323340018500387600e+02
1.000000000000000000e+04 2.682457999680936496e+02
