1.000000000000000021e-02 1.346478912011384864e+03
1.105295141126021521e-02 1.081655477922558930e+03
1.221677348996791888e-02 8.427600640517472357e+02
1.350314037869872891e-02 6.618003643232583499e+02
1.492495545051829124e-02 5.373756695988773799e+02
1.649648074098020514e-02 4.498164472994207586e+02
1.823348000868441413e-02 3.871719662669299851e+02
2.015337685941732959e-02 3.417532274022698289e+02
2.227542951999557375e-02 3.087322545269131524e+02
2.462092401494625493e-02 2.847860887278616815e+02
2.721338768375307360e-02 2.676795558483898390e+02
3.007882518043098960e-02 2.517055112083256176e+02
3.324597932270941664e-02 2.286683162330091079e+02
3.674661940736687754e-02 2.120684228290617170e+02
4.061585988376979761e-02 2.003263079257309300e+02
4.489251258218605184e-02 1.923988902498781499e+02
4.961947603002903051e-02 1.875709140713512966e+02
5.484416576121017850e-02 1.853357399146258615e+02
6.061898993497571997e-02 1.853655422367155268e+02
6.700187503509590081e-02 1.874219024609029418e+02
7.405684692262434754e-02 1.870344722737371796e+02
8.185467307069028975e-02 1.841138447089493297e+02
9.047357242349297890e-02 1.834879959450662170e+02
1.000000000000000056e-01 1.848589027611911320e+02
1.105295141126021452e-01 1.840840423868596645e+02
1.221677348996791784e-01 1.621495333288609686e+02
1.350314037869872752e-01 1.461382357861846515e+02
1.492495545051829020e-01 1.344557255270332234e+02
1.649648074098020722e-01 1.260365695367008385e+02
1.823348000868441343e-01 1.110012980424612721e+02
2.015337685941733237e-01 9.626404976911841516e+01
2.227542951999557652e-01 8.553521381683646041e+01
2.462092401494625493e-01 7.768230194620787188e+01
2.721338768375307082e-01 7.197143197577446472e+01
3.007882518043099029e-01 6.790341501053423201e+01
3.324597932270940137e-01 6.511689789514989002e+01
3.674661940736688170e-01 5.954386366438120604e+01
4.061585988376979484e-01 5.522997754190117092e+01
4.489251258218605600e-01 5.215288778614252152e+01
4.961947603002903051e-01 5.006672523986548384e+01
5.484416576121018405e-01 4.877032422896474628e+01
6.061898993497571997e-01 4.815192604560404988e+01
6.700187503509587028e-01 4.812212372351437750e+01
7.405684692262434199e-01 4.861386203799396100e+01
8.185467307069028697e-01 4.960478924747556562e+01
9.047357242349297612e-01 5.107255361039191399e+01
1.000000000000000000e+00 5.300225396569818059e+01
1.105295141126021008e+00 5.541624205496162148e+01
1.221677348996791812e+00 5.831451787818223664e+01
1.350314037869873474e+00 6.172688375744967715e+01
1.492495545051829131e+00 6.569059259537607431e+01
1.649648074098020611e+00 7.024289729457348130e+01
1.823348000868440399e+00 7.543222662843761839e+01
2.015337685941732904e+00 8.076684228248892339e+01
2.227542951999556209e+00 8.526699291802941616e+01
2.462092401494625715e+00 9.049730044476687851e+01
2.721338768375308526e+00 9.651736950688062677e+01
3.007882518043099029e+00 1.033868047485500483e+02
3.324597932270941580e+00 1.111801119749993063e+02
3.674661940736688059e+00 1.146371813374012731e+02
4.061585988376979373e+00 1.152034254571050411e+02
4.489251258218603269e+00 1.169170589772611919e+02
4.961947603002903051e+00 1.197184772536903523e+02
5.484416576121015297e+00 1.235629768032580529e+02
6.061898993497572441e+00 1.284505576259642794e+02
6.700187503509590137e+00 1.343663185607642276e+02
7.405684692262434865e+00 1.413847654128819613e+02
8.185467307069028919e+00 1.495133487628400246e+02
9.047357242349292505e+00 1.588414755769073849e+02
1.000000000000000000e+01 1.694212999187409991e+02
