1.000000000000000021e-02 1.161883328987956020e+03
1.142802059810032675e-02 8.407335061496495427e+02
1.305996547906053407e-02 6.439189710694550968e+02
1.492495545051829124e-02 5.184809973940253940e+02
1.705626983142527822e-02 4.365246116474270366e+02
1.949194029602852388e-02 3.821651761558650833e+02
2.227542951999557375e-02 3.419320413348078773e+02
2.545640673860415093e-02 2.853821351696551005e+02
2.909163405623881732e-02 2.482186395238339855e+02
3.324597932270941664e-02 2.238403400544821977e+02
3.799357365039405382e-02 2.083431325678527060e+02
4.341913422721453003e-02 1.994024359409511078e+02
4.961947603002903051e-02 1.955579363913834072e+02
5.670523941381171856e-02 1.948128783391416050e+02
6.480286440412508231e-02 1.936505877776443754e+02
7.405684692262434754e-02 1.963029944436252094e+02
8.463231720621142151e-02 1.980911337690055234e+02
9.671798642975443228e-02 1.988957964654266846e+02
1.105295141126021452e-01 2.035151563893258810e+02
1.263133563976838181e-01 2.092968068747222219e+02
1.443511638727918156e-01 1.732359971462190344e+02
1.649648074098020722e-01 1.312966793855279946e+02
1.885221217040871367e-01 7.125617624562234198e+01
2.154434690031883370e-01 4.209460408087819872e+01
2.462092401494625493e-01 2.692335949210450252e+01
2.813684267870688038e-01 1.853866243668831615e+01
3.215484176977705943e-01 1.303454607575200441e+01
3.674661940736689836e-01 8.575839294367469279e+00
4.199411234979421037e-01 6.064993658312594960e+00
4.799095809323873363e-01 4.573713400622364311e+00
5.484416576121018405e-01 3.648910093277227151e+00
6.267602560047386140e-01 3.057985925592947574e+00
7.162629115692786819e-01 2.675212351253721366e+00
8.185467307069028697e-01 2.429343194013926510e+00
9.354368899026167528e-01 2.279051015038275896e+00
1.069019204603001150e+00 2.198957274422282282e+00
1.221677348996791812e+00 2.174044395800446949e+00
1.396135390856794611e+00 2.195697645443724255e+00
1.595506400444828943e+00 2.258561918601626584e+00
1.823348000868440399e+00 2.360425324181560036e+00
2.083725851142959939e+00 2.501520692824851455e+00
2.381286194765587005e+00 2.682662931776139459e+00
2.721338768375308526e+00 2.907111670013982518e+00
3.109951549940198401e+00 3.179057859082240700e+00
3.554059037181064529e+00 3.503623773090075222e+00
4.061585988376979373e+00 3.887328669994603469e+00
4.641588833612777520e+00 4.338554452883545132e+00
5.304417279843931965e+00 4.374410371647681650e+00
6.061898993497572441e+00 3.837037251468281784e+00
6.927550656129392692e+00 3.486859966914634956e+00
7.916819159263009276e+00 3.268464825351256486e+00
9.047357242349303164e+00 3.149255536992568327e+00
1.033933849239399372e+01 3.107811682836618239e+00
1.181581732618100844e+01 3.132491730817128062e+00
1.350314037869873474e+01 3.215379439129028238e+00
1.543141663868093083e+01 3.354146501359064114e+00
1.763505472047138767e+01 3.548327256224583781e+00
2.015337685941733170e+01 3.800250010138842782e+00
2.303132058706995977e+01 3.988842829612548879e+00
2.632024060704877400e+01 4.154618246236349677e+00
3.007882518043098941e+01 4.388845871409866817e+00
3.437414337286242727e+01 4.693155519622377980e+00
3.928284185071254342e+01 5.073135126265697181e+00
4.489251258218607887e+01 5.535071118655614519e+00
5.130325584897003210e+01 6.088276722445151279e+00
5.862946645916402133e+01 6.743927808417938152e+00
6.700187503509590670e+01 7.514131569922900766e+00
7.656988080124196472e+01 8.414720490570180900e+00
8.750421749906803370e+01 9.463855360383165660e+00
1.000000000000000000e+02 1.068202527579851413e+01
