1.000000000000000021e-02 9.074907076305150895e+02
1.142802059810032675e-02 6.538133420032262393e+02
1.305996547906053407e-02 4.992286973240971406e+02
1.492495545051829124e-02 4.013578715816139493e+02
1.705626983142527822e-02 3.378193208864331041e+02
1.949194029602852388e-02 2.961109711219369842e+02
2.227542951999557375e-02 2.689312533761560644e+02
2.545640673860415093e-02 2.520631390734016577e+02
2.909163405623881732e-02 2.428542215476930153e+02
3.324597932270941664e-02 2.396653730840980927e+02
3.799357365039405382e-02 2.243767818520963147e+02
4.341913422721453003e-02 1.894782626850903000e+02
4.961947603002903051e-02 1.665602769981324514e+02
5.670523941381171856e-02 1.516293136312067134e+02
6.480286440412508231e-02 1.423533408807963383e+02
7.405684692262434754e-02 1.373018472865969102e+02
8.463231720621142151e-02 1.355584114443510941e+02
9.671798642975443228e-02 1.366312950395792996e+02
1.105295141126021452e-01 1.402224748513847601e+02
1.263133563976838181e-01 1.411016433530300844e+02
1.443511638727918156e-01 1.264239997238665723e+02
1.649648074098020722e-01 1.171554775539785709e+02
1.885221217040871367e-01 9.930388662226496876e+01
2.154434690031883370e-01 7.526831385694443100e+01
2.462092401494625493e-01 6.029637229714542457e+01
2.813684267870688038e-01 3.991158398780971339e+01
3.215484176977705943e-01 2.795899018472060149e+01
3.674661940736689836e-01 2.085486165659501623e+01
4.199411234979421037e-01 1.645063724528067084e+01
4.799095809323873363e-01 1.363431780780665648e+01
5.484416576121018405e-01 1.180333764442242739e+01
6.267602560047386140e-01 1.061310740596614899e+01
7.162629115692786819e-01 9.862461418332532759e+00
8.185467307069028697e-01 9.434053038293493287e+00
9.354368899026167528e-01 9.251048154211602537e+00
1.069019204603001150e+00 9.271537250648252737e+00
1.221677348996791812e+00 9.445228909077121315e+00
1.396135390856794611e+00 9.668746324749662335e+00
1.595506400444828943e+00 1.005803915704600371e+01
1.823348000868440399e+00 1.061124476083554313e+01
2.083725851142959939e+00 1.133022578124888291e+01
2.381286194765587005e+00 1.222429544393904521e+01
2.721338768375308526e+00 1.331208020021207616e+01
3.109951549940198401e+00 1.461220650137402188e+01
3.554059037181064529e+00 1.614888873412273895e+01
4.061585988376979373e+00 1.781968141627498170e+01
4.641588833612777520e+00 1.944670193785801260e+01
5.304417279843931965e+00 2.138012758342549091e+01
6.061898993497572441e+00 2.366373051354661428e+01
6.927550656129392692e+00 2.634221421135589480e+01
7.916819159263009276e+00 2.946773274051025382e+01
9.047357242349303164e+00 3.054061633573844858e+01
1.033933849239399372e+01 2.477386701138689773e+01
1.181581732618100844e+01 2.100759855730458980e+01
1.350314037869873474e+01 1.851817334025166772e+01
1.543141663868093083e+01 1.689394678636454472e+01
1.763505472047138767e+01 1.588066783531568760e+01
2.015337685941733170e+01 1.532932487665675581e+01
2.303132058706995977e+01 1.514119771846570117e+01
2.632024060704877400e+01 1.526226965195499474e+01
3.007882518043098941e+01 1.504247752654366188e+01
3.437414337286242727e+01 1.472210256407968743e+01
3.928284185071254342e+01 1.472023991894908335e+01
4.489251258218607887e+01 1.499777404340915332e+01
5.130325584897003210e+01 1.553235319589264662e+01
5.862946645916402133e+01 1.631838944100774924e+01
6.700187503509590670e+01 1.735960806901566755e+01
7.656988080124196472e+01 1.866811627326532985e+01
8.750421749906803370e+01 2.026254050506278759e+01
1.000000000000000000e+02 2.216616382854058998e+01
