1.000000000000000021e-02 1.824031321176290476e+03
1.105295141126021521e-02 1.326451751567125257e+03
1.221677348996791888e-02 9.711484676140545389e+02
1.350314037869872891e-02 7.395248203331231025e+02
1.492495545051829124e-02 5.836288734820484478e+02
1.649648074098020514e-02 4.758636768057941708e+02
1.823348000868441413e-02 3.996889415445923532e+02
2.015337685941732959e-02 3.449122735437750862e+02
2.227542951999557375e-02 3.050367665877938066e+02
2.462092401494625493e-02 2.758155897788703328e+02
2.721338768375307360e-02 2.545069294847547496e+02
3.007882518043098960e-02 2.333472808010876349e+02
3.324597932270941664e-02 2.177904686702787842e+02
3.674661940736687754e-02 2.067934118191897710e+02
4.061585988376979761e-02 1.994918429072201320e+02
4.489251258218605184e-02 1.951705062042176735e+02
4.961947603002903051e-02 1.934121692009269964e+02
5.484416576121017850e-02 1.939188086764514196e+02
6.061898993497571997e-02 1.964818083761632295e+02
6.700187503509590081e-02 1.921902739952504646e+02
7.405684692262434754e-02 1.867662513749301354e+02
8.185467307069028975e-02 1.839946354205906403e+02
9.047357242349297890e-02 1.834879959450662170e+02
1.000000000000000056e-01 1.850377166937291520e+02
1.105295141126021452e-01 1.884351814119517883e+02
1.221677348996791784e-01 1.851271236599981478e+02
1.350314037869872752e-01 1.654277887587249154e+02
1.492495545051829020e-01 1.510332671894132659e+02
1.649648074098020722e-01 1.405801027164608286e+02
1.823348000868441343e-01 1.327122896847874074e+02
2.015337685941733237e-01 1.159931869924813412e+02
2.227542951999557652e-01 1.037742349357157821e+02
2.462092401494625493e-01 9.486334063090383495e+01
2.721338768375307082e-01 8.841113789848982663e+01
3.007882518043099029e-01 8.386628377981482174e+01
3.324597932270940137e-01 8.082644692666826813e+01
3.674661940736688170e-01 7.903830760128795418e+01
4.061585988376979484e-01 7.832305187113581724e+01
4.489251258218605600e-01 7.842735999844967409e+01
4.961947603002903051e-01 7.619218584172426745e+01
5.484416576121018405e-01 7.504479644127188465e+01
6.061898993497571997e-01 7.485108134768901778e+01
6.700187503509587028e-01 7.549183127261696313e+01
7.405684692262434199e-01 7.692234273292123703e+01
8.185467307069028697e-01 7.909791224546729893e+01
9.047357242349297612e-01 8.154170265682039087e+01
1.000000000000000000e+00 7.935123198322951055e+01
1.105295141126021008e+00 7.827834838800131934e+01
1.221677348996791812e+00 7.815913909964262984e+01
1.350314037869873474e+00 7.891909831292926469e+01
1.492495545051829131e+00 8.049862138368187914e+01
1.649648074098020611e+00 8.283810366772114264e+01
1.823348000868440399e+00 8.593754516504704100e+01
2.015337685941732904e+00 8.979694587565957420e+01
2.227542951999556209e+00 9.444610812164842173e+01
2.462092401494625715e+00 9.991483422510326307e+01
2.721338768375308526e+00 1.062329265081137351e+02
3.007882518043099029e+00 1.134599896148592251e+02
3.324597932270941580e+00 1.216556281895190352e+02
3.674661940736688059e+00 1.309092491983622608e+02
4.061585988376979373e+00 1.413102596076577981e+02
4.489251258218603269e+00 1.529406158031522978e+02
4.961947603002903051e+00 1.659344282342493386e+02
5.484416576121015297e+00 1.803885544477403187e+02
6.061898993497572441e+00 1.964818083761632295e+02
6.700187503509590137e+00 2.143632016299665111e+02
7.405684692262434865e+00 2.341817458195984614e+02
8.185467307069028919e+00 2.561758595217764309e+02
9.047357242349292505e+00 2.805243566690385251e+02
1.000000000000000000e+01 3.074805569991469270e+02
