3.162277660168379134e-02 1.139591192064881398e+03
3.437414337286241045e-02 9.216766129451989400e+02
3.736489516721269721e-02 7.631282594281433376e+02
4.061585988376979761e-02 6.458263196831941286e+02
4.414967757076887489e-02 5.575816439756750924e+02
4.799095809323872946e-02 4.904668146297335625e+02
5.216645251859962362e-02 4.389087974146007696e+02
5.670523941381171856e-02 3.990928951027988774e+02
6.163892735146683094e-02 3.683368987062572728e+02
6.700187503509590081e-02 3.445546456786990461e+02
7.283143057666745246e-02 3.263752292039989698e+02
7.916819159263009664e-02 3.127853703311085383e+02
8.605628792983370523e-02 3.029506040415167263e+02
9.354368899026167805e-02 2.853225305254757700e+02
1.016825377948150644e-01 2.617488937525450865e+02
1.105295141126021452e-01 2.435992795999348175e+02
1.201462291846031316e-01 2.219329914407431943e+02
1.305996547906053407e-01 2.035151563893258810e+02
1.419625896474748517e-01 1.893292510746419453e+02
1.543141663868093649e-01 1.785110081560909521e+02
1.677404026426158323e-01 1.703749742256104867e+02
1.823348000868441343e-01 1.630734053136407908e+02
1.981989955845199214e-01 1.518975345300137860e+02
2.154434690031883926e-01 1.393284051886945747e+02
2.341883126059244868e-01 1.196141691263764955e+02
2.545640673860414815e-01 1.033272001043707036e+02
2.767126321678177181e-01 9.098903875924645490e+01
3.007882518043099584e-01 8.155660381786523772e+01
3.269585913541653843e-01 7.350625156339256705e+01
3.554059037181062641e-01 6.709130173359066873e+01
3.863282988666283391e-01 6.215156684722751379e+01
4.199411234979421037e-01 5.836667194183916507e+01
4.564784607342344258e-01 5.552055018227547123e+01
4.961947603002903051e-01 5.342693705547601013e+01
5.393666105372006969e-01 5.196662327308207807e+01
5.862946645916405908e-01 5.105765244934707425e+01
6.373057341948979992e-01 5.061806819852441919e+01
6.927550656129388695e-01 5.060316703747957945e+01
7.530288136174587699e-01 5.098314664412290398e+01
8.185467307069028697e-01 5.172820469636469909e+01
8.897650903054697968e-01 5.282344003316015346e+01
9.671798642975448779e-01 5.426885265450924578e+01
1.051330177026238655e+00 5.606444256041198315e+01
1.142802059810032578e+00 5.820275917034596347e+01
1.242232532124357691e+00 5.914153231617063255e+01
1.350314037869873474e+00 6.042303216602653748e+01
1.467799267622069692e+00 6.209941278357058536e+01
1.595506400444828943e+00 6.417067416880279040e+01
1.734324801772465507e+00 6.663681632172315972e+01
1.885221217040871311e+00 6.952019098389894225e+01
2.049246504200854080e+00 7.282824873585252590e+01
2.227542951999557541e+00 7.659451718993483382e+01
2.421352234995232777e+00 8.082644692666826813e+01
2.632024060704877488e+00 8.557991729997097252e+01
2.861025569104377997e+00 9.086982947088776541e+01
3.109951549940198401e+00 9.675578808359800576e+01
3.380535549007040341e+00 1.032526942991465262e+02
3.674661940736691612e+00 1.104499550838023367e+02
3.994379051172821438e+00 1.183773727596551026e+02
4.341913422721453308e+00 1.270945519708841971e+02
4.719685320018228047e+00 1.366759985227137975e+02
5.130325584897002855e+00 1.471813170593231632e+02
5.576693957839359506e+00 1.586924639664590302e+02
6.061898993497572441e+00 1.712988462103903089e+02
6.589319708984723967e+00 1.850973213379084825e+02
7.162629115692790371e+00 2.001474939931929100e+02
7.785819798516770085e+00 2.165983757866918893e+02
8.463231720621141818e+00 2.345393736846745298e+02
9.199582447383766848e+00 2.541194992975890159e+02
1.000000000000000000e+01 2.723585204164683660e+02
