1.000000000000000021e-02 1.166294072657227389e+03
1.142802059810032675e-02 8.451442498189210255e+02
1.305996547906053407e-02 6.485681333154439017e+02
1.492495545051829124e-02 5.235473921492695126e+02
1.705626983142527822e-02 4.421870528444647448e+02
1.949194029602852388e-02 3.886620823714136463e+02
2.227542951999557375e-02 3.472964593109488192e+02
2.545640673860415093e-02 2.915512158422171751e+02
2.909163405623881732e-02 2.551923828928172213e+02
3.324597932270941664e-02 2.316485484419763168e+02
3.799357365039405382e-02 2.079557023806869722e+02
4.341913422721453003e-02 1.762460316772758802e+02
4.961947603002903051e-02 1.554440108586847487e+02
5.670523941381171856e-02 1.419361083715409109e+02
6.480286440412508231e-02 1.336063593474775644e+02
7.405684692262434754e-02 1.291509121950715837e+02
8.463231720621142151e-02 1.277949065399914872e+02
9.671798642975443228e-02 1.290466040677577269e+02
1.105295141126021452e-01 1.326526850406080484e+02
1.263133563976838181e-01 1.385088413312286093e+02
1.443511638727918156e-01 1.466746775837987684e+02
1.649648074098020722e-01 1.423086373976618120e+02
1.885221217040871367e-01 1.299853772135824101e+02
2.154434690031883370e-01 1.096303912263363713e+02
2.462092401494625493e-01 8.395569074608384597e+01
2.813684267870688038e-01 6.786616210792213622e+01
3.215484176977705943e-01 5.754710808437317837e+01
3.674661940736689836e-01 4.157306344430892864e+01
4.199411234979421037e-01 3.122979503406212132e+01
4.799095809323873363e-01 2.477759230164810944e+01
5.484416576121018405e-01 2.063506953118368870e+01
6.267602560047386140e-01 1.792771483385003961e+01
7.162629115692786819e-01 1.616378989516757514e+01
8.185467307069028697e-01 1.485807565861381541e+01
9.354368899026167528e-01 1.385783522347919572e+01
1.069019204603001150e+00 1.329159110377542596e+01
1.221677348996791812e+00 1.306248575271107093e+01
1.396135390856794611e+00 1.311091452610678942e+01
1.595506400444828943e+00 1.340521245674230144e+01
1.823348000868440399e+00 1.392675309331156264e+01
2.083725851142959939e+00 1.467367379068397071e+01
2.381286194765587005e+00 1.564969983912073026e+01
2.721338768375308526e+00 1.686600710940547643e+01
3.109951549940198401e+00 1.834680998823605336e+01
3.554059037181064529e+00 2.011725418487563388e+01
4.061585988376979373e+00 2.221459260193630669e+01
4.641588833612777520e+00 2.467700946459546429e+01
5.304417279843931965e+00 2.755665883651003156e+01
6.061898993497572441e+00 3.090942007159814153e+01
6.927550656129392692e+00 2.396547902470454261e+01
7.916819159263009276e+00 1.787369812506251066e+01
9.047357242349303164e+00 1.407390205862931865e+01
1.033933849239399372e+01 1.162452371188439315e+01
1.181581732618100844e+01 1.001519831904210101e+01
1.350314037869873474e+01 8.954887578445486440e+00
1.543141663868093083e+01 8.272228138078933313e+00
1.763505472047138767e+01 7.864308854476548483e+00
2.015337685941733170e+01 7.648242019326425556e+00
2.303132058706995977e+01 7.210520413634366577e+00
2.632024060704877400e+01 6.979552417439407463e+00
3.007882518043098941e+01 6.912497192737645513e+00
3.437414337286242727e+01 6.986071675396522629e+00
3.928284185071254342e+01 7.186306026936508218e+00
4.489251258218607887e+01 7.507612311965784713e+00
5.130325584897003210e+01 7.949059207919052739e+00
5.862946645916402133e+01 8.516234650188124533e+00
6.700187503509590670e+01 9.216589219295418189e+00
7.656988080124196472e+01 1.006176444730721364e+01
8.750421749906803370e+01 1.106759281783364735e+01
1.000000000000000000e+02 1.225223512089811351e+01
