3.162277660168379134e-02 1.508841962755918757e+03
3.437414337286241045e-02 1.193652604335546357e+03
3.736489516721269721e-02 9.685258632701635406e+02
4.061585988376979761e-02 8.043746732002495037e+02
4.414967757076887489e-02 6.826619897860288120e+02
4.799095809323872946e-02 5.910198493602871395e+02
5.216645251859962362e-02 5.135934165713191533e+02
5.670523941381171856e-02 4.264514267811178456e+02
6.163892735146683094e-02 3.620188064232468719e+02
6.700187503509590081e-02 3.136198353496193931e+02
7.283143057666745246e-02 2.768586710520089014e+02
7.916819159263009664e-02 2.486656743551790498e+02
8.605628792983370523e-02 2.269695838738977898e+02
9.354368899026167805e-02 2.102206788595020726e+02
1.016825377948150644e-01 1.973758780388533864e+02
1.105295141126021452e-01 1.876603210376203208e+02
1.201462291846031316e-01 1.804779614140093145e+02
1.305996547906053407e-01 1.739214505542814493e+02
1.419625896474748517e-01 1.358713358262926363e+02
1.543141663868093649e-01 1.090194436234980770e+02
1.677404026426158323e-01 8.964793426521120523e+01
1.823348000868441343e-01 7.543222662843761839e+01
1.981989955845199214e-01 6.482632525477558261e+01
2.154434690031883926e-01 5.680950061265378537e+01
2.341883126059244868e-01 5.070002458427101288e+01
2.545640673860414815e-01 4.599870827462524403e+01
2.767126321678177181e-01 4.238517672125249902e+01
3.007882518043099584e-01 3.962101134743541309e+01
3.269585913541653843e-01 3.751994764011352856e+01
3.554059037181062641e-01 3.596463895605877070e+01
3.863282988666283391e-01 3.485822774847969185e+01
4.199411234979421037e-01 3.413924672806636096e+01
4.564784607342344258e-01 3.374809125063941906e+01
4.961947603002903051e-01 3.365495899410918668e+01
5.393666105372006969e-01 3.383004763638601275e+01
5.862946645916405908e-01 3.425845601642505045e+01
6.373057341948979992e-01 3.492528297318145292e+01
6.927550656129388695e-01 3.582680321639403331e+01
7.530288136174587699e-01 3.695929145580156927e+01
8.185467307069028697e-01 3.832461033653467553e+01
8.897650903054697968e-01 3.993393572937696945e+01
9.671798642975448779e-01 4.178913027945905156e+01
1.051330177026238655e+00 4.391254572834819214e+01
1.142802059810032578e+00 4.631163265656679329e+01
1.242232532124357691e+00 4.900129222515970184e+01
1.350314037869873474e+00 5.201132675621657597e+01
1.467799267622069692e+00 5.452217239227146450e+01
1.595506400444828943e+00 5.687655583735555354e+01
1.734324801772465507e+00 5.958856714751571815e+01
1.885221217040871311e+00 6.266565690327435334e+01
2.049246504200854080e+00 6.613017684619873648e+01
2.227542951999557541e+00 7.001937987890093495e+01
2.421352234995232777e+00 7.436306832347064244e+01
2.632024060704877488e+00 7.918731921173630894e+01
2.861025569104377997e+00 8.398549306817351123e+01
3.109951549940198401e+00 8.847074254266917137e+01
3.380535549007040341e+00 9.349243381477892001e+01
3.674661940736691612e+00 9.911017152868210189e+01
3.994379051172821438e+00 1.053388568454235781e+02
4.341913422721453308e+00 1.090194436234980770e+02
4.719685320018228047e+00 1.115675421621650401e+02
5.130325584897002855e+00 1.148010941088944605e+02
5.576693957839359506e+00 1.187051983026415058e+02
6.061898993497572441e+00 1.233245582265406739e+02
6.589319708984723967e+00 1.286293715585022994e+02
7.162629115692790371e+00 1.346643417816609372e+02
7.785819798516770085e+00 1.414741723791509855e+02
8.463231720621141818e+00 1.490663139314949319e+02
9.199582447383766848e+00 1.575301734049618290e+02
1.000000000000000000e+01 1.668583002190291609e+02
