1.000000000000000021e-02 8.239249964910744666e+02
1.105295141126021521e-02 6.356935301727056640e+02
1.221677348996791888e-02 5.076925567975639524e+02
1.350314037869872891e-02 4.184644044610857350e+02
1.492495545051829124e-02 3.549854584100841635e+02
1.649648074098020514e-02 3.092090916803478535e+02
1.823348000868441413e-02 2.758453921009599981e+02
2.015337685941732959e-02 2.515266972757875692e+02
2.227542951999557375e-02 2.339731295649707477e+02
2.462092401494625493e-02 2.215753635756671258e+02
2.721338768375307360e-02 2.133201203568279709e+02
3.007882518043098960e-02 2.020846449290216071e+02
3.324597932270941664e-02 1.865278327982127564e+02
3.674661940736687754e-02 1.667688932527601366e+02
4.061585988376979761e-02 1.449610440636426176e+02
4.489251258218605184e-02 1.290913075508922248e+02
4.961947603002903051e-02 1.175131054190546251e+02
5.484416576121017850e-02 1.091237517508119339e+02
6.061898993497571997e-02 1.031781884939223346e+02
6.700187503509590081e-02 9.915487501181661401e+01
7.405684692262434754e-02 9.669618343941866101e+01
8.185467307069028975e-02 9.556369520001112505e+01
9.047357242349297890e-02 9.559349752210079032e+01
1.000000000000000056e-01 9.665147995628414890e+01
1.105295141126021452e-01 9.867803785838185604e+01
1.221677348996791784e-01 1.016284677452593996e+02
1.350314037869872752e-01 1.055027696169167655e+02
1.492495545051829020e-01 1.103158446343988146e+02
1.649648074098020722e-01 1.160825939587503655e+02
1.823348000868441343e-01 1.162316055691987202e+02
2.015337685941733237e-01 1.045490953100472495e+02
2.227542951999557652e-01 9.283678272880612781e+01
2.462092401494625493e-01 8.426861512802540233e+01
2.721338768375307082e-01 7.803992981128394035e+01
3.007882518043099029e-01 7.358820794913916075e+01
3.324597932270940137e-01 7.053346993494778872e+01
3.674661940736688170e-01 6.862612132120878528e+01
4.061585988376979484e-01 6.767244701433928356e+01
4.489251258218605600e-01 6.754578714545817775e+01
4.961947603002903051e-01 6.817163590934127626e+01
5.484416576121018405e-01 6.724031334403902349e+01
6.061898993497571997e-01 6.576509840060026590e+01
6.700187503509587028e-01 6.516905195880681845e+01
7.405684692262434199e-01 6.533296473030000584e+01
8.185467307069028697e-01 6.619723207090049755e+01
9.047357242349297612e-01 6.771715049747378146e+01
1.000000000000000000e+00 6.987036826845258020e+01
1.105295141126021008e+00 7.265688538383690798e+01
1.221677348996791812e+00 7.608787771441041059e+01
1.350314037869873474e+00 8.018569700174032278e+01
1.492495545051829131e+00 8.498387085817752507e+01
1.649648074098020611e+00 8.857505066998301402e+01
1.823348000868440399e+00 9.157018403999506972e+01
2.015337685941732904e+00 9.539978242851792345e+01
2.227542951999556209e+00 9.577231145463882456e+01
2.462092401494625715e+00 9.301559666134416204e+01
2.721338768375308526e+00 9.155528287895022288e+01
3.007882518043099029e+00 9.121255617491900125e+01
3.324597932270941580e+00 9.185330609984694661e+01
3.674661940736688059e+00 9.341792800955474263e+01
4.061585988376979373e+00 9.586171842090784878e+01
4.489251258218603269e+00 9.912507268972693453e+01
4.961947603002903051e+00 1.032526942991465262e+02
5.484416576121015297e+00 1.082147809270769301e+02
6.061898993497572441e+00 1.140709372176974910e+02
6.700187503509590137e+00 1.208509654930979025e+02
7.405684692262434865e+00 1.285995692364126342e+02
8.185467307069028919e+00 1.374210565749555713e+02
9.047357242349292505e+00 1.473452298308163506e+02
1.000000000000000000e+01 1.585136500339209817e+02
