1.000000000000000021e-02 9.529094464951753025e+02
1.105295141126021521e-02 7.507304934388398578e+02
1.221677348996791888e-02 5.819003388008475213e+02
1.350314037869872891e-02 4.668633755347132706e+02
1.492495545051829124e-02 3.865163151809572355e+02
1.649648074098020514e-02 3.293554614129662355e+02
1.823348000868441413e-02 2.880643441577255999e+02
2.015337685941732959e-02 2.580236034913361323e+02
2.227542951999557375e-02 2.361785013996064890e+02
2.462092401494625493e-02 2.205024799804389488e+02
2.721338768375307360e-02 2.095352254514396009e+02
3.007882518043098960e-02 2.023528658278286514e+02
3.324597932270941664e-02 1.982401453794538781e+02
3.674661940736687754e-02 1.968096339191496043e+02
4.061585988376979761e-02 1.976739012597501244e+02
4.489251258218605184e-02 2.006541334687173332e+02
4.961947603002903051e-02 2.056311212576925698e+02
5.484416576121017850e-02 2.009521566896140428e+02
6.061898993497571997e-02 1.962731921215355442e+02
6.700187503509590081e-02 1.942764365415274881e+02
7.405684692262434754e-02 1.945446574403345323e+02
8.185467307069028975e-02 1.969288432075082937e+02
9.047357242349297890e-02 2.012501799105107807e+02
1.000000000000000056e-01 2.074788652272522427e+02
1.105295141126021452e-01 1.961837851552665200e+02
1.221677348996791784e-01 1.822661007393896284e+02
1.350314037869872752e-01 1.723419274835288491e+02
1.492495545051829020e-01 1.577685919816792079e+02
1.649648074098020722e-01 1.305069178501516660e+02
1.823348000868441343e-01 1.110907050087302821e+02
2.015337685941733237e-01 9.703891014344988264e+01
2.227542951999557652e-01 8.678691134460270007e+01
2.462092401494625493e-01 7.929162733905016580e+01
2.721338768375307082e-01 7.386387942846863552e+01
3.007882518043099029e-01 7.001937987890093495e+01
3.324597932270940137e-01 6.498278744574636789e+01
3.674661940736688170e-01 5.952896250333637340e+01
4.061585988376979484e-01 5.558015482645481598e+01
4.489251258218605600e-01 5.280853887211531372e+01
4.961947603002903051e-01 5.096824548307806424e+01
5.484416576121018405e-01 4.989536188784986592e+01
6.061898993497571997e-01 4.948557995911687613e+01
6.700187503509587028e-01 4.964949273061007062e+01
7.405684692262434199e-01 5.034984729971736783e+01
8.185467307069028697e-01 5.154194018330424854e+01
9.047357242349297612e-01 5.322577138137071984e+01
1.000000000000000000e+00 5.538643973287194910e+01
1.105295141126021008e+00 5.803884639885276897e+01
1.221677348996791812e+00 6.121279370140283760e+01
1.350314037869873474e+00 6.492318280156702315e+01
1.492495545051829131e+00 6.920726660195737168e+01
1.649648074098020611e+00 7.412464974675326346e+01
1.823348000868440399e+00 7.970885984830557902e+01
2.015337685941732904e+00 8.604185329236089785e+01
2.227542951999556209e+00 9.237484673641621669e+01
2.462092401494625715e+00 9.942309591062365826e+01
2.721338768375308526e+00 1.027460548236221030e+02
3.007882518043099029e+00 1.053239556843787312e+02
3.324597932270941580e+00 1.088406296909600428e+02
3.674661940736688059e+00 1.132960768433660235e+02
4.061585988376979373e+00 1.187051983026415058e+02
4.489251258218603269e+00 1.251126975519210021e+02
4.961947603002903051e+00 1.325483769132941916e+02
5.484416576121015297e+00 1.411016433530300844e+02
6.061898993497572441e+00 1.508246509347855806e+02
6.700187503509590137e+00 1.617919054637849285e+02
7.405684692262434865e+00 1.741598691309988283e+02
8.185467307069028919e+00 1.879881465806066956e+02
9.047357242349292505e+00 2.034555517451465221e+02
1.000000000000000000e+01 2.206812939129769973e+02
