3.162277660168379134e-02 8.322696466761825604e+02
3.437414337286241045e-02 7.107953818386791909e+02
3.736489516721269721e-02 6.185273926490544909e+02
4.061585988376979761e-02 5.479256916186213857e+02
4.414967757076887489e-02 4.933874421945213840e+02
4.799095809323872946e-02 4.510085401830076535e+02
5.216645251859962362e-02 4.181663812401889686e+02
5.670523941381171856e-02 3.927748028197884196e+02
6.163892735146683094e-02 3.733436888173221746e+02
6.700187503509590081e-02 3.589193649259209451e+02
7.283143057666745246e-02 3.486077614828944320e+02
7.916819159263009664e-02 3.256599734738468328e+02
8.605628792983370523e-02 2.793024614633619649e+02
9.354368899026167805e-02 2.442847330079972608e+02
1.016825377948150644e-01 2.175520500935614052e+02
1.105295141126021452e-01 1.970182501737773180e+02
1.201462291846031316e-01 1.644741144518553995e+02
1.305996547906053407e-01 1.370634287098795312e+02
1.419625896474748517e-01 1.167531462057679903e+02
1.543141663868093649e-01 1.014794561348110449e+02
1.677404026426158323e-01 8.987145168088375158e+01
1.823348000868441343e-01 8.097545853711663710e+01
1.981989955845199214e-01 7.413210032727567977e+01
2.154434690031883926e-01 6.887199047844856636e+01
2.341883126059244868e-01 6.485612757686524787e+01
2.545640673860414815e-01 6.184609304580836664e+01
2.767126321678177181e-01 5.964817179169505579e+01
3.007882518043099584e-01 5.815060510668903504e+01
3.269585913541653843e-01 5.723418370243162201e+01
3.554059037181062641e-01 5.684675351526588116e+01
3.863282988666283391e-01 5.692125932049005854e+01
4.199411234979421037e-01 5.743534937653690520e+01
4.564784607342344258e-01 5.835177078079432533e+01
4.961947603002903051e-01 5.966307295273988842e+01
5.393666105372006969e-01 6.136180531185119946e+01
5.862946645916405908e-01 6.344796785812823714e+01
6.373057341948979992e-01 6.593646175261586961e+01
6.927550656129388695e-01 6.628663903716950756e+01
7.530288136174587699e-01 6.531061298873275689e+01
8.185467307069028697e-01 6.466241248328238100e+01
8.897650903054697968e-01 6.457300551701337099e+01
9.671798642975448779e-01 6.497533686522393737e+01
1.051330177026238655e+00 6.585450536686926171e+01
1.142802059810032578e+00 6.718070869985967875e+01
1.242232532124357691e+00 6.894649628367274374e+01
1.350314037869873474e+00 7.115931869883090144e+01
1.467799267622069692e+00 7.380427478428929078e+01
1.595506400444828943e+00 7.690744157187640440e+01
1.734324801772465507e+00 8.049862138368187914e+01
1.885221217040871311e+00 8.456663834892212606e+01
2.049246504200854080e+00 8.917109711177644726e+01
2.227542951999557541e+00 9.385006167985498848e+01
2.421352234995232777e+00 9.666638111732898153e+01
2.632024060704877488e+00 1.000936481576412973e+02
2.861025569104377997e+00 1.041169616397470037e+02
3.109951549940198401e+00 1.087810250467806981e+02
3.380535549007040341e+00 1.141007395397871704e+02
3.674661940736691612e+00 1.201208086019009329e+02
3.994379051172821438e+00 1.268710345552116507e+02
4.341913422721453308e+00 1.343961208828538929e+02
4.719685320018228047e+00 1.427556722290069047e+02
5.130325584897002855e+00 1.519869414962827818e+02
5.576693957839359506e+00 1.622091379730402991e+02
6.061898993497572441e+00 1.734148110787570545e+02
6.589319708984723967e+00 1.857231701017915952e+02
7.162629115692790371e+00 1.992236220084130878e+02
7.785819798516770085e+00 2.140055737648904426e+02
8.463231720621141818e+00 2.301882346595823776e+02
9.199582447383766848e+00 2.478312093366682234e+02
1.000000000000000000e+01 2.671133117286860852e+02
