3.162277660168379412e-01 1.543306188449496519e+00
3.674661940736689281e-01 1.098425040536676445e+00
4.270067916167659128e-01 8.402158593066267889e-01
4.961947603002903051e-01 6.844521602598252485e-01
5.765932649858945824e-01 5.888751819956814515e-01
6.700187503509588138e-01 5.308712484754505301e-01
7.785819798516769863e-01 4.980421280485461399e-01
9.047357242349296502e-01 4.833737976450356300e-01
1.051330177026238211e+00 4.174245184895697958e-01
1.221677348996791812e+00 3.348278484793263399e-01
1.419625896474748350e+00 2.824555060961574937e-01
1.649648074098020167e+00 2.496554894994187646e-01
1.916940776533455626e+00 2.303305462693970018e-01
2.227542951999557541e+00 2.208135938052145919e-01
2.588472040318300582e+00 2.189509486746100964e-01
3.007882518043099473e+00 2.234911461804585942e-01
3.495250132675474131e+00 2.337356943987833613e-01
4.061585988376979373e+00 2.495972818390873871e-01
4.719685320018228047e+00 2.711923238220333432e-01
5.484416576121017961e+00 2.989719297151895994e-01
6.373057341948979548e+00 3.336054876123671353e-01
7.405684692262434865e+00 3.759806643336195964e-01
8.605628792983365472e+00 4.273780284062376755e-01
1.000000000000000000e+01 4.891945636781747653e-01
1.162030136386260892e+01 5.632929152800353334e-01
1.350314037869872941e+01 6.517394551535835578e-01
1.569105605590211816e+01 7.572117356740635241e-01
1.823348000868441332e+01 8.828238666692048708e-01
2.118785326128771018e+01 1.032068307758891024e+00
2.462092401494625449e+01 1.209427048788638714e+00
2.861025569104377908e+01 1.420138779188273581e+00
3.324597932270941669e+01 1.670198887971928281e+00
3.863282988666283302e+01 1.966592294379370109e+00
4.489251258218602914e+01 2.318166562780970441e+00
5.216645251859961974e+01 2.734816995433065667e+00
6.061898993497572263e+01 3.228417955043259902e+00
7.044109314173721259e+01 3.811891542205121386e+00
8.185467307069029630e+01 4.501535901811439366e+00
9.511759691218703949e+01 5.315278993244282546e+00
1.105295141126021008e+02 6.272678590374997754e+00
1.284386263589742896e+02 7.397716249260120058e+00
1.492495545051829140e+02 8.716469001728109234e+00
1.734324801772463900e+02 1.026106747628189453e+01
2.015337685941733241e+02 1.206597060783766118e+01
2.341883126059243523e+02 1.417262225055135794e+01
2.721338768375305790e+02 1.445946960066445186e+01
3.162277660168379612e+02 1.360451548571698410e+01
3.674661940736688166e+02 1.318542033133097036e+01
4.270067916167655540e+02 1.310905188097618534e+01
4.961947603002902838e+02 1.331953078073449426e+01
5.765932649858943932e+02 1.378891735364683058e+01
6.700187503509590670e+02 1.450789837406016858e+01
7.785819798516770334e+02 1.547833648710511589e+01
9.047357242349293074e+02 1.671327020869590285e+01
1.051330177026238516e+03 1.823132599013857202e+01
1.221677348996791807e+03 2.006510012121870545e+01
1.419625896474747606e+03 2.224812021428718722e+01
1.649648074098020743e+03 2.483347165556624248e+01
1.916940776533455619e+03 2.787330850871279608e+01
2.227542951999556408e+03 3.144213657895103253e+01
2.588472040318301424e+03 3.561073638124391749e+01
3.007882518043099026e+03 4.047782810751348137e+01
3.495250132675475925e+03 4.614771988507360589e+01
4.061585988376979458e+03 5.275638480845838529e+01
4.719685320018227685e+03 6.045283448811620985e+01
5.484416576121015169e+03 6.940098169554025276e+01
6.373057341948973772e+03 7.981316797561942167e+01
7.405684692262441786e+03 9.191291074402629135e+01
8.605628792983370658e+03 1.059945079313963561e+02
1.000000000000000000e+04 1.223559827586263395e+02
