1.000000000000000021e-02 9.039144289797543479e+02
1.142802059810032675e-02 6.502370633524654977e+02
1.305996547906053407e-02 4.954140000966190769e+02
1.492495545051829124e-02 3.973047557774185634e+02
1.705626983142527822e-02 3.332893679288029034e+02
1.949194029602852388e-02 2.908955647562444256e+02
2.227542951999557375e-02 2.629707889582216467e+02
2.545640673860415093e-02 2.451788026706874177e+02
2.909163405623881732e-02 2.348373969055712109e+02
3.324597932270941664e-02 2.303670485921204261e+02
3.799357365039405382e-02 2.307544787792861598e+02
4.341913422721453003e-02 2.322445948837697642e+02
4.961947603002903051e-02 1.940380179648101091e+02
5.670523941381171856e-02 1.689742650873959064e+02
6.480286440412508231e-02 1.525829879380762293e+02
7.405684692262434754e-02 1.422341315924376488e+02
8.463231720621142151e-02 1.363630741407722269e+02
9.671798642975443228e-02 1.340086906956881592e+02
1.105295141126021452e-01 1.345898359764367456e+02
1.263133563976838181e-01 1.378382890842109987e+02
1.443511638727918156e-01 1.265730113343149412e+02
1.649648074098020722e-01 1.166339369174093008e+02
1.885221217040871367e-01 8.461134183205663817e+01
2.154434690031883370e-01 4.783155108314007009e+01
2.462092401494625493e-01 2.941557867685332894e+01
2.813684267870688038e-01 1.955101006517186590e+01
3.215484176977705943e-01 1.394910483487881692e+01
3.674661940736689836e-01 1.060379418031312504e+01
4.199411234979421037e-01 8.522753908145240587e+00
4.799095809323873363e-01 7.190962639763019304e+00
5.484416576121018405e-01 6.328557944293133453e+00
6.267602560047386140e-01 5.775352340503594917e+00
7.162629115692786819e-01 5.439144894429482235e+00
8.185467307069028697e-01 5.263124929587356782e+00
9.354368899026167528e-01 5.213764833626336248e+00
1.069019204603001150e+00 5.272438155240378954e+00
1.221677348996791812e+00 5.426106378515251016e+00
1.396135390856794611e+00 5.671975535755045428e+00
1.595506400444828943e+00 6.008182981829158109e+00
1.823348000868440399e+00 6.439385329564101035e+00
2.083725851142959939e+00 6.972101836916989370e+00
2.381286194765587005e+00 7.614714406975544136e+00
2.721338768375308526e+00 8.381192878219298592e+00
3.109951549940198401e+00 9.286438411693088923e+00
3.554059037181064529e+00 1.027596863732673071e+01
4.061585988376979373e+00 7.873622080129570655e+00
4.641588833612777520e+00 6.351841008425689772e+00
5.304417279843931965e+00 5.360913798944093145e+00
6.061898993497572441e+00 4.708988003232516206e+00
6.927550656129392692e+00 4.284072082813363380e+00
7.916819159263009276e+00 4.020042135550174756e+00
9.047357242349303164e+00 3.876152799210976330e+00
1.033933849239399372e+01 3.827258364532608148e+00
1.181581732618100844e+01 3.858923331752884600e+00
1.350314037869873474e+01 3.962300136501434533e+00
1.543141663868093083e+01 4.133663488517048457e+00
1.763505472047138767e+01 4.373479049082379611e+00
2.015337685941733170e+01 4.682910971404052880e+00
2.303132058706995977e+01 5.067547190873883167e+00
2.632024060704877400e+01 5.534139796090311592e+00
3.007882518043098941e+01 5.926226596082559972e+00
3.437414337286242727e+01 6.351841008425689772e+00
3.928284185071254342e+01 6.878038257821462054e+00
4.489251258218607887e+01 7.515062892488202806e+00
5.130325584897003210e+01 8.275953428340143248e+00
5.862946645916402133e+01 9.174679703856819302e+00
6.700187503509590670e+01 1.023126515419222216e+01
7.656988080124196472e+01 1.146433623065240681e+01
8.750421749906803370e+01 1.289857298121787466e+01
1.000000000000000000e+02 1.456377772797830517e+01
