3.162277660168379134e-02 7.589559343355892906e+02
3.437414337286241045e-02 6.525020398312806265e+02
3.736489516721269721e-02 5.713503167811037429e+02
4.061585988376979761e-02 5.089442543253301778e+02
4.414967757076887489e-02 4.606048878958820865e+02
4.799095809323872946e-02 4.197161019888519604e+02
5.216645251859962362e-02 3.585021324166655177e+02
5.670523941381171856e-02 3.123681378218531677e+02
6.163892735146683094e-02 2.771566942729056109e+02
6.700187503509590081e-02 2.500961858154832953e+02
7.283143057666745246e-02 2.292047580306231964e+02
7.916819159263009664e-02 2.130817017801105919e+02
8.605628792983370523e-02 2.007733427570760227e+02
9.354368899026167805e-02 1.914452159430086340e+02
1.016825377948150644e-01 1.846502865065634182e+02
1.105295141126021452e-01 1.799117172943055607e+02
1.201462291846031316e-01 1.769910897295176824e+02
1.305996547906053407e-01 1.756499852354824327e+02
1.419625896474748517e-01 1.757393922017514569e+02
1.543141663868093649e-01 1.600931731046736104e+02
1.677404026426158323e-01 1.444395034270733618e+02
1.823348000868441343e-01 1.302983015955239523e+02
1.981989955845199214e-01 1.194204540327936286e+02
2.154434690031883926e-01 1.110460015255957700e+02
2.341883126059244868e-01 1.010324213034659522e+02
2.545640673860414815e-01 9.098903875924645490e+01
2.767126321678177181e-01 8.325533617697654165e+01
3.007882518043099584e-01 7.692234273292123703e+01
3.269585913541653843e-01 7.024289729457348130e+01
3.554059037181062641e-01 6.510944731462747370e+01
3.863282988666283391e-01 6.118299137931316523e+01
4.199411234979421037e-01 5.822511091191321952e+01
4.564784607342344258e-01 5.605699197988956684e+01
4.961947603002903051e-01 5.455197471436113688e+01
5.393666105372006969e-01 5.361320156853646068e+01
5.862946645916405908e-01 5.316616673719137509e+01
6.373057341948979992e-01 5.316616673719137509e+01
6.927550656129388695e-01 5.358339924644678831e+01
7.530288136174587699e-01 5.438061136234551896e+01
8.185467307069028697e-01 5.554290192384272729e+01
8.897650903054697968e-01 5.707772151146083672e+01
9.671798642975448779e-01 5.897016896415502174e+01
1.051330177026238655e+00 6.122769486244767734e+01
1.142802059810032578e+00 6.378324398163704956e+01
1.242232532124357691e+00 6.554903156545013587e+01
1.350314037869873474e+00 6.773205165851861409e+01
1.467799267622069692e+00 7.033230426084249132e+01
1.595506400444828943e+00 7.337214111398904492e+01
1.734324801772465507e+00 7.686273808874189228e+01
1.885221217040871311e+00 8.082644692666826813e+01
2.049246504200854080e+00 8.529679524011908143e+01
2.227542951999557541e+00 8.979694587565957420e+01
2.421352234995232777e+00 9.069101553834973117e+01
2.632024060704877488e+00 9.224073628701269456e+01
2.861025569104377997e+00 9.438650347746909119e+01
3.109951549940198401e+00 9.712831710971890686e+01
3.380535549007040341e+00 1.004810783448070168e+02
3.674661940736691612e+00 1.044298860216885600e+02
3.994379051172821438e+00 1.090194436234980770e+02
4.341913422721453308e+00 1.142646523112803578e+02
4.719685320018228047e+00 1.201804132460802776e+02
5.130325584897002855e+00 1.268114299110323202e+02
5.576693957839359506e+00 1.342024057892710118e+02
6.061898993497572441e+00 1.423980443639308362e+02
6.589319708984723967e+00 1.514504996986686933e+02
7.162629115692790371e+00 1.614342775987088601e+02
7.785819798516770085e+00 1.724015321277082080e+02
8.463231720621141818e+00 1.844118679298460393e+02
9.199582447383766848e+00 1.975844942934811002e+02
1.000000000000000000e+01 2.119790158627927212e+02
