3.162277660168379134e-02 1.281152221990823818e+03
3.437414337286241045e-02 1.016328787901997430e+03
3.736489516721269721e-02 8.265476008349655785e+02
4.061585988376979761e-02 6.879071984738111496e+02
4.414967757076887489e-02 5.850593849423527217e+02
4.799095809323872946e-02 5.075137428650259039e+02
5.216645251859962362e-02 4.484455404832958152e+02
5.670523941381171856e-02 4.030268016186356022e+02
6.163892735146683094e-02 3.679196661970019022e+02
6.700187503509590081e-02 3.407995530954003129e+02
7.283143057666745246e-02 3.198783229884505204e+02
7.916819159263009664e-02 3.040234876367449601e+02
8.605628792983370523e-02 2.922366692502796468e+02
9.354368899026167805e-02 2.838622167430818308e+02
1.016825377948150644e-01 2.661894397439062345e+02
1.105295141126021452e-01 2.409170706118643182e+02
1.201462291846031316e-01 2.214263519652187711e+02
1.305996547906053407e-01 2.064655862762033678e+02
1.419625896474748517e-01 1.950214945937692903e+02
1.543141663868093649e-01 1.740108575205504735e+02
1.677404026426158323e-01 1.533578483124077252e+02
1.823348000868441343e-01 1.367356031668931280e+02
1.981989955845199214e-01 1.214619130959361684e+02
2.154434690031883926e-01 1.097496005146950466e+02
2.341883126059244868e-01 1.007343980825692284e+02
2.545640673860414815e-01 9.380535819672047637e+01
2.767126321678177181e-01 8.851544602580366927e+01
3.007882518043099584e-01 8.456663834892212606e+01
3.269585913541653843e-01 8.169071426726875984e+01
3.554059037181062641e-01 7.975356333144007692e+01
3.863282988666283391e-01 7.860617393098770833e+01
4.199411234979421037e-01 7.815913909964262984e+01
4.564784607342344258e-01 7.833795303218066408e+01
4.961947603002903051e-01 7.911281340651214578e+01
5.393666105372006969e-01 7.628159280799327746e+01
5.862946645916405908e-01 7.396073697526006185e+01
6.373057341948979992e-01 7.244081854868680637e+01
6.927550656129388695e-01 7.161380411069839624e+01
7.530288136174587699e-01 7.140518785607069674e+01
8.185467307069028697e-01 7.175536514062433469e+01
8.897650903054697968e-01 7.263453364226965903e+01
9.671798642975448779e-01 7.401289103891699028e+01
1.051330177026238655e+00 7.587926145978269687e+01
1.142802059810032578e+00 7.823364490486680722e+01
1.242232532124357691e+00 7.933633082218466370e+01
1.350314037869873474e+00 7.982806913666426851e+01
1.467799267622069692e+00 8.088605157084761288e+01
1.595506400444828943e+00 8.251027812473475365e+01
1.734324801772465507e+00 8.467094647623598291e+01
1.885221217040871311e+00 8.736805662535130068e+01
2.049246504200854080e+00 9.060160857208072116e+01
2.227542951999557541e+00 9.440140463851392383e+01
2.421352234995232777e+00 9.806709025554359016e+01
2.632024060704877488e+00 9.931878778330981561e+01
2.861025569104377997e+00 1.012410375580936659e+02
3.109951549940198401e+00 1.038040372578054615e+02
3.380535549007040341e+00 1.070375892045348820e+02
3.674661940736691612e+00 1.109267922372370805e+02
3.994379051172821438e+00 1.154716463559120854e+02
4.341913422721453308e+00 1.207019538826495335e+02
4.719685320018228047e+00 1.266624183005839512e+02
5.130325584897002855e+00 1.333679407707601854e+02
5.576693957839359506e+00 1.408483236152678728e+02
6.061898993497572441e+00 1.491855232198536214e+02
6.589319708984723967e+00 1.583944407455622922e+02
7.162629115692790371e+00 1.685868349002301727e+02
7.785819798516770085e+00 1.797627056838571775e+02
8.463231720621141818e+00 1.920710647068917751e+02
9.199582447383766848e+00 2.055119119693338803e+02
1.000000000000000000e+01 2.202640614037215698e+02
