3.162277660168379134e-02 1.051376318679451970e+03
3.437414337286241045e-02 8.437137383586167516e+02
3.736489516721269721e-02 6.936292443150282452e+02
4.061585988376979761e-02 5.830328270402550288e+02
4.414967757076887489e-02 5.003611855635046481e+02
4.799095809323872946e-02 4.377167045310139315e+02
5.216645251859962362e-02 3.897349659666418233e+02
5.670523941381171856e-02 3.527800865754484789e+02
6.163892735146683094e-02 3.241698573693632852e+02
6.700187503509590081e-02 3.020565343788265409e+02
7.283143057666745246e-02 2.851139142708480563e+02
7.916819159263009664e-02 2.723585204164683660e+02
8.605628792983370523e-02 2.630303936024010341e+02
9.354368899026167805e-02 2.565930920310318584e+02
1.016825377948150644e-01 2.526889878372847704e+02
1.105295141126021452e-01 2.509604531560838154e+02
1.201462291846031316e-01 2.371321757064759765e+02
1.305996547906053407e-01 2.207408985571563278e+02
1.419625896474748517e-01 2.027104936929047199e+02
1.543141663868093649e-01 1.888524139212071873e+02
1.677404026426158323e-01 1.782725895793735731e+02
1.823348000868441343e-01 1.498113719837367341e+02
1.981989955845199214e-01 1.285250634311884710e+02
2.154434690031883926e-01 1.124616118248551970e+02
2.341883126059244868e-01 1.001979562849551257e+02
2.545640673860414815e-01 9.078042250461874119e+01
2.767126321678177181e-01 8.352355707578360011e+01
3.007882518043099584e-01 7.795052284501491613e+01
3.269585913541653843e-01 7.371486781802026655e+01
3.554059037181062641e-01 7.055582167651503767e+01
3.863282988666283391e-01 6.829084519769996575e+01
4.199411234979421037e-01 6.677837735164911237e+01
4.564784607342344258e-01 6.592156059157102277e+01
4.961947603002903051e-01 6.564588911224157641e+01
5.393666105372006969e-01 6.589175826948135750e+01
5.862946645916405908e-01 6.662936574120074340e+01
6.373057341948979992e-01 6.782890920531004042e+01
6.927550656129388695e-01 6.943823459815233434e+01
7.530288136174587699e-01 6.838025216396898998e+01
8.185467307069028697e-01 6.794066791314631359e+01
8.897650903054697968e-01 6.805242662098258677e+01
9.671798642975448779e-01 6.868572596538811581e+01
1.051330177026238655e+00 6.979586246322838861e+01
1.142802059810032578e+00 7.137538553398103147e+01
1.242232532124357691e+00 7.341684459712355704e+01
1.350314037869873474e+00 7.592396494291720899e+01
1.467799267622069692e+00 7.890419715188443206e+01
1.595506400444828943e+00 8.236126651428638468e+01
1.734324801772465507e+00 8.633987651325762158e+01
1.885221217040871311e+00 9.084002714879808593e+01
2.049246504200854080e+00 9.590642190404234668e+01
2.227542951999557541e+00 1.015837642621249017e+02
2.421352234995232777e+00 1.079018565451353737e+02
2.632024060704877488e+00 1.149203033972531500e+02
2.861025569104377997e+00 1.192416401002555943e+02
3.109951549940198401e+00 1.239355058293789682e+02
3.380535549007040341e+00 1.293893307717889627e+02
3.674661940736691612e+00 1.356031149274855920e+02
3.994379051172821438e+00 1.426513641016930478e+02
4.341913422721453308e+00 1.456912009548395872e+02
4.719685320018228047e+00 1.457061021158844198e+02
5.130325584897002855e+00 1.467789857111126253e+02
5.576693957839359506e+00 1.488651482573896487e+02
6.061898993497572441e+00 1.518975345300137860e+02
6.589319708984723967e+00 1.558314410458505108e+02
7.162629115692790371e+00 1.606892195464670294e+02
7.785819798516770085e+00 1.664708700318634271e+02
8.463231720621141818e+00 1.731763925020396755e+02
9.199582447383766848e+00 1.808653916011750766e+02
1.000000000000000000e+01 1.895080650071799653e+02
