1.000000000000000021e-02 3.796021764561533587e+02
1.142802059810032675e-02 2.925346924711763563e+02
1.305996547906053407e-02 2.366851408751308838e+02
1.492495545051829124e-02 1.999388777385652247e+02
1.705626983142527822e-02 1.755009736250340779e+02
1.949194029602852388e-02 1.593779173745214734e+02
2.227542951999557375e-02 1.491259185756742625e+02
2.545640673860415093e-02 1.432474105434864668e+02
2.909163405623881732e-02 1.408632247763127054e+02
3.324597932270941664e-02 1.391942947392910810e+02
3.799357365039405382e-02 1.377935856010764724e+02
4.341913422721453003e-02 1.391644924172014157e+02
4.961947603002903051e-02 1.323695629807561716e+02
5.670523941381171856e-02 1.263792962407320744e+02
6.480286440412508231e-02 1.236970872526615892e+02
7.405684692262434754e-02 1.237268895747512545e+02
8.463231720621142151e-02 1.261706799861043606e+02
9.671798642975443228e-02 1.308347433931380692e+02
1.105295141126021452e-01 1.377190797958523092e+02
1.263133563976838181e-01 1.469428984826057842e+02
1.443511638727918156e-01 1.587520686106383607e+02
1.649648074098020722e-01 1.449163405805081197e+02
1.885221217040871367e-01 7.628159280799327746e+01
2.154434690031883370e-01 4.385294108416885450e+01
2.462092401494625493e-01 2.737039432344958456e+01
2.813684267870688038e-01 1.843807959963567100e+01
3.215484176977705943e-01 1.331394284534268024e+01
3.674661940736689836e-01 1.022753986393101400e+01
4.199411234979421037e-01 8.299236492472699567e+00
4.799095809323873363e-01 7.060577480620703561e+00
5.484416576121018405e-01 6.259640074460766535e+00
6.267602560047386140e-01 5.749275308675131591e+00
7.162629115692786819e-01 5.443801507255993322e+00
8.185467307069028697e-01 5.292927251677029155e+00
9.354368899026167528e-01 5.265918897283262901e+00
1.069019204603001150e+00 5.344149992768651991e+00
1.221677348996791812e+00 5.517375989914871326e+00
1.396135390856794611e+00 5.782802921026013010e+00
1.595506400444828943e+00 6.140430786102077931e+00
1.823348000868440399e+00 6.235425687762908176e+00
2.083725851142959939e+00 6.161851205104029283e+00
2.381286194765587005e+00 6.110628464012405558e+00
2.721338768375308526e+00 6.183271624105981523e+00
3.109951549940198401e+00 6.367673492035827998e+00
3.554059037181064529e+00 6.659177454975432120e+00
4.061585988376979373e+00 6.213073946195653896e+00
4.641588833612777520e+00 4.801188937197439444e+00
5.304417279843931965e+00 3.900832847191486152e+00
6.061898993497572441e+00 3.313168308485765046e+00
6.927550656129392692e+00 2.926669443885329791e+00
7.916819159263009276e+00 2.676143673819023849e+00
9.047357242349303164e+00 2.522941111826803251e+00
1.033933849239399372e+01 2.443313032493460657e+00
1.181581732618100844e+01 2.421892613491508861e+00
1.350314037869873474e+01 2.451229274298529770e+00
1.543141663868093083e+01 2.525269418240058794e+00
1.763505472047138767e+01 2.643547384033444914e+00
2.015337685941733170e+01 2.805131849113385645e+00
2.303132058706995977e+01 3.012351119893136975e+00
2.632024060704877400e+01 3.268464825351256486e+00
3.007882518043098941e+01 3.578595239596906730e+00
3.437414337286242727e+01 3.948330298021900830e+00
3.928284185071254342e+01 4.386517564996610830e+00
4.489251258218607887e+01 4.901771774250082814e+00
5.130325584897003210e+01 5.504337474000639219e+00
5.862946645916402133e+01 6.208417333369141922e+00
6.700187503509590670e+01 7.027981190835124181e+00
7.656988080124196472e+01 7.980724175139329191e+00
8.750421749906803370e+01 9.085272737587802183e+00
1.000000000000000000e+02 1.036351295846514375e+01
