3.162277660168379134e-02 1.093099569604992894e+03
3.437414337286241045e-02 9.225110779637097949e+02
3.736489516721269721e-02 7.553796556848286627e+02
4.061585988376979761e-02 6.165008347469567980e+02
4.414967757076887489e-02 5.148451140990853219e+02
4.799095809323872946e-02 4.392664252796768665e+02
5.216645251859962362e-02 3.822843854442238012e+02
5.670523941381171856e-02 3.387729951933026200e+02
6.163892735146683094e-02 3.053347898086905161e+02
6.700187503509590081e-02 2.795408800400793439e+02
7.283143057666745246e-02 2.596031265620886757e+02
7.916819159263009664e-02 2.443145353300869260e+02
8.605628792983370523e-02 2.327214320372045222e+02
9.354368899026167805e-02 2.241979679195582662e+02
1.016825377948150644e-01 2.101908765374124073e+02
1.105295141126021452e-01 1.864980304761230911e+02
1.201462291846031316e-01 1.518677322079240923e+02
1.305996547906053407e-01 1.266326159784942860e+02
1.419625896474748517e-01 1.079316588672250390e+02
1.543141663868093649e-01 9.386496284089982112e+01
1.677404026426158323e-01 8.318083037175236427e+01
1.823348000868441343e-01 7.498519179709253990e+01
1.981989955845199214e-01 6.867827538486569949e+01
2.154434690031883926e-01 6.383539804529397799e+01
2.341883126059244868e-01 5.915643347721546519e+01
2.545640673860414815e-01 5.211563488353043283e+01
2.767126321678177181e-01 4.673631574634462282e+01
3.007882518043099584e-01 4.259379297588019853e+01
3.269585913541653843e-01 3.941239509280771358e+01
3.554059037181062641e-01 3.697419261684640901e+01
3.863282988666283391e-01 3.513762451807036769e+01
4.199411234979421037e-01 3.378906944351271591e+01
4.564784607342344258e-01 3.285029629768803972e+01
4.961947603002903051e-01 3.225797514615580752e+01
5.393666105372006969e-01 3.197112779604270827e+01
5.862946645916405908e-01 3.195622663499787208e+01
6.373057341948979992e-01 3.219091992145403935e+01
6.927550656129388695e-01 3.266403178462758916e+01
7.530288136174587699e-01 3.336066106347367821e+01
8.185467307069028697e-01 3.427708246773109124e+01
8.897650903054697968e-01 3.541702128766105062e+01
9.671798642975448779e-01 3.678047752326353503e+01
1.051330177026238655e+00 3.837676440019160395e+01
1.142802059810032578e+00 4.020960720870643001e+01
1.242232532124357691e+00 4.229576975498348190e+01
1.350314037869873474e+00 4.465015320006757094e+01
1.467799267622069692e+00 4.729510928552597449e+01
1.595506400444828943e+00 4.938127183180301927e+01
1.734324801772465507e+00 5.162389656905084223e+01
1.885221217040871311e+00 5.418689626876264498e+01
2.049246504200854080e+00 5.709262267250567646e+01
2.227542951999557541e+00 6.035597694132476931e+01
2.421352234995232777e+00 6.400676139730960301e+01
2.632024060704877488e+00 6.807477836254983572e+01
2.861025569104377997e+00 7.258237957861273060e+01
3.109951549940198401e+00 7.757799381889401502e+01
3.380535549007040341e+00 8.309142340548334005e+01
3.674661940736691612e+00 8.915619595073161463e+01
3.994379051172821438e+00 9.584681725986300194e+01
4.341913422721453308e+00 1.031930896549671814e+02
4.719685320018228047e+00 1.112546177802234837e+02
5.130325584897002855e+00 1.200910062798112534e+02
5.576693957839359506e+00 1.297767609589546964e+02
6.061898993497572441e+00 1.403565853007882822e+02
6.589319708984723967e+00 1.519273368521034513e+02
7.162629115692790371e+00 1.645933237402140890e+02
7.785819798516770085e+00 1.783917988677322626e+02
8.463231720621141818e+00 1.934419715230166616e+02
9.199582447383766848e+00 2.098928533165156693e+02
1.000000000000000000e+01 2.277742465703189225e+02
