1.000000000000000021e-02 9.489755399793385777e+02
1.105295141126021521e-02 7.471542147880791163e+02
1.221677348996791888e-02 5.783240601500868934e+02
1.350314037869872891e-02 4.631678875955938679e+02
1.492495545051829124e-02 3.826420133092998412e+02
1.649648074098020514e-02 3.251831363204120748e+02
1.823348000868441413e-02 2.835939958442747866e+02
2.015337685941732959e-02 2.531658249907195284e+02
2.227542951999557375e-02 2.308438857455551556e+02
2.462092401494625493e-02 2.146314225287735553e+02
2.721338768375307360e-02 2.030681215579807883e+02
3.007882518043098960e-02 1.952003085263073388e+02
3.324597932270941664e-02 1.903425300256907917e+02
3.674661940736687754e-02 1.880477512247860545e+02
4.061585988376979761e-02 1.880179489026963893e+02
4.489251258218605184e-02 1.899849021606147232e+02
4.961947603002903051e-02 1.938294017101823954e+02
5.484416576121017850e-02 1.963327967657148747e+02
6.061898993497571997e-02 1.785706128002702826e+02
6.700187503509590081e-02 1.656662073354422944e+02
7.405684692262434754e-02 1.564870921318232888e+02
8.185467307069028975e-02 1.502584068150818268e+02
9.047357242349297890e-02 1.464213578460365568e+02
1.000000000000000056e-01 1.446034161985665492e+02
1.105295141126021452e-01 1.445289103933423860e+02
1.221677348996791784e-01 1.460488288199156557e+02
1.350314037869872752e-01 1.490365116094052667e+02
1.492495545051829020e-01 1.281525344050675415e+02
1.649648074098020722e-01 1.092578622002154560e+02
1.823348000868441343e-01 9.559349752210079032e+01
2.015337685941733237e-01 8.560971962206065200e+01
2.227542951999557652e-01 7.832305187113581724e+01
2.462092401494625493e-01 7.305921673204748856e+01
2.721338768375307082e-01 6.935627821240574065e+01
3.007882518043099029e-01 6.690503722053021818e+01
3.324597932270940137e-01 6.547452576022595849e+01
3.674661940736688170e-01 6.492318280156702315e+01
4.061585988376979484e-01 6.284447083581238758e+01
4.489251258218605600e-01 5.812080278459936267e+01
4.961947603002903051e-01 5.474568980794400375e+01
5.484416576121018405e-01 5.244346042651682893e+01
6.061898993497571997e-01 5.099804780516773661e+01
6.700187503509587028e-01 5.028279207501559966e+01
7.405684692262434199e-01 5.020083568926900597e+01
8.185467307069028697e-01 5.067767284270376393e+01
9.047357242349297612e-01 5.169095179375261040e+01
1.000000000000000000e+00 5.321087022032588720e+01
1.105295141126021008e+00 5.522252696137875461e+01
1.221677348996791812e+00 5.774827375847846156e+01
1.350314037869873474e+00 6.079556119214743148e+01
1.492495545051829131e+00 6.438674100395292044e+01
1.649648074098020611e+00 6.855906609650702421e+01
1.823348000868440399e+00 7.281334757480769326e+01
2.015337685941732904e+00 7.565574404411016474e+01
2.227542951999556209e+00 7.917241805069147631e+01
2.462092401494625715e+00 8.337454546533523114e+01
2.721338768375308526e+00 8.829192861013113713e+01
3.007882518043099029e+00 9.395436980716884534e+01
3.324597932270941580e+00 1.004065725395828395e+02
3.674661940736688059e+00 1.077379437736421863e+02
4.061585988376979373e+00 1.159782858314365086e+02
4.489251258218603269e+00 1.252319068402796916e+02
4.961947603002903051e+00 1.355733126053959268e+02
5.484416576121015297e+00 1.471068112540989716e+02
6.061898993497572441e+00 1.599441614942252556e+02
6.700187503509590137e+00 1.742194737751781872e+02
7.405684692262434865e+00 1.900743091268837475e+02
8.185467307069028919e+00 2.076576791597902627e+02
9.047357242349292505e+00 2.219925960849225532e+02
1.000000000000000000e+01 2.350162108381092594e+02
