1.000000000000000021e-02 1.147339795808196186e+03
1.105295141126021521e-02 8.971194995433090753e+02
1.221677348996791888e-02 7.251004964417218162e+02
1.350314037869872891e-02 6.039838594692944298e+02
1.492495545051829124e-02 5.075137428650259039e+02
1.649648074098020514e-02 4.075567545762658028e+02
1.823348000868441413e-02 3.379385301747918220e+02
2.015337685941732959e-02 2.884219720228016399e+02
2.227542951999557375e-02 2.527485924814641294e+02
2.462092401494625493e-02 2.268503745855391003e+02
2.721338768375307360e-02 2.080749116690456617e+02
3.007882518043098960e-02 1.946340644066035566e+02
3.324597932270941664e-02 1.853059375925361962e+02
3.674661940736687754e-02 1.792560662083327543e+02
4.061585988376979761e-02 1.759182061342894769e+02
4.489251258218605184e-02 1.748751248611509652e+02
4.961947603002903051e-02 1.758884038121998117e+02
5.484416576121017850e-02 1.787494267328083311e+02
6.061898993497571997e-02 1.735340203671157440e+02
6.700187503509590081e-02 1.661728468109666892e+02
7.405684692262434754e-02 1.614938822428881906e+02
8.185467307069028975e-02 1.591096964757144292e+02
9.047357242349297890e-02 1.586626616443693365e+02
1.000000000000000056e-01 1.599739638163149209e+02
1.105295141126021452e-01 1.628945913811027708e+02
1.221677348996791784e-01 1.673649396945535841e+02
1.350314037869872752e-01 1.535962668891251042e+02
1.492495545051829020e-01 1.268561333941668181e+02
1.649648074098020722e-01 1.011963340749591538e+02
1.823348000868441343e-01 8.332984198220071903e+01
2.015337685941733237e-01 7.064522864278406189e+01
2.227542951999557652e-01 6.148101460020988895e+01
2.462092401494625493e-01 5.481274503264576481e+01
2.721338768375307082e-01 4.993261479046196172e+01
3.007882518043099029e-01 4.639358904231339409e+01
3.324597932270940137e-01 4.388274340625851977e+01
3.674661940736688170e-01 4.219146162766963215e+01
4.061585988376979484e-01 4.116328151557593884e+01
4.489251258218605600e-01 4.069389494266360430e+01
4.961947603002903051e-01 4.071624668423085325e+01
5.484416576121018405e-01 4.118563325714319490e+01
6.061898993497571997e-01 4.207225233931094266e+01
6.700187503509587028e-01 4.070879610370843693e+01
7.405684692262434199e-01 3.949435147855430728e+01
8.185467307069028697e-01 3.883870039258151508e+01
9.047357242349297612e-01 3.868223820161073689e+01
1.000000000000000000e+00 3.896536026146262799e+01
1.105295141126021008e+00 3.965081366952508546e+01
1.221677348996791812e+00 4.072369726475327667e+01
1.350314037869873474e+00 4.217656046662479241e+01
1.492495545051829131e+00 4.400940327513962558e+01
1.649648074098020611e+00 4.622967627082019959e+01
1.823348000868440399e+00 4.886718177575617972e+01
2.015337685941732904e+00 5.192937037046998938e+01
2.227542951999556209e+00 5.546094553809612648e+01
2.462092401494625715e+00 5.948425902020186129e+01
2.721338768375308526e+00 6.405891546096651723e+01
3.007882518043099029e+00 6.922216776300221852e+01
3.324597932270941580e+00 7.502989528022705201e+01
3.674661940736688059e+00 8.154170265682039087e+01
4.061585988376979373e+00 8.884327156879005827e+01
4.489251258218603269e+00 9.700910782136021737e+01
4.961947603002903051e+00 1.060988160587101987e+02
5.484416576121015297e+00 1.162316055691987202e+02
6.061898993497572441e+00 1.275266856411844429e+02
6.700187503509590137e+00 1.400585620798915443e+02
7.405684692262434865e+00 1.539836970762908379e+02
8.185467307069028919e+00 1.694511022408306644e+02
9.047357242349292505e+00 1.866172397644817806e+02
1.000000000000000000e+01 2.056311212576925698e+02
