1.000000000000000021e-02 3.816287343582509948e+02
1.142802059810032675e-02 2.945910526953637145e+02
1.305996547906053407e-02 2.388905127097665968e+02
1.492495545051829124e-02 2.023826681499183167e+02
1.705626983142527822e-02 1.783023919014632384e+02
1.949194029602852388e-02 1.626263704822957266e+02
2.227542951999557375e-02 1.529406158031522978e+02
2.545640673860415093e-02 1.477475611790269454e+02
2.909163405623881732e-02 1.461531369472294841e+02
3.324597932270941664e-02 1.453186719287186577e+02
3.799357365039405382e-02 1.447971312921494302e+02
4.341913422721453003e-02 1.373912542528659060e+02
4.961947603002903051e-02 1.285101622701436099e+02
5.670523941381171856e-02 1.236076802863925650e+02
6.480286440412508231e-02 1.218046397999674042e+02
7.405684692262434754e-02 1.225645990132540533e+02
8.463231720621142151e-02 1.256193370274454395e+02
9.671798642975443228e-02 1.308198422320932366e+02
1.105295141126021452e-01 1.381512134661525408e+02
1.263133563976838181e-01 1.477028576958924191e+02
1.443511638727918156e-01 1.596759405954182114e+02
1.649648074098020722e-01 1.394029109939187663e+02
1.885221217040871367e-01 1.184220762427896148e+02
2.154434690031883370e-01 1.048471185309439733e+02
2.462092401494625493e-01 8.559481846101580516e+01
2.813684267870688038e-01 5.941720379550010023e+01
3.215484176977705943e-01 4.241497904334217139e+01
3.674661940736689836e-01 3.216484288962557514e+01
4.199411234979421037e-01 2.573871718904003458e+01
4.799095809323873363e-01 2.159619441857561384e+01
5.484416576121018405e-01 1.889163368893786910e+01
6.267602560047386140e-01 1.713609065334312831e+01
7.162629115692786819e-01 1.604458060680888565e+01
8.185467307069028697e-01 1.544294622962362951e+01
9.354368899026167528e-01 1.522315410421229842e+01
1.069019204603001150e+00 1.532187429613433771e+01
1.221677348996791812e+00 1.475749282156117381e+01
1.396135390856794611e+00 1.308111220401711705e+01
1.595506400444828943e+00 1.199519009287469018e+01
1.823348000868440399e+00 1.133208842637948699e+01
2.083725851142959939e+00 1.098936172234825648e+01
2.381286194765587005e+00 1.090368004634045107e+01
2.721338768375308526e+00 1.103592785061336912e+01
3.109951549940198401e+00 1.136375339359976167e+01
3.554059037181064529e+00 1.187970609477721240e+01
4.061585988376979373e+00 1.258378595414571421e+01
4.641588833612777520e+00 1.348530619735829461e+01
5.304417279843931965e+00 1.459358005006797754e+01
6.061898993497572441e+00 1.593095925384200839e+01
6.927550656129392692e+00 1.752352084050886205e+01
7.916819159263009276e+00 1.940199845472350404e+01
9.047357242349303164e+00 1.567950216121040263e+01
1.033933849239399372e+01 1.311091452610678942e+01
1.181581732618100844e+01 1.141777010238729417e+01
1.350314037869873474e+01 1.030577095941640309e+01
1.543141663868093083e+01 9.599828454917297194e+00
1.763505472047138767e+01 9.192374832597559831e+00
2.015337685941733170e+01 9.018217512886041121e+00
2.303132058706995977e+01 9.036843964192085465e+00
2.632024060704877400e+01 9.225902444948440362e+00
3.007882518043098941e+01 9.573751423088832979e+00
3.437414337286242727e+01 1.007666560835204983e+01
3.928284185071254342e+01 1.073790462971664894e+01
4.489251258218607887e+01 1.156864435796626012e+01
5.130325584897003210e+01 1.258006066388450606e+01
5.862946645916402133e+01 1.379450528903864459e+01
6.700187503509590670e+01 1.523246732986532237e+01
7.656988080124196472e+01 1.692188646332360946e+01
8.750421749906803370e+01 1.889908426946028541e+01
1.000000000000000000e+02 2.119386307036504036e+01
