1.000000000000000021e-02 1.830945459901094409e+03
1.142802059810032675e-02 1.194129441488981229e+03
1.305996547906053407e-02 8.109311840599774541e+02
1.492495545051829124e-02 5.885164543047546886e+02
1.705626983142527822e-02 4.529158887967466853e+02
1.949194029602852388e-02 3.670852011784910474e+02
2.227542951999557375e-02 3.114740681591629823e+02
2.545640673860415093e-02 2.751301363708078611e+02
2.909163405623881732e-02 2.469073373518884011e+02
3.324597932270941664e-02 2.257476886682212296e+02
3.799357365039405382e-02 1.932631575904786416e+02
4.341913422721453003e-02 1.639078703321516173e+02
4.961947603002903051e-02 1.446332185206562428e+02
5.670523941381171856e-02 1.321460455650836252e+02
6.480286440412508231e-02 1.244570464659482241e+02
7.405684692262434754e-02 1.203741283396631445e+02
8.463231720621142151e-02 1.191522331339865843e+02
9.671798642975443228e-02 1.203741283396631445e+02
1.105295141126021452e-01 1.237864942189305992e+02
1.263133563976838181e-01 1.293148249665647711e+02
1.443511638727918156e-01 1.369740217436105070e+02
1.649648074098020722e-01 1.210148782645911041e+02
1.885221217040871367e-01 1.019711944492906355e+02
2.154434690031883370e-01 8.391098726294933385e+01
2.462092401494625493e-01 5.583347456421702759e+01
2.813684267870688038e-01 3.709712719546630666e+01
3.215484176977705943e-01 2.637574182370677534e+01
3.674661940736689836e-01 1.993844025233760320e+01
4.199411234979421037e-01 1.542245713318697931e+01
4.799095809323873363e-01 1.238634557030163741e+01
5.484416576121018405e-01 1.043056818316690482e+01
6.267602560047386140e-01 9.155121929985471141e+00
7.162629115692786819e-01 8.330901459692976019e+00
8.185467307069028697e-01 7.824261984168551010e+00
9.354368899026167528e-01 7.552315795100293272e+00
1.069019204603001150e+00 7.465702796527183160e+00
1.221677348996791812e+00 7.533689343794248039e+00
1.396135390856794611e+00 7.741374275856650833e+00
1.595506400444828943e+00 8.078513044496066442e+00
1.823348000868440399e+00 8.546968294843098946e+00
2.083725851142959939e+00 9.148602672028355087e+00
2.381286194765587005e+00 9.894126385552809211e+00
2.721338768375308526e+00 1.079750927389599369e+01
3.109951549940198401e+00 1.187225551425479431e+01
3.554059037181064529e+00 1.314257949332706588e+01
4.061585988376979373e+00 1.463455824294127616e+01
4.641588833612777520e+00 1.637799408518709399e+01
5.304417279843931965e+00 1.840827727754599863e+01
6.061898993497572441e+00 2.070585004614665792e+01
6.927550656129392692e+00 2.319806923089548789e+01
7.916819159263009276e+00 1.915612929748370874e+01
9.047357242349303164e+00 1.504061488141305780e+01
1.033933849239399372e+01 1.239379615082405550e+01
1.181581732618100844e+01 1.065408559883944584e+01
1.350314037869873474e+01 9.506696198387070140e+00
1.543141663868093083e+01 8.767691742819733847e+00
1.763505472047138767e+01 8.322519556605255886e+00
2.015337685941733170e+01 8.102727431193926577e+00
2.303132058706995977e+01 8.066405851147138151e+00
2.632024060704877400e+01 8.154881494850851453e+00
3.007882518043098941e+01 8.259189622164702982e+00
3.437414337286242727e+01 8.510646714796310519e+00
3.928284185071254342e+01 8.902733514788561564e+00
4.489251258218607887e+01 9.437778328554703222e+00
5.130325584897003210e+01 1.012136909148655839e+01
5.862946645916402133e+01 1.096328469051979582e+01
6.700187503509590670e+01 1.198028893182985399e+01
7.656988080124196472e+01 1.318728297646157444e+01
8.750421749906803370e+01 1.461034385624341780e+01
1.000000000000000000e+02 1.627554860300384476e+01
