1.000000000000000021e-02 1.824269739753007798e+03
1.142802059810032675e-02 1.190135930328965060e+03
1.305996547906053407e-02 8.065204403907059714e+02
1.492495545051829124e-02 5.836288734820484478e+02
1.705626983142527822e-02 4.476110754647850172e+02
1.949194029602852388e-02 3.613035506930947349e+02
2.227542951999557375e-02 3.050367665877938066e+02
2.545640673860415093e-02 2.679477767471968832e+02
2.909163405623881732e-02 2.397845823724567822e+02
3.324597932270941664e-02 2.177904686702787842e+02
3.799357365039405382e-02 2.039919935427606390e+02
4.341913422721453003e-02 1.963029944436252094e+02
4.961947603002903051e-02 1.934419715230166616e+02
5.670523941381171856e-02 1.945744597624242260e+02
6.480286440412508231e-02 1.946936690507829155e+02
7.405684692262434754e-02 1.868258560191094944e+02
8.463231720621142151e-02 1.836668098776042370e+02
9.671798642975443228e-02 1.844714725740253982e+02
1.105295141126021452e-01 1.888226115991175220e+02
1.263133563976838181e-01 1.785706128002702826e+02
1.443511638727918156e-01 1.564870921318232888e+02
1.649648074098020722e-01 1.424725501691550278e+02
1.885221217040871367e-01 1.122231932481378180e+02
2.154434690031883370e-01 6.742657785709948826e+01
2.462092401494625493e-01 4.162521750796585707e+01
2.813684267870688038e-01 2.579087125269695946e+01
3.215484176977705943e-01 1.728137697353027846e+01
3.674661940736689836e-01 1.242173582778312202e+01
4.199411234979421037e-01 9.501108262995256126e+00
4.799095809323873363e-01 7.674319051154888882e+00
5.484416576121018405e-01 6.499921296308747820e+00
6.267602560047386140e-01 5.736236792760900371e+00
7.162629115692786819e-01 5.247292445977217668e+00
8.185467307069028697e-01 4.950200547645800420e+00
9.354368899026167528e-01 4.797463646936230397e+00
1.069019204603001150e+00 4.759279421758837003e+00
1.221677348996791812e+00 4.817952743372879709e+00
1.396135390856794611e+00 4.964170386125332790e+00
1.595506400444828943e+00 5.194207059754989864e+00
1.823348000868440399e+00 5.508062764261848265e+00
2.083725851142959939e+00 5.907600144776515627e+00
2.381286194765587005e+00 6.401201104386708529e+00
2.721338768375308526e+00 6.997247546180149769e+00
3.109951549940198401e+00 7.706915340940467374e+00
3.554059037181064529e+00 8.545105649712494866e+00
4.061585988376979373e+00 9.054539092932827771e+00
4.641588833612777520e+00 6.750447066375053318e+00
5.304417279843931965e+00 5.229597317236475362e+00
6.061898993497572441e+00 4.258926373550202094e+00
6.927550656129392692e+00 3.624695706579368348e+00
7.916819159263009276e+00 3.207463197323959125e+00
9.047357242349303164e+00 2.937379653386305911e+00
1.033933849239399372e+01 2.772535559327807153e+00
1.181581732618100844e+01 2.687785205885302009e+00
1.350314037869873474e+01 2.666830448166001233e+00
1.543141663868093083e+01 2.700823721799533672e+00
1.763505472047138767e+01 2.784642752676735888e+00
2.015337685941733170e+01 2.915959234384354115e+00
2.303132058706995977e+01 3.095704489487688615e+00
2.632024060704877400e+01 3.325275501834693781e+00
3.007882518043098941e+01 3.608863222969230566e+00
3.437414337286242727e+01 3.951589927000458857e+00
3.928284185071254342e+01 4.360906194450799411e+00
4.489251258218607887e+01 4.844961097766644187e+00
5.130325584897003210e+01 5.413067862601019797e+00
5.862946645916402133e+01 6.078963496792129106e+00
6.700187503509590670e+01 6.855686516254208662e+00
7.656988080124196472e+01 7.759069404597394026e+00
8.750421749906803370e+01 8.806807290562428392e+00
1.000000000000000000e+02 1.002078625443391502e+01
