3.162277660168379134e-02 1.508841962755918757e+03
3.530417660538831548e-02 1.113603567202687373e+03
3.941415080287675315e-02 8.577804343849419411e+02
4.400259212602089520e-02 6.869535241669416337e+02
4.912520184673455081e-02 5.696217820999027026e+02
5.484416576121017850e-02 4.582207021287082966e+02
6.122890909288016686e-02 3.665487593808769589e+02
6.835693927822929228e-02 3.039638829925655727e+02
7.631478686643580756e-02 2.602885799701511473e+02
8.519905595487022032e-02 2.294431766073405754e+02
9.511759691218703294e-02 2.075980745156109322e+02
1.061908156252536900e-01 1.923392856056988194e+02
1.185531351634873803e-01 1.820276821626722494e+02
1.323546276044391679e-01 1.658450212679803428e+02
1.477628358301314171e-01 1.215960235453396905e+02
1.649648074098020167e-01 9.334342220433055104e+01
1.841693652593244523e-01 7.474677322037516092e+01
2.056096426419194712e-01 6.218881974983960248e+01
2.295459132837373295e-01 5.359084982696920463e+01
2.562687509604298919e-01 4.766763831164688270e+01
2.861025569104377331e-01 3.871949110422282558e+01
3.194094978959385878e-01 3.166565399462357178e+01
3.565939027174543918e-01 2.578714596243574775e+01
3.981071705534971472e-01 1.916730516826733677e+01
4.444532507099246965e-01 1.488787798070348778e+01
4.961947603002900276e-01 1.203430564061738473e+01
5.539598141226161898e-01 1.008225354374386207e+01
6.184496496437186241e-01 8.722988259685225287e+00
6.904471396543906403e-01 7.766519985119812119e+00
7.708262959346177112e-01 7.095036415536887020e+00
8.605628792983366360e-01 6.632169100581666754e+00
9.607462448181176562e-01 6.326695299162528485e+00
1.072592566024592520e+00 6.147881366624496025e+00
1.197459598615466358e+00 6.071512916269711013e+00
1.336863162897809154e+00 6.084551432183942232e+00
1.492495545051829131e+00 6.176752366148865470e+00
1.666246040597821887e+00 6.343459105337969639e+00
1.860223889453220592e+00 6.582809004620647997e+00
2.076783880999303999e+00 6.892939418866298240e+00
2.318554939989653896e+00 7.278506960901431455e+00
2.588472040318300138e+00 7.741374275856650833e+00
2.889811834063971574e+00 8.288060621689073315e+00
3.226232428328361657e+00 8.924153933790513804e+00
3.601817792738369217e+00 9.659433099096641939e+00
4.021127336696125987e+00 1.050321134326048167e+01
4.489251258218603269e+00 1.086270185346715067e+01
5.011872336272719330e+00 1.127993436272256034e+01
5.595334916732480401e+00 1.182010145059786765e+01
6.246721929411505947e+00 1.248506576222367670e+01
6.973940871117343399e+00 1.328227787812240379e+01
7.785819798516762091e+00 1.421918837881647057e+01
8.692214496115088451e+00 1.531069842535070968e+01
9.704128120312613959e+00 1.261545092136599067e+01
1.083384477195432360e+01 1.061124476083554313e+01
1.209507861887348312e+01 9.200756735685279963e+00
1.350314037869872230e+01 8.201447623115964092e+00
1.507512318293853681e+01 7.494573796051553494e+00
1.683011007863576580e+01 7.002835481571963783e+00
1.878940568655332299e+01 6.675941261150873274e+00
2.097679482810011820e+01 6.480363522437399659e+00
2.341883126059243736e+01 6.392819201298988396e+00
2.614516002594537980e+01 6.398407136690801522e+00
2.918887732593875128e+01 6.487814102959817752e+00
3.258693229275402814e+01 6.655452164714223073e+00
3.638057553206641614e+01 6.899458676823414294e+00
4.061585988376975820e+01 7.218902316722087598e+00
4.534419947930706485e+01 7.616577052106148216e+00
5.062299388226948338e+01 8.095276850671508484e+00
5.651632488900333584e+01 8.661520970375278239e+00
6.309573444801932851e+01 9.276193863474762935e+00
