1.000000000000000021e-02 5.207459738728404091e+02
1.142802059810032675e-02 3.924171749547123227e+02
1.305996547906053407e-02 3.116528820917010307e+02
1.492495545051829124e-02 2.593647079853713535e+02
1.705626983142527822e-02 2.249430259718000684e+02
1.949194029602852388e-02 2.023826681499183167e+02
2.227542951999557375e-02 1.881073558689653851e+02
2.545640673860415093e-02 1.798521126501262017e+02
2.909163405623881732e-02 1.763354386435449044e+02
3.324597932270941664e-02 1.766930665086209729e+02
3.799357365039405382e-02 1.804481590919196492e+02
4.341913422721453003e-02 1.873622978167235829e+02
4.961947603002903051e-02 1.833687866567075275e+02
5.670523941381171856e-02 1.645039167739450647e+02
6.480286440412508231e-02 1.524935809718072335e+02
7.405684692262434754e-02 1.454080788949876819e+02
8.463231720621142151e-02 1.421447246261686246e+02
9.671798642975443228e-02 1.420255153378099351e+02
1.105295141126021452e-01 1.446332185206562428e+02
1.263133563976838181e-01 1.498113719837367341e+02
1.443511638727918156e-01 1.180048437335342157e+02
1.649648074098020722e-01 9.438650347746909119e+01
1.885221217040871367e-01 7.744388336949049290e+01
2.154434690031883370e-01 6.130220066767185472e+01
2.462092401494625493e-01 5.104275128830224162e+01
2.813684267870688038e-01 4.444898752596228775e+01
3.215484176977705943e-01 3.820540104817598603e+01
3.674661940736689836e-01 3.022396666353568406e+01
4.199411234979421037e-01 2.402135837862267920e+01
4.799095809323873363e-01 1.981178038345649384e+01
5.484416576121018405e-01 1.637985673031769807e+01
6.267602560047386140e-01 1.414281992846168556e+01
7.162629115692786819e-01 1.268250614606775351e+01
8.185467307069028697e-01 1.175677151615731475e+01
9.354368899026167528e-01 1.121660442828200743e+01
1.069019204603001150e+00 1.097446056130342207e+01
1.221677348996791812e+00 1.097259791617281799e+01
1.396135390856794611e+00 1.118307681593112513e+01
1.595506400444828943e+00 1.158727080927230269e+01
1.823348000868440399e+00 1.217959196080453665e+01
2.083725851142959939e+00 1.296376556078903342e+01
2.381286194765587005e+00 1.394910483487881692e+01
2.721338768375308526e+00 1.493258146383799456e+01
3.109951549940198401e+00 1.614516344386152724e+01
3.554059037181064529e+00 1.760920251651667101e+01
4.061585988376979373e+00 1.935356968132778732e+01
4.641588833612777520e+00 2.141365519577637144e+01
5.304417279843931965e+00 2.383136857530102048e+01
6.061898993497572441e+00 2.665141330303623945e+01
6.927550656129392692e+00 2.993711931342258836e+01
7.916819159263009276e+00 2.885305984741076912e+01
9.047357242349303164e+00 2.279573788268491441e+01
1.033933849239399372e+01 1.888045781815424107e+01
1.181581732618100844e+01 1.630721357022412121e+01
1.350314037869873474e+01 1.461220650137402188e+01
1.543141663868093083e+01 1.352069645483978100e+01
1.763505472047138767e+01 1.287249594938941399e+01
2.015337685941733170e+01 1.256329685770906401e+01
2.303132058706995977e+01 1.250182956839911697e+01
2.632024060704877400e+01 1.230438918455503838e+01
3.007882518043098941e+01 1.236585647386498721e+01
3.437414337286242727e+01 1.265456646910868699e+01
3.928284185071254342e+01 1.315934329950250614e+01
4.489251258218607887e+01 1.387273638452403191e+01
5.130325584897003210e+01 1.480592159495688875e+01
5.862946645916402133e+01 1.596821215645409886e+01
6.700187503509590670e+01 1.738009716545231598e+01
7.656988080124196472e+01 1.906672233121469162e+01
8.750421749906803370e+01 2.105602733070030652e+01
1.000000000000000000e+02 2.338805903421714660e+01
