3.162277660168379412e-01 1.180788879905594557e+00
3.674661940736689281e-01 7.636145783105164897e-01
4.270067916167659128e-01 5.226639683687244187e-01
4.961947603002903051e-01 3.763299102956079722e-01
5.765932649858945824e-01 2.834741401519568216e-01
6.700187503509588138e-01 2.225016159548249550e-01
7.785819798516769863e-01 1.814943192513601422e-01
9.047357242349296502e-01 1.535837461224582312e-01
1.051330177026238211e+00 1.346880843873805578e-01
1.221677348996791812e+00 1.223189565669599715e-01
1.419625896474748350e+00 1.149265837048733391e-01
1.649648074098020167e+00 1.115650913207354988e-01
1.916940776533455626e+00 1.116669547263154372e-01
2.227542951999557541e+00 1.149120317897904947e-01
2.588472040318300582e+00 1.211693552754149888e-01
3.007882518043099473e+00 1.304680290133546916e-01
3.495250132675474131e+00 1.429244683242723024e-01
4.061585988376979373e+00 1.587642278919520200e-01
4.719685320018228047e+00 1.784093132537964421e-01
5.484416576121017961e+00 2.022453501595009306e-01
6.373057341948979548e+00 2.308544152123795379e-01
7.405684692262434865e+00 2.651678309777343867e-01
8.605628792983365472e+00 3.061896795962820716e-01
1.000000000000000000e+01 3.551423219349817417e-01
1.162030136386260892e+01 4.134663975870352393e-01
1.350314037869872941e+01 4.829663440227159321e-01
1.569105605590211816e+01 5.655630140329596101e-01
1.823348000868441332e+01 6.638466485025128483e-01
2.118785326128771018e+01 7.807276304479454643e-01
2.462092401494625449e+01 9.194946926779812291e-01
2.861025569104377908e+01 1.084338786736479987e+00
3.324597932270941669e+01 1.280207563751609712e+00
3.863282988666283302e+01 1.512339713153196596e+00
4.489251258218602914e+01 1.788011192482663381e+00
5.216645251859961974e+01 2.114905412903754556e+00
6.061898993497572263e+01 2.501986354107502475e+00
7.044109314173721259e+01 2.960662717518862230e+00
8.185467307069029630e+01 3.502226789242121718e+00
9.511759691218703949e+01 4.141579730322118458e+00
1.105295141126021008e+02 4.894321193727664721e+00
1.284386263589742896e+02 5.779077630764803963e+00
1.492495545051829140e+02 6.817502291076816157e+00
1.734324801772463900e+02 8.032878238796255843e+00
2.015337685941733241e+02 9.452679489599539409e+00
2.341883126059243523e+02 1.111229630096815413e+01
2.721338768375305790e+02 1.304572194653563066e+01
3.162277660168379612e+02 1.529952255456708343e+01
3.674661940736688166e+02 1.792398954358883145e+01
4.270067916167655540e+02 1.904809587990864728e+01
4.961947603002902838e+02 1.926416271505877376e+01
5.765932649858943932e+02 1.986765973737463042e+01
6.700187503509590670e+02 2.083623520528897188e+01
7.785819798516770334e+02 2.216243853827938182e+01
9.047357242349293074e+02 2.387234676817431733e+01
1.051330177026238516e+03 2.598458634627982988e+01
1.221677348996791807e+03 2.854386075573041737e+01
1.419625896474747606e+03 3.160232406018301887e+01
1.649648074098020743e+03 3.522330619407817665e+01
1.916940776533455619e+03 3.949435147855430728e+01
2.227542951999556408e+03 4.449369100909679275e+01
2.588472040318301424e+03 5.035729788023978415e+01
3.007882518043099026e+03 5.718948021929710990e+01
3.495250132675475925e+03 6.516905195880681845e+01
4.061585988376979458e+03 7.445992587026208298e+01
4.719685320018227685e+03 8.526699291802941616e+01
5.484416576121015169e+03 9.785847400091587645e+01
6.373057341948973772e+03 1.124914141469448765e+02
7.405684692262441786e+03 1.295234412211924848e+02
8.605628792983370658e+03 1.493047325082123109e+02
1.000000000000000000e+04 1.723121251614391838e+02
