3.162277660168379412e-01 1.180788879905594557e+00
3.674661940736689281e-01 7.634981629898537348e-01
4.270067916167659128e-01 5.224893453877302862e-01
4.961947603002903051e-01 3.758642490129568414e-01
5.765932649858945824e-01 2.825719214168202487e-01
6.700187503509588138e-01 2.209300091258773746e-01
7.785819798516769863e-01 1.789913898571103557e-01
9.047357242349296502e-01 1.498875596914149289e-01
1.051330177026238211e+00 1.295512583631352743e-01
1.221677348996791812e+00 1.155086603081872387e-01
1.419625896474748350e+00 1.062099865702475499e-01
1.649648074098020167e+00 1.007093626689311294e-01
1.916940776533455626e+00 9.841016008584119179e-02
2.227542951999557541e+00 9.894858094390655834e-02
2.588472040318300582e+00 1.021936580073816020e-01
3.007882518043099473e+00 1.080726317008520593e-01
3.495250132675474131e+00 1.166728135148150658e-01
4.061585988376979373e+00 1.281542745151818818e-01
4.719685320018228047e+00 1.427643972583609866e-01
5.484416576121017961e+00 1.608597036638821087e-01
6.373057341948979548e+00 1.828913030993135347e-01
7.405684692262434865e+00 2.092593732294335540e-01
8.605628792983365472e+00 2.408952366195444561e-01
1.000000000000000000e+01 2.786720081746170696e-01
1.162030136386260892e+01 3.237683930163620660e-01
1.350314037869872941e+01 3.774940635022357993e-01
1.569105605590211816e+01 4.414642822064342997e-01
1.823348000868441332e+01 5.175999019198934681e-01
2.118785326128771018e+01 6.082001252257032142e-01
2.462092401494625449e+01 7.157678815181134357e-01
2.861025569104377908e+01 8.437083189265103256e-01
3.324597932270941669e+01 9.957467277121030413e-01
3.863282988666283302e+01 1.176365097720408759e+00
4.489251258218602914e+01 1.390569287739926940e+00
5.216645251859961974e+01 1.644820348067441929e+00
6.061898993497572263e+01 1.946103197942720575e+00
7.044109314173721259e+01 2.303032571094809189e+00
8.185467307069029630e+01 2.725038108497392031e+00
9.511759691218703949e+01 3.223295680934097796e+00
1.105295141126021008e+02 3.810028897074516863e+00
1.284386263589742896e+02 4.500138917963486307e+00
1.492495545051829140e+02 5.309691057852469420e+00
1.734324801772463900e+02 6.257777429330162455e+00
2.015337685941733241e+02 7.366051282039842718e+00
2.341883126059243523e+02 8.659658325244672383e+00
2.721338768375305790e+02 1.016793521975166925e+01
3.162277660168379612e+02 1.192627222304232504e+01
3.674661940736688166e+02 1.397518186670727935e+01
4.270067916167655540e+02 1.635750498875044556e+01
4.961947603002902838e+02 1.913005226565524808e+01
5.765932649858943932e+02 2.235242834160104053e+01
6.700187503509590670e+02 2.610379563463851582e+01
7.785819798516770334e+02 3.046238524025305949e+01
9.047357242349293074e+02 3.552877999549731669e+01
1.051330177026238516e+03 4.141660125333815756e+01
1.221677348996791807e+03 4.826368475344031594e+01
1.419625896474747606e+03 5.604209081884473420e+01
1.649648074098020743e+03 6.271036038640885835e+01
1.916940776533455619e+03 7.054092051547020503e+01
2.227542951999556408e+03 7.970885984830557902e+01
2.588472040318301424e+03 9.042279463954268692e+01
3.007882518043099026e+03 1.029248687561601372e+02
3.495250132675475925e+03 1.174982042580097925e+02
4.061585988376979458e+03 1.344706266880780561e+02
4.719685320018227685e+03 1.541923133309185516e+02
5.484416576121015169e+03 1.771699036620557308e+02
6.373057341948973772e+03 2.038727842544019495e+02
7.405684692262441786e+03 2.349268038718402352e+02
8.605628792983370658e+03 2.710472182445227531e+02
1.000000000000000000e+04 3.130237889078259172e+02
