1.000000000000000021e-02 1.830707041324377087e+03
1.105295141126021521e-02 1.330266448794603093e+03
1.221677348996791888e-02 9.754400019949673606e+02
1.350314037869872891e-02 7.440547732907532463e+02
1.492495545051829124e-02 5.884568496605753580e+02
1.649648074098020514e-02 4.810492808493971211e+02
1.823348000868441413e-02 4.052917780974506741e+02
2.015337685941732959e-02 3.508727379617095039e+02
2.227542951999557375e-02 3.114740681591629823e+02
2.462092401494625493e-02 2.828191354699433191e+02
2.721338768375307360e-02 2.615998821420967602e+02
3.007882518043098960e-02 2.406786520351469392e+02
3.324597932270941664e-02 2.257476886682212296e+02
3.674661940736687754e-02 2.027700983370840504e+02
4.061585988376979761e-02 1.770208920516073476e+02
4.489251258218605184e-02 1.583050337792932964e+02
4.961947603002903051e-02 1.446332185206562428e+02
5.484416576121017850e-02 1.347537487479299614e+02
6.061898993497571997e-02 1.277800053789466546e+02
6.700187503509590081e-02 1.231159419719129744e+02
7.405684692262434754e-02 1.203592271786183119e+02
8.185467307069028975e-02 1.191969366171210964e+02
9.047357242349297890e-02 1.194353551938384612e+02
1.000000000000000056e-01 1.209552736204117593e+02
1.105295141126021452e-01 1.236672849305719097e+02
1.221677348996791784e-01 1.275266856411844429e+02
1.350314037869872752e-01 1.325334757522493589e+02
1.492495545051829020e-01 1.353944986728579067e+02
1.649648074098020722e-01 1.203145236954837998e+02
1.823348000868441343e-01 1.073058101033419405e+02
2.015337685941733237e-01 9.106354456447063228e+01
2.227542951999557652e-01 7.933633082218466370e+01
2.462092401494625493e-01 7.078678967271000033e+01
2.721338768375307082e-01 6.453575261440127520e+01
3.007882518043099029e-01 6.000579965677112426e+01
3.324597932270940137e-01 5.678714887108653642e+01
3.674661940736688170e-01 5.461902993906289794e+01
4.061585988376979484e-01 5.330772776711732064e+01
4.489251258218605600e-01 4.967184447217732668e+01
4.961947603002903051e-01 4.659475471641868438e+01
5.484416576121018405e-01 4.445643810648470406e+01
6.061898993497571997e-01 4.307063012931495649e+01
6.700187503509587028e-01 4.231067091602832164e+01
7.405684692262434199e-01 4.209460408087819872e+01
8.185467307069028697e-01 4.235537439916282665e+01
9.047357242349297612e-01 4.306317954879254017e+01
1.000000000000000000e+00 4.419566778820007613e+01
1.105295141126021008e+00 4.573048737581819267e+01
1.221677348996791812e+00 4.712374593351036367e+01
1.350314037869873474e+00 4.815937662612646619e+01
1.492495545051829131e+00 4.964949273061007062e+01
1.649648074098020611e+00 5.158664366643875354e+01
1.823348000868440399e+00 5.355359692435711594e+01
2.015337685941732904e+00 5.598993675518780577e+01
2.227542951999556209e+00 5.892546548102050963e+01
2.462092401494625715e+00 6.236763368237763672e+01
2.721338768375308526e+00 6.636114484239369915e+01
3.007882518043099029e+00 7.093580128315835509e+01
3.324597932270941580e+00 7.613258119754492270e+01
3.674661940736688059e+00 8.203344097129999568e+01
4.061585988376979373e+00 8.866445763625203824e+01
4.489251258218603269e+00 9.610013699762522776e+01
4.961947603002903051e+00 1.044298860216885600e+02
5.484416576121015297e+00 1.137431116747111020e+02
6.061898993497572441e+00 1.241292209229618351e+02
6.700187503509590137e+00 1.356925218937546163e+02
7.405684692262434865e+00 1.485373227144032455e+02
8.185467307069028919e+00 1.628051844148337466e+02
9.047357242349292505e+00 1.786600197665393068e+02
1.000000000000000000e+01 1.962433897994458789e+02
