3.162277660168379412e-01 1.187075307221384657e+00
3.674661940736689281e-01 7.728113886428763513e-01
4.270067916167659128e-01 5.355860689622932158e-01
4.961947603002903051e-01 3.935011700933682688e-01
5.765932649858945824e-01 3.054329800119739424e-01
6.700187503509588138e-01 2.497428009899158585e-01
7.785819798516769863e-01 2.144107511687615986e-01
9.047357242349296502e-01 1.926119823746557658e-01
1.051330177026238211e+00 1.803592698748980316e-01
1.221677348996791812e+00 1.752369957657356481e-01
1.419625896474748350e+00 1.758481761992152226e-01
1.649648074098020167e+00 1.813488001005316708e-01
1.916940776533455626e+00 1.913314138473651560e-01
2.227542951999557541e+00 2.057669136095500728e-01
2.588472040318300582e+00 2.247717147077491762e-01
3.007882518043099473e+00 2.485495439531223427e-01
3.495250132675474131e+00 2.777115817791491192e-01
4.061585988376979373e+00 3.131745988360489785e-01
4.719685320018228047e+00 3.559572291796211929e-01
5.484416576121017961e+00 4.072381779315765171e-01
6.373057341948979548e+00 4.685308442605309875e-01
7.405684692262434865e+00 5.416396656367578055e-01
8.605628792983365472e+00 5.651555604106398567e-01
1.000000000000000000e+01 6.015644519479246277e-01
1.162030136386260892e+01 6.512737938709324270e-01
1.350314037869872941e+01 7.153022202354623049e-01
1.569105605590211816e+01 7.951631302101304088e-01
1.823348000868441332e+01 8.929519995668669941e-01
2.118785326128771018e+01 1.011462796001578734e+00
2.462092401494625449e+01 1.153838733172160680e+00
2.861025569104377908e+01 1.324445385603467029e+00
3.324597932270941669e+01 1.527706535480683581e+00
3.863282988666283302e+01 1.769850402459269390e+00
4.489251258218602914e+01 2.057396244496340287e+00
5.216645251859961974e+01 2.398609549358952542e+00
6.061898993497572263e+01 2.803269203982781121e+00
7.044109314173721259e+01 3.282434663830790189e+00
8.185467307069029630e+01 3.848213122251908924e+00
9.511759691218703949e+01 4.515971401573624533e+00
1.105295141126021008e+02 5.302240477330051327e+00
1.284386263589742896e+02 6.225181139544583075e+00
1.492495545051829140e+02 7.308309282991103828e+00
1.734324801772463900e+02 8.574907971802167239e+00
2.015337685941733241e+02 1.005617651191539963e+01
2.341883126059243523e+02 1.178471119311638304e+01
2.721338768375305790e+02 1.380009322443045683e+01
3.162277660168379612e+02 1.614702608899213132e+01
3.674661940736688166e+02 1.855542624286375641e+01
4.270067916167655540e+02 1.869419330509379051e+01
4.961947603002902838e+02 1.921573394166305349e+01
5.765932649858943932e+02 2.009490244330837783e+01
6.700187503509590670e+02 2.132424822950735432e+01
7.785819798516770334e+02 2.292239775156602022e+01
9.047357242349293074e+02 2.490797746079042341e+01
1.051330177026238516e+03 2.731824025979265613e+01
1.221677348996791807e+03 3.020906550249084788e+01
1.419625896474747606e+03 3.363633254280314588e+01
1.649648074098020743e+03 3.767640983108430675e+01
1.916940776533455619e+03 4.242242962386459482e+01
2.227542951999556408e+03 4.797311211306601564e+01
2.588472040318301424e+03 5.445511716756969633e+01
3.007882518043099026e+03 6.201745639782398456e+01
3.495250132675475925e+03 7.082404257532209613e+01
4.061585988376979458e+03 8.107976666443047975e+01
4.719685320018227685e+03 9.303049782238899468e+01
5.484416576121015169e+03 1.069034787551313599e+02
6.373057341948973772e+03 1.230563373277336296e+02
7.405684692262441786e+03 1.418318002442270540e+02
8.605628792983370658e+03 1.636694517554342383e+02
1.000000000000000000e+04 1.890312278537452073e+02
