1.000000000000000021e-02 9.490947492676972388e+02
1.142802059810032675e-02 6.833772455161810058e+02
1.305996547906053407e-02 4.969637208452820687e+02
1.492495545051829124e-02 3.826420133092998412e+02
1.705626983142527822e-02 3.098647427663206599e+02
1.949194029602852388e-02 2.622853355501592318e+02
2.227542951999557375e-02 2.308736880676448209e+02
2.545640673860415093e-02 2.103100858257710968e+02
2.909163405623881732e-02 1.974652850051224107e+02
3.324597932270941664e-02 1.903425300256907917e+02
3.799357365039405382e-02 1.878093326480686756e+02
4.341913422721453003e-02 1.891206348200142315e+02
4.961947603002903051e-02 1.938294017101823954e+02
5.670523941381171856e-02 1.898060882280767032e+02
6.480286440412508231e-02 1.695405092070996886e+02
7.405684692262434754e-02 1.565466967760026478e+02
8.463231720621142151e-02 1.488204447742551508e+02
9.671798642975443228e-02 1.451547591572254703e+02
1.105295141126021452e-01 1.448418347752839281e+02
1.263133563976838181e-01 1.474942414412647338e+02
1.443511638727918156e-01 1.369442194215208417e+02
1.649648074098020722e-01 1.107330771436542136e+02
1.885221217040871367e-01 9.404377677343785535e+01
2.154434690031883370e-01 8.350865591473875327e+01
2.462092401494625493e-01 4.770489121425896428e+01
2.813684267870688038e-01 2.798134192628785755e+01
3.215484176977705943e-01 1.785320902862586223e+01
3.674661940736689836e-01 1.228576273324899404e+01
4.199411234979421037e-01 9.040569254453295400e+00
4.799095809323873363e-01 7.058714835490099482e+00
5.484416576121018405e-01 5.803292017462662322e+00
6.267602560047386140e-01 4.991178740519099044e+00
7.162629115692786819e-01 4.463817337916698769e+00
8.185467307069028697e-01 4.130403859538491318e+00
9.354368899026167528e-01 3.936223104672971651e+00
1.069019204603001150e+00 3.849144444817211408e+00
1.221677348996791812e+00 3.848213122251908924e+00
1.396135390856794611e+00 3.923184588758739988e+00
1.595506400444828943e+00 4.067073925097938414e+00
1.823348000868440399e+00 4.278484147421549366e+00
2.083725851142959939e+00 4.558346578294876217e+00
2.381286194765587005e+00 4.911084999903104986e+00
2.721338768375308526e+00 5.341356025072745872e+00
3.109951549940198401e+00 5.858240048815495093e+00
3.554059037181064529e+00 6.471050296784377487e+00
4.061585988376979373e+00 7.193756607458926311e+00
4.641588833612777520e+00 5.320866928636095672e+00
5.304417279843931965e+00 3.823533074271399546e+00
6.061898993497572441e+00 2.911302621557842585e+00
6.927550656129392692e+00 2.333416969787794670e+00
7.916819159263009276e+00 1.957511899367673447e+00
9.047357242349303164e+00 1.710012927638599800e+00
1.033933849239399372e+01 1.548661293199984357e+00
1.181581732618100844e+01 1.447612794864689967e+00
1.350314037869873474e+01 1.391966271587880222e+00
1.543141663868093083e+01 1.371710005792556419e+00
1.763505472047138767e+01 1.381488892728229834e+00
2.015337685941733170e+01 1.418043303416343326e+00
2.303132058706995977e+01 1.479743423367617883e+00
2.632024060704877400e+01 1.566589252582052838e+00
3.007882518043098941e+01 1.679512113624950898e+00
3.437414337286242727e+01 1.820141820985591075e+00
3.928284185071254342e+01 1.991505173001205442e+00
4.489251258218607887e+01 2.196628968009026295e+00
5.130325584897003210e+01 2.440053403514902630e+00
5.862946645916402133e+01 2.726435092345345534e+00
6.700187503509590670e+01 3.062642538419458660e+00
7.656988080124196472e+01 3.454729338411707484e+00
8.750421749906803370e+01 3.911077395409811253e+00
1.000000000000000000e+02 4.440534273784142449e+00
