3.162277660168379412e-01 1.180788879905594557e+00
3.674661940736689281e-01 7.634981629898537348e-01
4.270067916167659128e-01 5.224311377273989088e-01
4.961947603002903051e-01 3.757478336922940310e-01
5.765932649858945824e-01 2.823099869453289945e-01
6.700187503509588138e-01 2.203479325225634888e-01
7.785819798516769863e-01 1.778272366504825286e-01
9.047357242349296502e-01 1.477338762591534904e-01
1.051330177026238211e+00 1.259423834225890382e-01
1.221677348996791812e+00 1.098625172560423330e-01
1.419625896474748350e+00 9.792994688810721660e-02
1.649648074098020167e+00 8.912603826298436116e-02
1.916940776533455626e+00 8.285416286227699489e-02
2.227542951999557541e+00 7.873597089383109482e-02
2.588472040318300582e+00 7.656773554648678426e-02
3.007882518043099473e+00 7.624759341466413876e-02
3.495250132675474131e+00 7.777554449836315831e-02
4.061585988376979373e+00 8.119524454283236214e-02
4.719685320018228047e+00 8.662310886873456073e-02
5.484416576121017961e+00 9.421920854198105599e-02
6.373057341948979548e+00 1.042163742038974134e-01
7.405684692262434865e+00 1.168619884108920842e-01
8.605628792983365472e+00 1.325052971249533751e-01
1.000000000000000000e+01 1.515755818410252642e-01
1.162030136386260892e+01 1.745676076719246406e-01
1.350314037869872941e+01 2.019543118578439600e-01
1.569105605590211816e+01 2.346670169640856229e-01
1.823348000868441332e+01 2.736952532162831853e-01
2.118785326128771018e+01 3.202177257361472629e-01
2.462092401494625449e+01 3.756314183716312760e-01
2.861025569104377908e+01 4.415806975270970547e-01
3.324597932270941669e+01 5.199864159934804997e-01
3.863282988666283302e+01 6.133223993348656533e-01
4.489251258218602914e+01 7.242661999264964345e-01
5.216645251859961974e+01 8.560483429167651259e-01
6.061898993497572263e+01 1.012510533887543751e+00
7.044109314173721259e+01 1.198018347363686065e+00
8.185467307069029630e+01 1.417577642133692306e+00
9.511759691218703949e+01 1.676950976570369622e+00
1.105295141126021008e+02 1.982890439272159577e+00
1.284386263589742896e+02 2.342730195440817287e+00
1.492495545051829140e+02 2.765084978805389060e+00
1.734324801772463900e+02 3.260082922263535909e+00
2.015337685941733241e+02 3.838434235316235288e+00
2.341883126059243523e+02 4.514108756443020454e+00
2.721338768375305790e+02 5.302240477330051327e+00
3.162277660168379612e+02 6.220524526718071989e+00
3.674661940736688166e+02 7.289682831685058595e+00
4.270067916167655540e+02 8.534861101494170654e+00
4.961947603002902838e+02 9.983533351821824553e+00
5.765932649858943932e+02 1.166736454988829763e+01
6.700187503509590670e+02 1.362500458215363430e+01
7.785819798516770334e+02 1.590301957688294188e+01
9.047357242349293074e+02 1.854797566234134010e+01
1.051330177026238516e+03 2.162599674066528621e+01
1.221677348996791807e+03 2.520227539142593542e+01
1.419625896474747606e+03 2.935597403267398420e+01
1.649648074098020743e+03 3.418395021120086597e+01
1.916940776533455619e+03 3.966571483056991809e+01
2.227542951999556408e+03 4.473956016633658805e+01
2.588472040318301424e+03 5.067767284270376393e+01
3.007882518043099026e+03 5.761416330907493943e+01
3.495250132675475925e+03 6.569059259537607431e+01
4.061585988376979458e+03 7.510440108545122939e+01
4.719685320018227685e+03 8.605675445340573049e+01
5.484416576121015169e+03 9.881214830778537817e+01
6.373057341948973772e+03 1.136388035473972451e+02
7.405684692262441786e+03 1.308794468762725671e+02
8.605628792983370658e+03 1.509140579010545764e+02
1.000000000000000000e+04 1.742194737751781872e+02
