1.000000000000000021e-02 5.206863692286609648e+02
1.105295141126021521e-02 4.190008462586998235e+02
1.221677348996791888e-02 3.475348778876661981e+02
1.350314037869872891e-02 2.964387966649234158e+02
1.492495545051829124e-02 2.593647079853713535e+02
1.649648074098020514e-02 2.322445948837697642e+02
1.823348000868441413e-02 2.124558530162274792e+02
2.015337685941732959e-02 1.981507384131848823e+02
2.227542951999557375e-02 1.880775535468757198e+02
2.462092401494625493e-02 1.814316357208788020e+02
2.721338768375307360e-02 1.775573338492214361e+02
3.007882518043098960e-02 1.760970200668275254e+02
3.324597932270941664e-02 1.766930665086209729e+02
3.674661940736687754e-02 1.792262638862430890e+02
4.061585988376979761e-02 1.835177982671558823e+02
4.489251258218605184e-02 1.895676696513593242e+02
4.961947603002903051e-02 1.833687866567075275e+02
5.484416576121017850e-02 1.684974279339611485e+02
6.061898993497571997e-02 1.577685919816792079e+02
6.700187503509590081e-02 1.502882091371714921e+02
7.405684692262434754e-02 1.453782765728980166e+02
8.185467307069028975e-02 1.426066606185585499e+02
9.047357242349297890e-02 1.416678874727338666e+02
1.000000000000000056e-01 1.423384397197514772e+02
1.105295141126021452e-01 1.444991080712527207e+02
1.221677348996791784e-01 1.480455843999236549e+02
1.350314037869872752e-01 1.343216150776297013e+02
1.492495545051829020e-01 1.106734724994748689e+02
1.649648074098020722e-01 9.385006167985498848e+01
1.823348000868441343e-01 8.172051658935842511e+01
2.015337685941733237e-01 6.819398765090852521e+01
2.227542951999557652e-01 5.776317491952329419e+01
2.462092401494625493e-01 5.023808859188109466e+01
2.721338768375307082e-01 4.474701074685901148e+01
3.007882518043099029e-01 4.074604900632052562e+01
3.324597932270940137e-01 3.784032260257750124e+01
3.674661940736688170e-01 3.577464915273711199e+01
4.061585988376979484e-01 3.374064067011699564e+01
4.489251258218605600e-01 3.188544612003490286e+01
4.961947603002903051e-01 3.062629801174625754e+01
5.484416576121018405e-01 2.985888821793719927e+01
6.061898993497571997e-01 2.950126035286113790e+01
6.700187503509587028e-01 2.950498564312234606e+01
7.405684692262434199e-01 2.983653647636994322e+01
8.185467307069028697e-01 3.046983582077547936e+01
9.047357242349297612e-01 3.139743309581652397e+01
1.000000000000000000e+00 3.261560301123187600e+01
1.105295141126021008e+00 3.412807085728272938e+01
1.221677348996791812e+00 3.594601250475272280e+01
1.350314037869873474e+00 3.808619175981729654e+01
1.492495545051829131e+00 4.056723507378249138e+01
1.649648074098020611e+00 4.342080741386860154e+01
1.823348000868440399e+00 4.666926052164286176e+01
2.015337685941732904e+00 5.035729788023978415e+01
2.227542951999556209e+00 5.451472181174904108e+01
2.462092401494625715e+00 5.920113696034997730e+01
2.721338768375308526e+00 6.446869738969951413e+01
3.007882518043099029e+00 7.036210658293217080e+01
3.324597932270941580e+00 7.696704621605574914e+01
3.674661940736688059e+00 8.434312093324957971e+01
4.061585988376979373e+00 9.256856182999906935e+01
4.489251258218603269e+00 1.017476770336180891e+02
4.961947603002903051e+00 1.119549723493307738e+02
5.484416576121015297e+00 1.233245582265406739e+02
6.061898993497572441e+00 1.359607427925616605e+02
6.700187503509590137e+00 1.499901859162747826e+02
7.405684692262434865e+00 1.655768003691732702e+02
8.185467307069028919e+00 1.828323448590934106e+02
9.047357242349292505e+00 2.019952379627525829e+02
1.000000000000000000e+01 2.232442936126887503e+02
