1.000000000000000021e-02 1.341472121900319962e+03
1.142802059810032675e-02 1.002977347605824434e+03
1.305996547906053407e-02 7.099609168201683360e+02
1.492495545051829124e-02 5.324284841319918087e+02
1.705626983142527822e-02 4.213254273816942828e+02
1.949194029602852388e-02 3.494422265014052300e+02
2.227542951999557375e-02 3.021757436671852588e+02
2.545640673860415093e-02 2.710174159224330879e+02
2.909163405623881732e-02 2.509902554781734807e+02
3.324597932270941664e-02 2.247940143613517137e+02
3.799357365039405382e-02 2.026508890487253609e+02
4.341913422721453003e-02 1.886139953444898367e+02
4.961947603002903051e-02 1.805077637360990082e+02
5.670523941381171856e-02 1.770208920516073476e+02
6.480286440412508231e-02 1.773785199166834161e+02
7.405684692262434754e-02 1.810442055337130967e+02
8.463231720621142151e-02 1.878689372922480061e+02
9.671798642975443228e-02 1.977931105481088139e+02
1.105295141126021452e-01 2.109061322675645442e+02
1.263133563976838181e-01 1.982699477015435718e+02
1.443511638727918156e-01 1.478667704673856349e+02
1.649648074098020722e-01 1.127149315626174086e+02
1.885221217040871367e-01 9.089963179297743068e+01
2.154434690031883370e-01 4.701943780619651392e+01
2.462092401494625493e-01 2.502346145888790474e+01
2.813684267870688038e-01 1.459916798545979155e+01
3.215484176977705943e-01 9.265017992691136683e+00
3.674661940736689836e-01 6.347184395599178686e+00
4.199411234979421037e-01 4.655669786368962448e+00
4.799095809323873363e-01 3.627489674275275355e+00
5.484416576121018405e-01 2.980220491390209503e+00
6.267602560047386140e-01 2.563453643417450856e+00
7.162629115692786819e-01 2.295116329289739632e+00
8.185467307069028697e-01 2.127012606252683291e+00
9.354368899026167528e-01 2.031319212667876961e+00
1.069019204603001150e+00 1.990806681077228690e+00
1.221677348996791812e+00 1.995230463262414267e+00
1.396135390856794611e+00 2.039235454472946074e+00
1.595506400444828943e+00 2.119329195088940132e+00
1.823348000868440399e+00 2.235046023827744754e+00
2.083725851142959939e+00 2.386968017292674382e+00
2.381286194765587005e+00 2.577423481896985002e+00
2.721338768375308526e+00 2.809788461939897175e+00
3.109951549940198401e+00 3.088253908965270522e+00
3.554059037181064529e+00 3.418873419647570966e+00
4.061585988376979373e+00 3.808166251943912339e+00
4.641588833612777520e+00 4.264514308942016108e+00
5.304417279843931965e+00 4.797463646936230397e+00
6.061898993497572441e+00 5.419587120558135851e+00
6.927550656129392692e+00 6.042641916745340680e+00
7.916819159263009276e+00 5.588156504877842323e+00
9.047357242349303164e+00 5.054508674959651948e+00
1.033933849239399372e+01 4.719232551450840418e+00
1.181581732618100844e+01 4.529475578770507660e+00
1.350314037869873474e+01 4.454504112263676596e+00
1.543141663868093083e+01 4.474993208700325908e+00
1.763505472047138767e+01 4.580232658579479477e+00
2.015337685941733170e+01 4.764867357150651017e+00
2.303132058706995977e+01 5.028431643131188622e+00
2.632024060704877400e+01 5.372089669727720285e+00
3.007882518043098941e+01 5.801429372332057355e+00
3.437414337286242727e+01 6.324832654031924406e+00
3.928284185071254342e+01 6.951612740480340058e+00
4.489251258218607887e+01 7.694808147591538194e+00
5.130325584897003210e+01 8.569320036410353225e+00
5.862946645916402133e+01 9.594240519525483180e+00
6.700187503509590670e+01 1.078819604824297151e+01
7.656988080124196472e+01 1.217959196080453665e+01
8.750421749906803370e+01 1.379264264390803874e+01
1.000000000000000000e+02 1.566087570990435651e+01
