1.000000000000000021e-02 9.530286557835339636e+02
1.142802059810032675e-02 6.869535241669416337e+02
1.305996547906053407e-02 5.006592087844013577e+02
1.492495545051829124e-02 3.865163151809572355e+02
1.705626983142527822e-02 3.140966725030541511e+02
1.949194029602852388e-02 2.669941024403273673e+02
2.227542951999557375e-02 2.362083037216961543e+02
2.545640673860415093e-02 2.163599572099745103e+02
2.909163405623881732e-02 2.043794237299263443e+02
3.324597932270941664e-02 1.982699477015435718e+02
3.799357365039405382e-02 1.968394362412392979e+02
4.341913422721453003e-02 1.994322382630407731e+02
4.961947603002903051e-02 2.056311212576925698e+02
5.670523941381171856e-02 1.990746103979647046e+02
6.480286440412508231e-02 1.946936690507829155e+02
7.405684692262434754e-02 1.945744597624242260e+02
8.463231720621142151e-02 1.982103430573642129e+02
9.671798642975443228e-02 2.052734933926165013e+02
1.105295141126021452e-01 1.963924014098942337e+02
1.263133563976838181e-01 1.788686360211670205e+02
1.443511638727918156e-01 1.680503931026160558e+02
1.649648074098020722e-01 1.311327666140347787e+02
1.885221217040871367e-01 1.068289729499071825e+02
2.154434690031883370e-01 9.115295153073965650e+01
2.462092401494625493e-01 8.106486550338564712e+01
2.813684267870688038e-01 6.290407547999173232e+01
3.215484176977705943e-01 4.584969666417688217e+01
3.674661940736689836e-01 3.541329599739983536e+01
4.199411234979421037e-01 2.880090578375384425e+01
4.799095809323873363e-01 2.399900663705542314e+01
5.484416576121018405e-01 1.942435019629075654e+01
6.267602560047386140e-01 1.645808782580308716e+01
7.162629115692786819e-01 1.451907424484379661e+01
8.185467307069028697e-01 1.326365142681635767e+01
9.354368899026167528e-01 1.249437898787669887e+01
1.069019204603001150e+00 1.208832234940491546e+01
1.221677348996791812e+00 1.196911306104622774e+01
1.396135390856794611e+00 1.209391028479672769e+01
1.595506400444828943e+00 1.243663698882795821e+01
1.823348000868440399e+00 1.298797994748689177e+01
2.083725851142959939e+00 1.374421387051232202e+01
2.381286194765587005e+00 1.463455824294127616e+01
2.721338768375308526e+00 1.498659817262552707e+01
3.109951549940198401e+00 1.559195784007199137e+01
3.554059037181064529e+00 1.644691195501946268e+01
4.061585988376979373e+00 1.755518580772913850e+01
4.641588833612777520e+00 1.893633717207237765e+01
5.304417279843931965e+00 2.060899249935522448e+01
6.061898993497572441e+00 2.260947336962446386e+01
6.927550656129392692e+00 2.497130739523097986e+01
7.916819159263009276e+00 2.137267700290307104e+01
9.047357242349303164e+00 1.624388363578356831e+01
1.033933849239399372e+01 1.300660639879293612e+01
1.181581732618100844e+01 1.090368004634045107e+01
1.350314037869873474e+01 9.516009424040092313e+00
1.543141663868093083e+01 8.606572939022443691e+00
1.763505472047138767e+01 8.031015593665651764e+00
2.015337685941733170e+01 7.703190050679258327e+00
2.303132058706995977e+01 7.568148278710431498e+00
2.632024060704877400e+01 7.595156633104196864e+00
3.007882518043098941e+01 7.763726017423905112e+00
3.437414337286242727e+01 8.066405851147138151e+00
3.928284185071254342e+01 8.499470844012684267e+00
4.489251258218607887e+01 9.067577608847059878e+00
5.130325584897003210e+01 9.776779742324723799e+00
5.862946645916402133e+01 1.064290972805581958e+01
6.700187503509590670e+01 1.167667777554131980e+01
7.656988080124196472e+01 1.290229827147908459e+01
8.750421749906803370e+01 1.434026031230576415e+01
1.000000000000000000e+02 1.601850357498042143e+01
