1.000000000000000021e-02 9.037952196913956868e+02
1.105295141126021521e-02 7.019738945001363390e+02
1.221677348996791888e-02 5.637209223261476154e+02
1.350314037869872891e-02 4.666845616021752221e+02
1.492495545051829124e-02 3.973047557774185634e+02
1.649648074098020514e-02 3.468792268016934486e+02
1.823348000868441413e-02 3.099243474104999905e+02
2.015337685941732959e-02 2.827595308257639317e+02
2.227542951999557375e-02 2.629707889582216467e+02
2.462092401494625493e-02 2.488444882877170983e+02
2.721338768375307360e-02 2.391885359306633347e+02
3.007882518043098960e-02 2.332280715127289454e+02
3.324597932270941664e-02 2.303670485921204261e+02
3.674661940736687754e-02 2.302180369816720713e+02
4.061585988376979761e-02 2.325426181046664738e+02
4.489251258218605184e-02 2.210985264222323963e+02
4.961947603002903051e-02 1.940380179648101091e+02
5.484416576121017850e-02 1.742790784193575178e+02
6.061898993497571997e-02 1.598845568500459251e+02
6.700187503509590081e-02 1.494835464407503309e+02
7.405684692262434754e-02 1.422043292703479551e+02
8.185467307069028975e-02 1.374210565749555713e+02
9.047357242349297890e-02 1.346941441037506024e+02
1.000000000000000056e-01 1.337106674747914212e+02
1.105295141126021452e-01 1.342918127555400361e+02
1.221677348996791784e-01 1.362885683355480637e+02
1.350314037869872752e-01 1.328911036173254274e+02
1.492495545051829020e-01 1.224900932080298617e+02
1.649648074098020722e-01 1.150395126856118395e+02
1.823348000868441343e-01 1.098837109640985688e+02
2.015337685941733237e-01 1.065607520511001240e+02
2.227542951999557652e-01 9.882704946883021080e+01
2.462092401494625493e-01 9.113805036969480966e+01
2.721338768375307082e-01 8.560971962206065200e+01
3.007882518043099029e-01 8.180992355562744933e+01
3.324597932270940137e-01 7.936613314427434318e+01
3.674661940736688170e-01 7.806973213337360562e+01
4.061585988376979484e-01 7.578985449351368686e+01
4.489251258218605600e-01 7.436306832347064244e+01
4.961947603002903051e-01 6.981076362427323545e+01
5.484416576121018405e-01 6.639839774500578073e+01
6.061898993497571997e-01 6.416322358828037409e+01
6.700187503509587028e-01 6.288917431894689258e+01
7.405684692262434199e-01 6.244213948760181410e+01
8.185467307069028697e-01 6.273271212797611440e+01
9.047357242349297612e-01 6.369383701536803244e+01
1.000000000000000000e+00 6.370873817641287218e+01
1.105295141126021008e+00 6.371618875693528850e+01
1.221677348996791812e+00 6.443144448708741834e+01
1.350314037869873474e+00 6.580980188373476381e+01
1.492495545051829131e+00 6.781400804426520779e+01
1.649648074098020611e+00 7.044406296867876449e+01
1.823348000868440399e+00 7.370741723749785024e+01
2.015337685941732904e+00 7.762269730202852713e+01
2.227542951999556209e+00 8.221225490383802992e+01
2.462092401494625715e+00 8.753196939684450228e+01
2.721338768375308526e+00 9.359674194209277687e+01
3.007882518043099029e+00 1.004810783448070168e+02
3.324597932270941580e+00 1.082594844102114422e+02
3.674661940736688059e+00 1.169915647824853693e+02
4.061585988376979373e+00 1.267816275889426407e+02
4.489251258218603269e+00 1.376892774737626155e+02
4.961947603002903051e+00 1.498411743058263994e+02
5.484416576121015297e+00 1.633714285345375288e+02
6.061898993497572441e+00 1.784216011898219278e+02
6.700187503509590137e+00 1.950810992379486493e+02
7.405684692262434865e+00 2.135883412556350152e+02
8.185467307069028919e+00 2.340923388533294371e+02
9.047357242349292505e+00 2.567719059635698500e+02
1.000000000000000000e+01 2.819250658072531337e+02
