1.000000000000000021e-02 8.240442057794331276e+02
1.142802059810032675e-02 5.876819892862438337e+02
1.305996547906053407e-02 4.448692618325351873e+02
1.492495545051829124e-02 3.549854584100841635e+02
1.705626983142527822e-02 2.968858314962685085e+02
1.949194029602852388e-02 2.587984638656675997e+02
2.227542951999557375e-02 2.339731295649707477e+02
2.545640673860415093e-02 2.184163174341619253e+02
2.909163405623881732e-02 2.084921441783010607e+02
3.324597932270941664e-02 1.865278327982127564e+02
3.799357365039405382e-02 1.587222662885486955e+02
4.341913422721453003e-02 1.338298767631501107e+02
4.961947603002903051e-02 1.175131054190546251e+02
5.670523941381171856e-02 1.069034787551313599e+02
6.480286440412508231e-02 1.003171655733138152e+02
7.405684692262434754e-02 9.671108460046349364e+01
8.463231720621142151e-02 9.547428823374210083e+01
9.671798642975443228e-02 9.623424744702874989e+01
1.105295141126021452e-01 9.876744482465086605e+01
1.263133563976838181e-01 1.030142757224291472e+02
1.443511638727918156e-01 1.089747401403635791e+02
1.649648074098020722e-01 1.167680473668128229e+02
1.885221217040871367e-01 1.151885242960602085e+02
2.154434690031883370e-01 9.770946239046752169e+01
2.462092401494625493e-01 8.611635909758507523e+01
2.813684267870688038e-01 7.757799381889401502e+01
3.215484176977705943e-01 5.392612595047801705e+01
3.674661940736689836e-01 3.778816853892057281e+01
4.199411234979421037e-01 2.820113405169918863e+01
4.799095809323873363e-01 2.225184550454839538e+01
5.484416576121018405e-01 1.843994224476627508e+01
6.267602560047386140e-01 1.595517364053986853e+01
7.162629115692786819e-01 1.433280973178334605e+01
8.185467307069028697e-01 1.330462961968965807e+01
9.354368899026167528e-01 1.270858317789621772e+01
1.069019204603001150e+00 1.244595021448098215e+01
1.221677348996791812e+00 1.245340079500340025e+01
1.396135390856794611e+00 1.270113259737379963e+01
1.595506400444828943e+00 1.316679388002492423e+01
1.823348000868440399e+00 1.384479670756496361e+01
2.083725851142959939e+00 1.474072901538573355e+01
2.381286194765587005e+00 1.586576667427085141e+01
2.721338768375308526e+00 1.714912916925736042e+01
3.109951549940198401e+00 1.717706884621642516e+01
3.554059037181064529e+00 1.752724613077007021e+01
4.061585988376979373e+00 1.817358399108983136e+01
4.641588833612777520e+00 1.911142581434920018e+01
5.304417279843931965e+00 2.034822218107058944e+01
6.061898993497572441e+00 2.189421763947233401e+01
6.927550656129392692e+00 2.377921451164409561e+01
7.916819159263009276e+00 2.603674040993675121e+01
9.047357242349303164e+00 2.353334535440430031e+01
1.033933849239399372e+01 1.922318452218547336e+01
1.181581732618100844e+01 1.640034582675434649e+01
1.350314037869873474e+01 1.453770069614984095e+01
1.543141663868093083e+01 1.332511871612630827e+01
1.763505472047138767e+01 1.258192330901511014e+01
2.015337685941733170e+01 1.218890518645755883e+01
2.303132058706995977e+01 1.171020538789220211e+01
2.632024060704877400e+01 1.137865455464459785e+01
3.007882518043098941e+01 1.130601139455102455e+01
3.437414337286242727e+01 1.145688565012998872e+01
3.928284185071254342e+01 1.181078822494484548e+01
4.489251258218607887e+01 1.236026853847317319e+01
5.130325584897003210e+01 1.310532659071497541e+01
5.862946645916402133e+01 1.405527560732327430e+01
6.700187503509590670e+01 1.522315410421229842e+01
7.656988080124196472e+01 1.662945117781870152e+01
8.750421749906803370e+01 1.829838121484033664e+01
1.000000000000000000e+02 2.026254050506278759e+01
