1.000000000000000021e-02 1.341472121900319962e+03
1.105295141126021521e-02 1.076529478523135140e+03
1.221677348996791888e-02 8.382301110941169782e+02
1.350314037869872891e-02 6.571512020772695450e+02
1.492495545051829124e-02 5.324284841319918087e+02
1.649648074098020514e-02 4.446308432558178083e+02
1.823348000868441413e-02 3.815691297140716642e+02
2.015337685941732959e-02 3.357331583401560806e+02
2.227542951999557375e-02 3.021757436671852588e+02
2.462092401494625493e-02 2.776037291042507036e+02
2.721338768375307360e-02 2.598117428167163894e+02
3.007882518043098960e-02 2.473245698611438002e+02
3.324597932270941664e-02 2.247940143613517137e+02
3.674661940736687754e-02 2.073298536168038879e+02
4.061585988376979761e-02 1.947830760170519113e+02
4.489251258218605184e-02 1.861106002889573574e+02
4.961947603002903051e-02 1.805077637360990082e+02
5.484416576121017850e-02 1.775275315271317709e+02
6.061898993497571997e-02 1.767526711528003034e+02
6.700187503509590081e-02 1.779447640363871699e+02
7.405684692262434754e-02 1.810144032116234314e+02
8.185467307069028975e-02 1.857827747459709542e+02
9.047357242349297890e-02 1.923094832836091541e+02
1.000000000000000056e-01 2.005051218582689501e+02
1.105295141126021452e-01 2.104888997583091168e+02
1.221677348996791784e-01 2.012203775884210870e+02
1.350314037869872752e-01 1.730273808915913207e+02
1.492495545051829020e-01 1.366908996837586301e+02
1.649648074098020722e-01 1.115526410011202074e+02
1.823348000868441343e-01 9.377555587463081110e+01
2.015337685941733237e-01 8.099035969816146974e+01
2.227542951999557652e-01 6.870807770695536476e+01
2.462092401494625493e-01 5.856038703542203194e+01
2.721338768375307082e-01 5.121411464031785954e+01
3.007882518043099029e-01 4.584969666417688217e+01
3.324597932270940137e-01 4.193814188990741343e+01
3.674661940736688170e-01 3.911437187191098985e+01
4.061585988376979484e-01 3.713065480781718719e+01
4.489251258218605600e-01 3.582307792613282516e+01
4.961947603002903051e-01 3.506684400310739846e+01
5.484416576121018405e-01 3.478372194325551447e+01
6.061898993497571997e-01 3.492155768292024476e+01
6.700187503509587028e-01 3.543937302922829957e+01
7.405684692262434199e-01 3.632226682113483207e+01
8.185467307069028697e-01 3.754974996220320094e+01
9.047357242349297612e-01 3.858538065481931056e+01
1.000000000000000000e+00 3.708222603442146692e+01
1.105295141126021008e+00 3.617325521068647731e+01
1.221677348996791812e+00 3.576719857221469567e+01
1.350314037869873474e+00 3.580445147482678436e+01
1.492495545051829131e+00 3.623658514512703022e+01
1.649648074098020611e+00 3.703752255128696191e+01
1.823348000868440399e+00 3.819795046765356972e+01
2.015337685941732904e+00 3.971786889422684652e+01
2.227542951999556209e+00 4.158051402483134495e+01
2.462092401494625715e+00 4.381568818155675871e+01
2.721338768375308526e+00 4.643084194492548278e+01
3.007882518043099029e+00 4.944832705650478033e+01
3.324597932270941580e+00 5.289049525786191452e+01
3.674661940736688059e+00 5.678714887108653642e+01
4.061585988376979373e+00 6.117554079879074891e+01
4.489251258218603269e+00 6.610037452410905701e+01
4.961947603002903051e+00 7.160635353017597993e+01
5.484416576121015297e+00 7.774190659038721662e+01
6.061898993497572441e+00 8.458153950996695869e+01
6.700187503509590137e+00 9.218113164283334982e+01
7.405684692262434865e+00 1.006151887942105390e+02
8.185467307069028919e+00 1.099731179303675788e+02
9.047357242349292505e+00 1.203443260175734650e+02
1.000000000000000000e+01 1.318331211831420546e+02
