3.162277660168379134e-02 1.139710401353240286e+03
3.530417660538831548e-02 8.656482474166153906e+02
3.941415080287675315e-02 6.842117105346917469e+02
4.400259212602089520e-02 5.606810854730009623e+02
4.912520184673455081e-02 4.746715839222072759e+02
5.484416576121017850e-02 4.138748468592762038e+02
6.122890909288016686e-02 3.705422705408930142e+02
6.835693927822929228e-02 3.397862741443514665e+02
7.631478686643580756e-02 3.183882068839669159e+02
8.519905595487022032e-02 3.041426969251036212e+02
9.511759691218703294e-02 2.804051473806798640e+02
1.061908156252536900e-01 2.521823483617603472e+02
1.185531351634873803e-01 2.260159095670282738e+02
1.323546276044391679e-01 2.019356333185732240e+02
1.477628358301314171e-01 1.851569259820878415e+02
1.649648074098020167e-01 1.737724389438330945e+02
1.841693652593244523e-01 1.367952078110724869e+02
2.056096426419194712e-01 8.611635909758507523e+01
2.295459132837373295e-01 5.734594241026788808e+01
2.562687509604298919e-01 4.023940953079610239e+01
2.861025569104377331e-01 2.963909609252586819e+01
3.194094978959385878e-01 2.282926549503579494e+01
3.565939027174543918e-01 1.831514502101577690e+01
3.981071705534971472e-01 1.524364320064894862e+01
4.444532507099246965e-01 1.311650246149860344e+01
4.961947603002900276e-01 1.162452371188439315e+01
5.539598141226161898e-01 1.057771714848466260e+01
6.184496496437186241e-01 9.853148192679510586e+00
6.904471396543906403e-01 9.374448394114150318e+00
7.708262959346177112e-01 9.084341415022498367e+00
8.605628792983366360e-01 8.951162288184278282e+00
9.607462448181176562e-01 8.950230965618976242e+00
1.072592566024592520e+00 9.067577608847059878e+00
1.197459598615466358e+00 9.294820314780809056e+00
1.336863162897809154e+00 9.627768131876363711e+00
1.492495545051829131e+00 1.006548973756842180e+01
1.666246040597821887e+00 1.060938211570493905e+01
1.860223889453220592e+00 1.126689584680832823e+01
2.076783880999303999e+00 1.175490887102671067e+01
2.318554939989653896e+00 1.180333764442242739e+01
2.588472040318300138e+00 1.200264067339710827e+01
2.889811834063971574e+00 1.234350473229773293e+01
3.226232428328361657e+00 1.282034188573248734e+01
3.601817792738369217e+00 1.343687742396257967e+01
4.021127336696125987e+00 1.419683663724921630e+01
4.489251258218603269e+00 1.510580746098421656e+01
5.011872336272719330e+00 1.617496576595119961e+01
5.595334916732480401e+00 1.741921271319500875e+01
6.246721929411505947e+00 1.885065549606456869e+01
6.973940871117343399e+00 2.049723379151895131e+01
7.785819798516762091e+00 2.208048215253278457e+01
8.692214496115088451e+00 1.743970180963165717e+01
9.704128120312613959e+00 1.429183153891004565e+01
1.083384477195432360e+01 1.210694880071095980e+01
1.209507861887348312e+01 1.056654127770103457e+01
1.350314037869872230e+01 9.473168586036189609e+00
1.507512318293853681e+01 8.702499163248576863e+00
1.683011007863576580e+01 8.168851333330385600e+00
1.878940568655332299e+01 7.820536693907341963e+00
2.097679482810011820e+01 7.618439697236753183e+00
2.341883126059243736e+01 7.540208601751364093e+00
2.614516002594537980e+01 7.569079601275734426e+00
2.918887732593875128e+01 7.694808147591538194e+00
3.258693229275402814e+01 7.910874982741660233e+00
3.638057553206641614e+01 8.216348784160800278e+00
4.061585988376975820e+01 8.612160874414257705e+00
4.534419947930706485e+01 9.100173898632638370e+00
5.062299388226948338e+01 9.685510130925102601e+00
5.651632488900333584e+01 1.037282618411816593e+01
6.309573444801932851e+01 1.117562623540870703e+01
