1.000000000000000021e-02 8.205871364170311608e+02
1.142802059810032675e-02 5.843441292122006416e+02
1.305996547906053407e-02 4.414121924701332773e+02
1.492495545051829124e-02 3.512899704709648745e+02
1.705626983142527822e-02 2.927731110478937353e+02
1.949194029602852388e-02 2.541493016196786812e+02
2.227542951999557375e-02 2.286385139109194142e+02
2.545640673860415093e-02 2.122770390836894308e+02
2.909163405623881732e-02 2.026210867266356956e+02
3.324597932270941664e-02 1.808355892790853829e+02
3.799357365039405382e-02 1.661728468109666892e+02
4.341913422721453003e-02 1.572619525061547847e+02
4.961947603002903051e-02 1.527319995485246125e+02
5.670523941381171856e-02 1.517187205974757376e+02
6.480286440412508231e-02 1.537154761774837937e+02
7.405684692262434754e-02 1.577685919816792079e+02
8.463231720621142151e-02 1.546691504843532812e+02
9.671798642975443228e-02 1.549373713831603254e+02
1.105295141126021452e-01 1.582752314572036312e+02
1.263133563976838181e-01 1.644741144518553995e+02
1.443511638727918156e-01 1.608382311569154126e+02
1.649648074098020722e-01 1.478518693063408023e+02
1.885221217040871367e-01 1.122082920870929854e+02
2.154434690031883370e-01 7.304431557100265593e+01
2.462092401494625493e-01 4.736961509075015897e+01
2.813684267870688038e-01 3.301048377892002605e+01
3.215484176977705943e-01 2.454662430545315033e+01
3.674661940736689836e-01 1.933866852028295114e+01
4.199411234979421037e-01 1.590674486714415004e+01
4.799095809323873363e-01 1.294700175461359315e+01
5.484416576121018405e-01 1.103220256035216096e+01
6.267602560047386140e-01 9.784230322847141892e+00
7.162629115692786819e-01 8.982827255404554734e+00
8.185467307069028697e-01 8.389574781307018725e+00
9.354368899026167528e-01 7.676181696285492961e+00
1.069019204603001150e+00 7.241254058289340989e+00
1.221677348996791812e+00 7.014942674920892962e+00
1.396135390856794611e+00 6.954406708176247065e+00
1.595506400444828943e+00 7.035431771357542274e+00
1.823348000868440399e+00 7.244048025985247108e+00
2.083725851142959939e+00 7.572804891536943472e+00
2.381286194765587005e+00 8.023565013143233671e+00
2.721338768375308526e+00 7.967685659225097972e+00
3.109951549940198401e+00 7.782352468729950346e+00
3.554059037181064529e+00 7.770245275381021166e+00
4.061585988376979373e+00 7.908081015045754114e+00
4.641588833612777520e+00 8.184683816940523826e+00
5.304417279843931965e+00 8.281541363731957262e+00
6.061898993497572441e+00 7.317622508644126000e+00
6.927550656129392692e+00 6.691773744761011500e+00
7.916819159263009276e+00 5.971861401782369683e+00
9.047357242349303164e+00 5.440076216994784275e+00
1.033933849239399372e+01 5.109456706312483831e+00
1.181581732618100844e+01 4.930642773774452259e+00
1.350314037869873474e+01 4.871969452160410441e+00
1.543141663868093083e+01 4.913878967599011993e+00
1.763505472047138767e+01 5.047058094437233855e+00
2.015337685941733170e+01 5.266850219848565828e+00
2.303132058706995977e+01 5.571392698702401169e+00
2.632024060704877400e+01 5.966273466390556557e+00
3.007882518043098941e+01 6.283854461158624893e+00
3.437414337286242727e+01 6.671284648324362188e+00
3.928284185071254342e+01 7.164885607934555978e+00
4.489251258218607887e+01 7.771176597946323206e+00
5.130325584897003210e+01 8.504127456839196242e+00
5.862946645916402133e+01 9.376311039244756174e+00
6.700187503509590670e+01 1.040449115133844238e+01
7.656988080124196472e+01 1.160775990570895289e+01
8.750421749906803370e+01 1.301405697931535421e+01
1.000000000000000000e+02 1.464573411372490419e+01
