1.000000000000000021e-02 3.795425718119739713e+02
1.105295141126021521e-02 3.106992077848315148e+02
1.221677348996791888e-02 2.616296844641864254e+02
1.350314037869872891e-02 2.260457118891179675e+02
1.492495545051829124e-02 1.999388777385652247e+02
1.649648074098020514e-02 1.807163799907266934e+02
1.823348000868441413e-02 1.665900793202221166e+02
2.015337685941732959e-02 1.563380805213749341e+02
2.227542951999557375e-02 1.491259185756742625e+02
2.462092401494625493e-02 1.443649976218491702e+02
2.721338768375307360e-02 1.416678874727338666e+02
3.007882518043098960e-02 1.407291143269091833e+02
3.324597932270941664e-02 1.391942947392910810e+02
3.674661940736687754e-02 1.378680914063006639e+02
4.061585988376979761e-02 1.381512134661525408e+02
4.489251258218605184e-02 1.396115272485464800e+02
4.961947603002903051e-02 1.323695629807561716e+02
5.484416576121017850e-02 1.275266856411844429e+02
6.061898993497571997e-02 1.246507615595311051e+02
6.700187503509590081e-02 1.234437675148993634e+02
7.405684692262434754e-02 1.236970872526615892e+02
8.185467307069028975e-02 1.252915114844590363e+02
9.047357242349297890e-02 1.281227320829778762e+02
1.000000000000000056e-01 1.321758478871732905e+02
1.105295141126021452e-01 1.374359577360004039e+02
1.221677348996791784e-01 1.439030616294592733e+02
1.350314037869872752e-01 1.516591159532964070e+02
1.492495545051829020e-01 1.607488241906463884e+02
1.649648074098020722e-01 1.712392415662109784e+02
1.823348000868441343e-01 1.567553130306303331e+02
2.015337685941733237e-01 1.313115805465728272e+02
2.227542951999557652e-01 1.130427571056038119e+02
2.462092401494625493e-01 9.975092145361006146e+01
2.721338768375307082e-01 9.005026561342178582e+01
3.007882518043099029e-01 8.297221411712466477e+01
3.324597932270940137e-01 7.790581936188040402e+01
3.674661940736688170e-01 7.438542006503789139e+01
4.061585988376979484e-01 7.213534474726766632e+01
4.489251258218605600e-01 7.092835070263593877e+01
4.961947603002903051e-01 7.063032748173921505e+01
5.484416576121018405e-01 7.113696695726365249e+01
6.061898993497571997e-01 7.080914141427724928e+01
6.700187503509587028e-01 6.598861581627278383e+01
7.405684692262434199e-01 6.259860167857259228e+01
8.185467307069028697e-01 6.034107578027993668e+01
9.047357242349297612e-01 5.901487244728952675e+01
1.000000000000000000e+00 5.847843064967543114e+01
1.105295141126021008e+00 5.864979400169104906e+01
1.221677348996791812e+00 5.945445669811218892e+01
1.350314037869873474e+00 6.085516583632677623e+01
1.492495545051829131e+00 6.283702025528997126e+01
1.649648074098020611e+00 6.540001995500178111e+01
1.823348000868440399e+00 6.854416493546217737e+01
2.015337685941732904e+00 7.229925751876085371e+01
2.227542951999556209e+00 7.668392415620385805e+01
2.462092401494625715e+00 8.173541775040327195e+01
2.721338768375308526e+00 8.750216707475482281e+01
3.007882518043099029e+00 9.404377677343785535e+01
3.324597932270941580e+00 1.014198514906317001e+02
3.674661940736688059e+00 1.097048970315605345e+02
4.061585988376979373e+00 1.175429077411442904e+02
4.489251258218603269e+00 1.229520292004197870e+02
4.961947603002903051e+00 1.293446272886544364e+02
5.484416576121015297e+00 1.367654054889828217e+02
6.061898993497572441e+00 1.452739684455841598e+02
6.700187503509590137e+00 1.549373713831603254e+02
7.405684692262434865e+00 1.658152189458906491e+02
8.185467307069028919e+00 1.780639733247458594e+02
9.047357242349292505e+00 1.917432391639053719e+02
1.000000000000000000e+01 2.070318303959071500e+02
