3.162277660168379412e-01 1.180788879905594557e+00
3.674661940736689281e-01 7.637309936311792447e-01
4.270067916167659128e-01 5.229550066703814171e-01
4.961947603002903051e-01 3.768537792385904805e-01
5.765932649858945824e-01 2.843472550569277058e-01
6.700187503509588138e-01 2.238403921424469423e-01
7.785819798516769863e-01 1.834151720422960152e-01
9.047357242349296502e-01 1.561739870072051395e-01
1.051330177026238211e+00 1.380495767715183286e-01
1.221677348996791812e+00 1.265244600259029517e-01
1.419625896474748350e+00 1.200925135592842696e-01
1.649648074098020167e+00 1.177787590611114876e-01
1.916940776533455626e+00 1.190593275884020696e-01
2.227542951999557541e+00 1.236140770093334118e-01
2.588472040318300582e+00 1.313411439183255480e-01
3.007882518043099473e+00 1.422841840606270114e-01
3.495250132675474131e+00 1.566105444596905816e-01
4.061585988376979373e+00 1.745967115020903293e-01
4.719685320018228047e+00 1.967447262581845102e-01
5.484416576121017961e+00 2.233456270296301227e-01
6.373057341948979548e+00 2.553598402118950617e-01
7.405684692262434865e+00 2.936750326250330279e-01
8.605628792983365472e+00 3.394844613058376481e-01
1.000000000000000000e+01 3.941414543570134765e-01
1.162030136386260892e+01 4.592176186075084821e-01
1.350314037869872941e+01 5.366338068482582324e-01
1.569105605590211816e+01 6.288056369830155035e-01
1.823348000868441332e+01 7.383524537266930032e-01
2.118785326128771018e+01 8.685047822276827922e-01
2.462092401494625449e+01 9.714159256935817055e-01
2.861025569104377908e+01 1.085037278660456739e+00
3.324597932270941669e+01 1.223164056626846907e+00
3.863282988666283302e+01 1.389637965174624679e+00
4.489251258218602914e+01 1.589173824790632406e+00
5.216645251859961974e+01 1.827359570866683658e+00
6.061898993497572263e+01 2.110714461359894045e+00
7.044109314173721259e+01 2.447038322754669704e+00
8.185467307069029630e+01 2.845178719421382674e+00
9.511759691218703949e+01 3.315496614899020589e+00
1.105295141126021008e+02 3.869633541253860720e+00
1.284386263589742896e+02 4.521093675682786639e+00
1.492495545051829140e+02 5.284545348589308134e+00
1.734324801772463900e+02 6.178615011279469549e+00
2.015337685941733241e+02 7.223558929548597796e+00
2.341883126059243523e+02 8.442660167529247417e+00
2.721338768375305790e+02 9.864324063463136838e+00
3.162277660168379612e+02 1.152021558457054162e+01
3.674661940736688166e+02 1.344991593987681000e+01
4.270067916167655540e+02 1.569254067712463296e+01
4.961947603002902838e+02 1.830210650510154480e+01
5.765932649858943932e+02 2.133914939055219051e+01
6.700187503509590670e+02 2.486699926791712656e+01
7.785819798516770334e+02 2.896854384550824690e+01
9.047357242349293074e+02 3.260442714044824442e+01
1.051330177026238516e+03 3.555485702732578090e+01
1.221677348996791807e+03 3.911437187191098985e+01
1.419625896474747606e+03 4.336120276968926390e+01
1.649648074098020743e+03 4.839034462232142175e+01
1.916940776533455619e+03 5.430610555712133447e+01
2.227542951999556408e+03 6.123514544297009365e+01
2.588472040318301424e+03 6.934882763188332433e+01
3.007882518043099026e+03 7.881479018561542205e+01
3.495250132675475925e+03 8.985655051983891894e+01
4.061585988376979458e+03 1.027162525015324377e+02
4.719685320018227685e+03 1.176770181905478267e+02
5.484416576121015169e+03 1.350964754519611972e+02
6.373057341948973772e+03 1.553546038924157529e+02
7.405684692262441786e+03 1.788984383432566858e+02
8.605628792983370658e+03 2.062867723436653478e+02
1.000000000000000000e+04 2.381156523354351577e+02
