1.000000000000000021e-02 1.161764119699597359e+03
1.105295141126021521e-02 9.064178240352867988e+02
1.221677348996791888e-02 7.308225422829389117e+02
1.350314037869872891e-02 6.072025102549790745e+02
1.492495545051829124e-02 5.184809973940253940e+02
1.649648074098020514e-02 4.539291677477955318e+02
1.823348000868441413e-02 4.065434756252169564e+02
2.015337685941732959e-02 3.717343634244799091e+02
2.227542951999557375e-02 3.419320413348078773e+02
2.462092401494625493e-02 2.973626686497032665e+02
2.721338768375307360e-02 2.648781375719606217e+02
3.007882518043098960e-02 2.410958845444023666e+02
3.324597932270941664e-02 2.238403400544821977e+02
3.674661940736687754e-02 2.115319810314476570e+02
4.061585988376979761e-02 2.031575285242498126e+02
4.489251258218605184e-02 1.980017268027364992e+02
4.961947603002903051e-02 1.955281340692937420e+02
5.484416576121017850e-02 1.954089247809350525e+02
6.061898993497571997e-02 1.937101924218237059e+02
6.700187503509590081e-02 1.939486109985410849e+02
7.405684692262434754e-02 1.962433897994458789e+02
8.185467307069028975e-02 1.984785639561712571e+02
9.047357242349297890e-02 1.978527151922881444e+02
1.000000000000000056e-01 1.994620405851304668e+02
1.105295141126021452e-01 2.030979238800704536e+02
1.221677348996791784e-01 2.086709581108391092e+02
1.350314037869872752e-01 1.882861698015034335e+02
1.492495545051829020e-01 1.650105562494695164e+02
1.649648074098020722e-01 1.480008809167891570e+02
1.823348000868441343e-01 1.356031149274855920e+02
2.015337685941733237e-01 1.266326159784942860e+02
2.227542951999557652e-01 1.156802626105397849e+02
2.462092401494625493e-01 9.370105006940661951e+01
2.721338768375307082e-01 7.823364490486680722e+01
3.007882518043099029e-01 6.713600521672518084e+01
3.324597932270940137e-01 5.908192767199129491e+01
3.674661940736688170e-01 5.319596905928104746e+01
4.061585988376979484e-01 4.890443467836826841e+01
4.489251258218605600e-01 4.582734492260962611e+01
4.961947603002903051e-01 4.368157773215323658e+01
5.484416576121018405e-01 4.230322033550590533e+01
6.061898993497571997e-01 4.155071170274167258e+01
6.700187503509587028e-01 4.133464486759155676e+01
7.405684692262434199e-01 4.161031634692101733e+01
8.185467307069028697e-01 4.232557207707315428e+01
9.047357242349297612e-01 4.346551089700311366e+01
1.000000000000000000e+00 4.237772614073008270e+01
1.105295141126021008e+00 4.090996177781372722e+01
1.221677348996791812e+00 4.007549675930290789e+01
1.350314037869873474e+00 3.977002295788377495e+01
1.492495545051829131e+00 3.993393572937696945e+01
1.649648074098020611e+00 4.052998217117040980e+01
1.823348000868440399e+00 4.153581054169683995e+01
2.015337685941732904e+00 4.292906909938901805e+01
2.227542951999556209e+00 4.471720842476933910e+01
2.462092401494625715e+00 4.689277793731540811e+01
2.721338768375308526e+00 4.947812937859445270e+01
3.007882518043099029e+00 5.248071332912891762e+01
3.324597932270941580e+00 5.593778269153087734e+01
3.674661940736688059e+00 5.986423862684517871e+01
4.061585988376979373e+00 6.430478461820631253e+01
4.489251258218603269e+00 6.930412414874881222e+01
4.961947603002903051e+00 7.489578483082352989e+01
5.484416576121015297e+00 8.115427246965465713e+01
6.061898993497572441e+00 8.811311467759310290e+01
6.700187503509590137e+00 9.586171842090784878e+01
7.405684692262434865e+00 1.044745895048230722e+02
8.185467307069028919e+00 1.140262337345629788e+02
9.047357242349292505e+00 1.246209592374414257e+02
1.000000000000000000e+01 1.363630741407722269e+02
