3.162277660168379134e-02 1.281390640567541141e+03
3.530417660538831548e-02 9.487371214026211419e+02
3.941415080287675315e-02 7.330875187617539268e+02
4.400259212602089520e-02 5.886952682372926802e+02
4.912520184673455081e-02 4.893939310345053286e+02
5.484416576121017850e-02 4.198353112772106215e+02
6.122890909288016686e-02 3.704826658967136268e+02
6.835693927822929228e-02 3.353159258309006532e+02
7.631478686643580756e-02 3.105799984964727969e+02
8.519905595487022032e-02 2.936671807105839207e+02
9.511759691218703294e-02 2.828787401141226496e+02
1.061908156252536900e-01 2.526591855151951052e+02
1.185531351634873803e-01 2.248834213276207379e+02
1.323546276044391679e-01 2.053629003588855255e+02
1.477628358301314171e-01 1.885543907003104778e+02
1.649648074098020167e-01 1.587818709327280260e+02
1.841693652593244523e-01 1.367505043279379890e+02
2.056096426419194712e-01 1.186157913363724816e+02
2.295459132837373295e-01 1.060541125755757008e+02
2.562687509604298919e-01 6.843985680814833472e+01
2.861025569104377331e-01 4.602851059671491640e+01
3.194094978959385878e-01 3.264540533332154837e+01
3.565939027174543918e-01 2.430075514821335503e+01
3.981071705534971472e-01 1.890280955972149357e+01
4.444532507099246965e-01 1.530138519969768751e+01
4.961947603002900276e-01 1.283524304677732353e+01
5.539598141226161898e-01 1.111788423635996637e+01
6.184496496437186241e-01 9.909027546597643621e+00
6.904471396543906403e-01 9.060127028324641785e+00
7.708262959346177112e-01 8.476187779880127948e+00
8.605628792983366360e-01 8.091551560410298549e+00
9.607462448181176562e-01 7.867102822172455490e+00
1.072592566024592520e+00 7.773039243076927285e+00
1.197459598615466358e+00 7.791665694382972518e+00
1.336863162897809154e+00 7.911806305306963161e+00
1.492495545051829131e+00 8.126010495326481120e+00
1.666246040597821887e+00 8.432415619310923205e+00
1.860223889453220592e+00 8.830090354694984711e+00
2.076783880999303999e+00 9.322294330457223666e+00
2.318554939989653896e+00 9.434053038293493287e+00
2.588472040318300138e+00 9.607279035439715287e+00
2.889811834063971574e+00 9.890401095291601052e+00
3.226232428328361657e+00 1.028528186297975466e+01
3.601817792738369217e+00 1.079192133850418145e+01
4.021127336696125987e+00 1.141218216699548016e+01
4.489251258218603269e+00 1.215537757410667830e+01
5.011872336272719330e+00 1.302709549522958632e+01
5.595334916732480401e+00 1.404037444627843811e+01
6.246721929411505947e+00 1.520639029803685816e+01
6.973940871117343399e+00 1.654376950181089256e+01
7.785819798516762091e+00 1.807113850890658924e+01
8.692214496115088451e+00 1.980805509319528568e+01
9.704128120312613959e+00 2.093681804234161703e+01
1.083384477195432360e+01 1.801339650985784857e+01
1.209507861887348312e+01 1.594399776975624050e+01
1.350314037869872230e+01 1.447623340683989213e+01
1.507512318293853681e+01 1.344619064961560184e+01
1.683011007863576580e+01 1.274956137076951634e+01
1.878940568655332299e+01 1.231370241020806056e+01
2.097679482810011820e+01 1.209204763966612362e+01
2.341883126059243736e+01 1.161893577649258091e+01
2.614516002594537980e+01 1.135816545820794943e+01
2.918887732593875128e+01 1.127434642733074632e+01
3.258693229275402814e+01 1.134698958742432140e+01
3.638057553206641614e+01 1.156119377744384202e+01
4.061585988376975820e+01 1.190950841686688477e+01
4.534419947930706485e+01 1.239007086056284557e+01
5.062299388226948338e+01 1.300288110853172796e+01
5.651632488900333584e+01 1.375538974129594827e+01
6.309573444801932851e+01 1.465132204911671820e+01
