3.162277660168379412e-01 1.181021710546920067e+00
3.674661940736689281e-01 7.641966549138303755e-01
4.270067916167659128e-01 5.238281215753523012e-01
4.961947603002903051e-01 3.782507630865438730e-01
5.765932649858945824e-01 2.865300423193548607e-01
6.700187503509588138e-01 2.269545019701763311e-01
7.785819798516769863e-01 1.875770197559904762e-01
9.047357242349296502e-01 1.614999879275273997e-01
1.051330177026238211e+00 1.446706981342140430e-01
1.221677348996791812e+00 1.345571171516349029e-01
1.419625896474748350e+00 1.296676736837980570e-01
1.649648074098020167e+00 1.290710451654012991e-01
1.916940776533455626e+00 1.322288107383792488e-01
2.227542951999557541e+00 1.388935878463234963e-01
2.588472040318300582e+00 1.489853409562783837e-01
3.007882518043099473e+00 1.626059334738238216e-01
3.495250132675474131e+00 1.800100239129096835e-01
4.061585988376979373e+00 2.016050658958556396e-01
4.719685320018228047e+00 2.276529938941530273e-01
5.484416576121017961e+00 2.590851304731041083e-01
6.373057341948979548e+00 2.968182462829281332e-01
7.405684692262434865e+00 3.419873907000873792e-01
8.605628792983365472e+00 3.958294765066238674e-01
1.000000000000000000e+01 4.600907335124793662e-01
1.162030136386260892e+01 5.365173915275954775e-01
1.350314037869872941e+01 6.275250684557250880e-01
1.569105605590211816e+01 7.356749013514489732e-01
1.823348000868441332e+01 8.641974153631599709e-01
2.118785326128771018e+01 1.016817900752066794e+00
2.462092401494625449e+01 1.198018347363686065e+00
2.861025569104377908e+01 1.413386690589832018e+00
3.324597932270941669e+01 1.668569073482649268e+00
3.863282988666283302e+01 1.971481737847207150e+00
4.489251258218602914e+01 2.330623002091887663e+00
5.216645251859961974e+01 2.756237414435017463e+00
6.061898993497572263e+01 3.260082922263535909e+00
7.044109314173721259e+01 3.856129364056977593e+00
8.185467307069029630e+01 4.525750288509298613e+00
9.511759691218703949e+01 5.295721219372935273e+00
1.105295141126021008e+02 6.200966752846723828e+00
1.284386263589742896e+02 7.265468444987199348e+00
1.492495545051829140e+02 8.513440682492218414e+00
1.734324801772463900e+02 9.972357481038198301e+00
2.015337685941733241e+02 1.167854042067192566e+01
2.341883126059243523e+02 1.366970806528814286e+01
2.721338768375305790e+02 1.599056389802135314e+01
3.162277660168379612e+02 1.869419330509379051e+01
3.674661940736688166e+02 2.184206357581540914e+01
4.270067916167655540e+02 2.279201259242370270e+01
4.961947603002902838e+02 2.345883954918011938e+01
5.765932649858943932e+02 2.455780017623677836e+01
6.700187503509590670e+02 2.608889447359367963e+01
7.785819798516770334e+02 2.806702360229566295e+01
9.047357242349293074e+02 3.051826459417119608e+01
1.051330177026238516e+03 3.349849680313840850e+01
1.221677348996791807e+03 3.705987429285421797e+01
1.419625896474747606e+03 4.128249080393462833e+01
1.649648074098020743e+03 4.625947859290987196e+01
1.916940776533455619e+03 5.210818430300801651e+01
2.227542951999556408e+03 5.894036664206534937e+01
2.588472040318301424e+03 6.692738896209746713e+01
3.007882518043099026e+03 7.623688932485876535e+01
3.495250132675475925e+03 8.708493456549940959e+01
4.061585988376979458e+03 9.972111913152038198e+01
4.719685320018227685e+03 1.144136639217287268e+02
5.484416576121015169e+03 1.315052956401557083e+02
6.373057341948973772e+03 1.513908950544893344e+02
7.405684692262441786e+03 1.745174969960748967e+02
8.605628792983370658e+03 2.013693891988694702e+02
1.000000000000000000e+04 2.326022227488458327e+02
