1.000000000000000021e-02 6.281833450061083113e+02
1.142802059810032675e-02 4.664461430254578431e+02
1.305996547906053407e-02 3.654162711414694513e+02
1.492495545051829124e-02 3.001491857650875659e+02
1.705626983142527822e-02 2.571295338286459469e+02
1.949194029602852388e-02 2.286087115888297490e+02
2.227542951999557375e-02 2.099822602827846936e+02
2.545640673860415093e-02 1.985083662782609508e+02
2.909163405623881732e-02 1.924882972161471741e+02
3.324597932270941664e-02 1.908491695012151865e+02
3.799357365039405382e-02 1.902233207373321022e+02
4.341913422721453003e-02 1.807461823128163871e+02
4.961947603002903051e-02 1.761566247110068559e+02
5.670523941381171856e-02 1.755009736250340779e+02
6.480286440412508231e-02 1.782725895793735731e+02
7.405684692262434754e-02 1.841734493531286603e+02
8.463231720621142151e-02 1.928161227591335489e+02
9.671798642975443228e-02 1.648019399948418027e+02
1.105295141126021452e-01 1.464660613291710547e+02
1.263133563976838181e-01 1.347835510700196266e+02
1.443511638727918156e-01 1.279588193114846888e+02
1.649648074098020722e-01 1.193608493886142838e+02
1.885221217040871367e-01 7.388623117003588447e+01
2.154434690031883370e-01 4.406155733879655401e+01
2.462092401494625493e-01 2.842465146737172788e+01
2.813684267870688038e-01 1.972237341718748027e+01
3.215484176977705943e-01 1.461779443676583590e+01
3.674661940736689836e-01 1.149041326248086925e+01
4.199411234979421037e-01 9.512284133778884154e+00
4.799095809323873363e-01 7.910874982741660233e+00
5.484416576121018405e-01 6.766279549985191544e+00
6.267602560047386140e-01 6.022152820308691368e+00
7.162629115692786819e-01 5.549040957135147778e+00
8.185467307069028697e-01 5.267781542413867868e+00
9.354368899026167528e-01 5.133671093010343078e+00
1.069019204603001150e+00 5.116907286834901925e+00
1.221677348996791812e+00 5.201657640277407069e+00
1.396135390856794611e+00 5.378608927684836338e+00
1.595506400444828943e+00 5.644035858795978022e+00
1.823348000868440399e+00 5.999801078741437088e+00
2.083725851142959939e+00 6.450561200347727286e+00
2.381286194765587005e+00 7.002835481571963783e+00
2.721338768375308526e+00 7.666868470632470789e+00
3.109951549940198401e+00 8.456630006008781564e+00
3.554059037181064529e+00 7.218902316722087598e+00
4.061585988376979373e+00 5.122495222226715939e+00
4.641588833612777520e+00 3.858457670470233580e+00
5.304417279843931965e+00 3.064039522267412163e+00
6.061898993497572441e+00 2.549949466220568173e+00
6.927550656129392692e+00 2.212228620977839455e+00
7.916819159263009276e+00 1.991039511718554422e+00
9.047357242349303164e+00 1.851108296281890997e+00
1.033933849239399372e+01 1.771014555665897161e+00
1.181581732618100844e+01 1.737486943315016186e+00
1.350314037869873474e+01 1.742842048065504024e+00
1.543141663868093083e+01 1.782190426449524301e+00
1.763505472047138767e+01 1.853436602695146762e+00
2.015337685941733170e+01 1.956114915519719943e+00
2.303132058706995977e+01 2.091156687488546773e+00
2.632024060704877400e+01 2.260424563732231107e+00
3.007882518043098941e+01 2.467061757908668440e+00
3.437414337286242727e+01 2.715259221561718839e+00
3.928284185071254342e+01 3.010022813479881432e+00
4.489251258218607887e+01 3.357871791620273161e+00
5.130325584897003210e+01 3.766256736505310787e+00
5.862946645916402133e+01 4.243559551222714887e+00
6.700187503509590670e+01 4.800257614632136516e+00
7.656988080124196472e+01 5.447526797517202368e+00
8.750421749906803370e+01 6.198172785150817710e+00
1.000000000000000000e+02 7.068028061143121654e+00
