3.162277660168379134e-02 9.214381943684816179e+02
3.530417660538831548e-02 7.231931478279828980e+02
3.941415080287675315e-02 5.887548728814720107e+02
4.400259212602089520e-02 4.952947908082604158e+02
4.912520184673455081e-02 4.293124497017263934e+02
5.484416576121017850e-02 3.822843854442238012e+02
6.122890909288016686e-02 3.487269707712530931e+02
6.835693927822929228e-02 3.251831363204120748e+02
7.631478686643580756e-02 2.531956273128091937e+02
8.519905595487022032e-02 2.017866217081248692e+02
9.511759691218703294e-02 1.667986955748498303e+02
1.061908156252536900e-01 1.425172536522895257e+02
1.185531351634873803e-01 1.254703254169970705e+02
1.323546276044391679e-01 1.134897919369488903e+02
1.477628358301314171e-01 1.052345487181097212e+02
1.649648074098020167e-01 9.978072377569972673e+01
1.841693652593244523e-01 9.657697415105997152e+01
2.056096426419194712e-01 9.525077081806956869e+01
2.295459132837373295e-01 7.640080209635196695e+01
2.562687509604298919e-01 5.203367849778383203e+01
2.861025569104377331e-01 3.730388080496340564e+01
3.194094978959385878e-01 2.802977069968357426e+01
3.565939027174543918e-01 2.198734989600255574e+01
3.981071705534971472e-01 1.793144012411124777e+01
4.444532507099246965e-01 1.514492300872691111e+01
4.961947603002900276e-01 1.320032149237580654e+01
5.539598141226161898e-01 1.183313996651209798e+01
6.184496496437186241e-01 1.087574036938138278e+01
6.904471396543906403e-01 1.005803915704600371e+01
7.708262959346177112e-01 9.016354867755435265e+00
8.605628792983366360e-01 8.286197976558467460e+00
9.607462448181176562e-01 7.786077758991159392e+00
1.072592566024592520e+00 7.462908828831276153e+00
1.197459598615466358e+00 7.280369606032035534e+00
1.336863162897809154e+00 7.215177026460878551e+00
1.492495545051829131e+00 7.252429929072968129e+00
1.666246040597821887e+00 7.381883765649980944e+00
1.860223889453220592e+00 7.599813245930707950e+00
2.076783880999303999e+00 7.901561757088638061e+00
2.318554939989653896e+00 8.289923266819677394e+00
2.588472040318300138e+00 8.766760420254431807e+00
2.889811834063971574e+00 9.337195491502059852e+00
3.226232428328361657e+00 1.000774773851968291e+01
3.601817792738369217e+00 1.078819604824297151e+01
4.021127336696125987e+00 1.168785364632494783e+01
4.489251258218603269e+00 1.271789640354923989e+01
5.011872336272719330e+00 1.389508812609128618e+01
5.595334916732480401e+00 1.523432997499592645e+01
6.246721929411505947e+00 1.675424840156920325e+01
6.973940871117343399e+00 1.847905779250897140e+01
7.785819798516762091e+00 2.043017856681719024e+01
8.692214496115088451e+00 2.263555040145292807e+01
9.704128120312613959e+00 2.513149487646296265e+01
1.083384477195432360e+01 2.316826690880581552e+01
1.209507861887348312e+01 2.040410153498872603e+01
1.350314037869872230e+01 1.844366753502748679e+01
1.507512318293853681e+01 1.706344749324955146e+01
1.683011007863576580e+01 1.611908641203306658e+01
1.878940568655332299e+01 1.551745203484781044e+01
2.097679482810011820e+01 1.519148913699202197e+01
2.341883126059243736e+01 1.509835688046179847e+01
2.614516002594537980e+01 1.521011558829806809e+01
2.918887732593875128e+01 1.513002184768207492e+01
3.258693229275402814e+01 1.477798191799782401e+01
3.638057553206641614e+01 1.465690998450853044e+01
4.061585988376975820e+01 1.473886637025512769e+01
4.534419947930706485e+01 1.500522462393157141e+01
5.062299388226948338e+01 1.544480887475423359e+01
5.651632488900333584e+01 1.605761912272311420e+01
6.309573444801932851e+01 1.683993007757701221e+01
