3.162277660168379134e-02 1.243005249716043409e+03
3.530417660538831548e-02 9.690027004235981849e+02
3.941415080287675315e-02 7.601480272191762424e+02
4.400259212602089520e-02 6.108979981940984771e+02
4.912520184673455081e-02 5.082886032393573714e+02
5.484416576121017850e-02 4.363457977148890450e+02
6.122890909288016686e-02 3.852646176531910100e+02
6.835693927822929228e-02 3.489057847037911415e+02
7.631478686643580756e-02 3.201763462093472299e+02
8.519905595487022032e-02 2.924452855049073605e+02
9.511759691218703294e-02 2.731631831128894987e+02
1.061908156252536900e-01 2.526889878372847704e+02
1.185531351634873803e-01 2.295325835736095996e+02
1.323546276044391679e-01 1.898358905501663685e+02
1.477628358301314171e-01 1.623879519055783476e+02
1.649648074098020167e-01 1.432474105434864668e+02
1.841693652593244523e-01 9.660677647314963679e+01
2.056096426419194712e-01 6.358952888805418269e+01
2.295459132837373295e-01 4.409881024140864270e+01
2.562687509604298919e-01 3.211268882596865382e+01
2.861025569104377331e-01 2.446839320996776124e+01
3.194094978959385878e-01 1.943552606707438457e+01
3.565939027174543918e-01 1.603526738115586170e+01
3.981071705534971472e-01 1.368833451659418721e+01
4.444532507099246965e-01 1.168226571093313382e+01
4.961947603002900276e-01 1.027969392758794065e+01
5.539598141226161898e-01 9.295751637346111096e+00
6.184496496437186241e-01 8.612160874414257705e+00
6.904471396543906403e-01 8.152087527154943558e+00
7.708262959346177112e-01 7.866171499607152562e+00
8.605628792983366360e-01 7.720885179420000632e+00
9.607462448181176562e-01 7.694808147591538194e+00
1.072592566024592520e+00 7.773039243076927285e+00
1.197459598615466358e+00 7.947196562788447771e+00
1.336863162897809154e+00 8.212623493899590343e+00
1.492495545051829131e+00 8.568388713845051186e+00
1.666246040597821887e+00 9.016354867755435265e+00
1.860223889453220592e+00 9.560712907174600872e+00
2.076783880999303999e+00 9.478756521428001847e+00
2.318554939989653896e+00 9.245460218819788523e+00
2.588472040318300138e+00 9.160709865377285155e+00
2.889811834063971574e+00 9.204482025946489898e+00
3.226232428328361657e+00 9.365135168461128146e+00
3.601817792738369217e+00 9.637081357529387660e+00
4.021127336696125987e+00 1.001519831904210101e+01
4.489251258218603269e+00 1.050321134326048167e+01
5.011872336272719330e+00 1.110298307531513018e+01
5.595334916732480401e+00 1.182010145059786765e+01
6.246721929411505947e+00 1.266201704963110508e+01
6.973940871117343399e+00 1.364176838832907457e+01
7.785819798516762091e+00 1.477239398260601000e+01
8.692214496115088451e+00 1.606693234837613815e+01
9.704128120312613959e+00 1.754400993694551047e+01
1.083384477195432360e+01 1.777311528800986906e+01
1.209507861887348312e+01 1.588625577070749983e+01
1.350314037869872230e+01 1.455073921206407306e+01
1.507512318293853681e+01 1.362314193702303022e+01
1.683011007863576580e+01 1.300846904392354020e+01
1.878940568655332299e+01 1.264525324345566304e+01
2.097679482810011820e+01 1.248692840735428078e+01
2.341883126059243736e+01 1.242546111804433195e+01
2.614516002594537980e+01 1.227644950759597187e+01
2.918887732593875128e+01 1.230252653942443253e+01
3.258693229275402814e+01 1.248506576222367670e+01
3.638057553206641614e+01 1.281847924060188326e+01
4.061585988376975820e+01 1.329345374890603004e+01
4.534419947930706485e+01 1.391371457739733231e+01
5.062299388226948338e+01 1.468112437120638880e+01
5.651632488900333584e+01 1.560313371085561762e+01
6.309573444801932851e+01 1.669278111225925443e+01
