1.000000000000000021e-02 1.147339795808196186e+03
1.142802059810032675e-02 8.327464838296173184e+02
1.305996547906053407e-02 6.399850645536184857e+02
1.492495545051829124e-02 5.075137428650259039e+02
1.705626983142527822e-02 3.816287343582509948e+02
1.949194029602852388e-02 3.031294179740547747e+02
2.227542951999557375e-02 2.527485924814641294e+02
2.545640673860415093e-02 2.199064335386455014e+02
2.909163405623881732e-02 1.985977732445299466e+02
3.324597932270941664e-02 1.853059375925361962e+02
3.799357365039405382e-02 1.778553570701181457e+02
4.341913422721453003e-02 1.749943341495096547e+02
4.961947603002903051e-02 1.758884038121998117e+02
5.670523941381171856e-02 1.800905312268435807e+02
6.480286440412508231e-02 1.682888116793334348e+02
7.405684692262434754e-02 1.615236845649778559e+02
8.463231720621142151e-02 1.587818709327280260e+02
9.671798642975443228e-02 1.594375220187008324e+02
1.105295141126021452e-01 1.630436029915511256e+02
1.263133563976838181e-01 1.694809045629203297e+02
1.443511638727918156e-01 1.360054462756961584e+02
1.649648074098020722e-01 1.014794561348110449e+02
1.885221217040871367e-01 7.918731921173630894e+01
2.154434690031883370e-01 6.507964499253779422e+01
2.462092401494625493e-01 5.600483791623263841e+01
2.813684267870688038e-01 4.064174087900667587e+01
3.215484176977705943e-01 3.102862935995683102e+01
3.674661940736689836e-01 2.498248326601460434e+01
4.199411234979421037e-01 2.000922076730057597e+01
4.799095809323873363e-01 1.633887853744439767e+01
5.484416576121018405e-01 1.395841806053183909e+01
6.267602560047386140e-01 1.240497202160768175e+01
7.162629115692786819e-01 1.140845687673427022e+01
8.185467307069028697e-01 1.081427308007143573e+01
9.354368899026167528e-01 1.051997514943592194e+01
1.069019204603001150e+00 1.046782108577899528e+01
1.221677348996791812e+00 1.062428327674977346e+01
1.396135390856794611e+00 1.096700998078100397e+01
1.595506400444828943e+00 1.149227590761147511e+01
1.823348000868440399e+00 1.203058035035617657e+01
2.083725851142959939e+00 1.242918640830554011e+01
2.381286194765587005e+00 1.302895814036019040e+01
2.721338768375308526e+00 1.383548348191194322e+01
3.109951549940198401e+00 1.485621301348321133e+01
3.554059037181064529e+00 1.610791054124943855e+01
4.061585988376979373e+00 1.761479045190848325e+01
4.641588833612777520e+00 1.940199845472350404e+01
5.304417279843931965e+00 2.150678745230659672e+01
6.061898993497572441e+00 2.397292960522696248e+01
6.927550656129392692e+00 2.399900663705542314e+01
7.916819159263009276e+00 1.831141973075456875e+01
9.047357242349303164e+00 1.471278933842666525e+01
1.033933849239399372e+01 1.236958176412619537e+01
1.181581732618100844e+01 1.082544895085506198e+01
1.350314037869873474e+01 9.812169999806210186e+00
1.543141663868093083e+01 9.173748381291515486e+00
1.763505472047138767e+01 8.813326548519544446e+00
2.015337685941733170e+01 8.671765518593602451e+00
2.303132058706995977e+01 8.711812388901599036e+00
2.632024060704877400e+01 8.913909385572189592e+00
3.007882518043098941e+01 9.267811960387042802e+00
3.437414337286242727e+01 9.773054452063515640e+00
3.928284185071254342e+01 1.043056818316690482e+01
4.489251258218607887e+01 1.125199468576349204e+01
5.130325584897003210e+01 1.225037247576750765e+01
5.862946645916402133e+01 1.344619064961560184e+01
6.700187503509590670e+01 1.486180094887502534e+01
7.656988080124196472e+01 1.652328040537424414e+01
8.750421749906803370e+01 1.838778818110935021e+01
1.000000000000000000e+02 2.037802450316026182e+01
