1.000000000000000021e-02 1.166174863368868728e+03
1.105295141126021521e-02 9.108285677045582815e+02
1.221677348996791888e-02 7.353524952405690556e+02
1.350314037869872891e-02 6.119708817893266541e+02
1.492495545051829124e-02 5.235473921492695126e+02
1.649648074098020514e-02 4.594723996564745789e+02
1.823348000868441413e-02 4.126231493315099783e+02
2.015337685941732959e-02 3.784696882167457943e+02
2.227542951999557375e-02 3.472368546667694886e+02
2.462092401494625493e-02 3.033082319065928232e+02
2.721338768375307360e-02 2.714346484316885153e+02
3.007882518043098960e-02 2.482782441680133161e+02
3.324597932270941664e-02 2.316485484419763168e+02
3.674661940736687754e-02 2.182077011795342116e+02
4.061585988376979761e-02 1.904319369919598159e+02
4.489251258218605184e-02 1.701961602930724382e+02
4.961947603002903051e-02 1.554440108586847487e+02
5.484416576121017850e-02 1.447524278090149323e+02
6.061898993497571997e-02 1.372124403203278860e+02
6.700187503509590081e-02 1.321609467261284578e+02
7.405684692262434754e-02 1.291360110340267511e+02
8.185467307069028975e-02 1.278545111841708319e+02
9.047357242349297890e-02 1.280631274387985457e+02
1.000000000000000056e-01 1.296426505095511743e+02
1.105295141126021452e-01 1.325185745912045263e+02
1.221677348996791784e-01 1.366163938785344385e+02
1.350314037869872752e-01 1.419510095325857435e+02
1.492495545051829020e-01 1.485224215533584129e+02
1.649648074098020722e-01 1.415039747012406508e+02
1.823348000868441343e-01 1.314456909959763493e+02
2.015337685941733237e-01 1.242931336944550367e+02
2.227542951999557652e-01 1.124020071806758523e+02
2.462092401494625493e-01 9.165959100626407974e+01
2.721338768375307082e-01 7.701174969919024704e+01
3.007882518043099029e-01 6.648780471127480496e+01
3.324597932270940137e-01 5.882860793422907619e+01
3.674661940736688170e-01 5.322577138137071984e+01
4.061585988376979484e-01 4.915030383560805660e+01
4.489251258218605600e-01 4.622967627082019959e+01
4.961947603002903051e-01 4.421801952976733219e+01
5.484416576121018405e-01 4.293651967991143437e+01
6.061898993497571997e-01 4.226596743289380953e+01
6.700187503509587028e-01 4.212440640296787109e+01
7.405684692262434199e-01 4.245968252647667640e+01
8.185467307069028697e-01 4.323454290080815809e+01
9.047357242349297612e-01 4.443408636491744801e+01
1.000000000000000000e+00 4.603596117723733272e+01
1.105295141126021008e+00 4.806251907933503276e+01
1.221677348996791812e+00 5.050630949068814601e+01
1.350314037869873474e+00 5.340458531390875407e+01
1.492495545051829131e+00 5.677969829056411299e+01
1.649648074098020611e+00 6.065400016222148594e+01
1.823348000868440399e+00 6.508709557306021054e+01
2.015337685941732904e+00 7.012368800621479181e+01
2.227542951999556209e+00 7.580475565455851950e+01
2.462092401494625715e+00 8.221225490383802992e+01
2.721338768375308526e+00 8.940951568849382625e+01
3.007882518043099029e+00 9.747104381375014270e+01
3.324597932270941580e+00 1.065011474069207793e+02
3.674661940736688059e+00 1.165892334342747887e+02
4.061585988376979373e+00 1.278545111841708319e+02
4.489251258218603269e+00 1.403863876228779475e+02
4.961947603002903051e+00 1.543711272634565717e+02
5.484416576121015297e+00 1.698981370721757287e+02
6.061898993497572441e+00 1.871834838841855628e+02
6.700187503509590137e+00 2.063463769878446783e+02
7.405684692262434865e+00 2.276550372819602330e+02
8.185467307069028919e+00 2.512882786990701902e+02
9.047357242349292505e+00 2.774547174938023204e+02
1.000000000000000000e+01 3.064672780480980805e+02
