1.000000000000000021e-02 5.181829741731286276e+02
1.105295141126021521e-02 4.164974512031673157e+02
1.221677348996791888e-02 3.449718781879544167e+02
1.350314037869872891e-02 2.937267853547632512e+02
1.492495545051829124e-02 2.564142780984938099e+02
1.649648074098020514e-02 2.290259440980851764e+02
1.823348000868441413e-02 2.088795743654668229e+02
2.015337685941732959e-02 1.941572272531687986e+02
2.227542951999557375e-02 1.836072052334249065e+02
2.462092401494625493e-02 1.763950432877242349e+02
2.721338768375307360e-02 1.718650903300940911e+02
3.007882518043098960e-02 1.696597184954583781e+02
3.324597932270941664e-02 1.694809045629203297e+02
3.674661940736687754e-02 1.710902299557626236e+02
4.061585988376979761e-02 1.743982877077162073e+02
4.489251258218605184e-02 1.793454731746017785e+02
4.961947603002903051e-02 1.859019840343296437e+02
5.484416576121017850e-02 1.940678202868997744e+02
6.061898993497571997e-02 2.039323888985812800e+02
6.700187503509590081e-02 2.155552945135533776e+02
7.405684692262434754e-02 2.290557464201748417e+02
8.185467307069028975e-02 2.445827562288939703e+02
9.047357242349297890e-02 2.219627937628328596e+02
1.000000000000000056e-01 1.917134368418157067e+02
1.105295141126021452e-01 1.696895208175480434e+02
1.221677348996791784e-01 1.536260692112147694e+02
1.350314037869872752e-01 1.419063060494512456e+02
1.492495545051829020e-01 1.335169523812085401e+02
1.649648074098020722e-01 1.277502030568569893e+02
1.823348000868441343e-01 1.235182733201235550e+02
2.015337685941733237e-01 1.014049503295868675e+02
2.227542951999557652e-01 8.569912658832966201e+01
2.462092401494625493e-01 7.438542006503789139e+01
2.721338768375307082e-01 6.613762742672115280e+01
3.007882518043099029e-01 6.011010778408497401e+01
3.324597932270940137e-01 5.573661701742559416e+01
3.674661940736688170e-01 5.262972493957727949e+01
4.061585988376979484e-01 5.052866123225540207e+01
4.489251258218605600e-01 4.770489121425896428e+01
4.961947603002903051e-01 4.567088273163884793e+01
5.484416576121018405e-01 4.439683346230535932e+01
6.061898993497571997e-01 4.375608353737741396e+01
6.700187503509587028e-01 4.366667657110839684e+01
7.405684692262434199e-01 4.407645849984138664e+01
8.185467307069028697e-01 4.494817642096429466e+01
9.047357242349297612e-01 4.626692917343228828e+01
1.000000000000000000e+00 4.801781559620052064e+01
1.105295141126021008e+00 5.021573685031383860e+01
1.221677348996791812e+00 5.286069293577224215e+01
1.350314037869873474e+00 5.599738733571022209e+01
1.492495545051829131e+00 5.963327063065021605e+01
1.649648074098020611e+00 6.382049688424914535e+01
1.823348000868440399e+00 6.859631899911910580e+01
2.015337685941732904e+00 7.400544045839457397e+01
2.227542951999556209e+00 8.012609235756097803e+01
2.462092401494625715e+00 8.699552759923039957e+01
2.721338768375308526e+00 9.469942785941063335e+01
3.007882518043099029e+00 1.033122989433258709e+02
3.324597932270941580e+00 1.129384489782899550e+02
3.674661940736688059e+00 1.236523837695270771e+02
4.061585988376979373e+00 1.355733126053959268e+02
4.489251258218603269e+00 1.488204447742551508e+02
4.961947603002903051e+00 1.635204401449858835e+02
5.484416576121015297e+00 1.798521126501262017e+02
6.061898993497572441e+00 1.979421221585571686e+02
6.700187503509590137e+00 2.179692826028168327e+02
7.405684692262434865e+00 2.401720125596225159e+02
8.185467307069028919e+00 2.619873123292624655e+02
9.047357242349292505e+00 2.856503560684622016e+02
1.000000000000000000e+01 3.118913006684184097e+02
