1.000000000000000021e-02 1.142929052138924817e+03
1.142802059810032675e-02 8.284549494487046104e+02
1.305996547906053407e-02 6.353359023076295671e+02
1.492495545051829124e-02 5.036990456375478971e+02
1.705626983142527822e-02 3.773371999773382868e+02
1.949194029602852388e-02 2.984206510838865825e+02
2.227542951999557375e-02 2.475033837936818486e+02
2.545640673860415093e-02 2.140949807311594384e+02
2.909163405623881732e-02 1.921306693510711057e+02
3.324597932270941664e-02 1.780937756468355246e+02
3.799357365039405382e-02 1.698087301059067045e+02
4.341913422721453003e-02 1.659642305563390039e+02
4.961947603002903051e-02 1.657556143017113186e+02
5.670523941381171856e-02 1.687358465106785275e+02
6.480286440412508231e-02 1.746367062844335862e+02
7.405684692262434754e-02 1.833985889787971928e+02
8.463231720621142151e-02 1.950512969158589840e+02
9.671798642975443228e-02 1.929651343695819037e+02
1.105295141126021452e-01 1.940976226089894681e+02
1.263133563976838181e-01 1.990150057537853741e+02
1.443511638727918156e-01 1.708518113790452446e+02
1.649648074098020722e-01 1.349623650025576751e+02
1.885221217040871367e-01 1.122976990533619954e+02
2.154434690031883370e-01 9.538488126747309082e+01
2.462092401494625493e-01 5.715222731668502121e+01
2.813684267870688038e-01 3.530898787008598561e+01
3.215484176977705943e-01 2.359667528884485321e+01
3.674661940736689836e-01 1.691629852793179722e+01
4.199411234979421037e-01 1.290416091660968867e+01
4.799095809323873363e-01 1.039331528055481435e+01
5.484416576121018405e-01 8.777936291038058059e+00
6.267602560047386140e-01 7.726473114811814646e+00
7.162629115692786819e-01 7.048470287271774382e+00
8.185467307069028697e-01 6.633100423146968794e+00
9.354368899026167528e-01 6.413308297735637709e+00
1.069019204603001150e+00 6.348115718164480725e+00
1.221677348996791812e+00 6.413308297735637709e+00
1.396135390856794611e+00 6.594916197969577176e+00
1.595506400444828943e+00 6.888282806039787154e+00
1.823348000868440399e+00 7.291545476815662674e+00
2.083725851142959939e+00 7.809360823123715711e+00
2.381286194765587005e+00 8.450110748051665510e+00
2.721338768375308526e+00 9.224971122383138322e+00
3.109951549940198401e+00 6.113422431708312565e+00
3.554059037181064529e+00 4.242628228657412848e+00
4.061585988376979373e+00 3.131560408251825578e+00
4.641588833612777520e+00 2.441916048645507153e+00
5.304417279843931965e+00 1.998722922882297803e+00
6.061898993497572441e+00 1.708615943790646297e+00
6.927550656129392692e+00 1.517927648545009944e+00
7.916819159263009276e+00 1.394993069925112739e+00
9.047357242349303164e+00 1.321418587266234734e+00
1.033933849239399372e+01 1.285329837860772262e+00
1.181581732618100844e+01 1.279741902468958692e+00
1.350314037869873474e+01 1.300463829546933958e+00
1.543141663868093083e+01 1.345167312681442073e+00
1.763505472047138767e+01 1.413619521231157750e+00
2.015337685941733170e+01 1.505587624554755033e+00
2.303132058706995977e+01 1.622701437141513381e+00
2.632024060704877400e+01 1.766823604122037095e+00
3.007882518043098941e+01 1.940748093192232737e+00
3.437414337286242727e+01 2.148200194613309577e+00
3.928284185071254342e+01 2.393487275249789992e+00
4.489251258218607887e+01 2.682197270493488439e+00
5.130325584897003210e+01 3.020267361698206088e+00
5.862946645916402133e+01 3.414682468103710455e+00
6.700187503509590670e+01 3.874755815363022826e+00
7.656988080124196472e+01 4.409334967846516129e+00
8.750421749906803370e+01 5.029362965696490662e+00
1.000000000000000000e+02 5.748343986109829551e+00
