1.000000000000000021e-02 1.142809842850566156e+03
1.105295141126021521e-02 8.928279651623962536e+02
1.221677348996791888e-02 7.206897527724504471e+02
1.350314037869872891e-02 5.993346972233056249e+02
1.492495545051829124e-02 5.036990456375478971e+02
1.649648074098020514e-02 4.034440341278910296e+02
1.823348000868441413e-02 3.334085772171616213e+02
2.015337685941732959e-02 2.835641935221851213e+02
2.227542951999557375e-02 2.475033837936818486e+02
2.462092401494625493e-02 2.211879333885014205e+02
2.721338768375307360e-02 2.019356333185732240e+02
3.007882518043098960e-02 1.879881465806066956e+02
3.324597932270941664e-02 1.780937756468355246e+02
3.674661940736687754e-02 1.714180554987489984e+02
4.061585988376979761e-02 1.673947420166432778e+02
4.489251258218605184e-02 1.655768003691732702e+02
4.961947603002903051e-02 1.657556143017113186e+02
5.484416576121017850e-02 1.676927652375399873e+02
6.061898993497571997e-02 1.713286485324800026e+02
6.700187503509590081e-02 1.765440548981725897e+02
7.405684692262434754e-02 1.833389843346178338e+02
8.185467307069028975e-02 1.917730414859950372e+02
9.047357242349297890e-02 1.937697970660030649e+02
1.000000000000000056e-01 1.926373088265955289e+02
1.105295141126021452e-01 1.937101924218237059e+02
1.221677348996791784e-01 1.967798315970599390e+02
1.350314037869872752e-01 1.955579363913834072e+02
1.492495545051829020e-01 1.590500918315350987e+02
1.649648074098020722e-01 1.333232372876256875e+02
1.823348000868441343e-01 1.148308964309841400e+02
2.015337685941733237e-01 1.014049503295868675e+02
2.227542951999557652e-01 9.158508520103990236e+01
2.462092401494625493e-01 8.443252789951860393e+01
2.721338768375307082e-01 7.930652850009499844e+01
3.007882518043099029e-01 7.576005217142400738e+01
3.324597932270940137e-01 7.349135040234772021e+01
3.674661940736688170e-01 7.229180693823843740e+01
4.061585988376979484e-01 6.557138330701738482e+01
4.489251258218605600e-01 6.024421823348850324e+01
4.961947603002903051e-01 5.640716926444321899e+01
5.484416576121018405e-01 5.373986143741756649e+01
6.061898993497571997e-01 5.200387617569415966e+01
6.700187503509587028e-01 5.104275128830224162e+01
7.405684692262434199e-01 5.075217864792794131e+01
8.185467307069028697e-01 5.105765244934707425e+01
9.047357242349297612e-01 5.189956804838031701e+01
1.000000000000000000e+00 5.326302428398280853e+01
1.105295141126021008e+00 5.513311999510973749e+01
1.221677348996791812e+00 5.750985518176108968e+01
1.350314037869873474e+00 6.041558158550411406e+01
1.492495545051829131e+00 6.385774978686123404e+01
1.649648074098020611e+00 6.787361268844455253e+01
1.823348000868440399e+00 7.250042319286613690e+01
2.015337685941732904e+00 7.778661007352171453e+01
2.227542951999556209e+00 8.379177797459064436e+01
2.462092401494625715e+00 9.057180624999105589e+01
2.721338768375308526e+00 9.820120070494711229e+01
3.007882518043099029e+00 1.067395659836381583e+02
3.324597932270941580e+00 1.162912102133780650e+02
3.674661940736688059e+00 1.269306391993909955e+02
4.061585988376979373e+00 1.387919633910805146e+02
4.489251258218603269e+00 1.519869414962827818e+02
4.961947603002903051e+00 1.666496839644014472e+02
5.484416576121015297e+00 1.828919495032727696e+02
6.061898993497572441e+00 2.009223543675243775e+02
6.700187503509590137e+00 2.209197124896943762e+02
7.405684692262434865e+00 2.430330354802310353e+02
8.185467307069028919e+00 2.675305442379415126e+02
9.047357242349292505e+00 2.946506573395430451e+02
1.000000000000000000e+01 3.238122295042872452e+02
