1.000000000000000021e-02 1.346717330588102413e+03
1.142802059810032675e-02 1.008103347005247997e+03
1.305996547906053407e-02 7.146100790661572546e+02
1.492495545051829124e-02 5.373756695988773799e+02
1.705626983142527822e-02 4.266302407136558941e+02
1.949194029602852388e-02 3.553430862751602604e+02
2.227542951999557375e-02 3.087322545269131524e+02
2.545640673860415093e-02 2.784083918006718363e+02
2.909163405623881732e-02 2.593647079853713535e+02
3.324597932270941664e-02 2.286981185550987732e+02
3.799357365039405382e-02 2.076874814818799564e+02
4.341913422721453003e-02 1.946638667286932218e+02
4.961947603002903051e-02 1.875709140713512966e+02
5.670523941381171856e-02 1.851271236599981478e+02
6.480286440412508231e-02 1.865278327982127564e+02
7.405684692262434754e-02 1.870642745958268733e+02
8.463231720621142151e-02 1.837264145217835960e+02
9.671798642975443228e-02 1.842926586414873498e+02
1.105295141126021452e-01 1.842330539973080192e+02
1.263133563976838181e-01 1.565466967760026478e+02
1.443511638727918156e-01 1.384045332039147524e+02
1.649648074098020722e-01 1.267667264278978081e+02
1.885221217040871367e-01 1.064564439237862672e+02
2.154434690031883370e-01 9.002046329133212055e+01
2.462092401494625493e-01 7.941083662740885529e+01
2.813684267870688038e-01 5.325557370346039221e+01
3.215484176977705943e-01 3.760190402586012937e+01
3.674661940736689836e-01 2.800369366785511005e+01
4.199411234979421037e-01 2.185696473686024532e+01
4.799095809323873363e-01 1.794447864002547988e+01
5.484416576121018405e-01 1.540196803675032911e+01
6.267602560047386140e-01 1.374235122538171794e+01
7.162629115692786819e-01 1.268250614606775351e+01
8.185467307069028697e-01 1.205665738218463723e+01
9.354368899026167528e-01 1.175677151615731475e+01
1.069019204603001150e+00 1.172510654893703830e+01
1.221677348996791812e+00 1.192068428765051102e+01
1.396135390856794611e+00 1.232674092612229266e+01
1.595506400444828943e+00 1.293396323869936104e+01
1.823348000868440399e+00 1.374421387051232202e+01
2.083725851142959939e+00 1.477053133747540592e+01
2.381286194765587005e+00 1.602595415550283775e+01
2.721338768375308526e+00 1.753283406616188245e+01
3.109951549940198401e+00 1.708766187994741159e+01
3.554059037181064529e+00 1.688835885097272893e+01
4.061585988376979373e+00 1.703364517115987908e+01
4.641588833612777520e+00 1.748440529276616573e+01
5.304417279843931965e+00 1.822387540961615571e+01
6.061898993497572441e+00 1.925298684427514573e+01
6.927550656129392692e+00 2.057546488700434395e+01
7.916819159263009276e+00 2.221459260193630669e+01
9.047357242349303164e+00 2.420017231116070988e+01
1.033933849239399372e+01 1.978570335162803673e+01
1.181581732618100844e+01 1.604271796167827802e+01
1.350314037869873474e+01 1.359706490519456601e+01
1.543141663868093083e+01 1.198401422209106393e+01
1.763505472047138767e+01 1.092975707816891351e+01
2.015337685941733170e+01 1.027596863732673071e+01
2.303132058706995977e+01 9.918340772250665793e+00
2.632024060704877400e+01 9.799131483891978078e+00
3.007882518043098941e+01 9.881087869638577104e+00
3.437414337286242727e+01 1.014185818792320681e+01
3.928284185071254342e+01 1.057399185822345267e+01
4.489251258218607887e+01 1.117562623540870703e+01
5.130325584897003210e+01 1.195234925487078570e+01
5.862946645916402133e+01 1.291533678739331670e+01
6.700187503509590670e+01 1.408135263915173674e+01
7.656988080124196472e+01 1.547274855171330188e+01
8.750421749906803370e+01 1.711187626664526817e+01
1.000000000000000000e+02 1.903319471886381109e+01
