3.162277660168379134e-02 8.927087558740375925e+02
3.530417660538831548e-02 6.259183685272931825e+02
3.941415080287675315e-02 4.606644925400614738e+02
4.400259212602089520e-02 3.541509933915734223e+02
4.912520184673455081e-02 2.832363679791986897e+02
5.484416576121017850e-02 2.347181876172125214e+02
6.122890909288016686e-02 2.008627497233450185e+02
6.835693927822929228e-02 1.769314850853383518e+02
7.631478686643580756e-02 1.599739638163149209e+02
8.519905595487022032e-02 1.480455843999236549e+02
9.511759691218703294e-02 1.399244516304880221e+02
1.061908156252536900e-01 1.347984522310644593e+02
1.185531351634873803e-01 1.321311444040387926e+02
1.323546276044391679e-01 1.309986561646312566e+02
1.477628358301314171e-01 1.119996758324652717e+02
1.649648074098020167e-01 9.876744482465086605e+01
1.841693652593244523e-01 8.958832962103186048e+01
2.056096426419194712e-01 8.338944662638006378e+01
2.295459132837373295e-01 6.580980188373476381e+01
2.562687509604298919e-01 4.999221943464130646e+01
2.861025569104377331e-01 3.635206914322450444e+01
3.194094978959385878e-01 2.767586812486871750e+01
3.565939027174543918e-01 2.196499815443530323e+01
3.981071705534971472e-01 1.750303174407221007e+01
4.444532507099246965e-01 1.438123850517906277e+01
4.961947603002900276e-01 1.222802073420025337e+01
5.539598141226161898e-01 1.072114082354120868e+01
6.184496496437186241e-01 9.659433099096641939e+00
6.904471396543906403e-01 8.919497320964001830e+00
7.708262959346177112e-01 8.416583135700784979e+00
8.605628792983366360e-01 7.847545048301107329e+00
9.607462448181176562e-01 6.688048454499802453e+00
1.072592566024592520e+00 5.873141209860331280e+00
1.197459598615466358e+00 5.298515187068842280e+00
1.336863162897809154e+00 4.896183838858268800e+00
1.492495545051829131e+00 4.624004819148685108e+00
1.666246040597821887e+00 4.452175805850420609e+00
1.860223889453220592e+00 4.361837517016101451e+00
2.076783880999303999e+00 4.339485775448848059e+00
2.318554939989653896e+00 4.377670000626239677e+00
2.588472040318300138e+00 4.471267918439116862e+00
2.889811834063971574e+00 4.617019899908918035e+00
3.226232428328361657e+00 4.815158775676972702e+00
3.601817792738369217e+00 5.065684545743279088e+00
4.021127336696125987e+00 5.371158347162418245e+00
4.489251258218603269e+00 5.734374147630295404e+00
5.011872336272719330e+00 6.159988559973424316e+00
5.595334916732480401e+00 6.653589519583618994e+00
6.246721929411505947e+00 7.221696284417993716e+00
6.973940871117343399e+00 7.872690757564268615e+00
7.785819798516762091e+00 8.615886164675467640e+00
8.692214496115088451e+00 9.460130070121957502e+00
9.704128120312613959e+00 1.041939231238327856e+01
1.083384477195432360e+01 1.150717706865631129e+01
1.209507861887348312e+01 1.036723824872635369e+01
1.350314037869872230e+01 9.465718005513771516e+00
1.507512318293853681e+01 8.836609612652100765e+00
1.683011007863576580e+01 8.417514458266087019e+00
1.878940568655332299e+01 8.164194720503873626e+00
2.097679482810011820e+01 8.047779399841092030e+00
2.341883126059243736e+01 8.048710722406394069e+00
2.614516002594537980e+01 8.131598430718295134e+00
2.918887732593875128e+01 8.201447623115964092e+00
3.258693229275402814e+01 8.372810975131578459e+00
3.638057553206641614e+01 8.641963196503930078e+00
4.061585988376975820e+01 9.006110319537111053e+00
4.534419947930706485e+01 9.467580650644375595e+00
5.062299388226948338e+01 1.003009948008693542e+01
5.651632488900333584e+01 1.070065172710455847e+01
6.309573444801932851e+01 1.148668797221966109e+01
