3.162277660168379134e-02 9.213189850801229568e+02
3.437414337286241045e-02 7.642011430233715146e+02
3.736489516721269721e-02 6.476144590085744994e+02
4.061585988376979761e-02 5.598466204544902212e+02
4.414967757076887489e-02 4.929106050410866260e+02
4.799095809323872946e-02 4.414717971143126078e+02
5.216645251859962362e-02 4.016558948025106588e+02
5.670523941381171856e-02 3.708402937617897237e+02
6.163892735146683094e-02 3.469984360900521665e+02
6.700187503509590081e-02 3.287594149711727596e+02
7.283143057666745246e-02 2.820442750956117948e+02
7.916819159263009664e-02 2.336155016998946792e+02
8.605628792983370523e-02 1.978825175143778097e+02
9.354368899026167805e-02 1.711200322778522889e+02
1.016825377948150644e-01 1.508246509347855806e+02
1.105295141126021452e-01 1.353050917065888825e+02
1.201462291846031316e-01 1.233543605486303534e+02
1.305996547906053407e-01 1.141603441839665152e+02
1.419625896474748517e-01 1.071269961708039062e+02
1.543141663868093649e-01 1.017923805167526012e+02
1.677404026426158323e-01 9.787337516196070908e+01
1.823348000868441343e-01 9.511666036866604657e+01
1.981989955845199214e-01 9.335832336537539788e+01
2.154434690031883926e-01 9.247915486373007354e+01
2.341883126059244868e-01 8.529679524011908143e+01
2.545640673860414815e-01 7.796542400605974876e+01
2.767126321678177181e-01 7.233651042137294951e+01
3.007882518043099584e-01 6.802262429889292150e+01
3.269585913541653843e-01 6.404401429992168460e+01
3.554059037181062641e-01 5.993129385154693978e+01
3.863282988666283391e-01 5.681695119317620879e+01
4.199411234979421037e-01 5.451472181174904108e+01
4.564784607342344258e-01 5.287559409681707479e+01
4.961947603002903051e-01 5.181761166263371621e+01
5.393666105372006969e-01 5.125136754292994823e+01
5.862946645916405908e-01 5.112470767404884242e+01
6.373057341948979992e-01 5.140037915337831009e+01
6.927550656129388695e-01 5.206348081987350440e+01
7.530288136174587699e-01 5.307675977092235797e+01
8.185467307069028697e-01 5.444766658704728002e+01
8.897650903054697968e-01 5.616130010720342369e+01
9.671798642975448779e-01 5.823256149243563584e+01
1.051330177026238655e+00 6.066145074274390936e+01
1.142802059810032578e+00 6.347031959969549320e+01
1.242232532124357691e+00 6.667406922433525551e+01
1.350314037869873474e+00 7.029505135823040973e+01
1.467799267622069692e+00 7.435561774294822612e+01
1.595506400444828943e+00 7.750348801366983764e+01
1.734324801772465507e+00 7.844226115949450673e+01
1.885221217040871311e+00 7.991747610293327853e+01
2.049246504200854080e+00 8.191423168294130619e+01
2.227542951999557541e+00 8.444742906056343656e+01
2.421352234995232777e+00 8.750216707475482281e+01
2.632024060704877488e+00 9.109334688656031176e+01
2.861025569104377997e+00 9.523586965702473606e+01
3.109951549940198401e+00 9.995953770823776097e+01
3.380535549007040341e+00 1.053090545233338986e+02
3.674661940736691612e+00 1.112993212633579958e+02
3.994379051172821438e+00 1.179750414114445505e+02
4.341913422721453308e+00 1.253809184507280605e+02
4.719685320018228047e+00 1.335914581864327317e+02
5.130325584897002855e+00 1.426364629406482152e+02
5.576693957839359506e+00 1.526127902601659230e+02
6.061898993497572441e+00 1.635502424670755488e+02
6.589319708984723967e+00 1.755605782692134085e+02
7.162629115692790371e+00 1.887034023107588325e+02
7.785819798516770085e+00 2.030681215579807883e+02
8.463231720621141818e+00 2.187739452992379938e+02
9.199582447383766848e+00 2.359102805007994164e+02
1.000000000000000000e+01 2.517949181745946134e+02
