1.000000000000000021e-02 6.281833450061083113e+02
1.105295141126021521e-02 4.998247437658905596e+02
1.221677348996791888e-02 4.102389635643362453e+02
1.350314037869872891e-02 3.464023896482586906e+02
1.492495545051829124e-02 3.001491857650875659e+02
1.649648074098020514e-02 2.662788467101752303e+02
1.823348000868441413e-02 2.413939077652990761e+02
2.015337685941732959e-02 2.231548866464197545e+02
2.227542951999557375e-02 2.099822602827846936e+02
2.462092401494625493e-02 2.008329474012553533e+02
2.721338768375307360e-02 1.949022853054106008e+02
3.007882518043098960e-02 1.917134368418157067e+02
3.324597932270941664e-02 1.908491695012151865e+02
3.674661940736687754e-02 1.921008670289814404e+02
4.061585988376979761e-02 1.847992981170118014e+02
4.489251258218605184e-02 1.791666592420637301e+02
4.961947603002903051e-02 1.761268223889171907e+02
5.484416576121017850e-02 1.753221596924960579e+02
6.061898993497571997e-02 1.764546479319035939e+02
6.700187503509590081e-02 1.794348801408708027e+02
7.405684692262434754e-02 1.841436470310389950e+02
8.185467307069028975e-02 1.905213439582288402e+02
9.047357242349297890e-02 1.771997059841453961e+02
1.000000000000000056e-01 1.592587080861627840e+02
1.105295141126021452e-01 1.461531369472294841e+02
1.221677348996791784e-01 1.367058008448034627e+02
1.350314037869872752e-01 1.300896853408962670e+02
1.492495545051829020e-01 1.257534474768489616e+02
1.649648074098020722e-01 1.177664251568168368e+02
1.823348000868441343e-01 1.022394153480976797e+02
2.015337685941733237e-01 8.331494082115588640e+01
2.227542951999557652e-01 6.995232465419917389e+01
2.462092401494625493e-01 6.034107578027993668e+01
2.721338768375307082e-01 5.335243125025182565e+01
3.007882518043099029e-01 4.824878359239547621e+01
3.324597932270940137e-01 4.453839449223130487e+01
3.674661940736688170e-01 4.187853724572806868e+01
4.061585988376979484e-01 4.006059559825807526e+01
4.489251258218605600e-01 3.890575561728328324e+01
4.961947603002903051e-01 3.832461033653467553e+01
5.484416576121018405e-01 3.822775278974324209e+01
6.061898993497571997e-01 3.856302891325205451e+01
6.700187503509587028e-01 3.931553754601627304e+01
7.405684692262434199e-01 4.044802578542380900e+01
8.185467307069028697e-01 4.197539479251950922e+01
9.047357242349297612e-01 4.388274340625851977e+01
1.000000000000000000e+00 4.619987394873052722e+01
1.105295141126021008e+00 4.893423700045794078e+01
1.221677348996791812e+00 5.211563488353043283e+01
1.350314037869873474e+00 5.578132050056010627e+01
1.492495545051829131e+00 5.996109617363661215e+01
1.649648074098020611e+00 6.442399390656500202e+01
1.823348000868440399e+00 6.775440340008586304e+01
2.015337685941732904e+00 7.168830991592257362e+01
2.227542951999556209e+00 7.625179048590361219e+01
2.462092401494625715e+00 8.148209801264104613e+01
2.721338768375308526e+00 8.742766126953064543e+01
3.007882518043099029e+00 9.416298606179654485e+01
3.324597932270941580e+00 1.017327758725732565e+02
3.674661940736688059e+00 1.102264376681298046e+02
4.061585988376979373e+00 1.197035760926455197e+02
4.489251258218603269e+00 1.302834004344791197e+02
4.961947603002903051e+00 1.420553176598996004e+02
5.484416576121015297e+00 1.551459876377880391e+02
6.061898993497572441e+00 1.696895208175480434e+02
6.700187503509590137e+00 1.858125770680606195e+02
7.405684692262434865e+00 2.036641679997742358e+02
8.185467307069028919e+00 2.234827121894061293e+02
9.047357242349292505e+00 2.453874189253151314e+02
1.000000000000000000e+01 2.696465091063082014e+02
