9.848564032126102319e+00
9.856674518185490896e+00
4.102016487466514150e+00
2.153151559772270296e-01
5.861571353364150916e+00
9.703389081207457190e-02
8.639065738940734818e+00
6.096263786741237034e+00
7.818467555251518597e+00
3.026694885199123219e-01
3.822323071233815650e+00
7.342411435854709900e+00
9.383490715515935277e-02
3.899176184172437942e+00
3.233941304070982348e+00
4.409662966845415255e+00
4.786469733442087815e+00
5.359758983111208686e+00
6.003238933892622420e+00
4.475098458951245028e+00
6.987715692805454015e-01
6.716962010710904707e+00
6.294071315759983243e+00
5.377687906418411323e+00
8.805975396522317533e-01
5.892158510933261095e-02
2.063249529648080394e+00
8.651510635175968744e+00
6.684811522501668435e+00
4.700072281689025161e-02
7.086861971023613371e+00
2.425291854625028609e+00
1.449162357637607368e+00
1.168972363181133733e+00
4.409884693839835279e+00
1.678066346333617620e+00
5.808465662554174180e+00
5.758421287377570863e+00
4.353269688857279718e+00
9.088106889771489783e-02
5.682291112451342663e+00
6.130846575273877441e+00
8.894241116391354840e-02
4.357668441022974015e+00
6.348063875939272904e+00
4.468886181382805134e+00
7.331627973188481917e+00
6.329468503448492989e+00
6.646961055755681969e+00
5.425763711505788400e+00
4.316296172191969482e+00
7.812569585424870233e+00
6.759261903508923197e+00
6.181532571415621291e+00
1.743563684430435856e-01
8.618362334935863345e+00
4.167966852414410006e+00
9.064458867230479333e-02
6.258688521863250642e+00
6.309863148966638136e+00
5.676184308983825311e+00
5.501704126291002972e-02
6.073327305322432146e+00
4.894831146884989076e-02
6.245773109692410507e+00
6.003704003198309103e+00
5.349765773605582808e+00
6.363727430515545791e+00
1.868832342554656689e+00
5.476033974310258401e+00
5.891449716670828923e-02
3.305037722987726578e+00
3.937471973807360914e+00
5.858058697198954334e+00
3.384244737114036283e+00
4.336545737121051403e+00
9.126895880173856668e+00
6.173690830800521390e+00
1.661537700434934928e-01
2.813975221898418755e-01
5.509999062905567513e+00
6.656200523030320504e+00
4.029244625605697960e-01
9.023440418141262853e+00
5.134425073175910903e+00
5.914089305680169772e+00
6.851296270047003922e+00
5.832987189937717254e+00
2.741463731011057003e+00
3.930185368934375756e+00
6.046027091334614134e+00
6.395491718557566596e-02
6.144941735595661036e+00
2.785413240201410900e+00
5.670008522658240402e+00
5.677647390136296046e+00
5.648032262724568042e+00
4.148395056869513819e-02
2.907258134246569203e-01
6.323356396072167485e+00
4.418796867462296274e-01
1.215937329452985993e-01
1.188940735928757236e-01
6.137472571982974578e+00
2.782852684998981641e+00
6.433757606919182415e+00
6.093313218966297740e+00
6.122261280876520217e+00
2.679085068338900033e+00
6.863224419552631239e-02
6.252292880066889325e+00
6.774731646482147873e+00
4.249992194063138828e-02
9.072217620264431959e-02
8.455929388061690588e+00
8.237919916247140151e+00
6.422470801754245784e+00
4.295303391933495973e-01
5.888858567473436167e+00
6.607408396811887741e+00
8.706600347805741436e+00
3.929413880576360096e+00
9.183448942765831680e-02
5.178304674936359930e+00
5.910404551706936793e+00
1.474738363358848725e-01
6.313815141953764254e+00
1.922123146179965714e+00
8.005418105317932742e+00
6.413221970906916702e+00
6.112284135120646056e+00
5.002531661635393867e+00
9.380353761220552755e+00
5.954471266833849086e+00
6.209397200606536771e+00
9.438326902805787455e+00
2.413063166064877141e-01
4.226578844902785903e+00
6.302672501180416553e+00
2.668101481426811139e-01
5.781110276553794058e+00
5.915398817202774495e+00
8.557167952736383754e+00
2.111051001016305051e+00
9.687437455138622866e+00
7.243746393711642639e+00
6.292174074454293553e+00
8.058961861649076575e-01
5.626123041183226370e+00
7.523148760412016856e+00
2.443128778621184438e-01
1.103261976825711033e+00
6.617893954261829137e+00
9.321063465935056414e+00
6.067724643133770357e+00
6.809982394017554341e+00
5.152842434763274859e+00
6.917472345460201844e+00
6.235311448092974551e+00
1.234177170964177450e-01
6.123975946008101801e+00
9.187592018160327001e+00
5.607897440128303129e-02
4.369597801222776523e-01
2.082769897743380838e+00
7.623253124700263506e+00
1.037478890939216303e+00
7.335477869828154418e+00
4.806745440272012893e+00
8.350583071876933883e-02
4.267706612824006401e-02
2.060798935194881887e-01
5.234052357415981682e-02
1.256330646877824031e-01
1.867131783472550655e-01
4.962012740771915453e+00
8.973491596262526571e+00
5.827537478289322337e+00
7.050105841420991837e+00
5.454025875351518948e+00
6.629608150136276912e+00
5.496217454813681513e+00
8.466404793316341326e+00
5.608449901332472010e+00
7.521880609067103929e-02
6.414262043313565087e+00
7.123481523839712004e+00
6.303903452932956952e+00
3.526488277950563521e+00
6.418046758426608989e+00
5.918171042533434623e+00
1.654547872610050652e+00
5.810347290699289680e+00
6.170397777427814034e+00
6.651509055122336811e+00
8.687997270399212824e-02
6.103518221110881825e+00
6.952504661611955683e+00
1.659098672121650797e-01
8.315146348833214740e-02
7.003990788683062796e+00
1.897522284182362018e+00
6.157006954973347490e+00
6.995819507008677718e+00
3.241204726385702894e+00
1.486620292157250778e-01
5.150233111235877459e+00
2.288618292145070843e+00
8.941017338651183199e-02
6.097213980446951620e-01
5.949179093881372893e+00
4.494503656487216364e-02
1.564548509009393296e-01
9.156269521733257477e+00
5.218540348782043203e+00
8.392134113449847277e+00
9.370647145036468117e+00
1.214164819534816031e+00
5.758076728305229486e-02
6.270867091212849687e+00
5.971477575904221347e+00
5.993869611455221680e+00
6.610342671363202527e+00
2.345919364667180540e-01
7.909240163204803942e+00
4.196545220433832490e+00
5.928515046496785956e+00
6.028582060425058842e+00
6.283415043332628791e+00
5.686337863662274117e+00
5.694444584542228682e+00
5.719042929510998796e+00
4.199645336261756401e-02
6.470498370246553499e+00
3.670877103350129178e-01
2.501067490581070363e+00
5.110548888694807168e+00
1.345740593512626815e-01
6.510562987132301416e+00
2.202880588274361617e+00
2.056572013067118621e-01
2.843381864945512261e-01
9.394302315820180382e+00
7.086479987671805425e+00
5.969910528781245063e+00
6.039670310314773083e+00
1.787686231131444536e-01
3.045528121663680921e+00
6.285629284143431583e+00
1.040135599536388539e-01
1.681167351268339216e-01
1.181535857206362644e-01
6.013475623745796056e-02
6.386149431245935482e+00
6.834973523054359568e+00
3.060208936949731395e+00
7.558913265132587433e+00
4.310205916767277934e+00
7.977569428911870375e+00
3.018765237690185455e+00
5.771608058405235830e+00
1.091098761794105088e-01
5.665438849813424216e-02
9.258933727880772069e-02
4.324205487211500554e+00
6.195551806458686528e+00
3.506663283739808734e-01
4.058823738578229978e+00
4.753189602382633439e+00
1.359670772870691935e-01
4.612851911223756929e+00
4.550884459441802754e+00
6.501803642791657012e+00
3.220261995641794384e-01
9.518614139600499513e+00
9.495283667012289541e+00
5.826187159070251198e+00
7.988581244158367234e+00
8.573128088743765807e-02
5.989730225807979203e+00
3.883818075860211216e+00
6.201935911422039815e+00
3.637574802126737616e-02
5.765820634053471672e+00
1.587099517033421503e-01
6.656624987879679323e-02
9.523298642601798036e+00
5.852336539368338642e+00
5.617059618184550018e+00
9.909966471707629676e-01
9.627397607280554492e-01
3.874078663612965379e+00
4.781575455951009301e-02
5.706900493778730876e+00
3.414282230443634325e-01
5.628597499950496186e+00
4.747610801302304395e+00
1.217626593502099397e-01
6.494517911456327397e+00
6.274246442893726794e+00
5.824142756002242294e+00
1.420724193825577908e+00
3.660261398464987465e-02
7.369484906817042047e-02
5.601565758456085176e-01
3.864792329979452212e+00
5.217111915203232364e+00
6.789568668971189547e-02
7.255769787025879936e+00
6.012962138365030462e+00
2.167631979670019859e+00
7.461214002838740811e+00
6.669368570117920059e-02
8.555518076594363919e+00
6.429878412206627480e+00
1.707655643425840308e+00
9.603561510959554681e+00
1.350173017386986363e-01
7.919583378260222517e+00
1.968050243843084690e+00
1.742306520903987299e-01
5.834557453015677631e+00
4.603647936358779696e-02
7.233625850774152988e-02
5.726896569521400693e+00
1.628708561755776163e-01
7.739665035869876419e+00
6.504583764679397362e+00
6.127397113781469784e+00
6.067096399023442999e+00
5.548692205506702280e+00
3.861057048123288371e-02
2.852932285666835099e+00
6.155422127901858609e+00
3.948254730137593094e-02
5.730437656808553548e+00
1.090976897998878759e+00
3.703033850943802108e+00
9.857047075031932337e+00
8.412556462991137352e+00
6.343215082038516250e+00
5.326195737356798771e-02
1.497870337895196857e-01
6.409808940858296999e+00
6.664647955782170285e+00
3.618959241880162381e+00
6.105542348839445133e+00
4.120014505895988499e+00
2.028364142759922495e-01
3.334194143157461765e-01
6.446069966052249356e+00
1.243712918654279465e-01
1.389419920406776143e-01
6.759023570780622769e+00
1.376478144981072127e+00
6.954731783185424732e+00
1.679071796563098851e-01
2.601571551615649902e+00
9.718225648328077781e+00
2.564475107187319525e-01
7.422564064266250206e-02
9.145517219303959111e-01
4.390993047382298065e-02
6.801148257465092217e-02
3.453285662520647392e+00
4.838038586367307659e+00
8.176017269786214570e+00
4.523737315419218419e-01
1.681534760046298427e+00
6.252987780577262678e-02
4.090446126676373917e-02
5.434862649379848420e+00
5.718481193090503290e+00
5.980708443869324320e+00
1.430827426281319481e-01
6.950028122060117219e+00
1.224184152743382631e-01
8.957810949372541076e-02
9.300790243000337298e+00
2.806441132701637531e-01
7.750774284049325225e+00
1.936110536392985915e-01
9.472318717811481492e-02
4.612956120826900569e-02
4.747806761075908932e-01
7.640844713359071783e+00
7.982362093730752117e-02
1.125658873902744689e-01
5.955766551689997357e+00
1.734485502228188814e-01
4.136678818019064868e-02
2.336292998211059180e-01
1.265633537782134832e-01
7.847408620437913707e-02
7.837392524574419816e+00
2.357590820347267302e-01
6.394156466166432295e+00
6.732679399777965479e+00
5.361118691229341260e-02
5.538149476965573470e+00
5.917286610193571050e+00
3.566539007532365524e-02
8.564526258467755615e-02
9.318132938170998969e+00
9.404083550715158779e+00
7.035524933914165391e-02
5.892517912743636899e+00
6.366174102769077692e+00
7.136004280855091864e+00
6.389262778266991738e+00
7.061953867694947817e+00
1.803299353654951587e-01
1.278203970405052292e+00
3.889404852800490975e+00
6.547525097782650683e+00
1.654138511255924815e+00
8.589248199346478430e+00
6.291664750474279977e+00
6.069803668046037437e+00
6.512707077192870564e+00
5.848054328789963563e+00
3.223103868772478453e+00
2.787063610046152107e-01
6.310485765892098087e+00
5.723703314953508148e+00
6.314365689914600566e+00
3.734866965195352329e+00
1.446933416776403358e-01
1.189809324392841483e-01
6.811758354642823754e+00
4.791409638411057992e-02
3.205223513987731088e-01
6.084757518798616260e+00
3.559682832180692813e+00
6.212454099512774164e+00
6.469578599240749739e+00
3.624904741685559539e-01
2.305109227156406426e+00
8.092765213778296385e+00
7.195434564171739045e-02
8.778723466798705743e+00
3.936351927944679918e+00
1.032003916011476341e-01
1.721394262322408553e+00
4.946806642409224963e+00
3.517570598611956256e-02
5.962591901522584337e+00
3.437461146304385817e+00
1.681235595695080576e-01
5.597610206456250737e+00
3.866593243863144735e+00
5.223538487771016925e+00
1.286330050976267403e+00
1.002678378110683166e+00
6.706367140778084490e+00
5.904760322772796499e+00
1.076700207610334498e-01
5.038371361634776946e+00
5.953689549869575770e-02
3.678025489101083068e+00
4.102868173020633336e+00
6.382519952967649957e+00
9.321953653243218341e+00
7.221764846433928464e-02
3.507076391928792614e+00
5.945598505053521166e+00
3.761840677070838357e+00
1.680164825441955723e-01
5.920652253644670182e+00
6.288634722685836564e+00
6.564534587079593031e+00
1.386575044261175949e+00
1.773299765015099005e+00
5.974907855263982270e+00
8.541215425146845064e+00
2.683952454481889571e+00
1.788934644895361081e-01
2.977105069641459156e+00
1.355217889625941474e-01
6.093448539931911156e+00
2.028527776714477593e+00
1.159522148137932113e-01
5.745042026760601717e-01
1.506677215813309600e-01
5.809679639653396066e+00
8.120691382547656767e-02
3.112842631240375191e+00
1.487924762507606413e-01
6.595315712252398654e+00
2.546346512710158660e-01
9.159247048432876959e-01
5.890495922143391461e+00
6.097844137100474904e-02
1.007395024960636709e-01
5.097947947893101350e+00
2.760897107755315272e+00
6.264726392445708392e+00
5.699383231214103063e+00
3.196635722372032973e+00
6.403434190022393224e+00
5.596139119505451731e+00
5.626427076145978035e+00
5.651237240881185286e+00
2.904372574302940824e-01
1.721999425027555541e-01
6.050549238550943620e+00
6.745261384568492780e+00
6.502239612450592787e+00
5.784585939826907691e-02
5.507407071156857903e+00
1.579925317902459048e+00
9.002372854571021321e+00
8.847115023042254833e+00
1.041575570495436809e+00
4.974841915973043233e-02
3.977112031473224035e-02
5.560436751623089258e+00
8.406174868033437775e-02
3.173394933855094302e-01
7.559417457418489583e+00
7.139963533516207050e+00
5.800637886561769985e-02
5.368989653749322244e+00
5.481358995134786305e+00
6.328582670365162421e+00
1.310245725715231402e-01
1.816742589423774534e+00
2.011601925228723720e-01
4.305455918712732671e-02
2.283431172527866371e-01
6.411910831195398508e+00
6.248852374349461059e+00
6.717453811108444306e+00
8.604007103740602957e+00
5.528558245986736175e+00
1.627961550525187095e-01
3.598500729097878215e-02
9.855621805719804840e+00
5.551163109772037529e+00
7.639844913577521268e+00
5.269303476338653425e-02
2.127986880117799462e+00
5.638836725520462778e+00
5.944986407861230227e+00
9.326708572707278933e+00
5.752860324030478978e+00
4.731270006016438323e+00
1.276516266157881052e-01
5.643819608852818526e+00
6.071122923073273725e+00
3.500664990475510496e-02
5.118619712646653497e+00
5.806342958678952115e+00
5.321224311498785831e+00
5.094616515245486532e+00
1.692947881464753335e-01
6.599400887761786016e+00
1.559238485867468382e+00
5.154948439912283575e+00
6.219067443240991366e+00
7.509799950707082838e-02
7.901097695088887818e-02
9.176655934131659365e+00
3.526649473227621456e+00
6.331548193310219119e+00
7.162055297568863388e+00
4.115418321191945950e+00
7.977424613908588036e+00
8.093717625524776693e-01
4.689252724657593657e-02
5.040377410673745118e+00
4.021739851440017666e-02
1.741176804593070615e-01
9.780000377067432638e+00
6.537449535994420913e+00
9.037910004497849314e+00
5.236399742941077129e+00
5.788977948618171609e+00
5.082975887155708250e+00
2.055534365062516855e-01
3.340615662358822568e+00
6.223634746455765310e+00
7.537746970558660387e+00
7.129509852365147060e-02
6.741621896065704611e+00
8.712046726749099079e+00
5.530692310580852755e+00
4.947590128729572601e-01
5.970639914222810596e+00
6.234167584967961417e+00
6.213498653276142036e+00
6.275880853681393035e+00
4.986456367397432837e-02
6.130438873243204689e+00
8.990358103652258848e+00
4.127936896859760729e+00
7.664881408121798634e-02
2.668743895572779135e+00
5.688274063566827188e+00
6.545166605754935141e+00
9.547021018803551584e+00
9.009046058502010013e+00
6.840135047028397253e+00
9.336748790060452052e-02
6.192753414073793650e+00
5.033474471393014404e+00
7.714403771956571454e+00
6.117733862358327279e+00
6.051685114884138628e+00
5.158463758797742216e+00
2.091488581501648458e-01
6.630715646088503945e+00
5.480713699486115864e+00
9.198285022626373486e-02
5.547200533515609600e+00
6.636253540417787811e+00
7.716350834327853292e+00
2.461843777349959961e+00
7.516098686430934539e-02
9.804591785807863502e+00
9.752591612196962245e+00
6.331418344764228934e+00
7.748469683446865819e-01
4.003898335621893345e+00
8.882393228737844870e-01
6.733343000031910108e+00
6.148831800467527309e+00
2.229646424234764890e+00
6.044315330485157567e+00
1.490652688364678957e-01
3.791805698404423719e+00
4.681467088393739040e+00
1.384655543550961654e-01
5.559776802727158795e+00
2.612559657949051761e+00
3.445955980772303362e-01
5.256994103896146520e+00
5.640190438581284660e+00
5.306779179915944944e+00
2.061082906221578970e+00
5.142327268906320192e+00
7.282662944979273689e+00
1.185555036306459170e-01
8.209583085216470844e-01
8.936799053904007195e+00
6.178024643890256407e-02
6.275378359522488125e+00
4.889447467600051001e-01
7.870788120951737188e-01
3.996692777732178264e-02
4.376785546181904962e+00
7.048471502523492860e-02
6.629005146562040096e+00
4.736840418218746684e+00
5.521896880234657523e+00
7.030764186234545576e+00
6.495170052292716711e+00
8.216290223637344736e-01
6.036156046814352472e+00
6.449533800818106677e+00
5.268860984137647030e+00
6.297384904205115319e+00
7.375969314456022607e-02
1.526137465632744494e-01
3.830208887907489590e+00
5.802430776665833179e+00
5.383666711061983357e+00
5.915277538622039977e+00
6.161718250296778443e+00
6.080392827470279649e+00
1.726948259739390590e+00
6.041605028719293280e+00
1.051966853462764084e-01
3.623149266427093451e+00
2.781801962891935709e+00
2.451133594155307793e-01
9.605948713001012385e-01
8.532464885368199470e-01
7.019650510565552892e+00
4.931058101928183918e-02
6.667408629006866150e+00
2.381644199686477892e-01
9.122156903948887674e+00
5.574073290819418769e-02
6.113653169830630674e+00
5.535977705603348120e+00
6.041539833719148378e-01
4.988817179951426262e+00
6.199024136511741112e+00
4.111105068640349969e-02
6.493963095831034593e+00
6.147447145763045739e+00
1.678947383201166155e-01
4.915159558687603791e+00
3.593427167938411521e-02
6.352373052435700274e-02
6.315651769274442273e+00
3.254876794559928843e-01
6.213008507466946995e+00
1.108805639785801933e+00
7.616418107531054638e+00
4.691269291439486011e+00
2.091951354350176928e-01
2.160685264052596422e-01
6.564302119576409744e+00
5.652025955021887427e+00
4.957258656265468855e-02
1.989399710843012370e+00
7.413927039989477719e-02
1.826229939666109414e-01
2.960832437214421020e+00
5.341342699191565124e+00
6.370747299366120053e+00
5.416677841320474585e+00
6.643049905315711712e+00
6.140021729153357199e+00
9.119660086049832248e-01
6.498153269040530589e+00
5.236816414675891096e+00
4.174930027751078687e-01
6.255174291322579405e-02
4.371389856165713850e-02
5.997742185395766867e+00
8.949065901993749628e-02
3.797121195824544326e-01
1.135862602045515507e-01
2.687232259735205631e+00
4.428400511074683799e+00
4.466878771646849988e-01
2.830201448036794964e+00
6.766554437061584437e+00
4.043454078084347536e+00
5.829780757913878730e+00
5.387058987367089102e+00
7.334588925354903921e+00
7.982383522966832956e+00
6.515060455627006419e+00
6.198441195214579480e+00
4.921976016105068297e+00
6.420617717481697184e+00
1.203529726478566875e-01
7.566851101270283264e-02
6.063584897335839941e+00
5.426211008773574207e+00
2.777989041757027433e-01
5.769090750216302688e+00
9.242063516511342391e-02
4.297823735887850383e+00
4.047486608683731113e+00
6.601771250596799590e+00
1.570197916823598439e+00
5.781117642418427405e-01
5.705464049506055346e+00
6.410464099327000120e+00
4.302049330649866832e+00
8.387420893440364345e-02
9.733381226996350166e-02
7.687993802965271684e+00
1.839336090120972544e+00
1.110842998087659128e-01
1.472861781764810973e-01
9.734692545028204691e+00
9.116442821448826450e+00
7.379514550046704535e+00
6.532987291140846864e+00
5.530333862531128908e+00
7.520169765463861289e+00
6.714519349984034768e+00
5.341658750769433972e+00
3.197144707334271252e-01
1.414111072547123538e+00
3.091973988956834951e+00
6.682598447358678584e+00
5.696235245047190254e+00
8.761972791161397323e-02
6.375166856580076313e+00
4.737035170899909886e+00
1.699016022071531962e-01
4.965381161383697339e+00
7.360019212063824590e+00
6.083138858671630622e+00
5.828849500488315211e-02
2.543881254882190301e+00
9.226332917959277680e+00
8.103554356762346367e-02
1.240695389330568055e-01
9.579687831954080579e+00
4.780255810795080995e-02
1.318482018579621162e-01
6.012865623397853021e+00
1.534789812678709620e-01
2.996429722757646963e-01
4.127756295007604770e+00
4.458423913812819883e+00
7.659258804861083902e+00
6.711699326002899813e-02
1.352561616811703560e-01
6.279128453847350466e-02
6.549271052983660191e+00
2.149206994675962601e-01
1.866672302751387624e+00
7.618375741078991403e+00
4.436421340143501091e+00
5.638441349086738441e+00
6.136615686159622385e+00
1.680703551933205031e-01
1.053887992316001748e-01
8.393279717882335955e-01
6.295243285081256523e+00
6.067079915584718819e+00
4.446699140076371820e-02
6.794022964507162143e+00
7.124647666212885477e-02
7.098183245292630228e-02
3.062358560085581605e+00
2.314826464440498999e+00
1.649082368559847134e-01
4.558855031471865243e-02
7.904479283663958356e+00
1.376995583608728313e-01
8.763176281294937198e+00
2.786979080381101870e+00
6.369927424082197476e+00
6.778454454652968475e-02
2.135908700733566423e+00
6.043384254736606565e+00
6.265437038352597021e+00
6.707192747022590495e+00
4.857588015480621024e+00
1.400630226640160181e-01
6.200422465405273087e+00
8.974232850705224251e+00
7.190846443941520394e-02
6.433766285589944012e+00
8.513072531481105543e+00
5.824736230462633557e+00
5.181396014615192058e+00
9.995523228172471519e+00
1.679450180420989369e-01
1.870628745831311335e+00
6.902719595815039355e+00
1.670741010271495908e-01
1.895164169781737573e-01
1.708602170422252597e-01
5.134913551815330379e+00
1.099317805603924558e+00
5.897882537476430542e+00
6.038607902043647613e+00
6.206439849041030854e+00
7.198574707386509175e+00
6.413475448620324648e-02
5.484368555326724765e-02
3.670568002274974401e-02
7.676477528983137510e+00
6.148144255590247020e+00
4.028504643623890935e+00
6.129215423310219180e+00
4.093849089093419824e-01
6.890377049914213181e+00
4.815861305723635688e+00
3.000476774629934340e+00
2.386838869078783398e-01
5.361687481151776957e+00
9.238350148995631839e-02
5.125414927359488004e+00
2.029797581078032209e-01
5.854156349276411930e+00
4.585699103705805690e+00
1.097597312647926149e+00
5.439874212908012152e-02
3.580747980166222977e+00
4.496978710934555062e-02
6.018245601037529369e+00
7.492486562263767524e+00
2.370119168908800533e-01
1.201065561707805207e+00
3.101793469087911870e+00
6.130658557685645604e+00
5.103595030806859500e-02
6.398606950167862628e+00
1.022958648225681944e-01
3.013208775730749966e+00
1.559990334870928197e-01
6.992723315190424671e+00
1.459467925169298574e+00
6.438294395646975588e+00
5.281441808596650134e+00
7.986946208874186048e+00
9.269963795735186807e+00
6.550685205062824146e+00
9.100365267886891818e-01
5.049066182947677284e+00
5.021550098723304600e+00
5.478521856781154220e+00
1.895094768730654078e-01
6.516649170069891639e+00
3.960493092595487763e+00
8.956274223667312739e+00
3.057265475243172936e+00
5.593176952500448884e+00
6.242683690326152224e+00
1.846565593176816344e+00
6.599968227343909533e+00
9.886590097480134176e+00
1.913487823404168564e+00
5.665914094390388733e+00
4.037993389066485861e+00
6.082893841633433496e+00
6.418879124201197328e+00
6.588594699075438932e+00
7.908928035224175090e+00
8.146970307923041554e-01
6.540142556963991716e+00
6.387582952115224977e+00
6.144548731162859490e+00
6.731735860166192964e+00
8.443435873420316540e+00
4.438820381683990235e-02
8.037523764860381448e+00
6.721554367984572842e+00
3.423457328105624087e-01
1.617467948227433894e+00
3.205437155553849116e-01
6.134781951613279105e+00
1.852282869035921098e-01
7.254863698557198148e+00
1.565670275518598331e-01
4.079452943330685866e-02
7.985577524068733446e+00
5.889452512465378042e+00
1.327945820892153961e+00
5.756482029500506137e+00
5.914969661907763410e+00
2.427777269800679427e+00
1.385664295106973365e-01
4.206797969883170618e-02
6.362175206652803006e+00
9.632828923129855836e-01
1.838062463672839597e-01
5.315577760994534273e+00
5.387207929094294023e+00
5.645561614008663298e+00
6.948864144801287779e+00
1.838961451739444808e-01
6.625584736013294673e+00
5.480163198794608448e+00
1.597200372763471155e+00
1.343943811514388409e-01
5.919904007107698263e+00
6.450197880741517231e+00
6.593119460293199452e-02
6.643277803362449774e+00
7.543950485396520855e-02
6.982616416352721345e+00
6.482576316255932447e+00
2.322344727373157891e+00
9.477337941638647179e-02
6.455372686062300858e+00
6.851287765445684741e+00
6.566812077393113789e+00
5.929936363075854366e+00
6.269651142241561281e+00
9.802594140162601555e-02
6.781528966113684831e+00
2.150704060923733341e+00
6.499703981562833022e+00
9.104001645433269729e+00
2.841188171896458226e+00
6.468331969789984370e+00
6.669797808313671972e+00
5.583657383268700869e+00
8.832221364696868804e+00
2.024137937181995917e-01
6.766489101523473160e+00
2.592438892624667202e-01
2.025462499610053979e-01
7.771371983910001224e-02
5.597326128476373341e+00
5.715439333191901783e-02
9.798134492523871586e+00
5.769802392538832869e+00
8.728413877212950478e-01
5.619241357908454582e+00
5.421589724410664779e+00
9.810286818252357932e+00
5.820244000235456738e+00
6.137922115525380917e+00
6.514934174586235471e+00
3.770783461922053714e+00
6.892613412043033350e+00
5.251296336229079209e+00
6.469447224979544941e+00
2.112864921914265892e-01
5.671988195417492634e-02
2.788763379461330905e-01
4.002059816968715822e+00
3.373379287167340701e-01
5.688514260468759076e+00
1.598296933470178816e-01
5.913775824747918186e+00
