6.209927980964692118e+00
6.288111721854658498e+00
2.565209062508764237e-01
5.980207250006664310e+00
2.066993906189167063e-01
3.062022170176291747e-01
6.011576363911703247e+00
5.607829053270911857e+00
9.222765871855013842e+00
4.775690562250220594e+00
1.630099331563518161e-01
7.089104055411436178e+00
6.104013811450627713e+00
7.397212763334510832e+00
4.389464334989780225e-02
6.024416251791476995e+00
2.131446601288889742e+00
5.296438885397193985e+00
7.696275554183819312e-02
5.058204713693411847e+00
6.520817874257356372e+00
7.523581194857317800e-02
6.588418884934933217e+00
6.685278532912817262e+00
6.393048567117046943e+00
6.416798156108443507e+00
1.559161356431988665e-01
6.593094476103098067e+00
6.034906074916385421e+00
5.770664099475716569e+00
8.868677260099805393e-02
5.725947125892110634e+00
9.882997126986909908e-01
2.026433502124240338e+00
1.346820164574709322e+00
7.839115844584862991e+00
7.171948348644953397e-02
7.095106641050637819e+00
7.726939021010889586e-02
4.589541916044424852e+00
5.727072744215807809e+00
4.208051085160539051e-01
6.748408386840296203e+00
5.453764512747879323e+00
7.187589978840364324e+00
9.313536120984185374e+00
3.729058740193508470e+00
2.554566382221036824e-01
6.428739740178738060e+00
6.607752792279411480e+00
6.120517185846034991e+00
4.773464493410757570e-02
6.143068406791988068e+00
1.562413384372630221e+00
5.385878460312525817e+00
3.622887933420795292e+00
8.119770010470775401e-02
6.367154958770159467e+00
6.520764482322860545e-02
4.446422646233148118e-02
6.176802698191544039e+00
2.287189334134841268e+00
4.130619392013700875e+00
7.130041903196373099e+00
1.155273591383041420e-01
6.812536559862059526e+00
5.214806550618355629e+00
5.506605100523606744e+00
2.012776879110582673e-01
5.647322452070145715e+00
5.940944056818767471e+00
6.294292919684695065e+00
9.078714164734520864e+00
6.716795286655418806e+00
3.023034583042468082e+00
6.515544942011842977e+00
3.375850569036454640e+00
1.377727557054975627e+00
7.884658018459232698e-02
2.736693211639818823e+00
6.023203817861550569e+00
7.233370210086870422e+00
5.496386825807038079e+00
5.903144016879144473e+00
6.732435008810822019e+00
6.446681668795585018e+00
6.250045273946359004e+00
8.071502066247399299e+00
5.548989975630275850e+00
3.811559837636577353e+00
6.421987680120462727e+00
9.718098933376587922e+00
3.862165601961457195e+00
6.145642480935575414e+00
8.958712162719892902e+00
5.679606834706773633e+00
7.725287098595579049e-02
5.641625511022982487e+00
8.933006953578471965e+00
9.864417865679507569e-02
3.874963693570747103e-01
2.279917239288193065e-01
1.824265689517370115e+00
6.614712199235682100e+00
6.255299566252193522e+00
6.508259414709674395e+00
6.498141718103932263e+00
5.262796444013394748e+00
6.647687681022779849e+00
8.633647646715798984e+00
5.042570171267105827e+00
2.211797416149226259e-01
7.874620519783763484e-02
8.307412150223318914e-01
5.785553703721904917e+00
6.001118967486456235e+00
1.219424968971436346e-01
9.384652817663267754e+00
5.451613005608090923e+00
1.132714226930382484e-01
5.483308419594173228e-02
1.384948046942658662e-01
5.701679465063171470e+00
4.910358105731567946e+00
5.204685920880558037e+00
6.484803666258290633e+00
4.969380964533565148e+00
6.787721722152546100e+00
8.787659516908775004e+00
5.997144470520839654e+00
4.161306774632159838e-02
3.555569552601325345e+00
8.508450999057744824e+00
3.207597372997304852e+00
5.536793240774403380e+00
3.229158193408399047e+00
5.673102631427791309e-02
1.223209109859575872e+00
7.353040804797483787e-02
6.854101304862668442e+00
1.277019874762908846e-01
2.549083404974922029e+00
6.547790264863073695e+00
6.557802722744908941e+00
6.477917405455652755e+00
4.671535068568715587e+00
5.620509562426701855e+00
5.537178419317210221e+00
5.266424812285706858e-02
4.747574758736246292e-02
5.534282349972725612e+00
6.183608441846956794e+00
6.172949525923559833e+00
5.232532766158088045e+00
6.296131977790144774e+00
3.647852459974887385e+00
5.751338974311543950e+00
4.141462202873670506e+00
6.135551752745514342e+00
7.152528616452409338e+00
7.048246275301259800e+00
5.611587722121853972e+00
2.065493234367604014e+00
1.507752658875410212e+00
4.882618920869012946e+00
1.434416583877629048e-01
1.674874435059446887e+00
9.975452628422942780e+00
7.779953786124947257e+00
5.852319379509052233e+00
1.166745355618089564e+00
1.241049427368977831e+00
5.325848871504285320e+00
5.393506840541292258e-01
8.276046324293293011e-02
4.956107420712617007e+00
4.721672320697686942e+00
9.466520148085983521e+00
1.774768654375527832e-01
6.516262674644035968e+00
2.063928381626745079e+00
7.419707981129715357e-02
6.118207019347168263e+00
4.351129985028297398e+00
1.605722765767768068e-01
7.957846458142833868e+00
4.513685810769454965e-01
5.757481252660671345e+00
6.294565561850559376e+00
9.133889272892956157e+00
6.121061276733709811e+00
6.004374999040971161e+00
5.363110281294313886e+00
5.877844305184827256e+00
3.897526642070418657e+00
3.920237939295481006e-02
2.926250776597000502e+00
3.182389730612562584e+00
6.835938397515137210e-02
1.275165893041620979e-01
6.590421749389352435e+00
6.423990159746271189e+00
9.218210586562307185e+00
6.135783172718709544e+00
8.554800160706895085e+00
7.805095192208637289e-02
5.958689370771168281e-02
3.874692710758268266e+00
5.746835655049267189e+00
6.616976595657504845e+00
3.983797699857206248e-02
6.482056776204728199e-02
6.448225424405812589e+00
1.768811343079063347e-01
3.024360406710005500e-01
3.535233572356818676e+00
5.787708201602963065e+00
5.485805489362097553e+00
6.325725174623536340e+00
4.867088211401932263e+00
1.126414841144184331e+00
5.981726169641547131e+00
6.064480824980539531e+00
6.445565242181327648e+00
4.338733835239485970e+00
6.428791410106242665e+00
1.355460480263291911e-01
5.563974542996523442e-02
5.543145603777698938e+00
1.027687897890077751e-01
5.383636374499489285e+00
6.693362816695435313e+00
8.475280596443701686e-02
5.059467328361974658e+00
5.491110052489757365e+00
9.500115775137654595e+00
6.581486089634026371e+00
4.270963071063285654e-02
4.149187311628843577e-02
7.082416499676587485e+00
6.099425728860407681e+00
6.325324011657362355e+00
6.050296678903451131e+00
5.344424945901200985e+00
6.762897773734808382e+00
7.593082787556682867e+00
6.854905565613162999e+00
4.771048789446188931e-02
3.647840267440383838e-02
5.796378681045744941e+00
6.202293576132824171e+00
3.570532755221285659e-01
6.357148460866922368e-02
5.890657015259756157e+00
9.888684707100744986e-02
8.998112067351946575e-01
5.290141358092943058e+00
9.295831574553128362e+00
6.391420922683855643e+00
4.565425031295571756e+00
5.797799140565556897e+00
5.120204658724103908e+00
1.683002695134399040e+00
5.902039657068272049e+00
4.698273427105217337e+00
1.216040413168280460e-01
6.239218148018808030e+00
2.740031409697809006e-01
3.102520921156947775e+00
7.503066215012935913e+00
6.223951006477360437e+00
6.161882473714745068e+00
5.735643591555779963e+00
3.982850697781008087e+00
6.163885040687728356e+00
6.502629835207235587e+00
7.974931464190922192e-02
5.990110176330466274e+00
7.780587201085860549e+00
4.994872211108304150e+00
6.319666502459758028e+00
3.089143826768224521e+00
7.902647144545663416e+00
4.916629502264285634e+00
2.124670163706169568e+00
2.556708519289194181e-01
2.249527874582998077e+00
7.154619284278020963e+00
6.597829862381420218e-01
5.823580468820913403e+00
5.667770343351980600e+00
3.835923885750871065e+00
4.808083822552926989e+00
5.765999003216435881e+00
9.755392304034006534e-02
1.685401160698962730e-01
7.049764310992078897e+00
8.908733431167172867e+00
5.153769910345546101e+00
9.692898762505208765e+00
6.619613523364479946e+00
5.042942205104731374e-02
2.799996562694190283e-01
5.519003110046468485e+00
1.466600806263039791e+00
9.886478201505305208e+00
4.885508309184261044e+00
6.707944313121311453e+00
5.704371670965091567e+00
1.438368076522702266e+00
8.589291069684147573e+00
8.314781846638345186e+00
6.511502000892423148e+00
3.563113111948485567e+00
1.240024744516817073e-01
3.679310648917091808e-02
5.567235783790060177e-02
8.425136299256234196e+00
6.741315926661722635e+00
5.252202025032832289e+00
7.680168182744888661e+00
5.460680057764962569e+00
6.439383291717074798e+00
1.609730228806621199e-01
5.473860778887552847e+00
6.014019338498749256e+00
5.890809982793200561e+00
3.170841702865675682e+00
6.172951589020684082e+00
5.210929990394213895e+00
7.453841939622156409e-02
3.039174647968783671e-01
6.728553297777045472e+00
6.327954433686513447e+00
6.057090231776685485e+00
5.365745945392660587e+00
2.741114680261928616e+00
6.634986501397796665e+00
4.869076702461691220e+00
1.886434394489570621e-01
1.857488556182465222e+00
3.810765721683234020e+00
6.182777237462982356e+00
7.906258806326476041e-01
6.215601547383546865e+00
3.145856989365017231e+00
6.296165027068422404e+00
8.688665793315010433e+00
6.021687053694488867e+00
6.900053174854337890e+00
6.110281031696080944e+00
4.494652282767368223e-02
2.323022094979067642e+00
7.313029475090644382e+00
6.776649378150505221e-02
4.164479586588714533e+00
1.747126918511873184e-01
8.512181757157181394e+00
6.551895318507289012e+00
8.034449195321714754e+00
6.293009516341827592e+00
7.745433933732079446e+00
6.005606287897580664e+00
1.979415702484569883e-01
8.525896271565351014e+00
6.736177438782178784e-02
5.262776221339832361e+00
5.794550087305919028e+00
7.318219774852621762e-02
1.695781539924535952e+00
8.688223433885388758e+00
5.518787530873715319e+00
7.164321318740682010e+00
1.027028011701281163e-01
4.529244917031977735e+00
6.398563286080325874e+00
6.044044635257092679e+00
6.174550167540224344e+00
5.354803200571151223e+00
2.471779636027153781e+00
5.391565417939646387e+00
1.750587912733661822e-01
5.520546430947583794e+00
3.643991482793478287e+00
5.144816980885018320e-02
8.453495397843423242e-02
7.475288860154408188e-02
6.507309563186513657e+00
3.960443115190723923e-02
9.048914705965356575e-02
4.125872289570445162e+00
2.453925831538613878e+00
6.540427051202667208e+00
6.585597579437655114e+00
6.100911658230834256e-01
5.782727024839798169e+00
9.977805183339183870e+00
6.336806818241295325e+00
6.651933437993528209e+00
9.028277361875437279e+00
9.727729284781647223e+00
5.346157308853068280e+00
5.315811032751716070e+00
8.379088658499717068e-02
5.802367606662334865e+00
7.970077085388087568e+00
1.511471713535633421e-01
7.736183745869157136e+00
3.079268739156568735e+00
2.801668854267190589e+00
3.891745908386680386e-02
5.677696224537164049e+00
1.502073769235245659e-01
1.700044272297543957e+00
6.566433581523275720e+00
5.286229455633965735e+00
6.451164292675860779e+00
6.327161334553555783e+00
4.658461373439673814e+00
7.829920866905756505e+00
4.610592735705857509e-02
8.769180908235499672e+00
6.222471000780354089e+00
6.129026989195565989e+00
8.682989670830238538e+00
1.321657659607792801e-01
5.576108016460363359e+00
6.216199568731880731e+00
5.508055914515278317e+00
5.931618293154408583e+00
4.989035949651256630e+00
9.982021686422770657e+00
2.397700101673368445e-01
4.158323888782257782e+00
6.503075333981559680e+00
9.968594653305911990e+00
5.786847580324017137e+00
1.731514883903518542e-01
5.606405462101347936e+00
6.451543982687084622e+00
7.151793878084654610e-01
9.562841190337581510e-02
6.036259534384640801e+00
1.086817690738300368e-01
1.238845565343273947e+00
3.732282611070626199e+00
5.934380534445236499e+00
8.729620246874336686e+00
5.971654024068597799e+00
5.705576617375839987e+00
6.736304572357423304e+00
3.870391670866742129e-02
2.015741675940020183e+00
7.897873200560654006e+00
6.543564917968721417e+00
5.780522299735975977e+00
6.669942984392090324e+00
1.968708574208964945e-01
6.547211267021074477e+00
1.918491419333770098e+00
2.421187987279057374e+00
6.111931866096640853e+00
6.740615129549204276e+00
5.838964341997924024e+00
1.537979469304187052e-01
1.686986006385186032e-01
3.553023609214078088e-02
4.933929522459671979e+00
8.729747415873388761e+00
3.153326305490985249e+00
3.624258597225217926e+00
1.002996379566087004e+00
6.226741480272715457e+00
5.721368723026138525e+00
5.852346381485729943e+00
2.915866782658527723e-01
6.337515253539956817e+00
9.057231691840460230e-02
1.664600010264372543e+00
7.573372675348285732e+00
2.317551327457410881e+00
5.109091009639387337e+00
9.088404925638511600e-02
8.823690971127691185e+00
6.679765120265503953e+00
2.805261508446736385e-01
8.419095132501249523e+00
1.472532408632770962e-01
5.654354877529443435e+00
1.793982729201676563e+00
8.822158971731724364e+00
5.618120282636312801e+00
1.838523111449761605e-01
2.465878510919645272e+00
8.747706081489353025e+00
5.197472479327309713e+00
4.309518650238691961e+00
5.048334072448406928e+00
9.452620690732596032e+00
1.168274508396776046e-01
6.177290613606039926e+00
9.713168726745782799e-02
5.688575137910302004e+00
5.584680389224911501e+00
5.596076860041925727e+00
5.351358892056940597e+00
5.585477421536335640e+00
9.836940745054347346e+00
2.263147024159076204e-01
8.218809428175016807e-02
5.584119321923473045e+00
1.348084878913590190e-01
4.963280194371384013e+00
4.733330068888277786e+00
6.517902588664217234e+00
6.113334751898001906e-01
5.659250346059173431e+00
6.258342264802903010e+00
6.449635484709181021e+00
2.275698219080855844e-01
8.979085301150822873e-02
8.722058964620746369e-02
6.052292391565304186e+00
6.745994212878576590e+00
5.376861649227388185e+00
7.374097404478380469e+00
6.937253097601855600e+00
2.567785449849556922e+00
3.636784026089593530e-02
2.901233697814759038e-01
6.253856566681223583e+00
6.398161663681332101e+00
5.157215466160905426e-02
1.227667377576085794e+00
2.698680872065751135e+00
4.709344329513624750e-02
9.457608029399315441e+00
4.618136409010344501e+00
6.491718177152899116e+00
7.995067173069015709e+00
4.000100725541994251e+00
3.541837121106227587e-02
5.525752711692714314e+00
5.608845142668713812e+00
5.319241085627454346e+00
6.013210156866213296e+00
6.484011247957299773e+00
1.307360203176045843e+00
7.674860651156047986e+00
6.037767566048906076e+00
4.460349903432540147e-02
7.893539630189279344e-02
6.783144509467295968e+00
9.921919676439925340e+00
4.727201190825123689e+00
7.651343668816505961e+00
5.388292201113671354e+00
1.487643671093318021e-01
1.915575118457235604e-01
8.314432964012058447e-01
2.010388768809940441e+00
5.843893559081108968e+00
1.146175406572965405e-01
6.662060625890515730e+00
5.408197778427769720e+00
6.133033652853296935e+00
6.472345528630037315e+00
7.655650148739305827e+00
3.504119382764818713e-01
6.350388066365348472e+00
6.180153917240806649e+00
8.142851258453878138e-01
5.843018790837420262e+00
2.948106612749915034e-01
1.329174381539157956e-01
1.218748449490028585e-01
5.329385414524185016e+00
1.675360557924270299e-01
6.795096810552492705e+00
5.234394138679942382e-02
2.150773760940811186e-01
5.458504459097421879e+00
3.432999436821517314e+00
4.080799743192816464e+00
7.657934273409924941e+00
2.176254841104164062e-01
8.162442145573974628e+00
5.906356996605433451e+00
8.744985835591222667e+00
6.736311879433483973e+00
3.185849936722207509e+00
9.088168052725595913e+00
5.182818159401954283e-02
2.306000292109303462e+00
7.876952861539206374e+00
6.060191427659314733e+00
5.894893416106706141e+00
5.835307299197750375e+00
5.788458401196836967e+00
6.912810709740254467e+00
2.929790100429729427e-01
6.402295387021435857e+00
6.380494592207242022e+00
5.724673319145893835e+00
9.716740023955923178e+00
8.862000890993056157e-02
2.610679249731043261e-01
5.471118968398003268e-02
8.388746507606692049e+00
7.831119533739091310e+00
5.771987799606172587e+00
5.658844770089093146e+00
1.410400106382272978e-01
6.204749901193633121e+00
1.389006357142557047e-01
1.301958797259527290e-01
7.851896401413761772e+00
5.244951545657491110e+00
4.902388807009132321e-02
7.225001649943331827e+00
6.093277393599199065e+00
7.135105697567701633e+00
5.190633120545419921e+00
7.110744113058812488e+00
6.324318451292310073e+00
6.571440687742230224e+00
5.904765743745213236e+00
4.250423099386173992e-02
5.240877332084662443e-01
5.588503355222150581e+00
5.991403737574989563e+00
4.613092968524384191e-02
2.596506252235777357e+00
2.202597122303861177e+00
8.039173660780779329e+00
5.589868275989940294e+00
6.446638134884410398e+00
5.416880163902015433e+00
3.772027064494175352e+00
7.048747428270427107e-02
8.890094558995136065e-02
5.849976441276981021e+00
3.344925170123174585e+00
5.997574246546284016e+00
1.306617666612045481e-01
7.202293157584965799e-02
7.605180081960171812e+00
3.412850225348754485e+00
3.371644395234106861e-01
2.283713785443364785e-01
1.227050232762226356e+00
2.098757820361245585e-01
9.720571326649798394e+00
5.687549344427104137e-01
7.507228800531250634e+00
5.841102606790363083e+00
6.023821559492977151e+00
6.068274566909472867e+00
8.965493158453561762e+00
7.839679407655522070e+00
5.041550842105876562e+00
1.111887744931201016e+00
6.474294798768567283e+00
5.610184015892398790e+00
5.553367502296661762e+00
1.545166235952243061e-01
8.072022026298133923e+00
5.799487371141283987e+00
9.763198466575699896e+00
4.607001258836092461e+00
4.813985304944875310e+00
6.058838875692629244e+00
4.817891673846013134e+00
6.626010677129371196e+00
4.160828237234062005e-02
1.589833708906472687e+00
5.457033217614646325e+00
2.992725079088501605e+00
2.163834652121804647e-01
6.042663860243794538e+00
3.729151450928051670e+00
9.427999557825568644e+00
8.381277716552125445e-02
4.204563992551873380e-02
7.008040262012767307e+00
1.540751286669530318e+00
5.605042255675044771e+00
3.928528975502286080e+00
6.850330887369264765e+00
7.102987909023908308e+00
8.259074397275204760e+00
6.491758374419799971e+00
7.874484871103019923e-02
9.505047117324247452e+00
6.636883098397134084e+00
5.685784847704697498e+00
1.142270346501869371e-01
7.268593904437697262e+00
6.935939374788970824e+00
4.607403078913570593e-01
6.326769925859613508e+00
5.326790597110933945e+00
6.730284947039913312e+00
7.980324054823047852e+00
2.285784053725947451e-01
7.235741254334203454e+00
4.054640737469142664e+00
6.963577384571578044e+00
9.248284699639667039e+00
5.713458687118222912e+00
2.460503133746768878e+00
5.081358591882321640e+00
1.317385887682014645e-01
5.098063237006586590e+00
8.804279213576016616e+00
2.445953376457760342e+00
4.389738240521669610e+00
3.797580112043760087e-02
8.157051039572463580e+00
8.774507479554694456e+00
6.913270740229572553e+00
9.015282863112943801e+00
5.569523049995900088e+00
6.209427217863995097e+00
7.217911075960318890e+00
5.792946702084284638e+00
6.192651288059001224e+00
6.581195047856814639e+00
1.034140640489444873e-01
5.814945325998955639e+00
5.733304497376876085e+00
5.832565818322885676e+00
4.714986965354003856e-02
5.911597104524870971e+00
6.523818661679956499e+00
4.097351549316972985e+00
5.836717324611680802e+00
1.150694884740266211e-01
6.812080661616302990e+00
6.091731057816004657e+00
8.669623976950964206e+00
6.712038880281910591e-02
7.315191170738116533e+00
1.737190233606867862e+00
5.796633364235086461e+00
6.269527071187953382e+00
6.168270571132802083e+00
4.313653633264536325e+00
6.208552381197943504e+00
6.324134443995233390e+00
3.053044528850363815e-01
8.014013923029285280e+00
6.171482739046527805e-02
2.628735053091204588e+00
3.665164279147730686e-01
6.194432327064236077e+00
2.291902928499464309e+00
4.750557897687682107e+00
4.239850754435602331e-01
3.116332475204820263e+00
2.033758156731420574e-01
7.961925512252192583e+00
4.723052050076078423e+00
4.873428819095696696e+00
6.518423536364056581e+00
3.208116964607240718e+00
5.990542541926258124e+00
3.900081039652746551e+00
6.896451471661506349e-02
6.364967143545480432e+00
5.642573651352813080e+00
3.561425480379985797e-02
3.019618009246784585e+00
6.402764774750385079e+00
6.581498928564659678e+00
9.091702112856150819e+00
5.820511604538576300e+00
5.801949341245552283e+00
1.610669496801806211e-01
1.129302015170628032e-01
6.577867908349408488e+00
5.881362172383195031e+00
3.135396297480785854e-01
1.581731024499051785e-01
8.755699657033996774e-02
2.898655592718230589e-01
8.039081062421912449e+00
6.424397452613470172e+00
8.280847133497867829e-02
6.718759943643117793e+00
4.347306216100114279e-02
7.127754754451783192e+00
3.464279282066859089e+00
5.928029319900260496e+00
7.776466478184427267e+00
7.102419555312449617e+00
6.388666122181819951e+00
5.733936029043031013e+00
6.056904463284340068e+00
2.667041017690888194e-01
7.047164781783004983e+00
2.325835994091927372e-01
6.715233580852952855e+00
4.970131345775799514e-02
6.374182542840007848e+00
1.857475616637985771e+00
9.903617525728636295e+00
1.413157905943769332e-01
9.696260956971390621e-02
7.869653610131991606e+00
8.433644466621185387e+00
2.156577697496960266e-01
4.269936061631805835e+00
4.954309419176963658e+00
4.952752458018236381e-02
1.741521852953060445e-01
1.589587800232638015e-01
8.969582688683360061e+00
2.773175346205329905e-01
5.032981334547242724e+00
1.668775707742582215e+00
4.812764847751528130e+00
2.304617055577297347e+00
2.055581851629601497e-01
6.359635983950399307e+00
5.618680706803190539e+00
5.566740729446004288e+00
5.910836932123031850e+00
3.263001513513815732e-01
1.109234437512374438e-01
4.606504624196214870e+00
3.619434470053207731e-01
9.414935480589766925e+00
4.787434378686871383e+00
6.090799021835185262e-02
5.855806101075695658e+00
1.820492822032858449e+00
2.309823148438079787e+00
9.110127967624690015e+00
2.028995474344595706e+00
4.758835985334942953e-02
6.321300270685249245e+00
6.792804305955175259e+00
5.860425638184014296e+00
6.115333997766671636e+00
5.374331398603156978e-02
4.115042118154207951e-02
5.979015714568249429e+00
1.390253727898521918e-01
5.638015272232849817e+00
2.379139528768613732e-01
4.984821322141335526e-02
6.888275051539555882e+00
4.053442281104564948e+00
2.840282400219918735e+00
9.292827978835669356e+00
7.408424760625523242e-02
5.160217179300818913e+00
5.685033723926660620e+00
7.674930529664273138e+00
6.527211293474714182e+00
7.312346560136610663e+00
4.288898192255367892e-02
1.514195754396200633e-01
8.017375838595368620e+00
1.530787239299187807e-01
6.452330658606834746e+00
9.339735910553605081e+00
6.262286052478700071e+00
5.357969413729340324e+00
6.206615710398349250e+00
6.730953074657862467e-02
6.421712599379292286e+00
5.791694101905729752e+00
6.267565504395760989e+00
6.722030730435095691e+00
1.888798067224667920e-01
5.891963712508681894e+00
9.258206401918142592e-02
2.914646353456609162e-01
4.972826588048850222e-02
5.842968714026060439e+00
8.986653364785841092e+00
2.757371028747710451e+00
4.630224894597199992e+00
3.448076737452017149e-01
8.300438111993704737e+00
6.502954530883091167e+00
1.397333881411713330e+00
3.049957481739541398e-01
6.841355812214742649e+00
6.003090223610818121e+00
5.724424747347554465e+00
7.443650506880637785e+00
4.728023778957794049e-02
6.640499614516365279e-02
4.054052337884096247e+00
4.245072001493605668e-02
4.481160378790684184e+00
1.095830741516174017e-01
1.107235519495913367e+00
6.533696444109449608e+00
9.603920158506324967e+00
1.524658120350964596e+00
1.528917817934805357e-01
1.490425425747060051e-01
8.842464558470484182e-01
5.202114379057653615e+00
3.739907352317667355e-02
1.448443059351705031e+00
4.797483899341706964e-02
1.184839236560623066e-01
5.889665158003180245e+00
4.922571606068586014e+00
6.689034414100382797e+00
2.993967215997006104e+00
5.986473967033398402e+00
5.070294276191092742e+00
6.712184905287940317e+00
5.278608441409462948e+00
7.607624329230536220e-02
8.107094411892955321e+00
5.128268235737657221e+00
6.858316932307157998e+00
5.116515442601433233e-02
1.277710697771511639e-01
6.816523937230106966e+00
4.225054898914812895e-01
5.216706347154925538e+00
5.400026440087147606e+00
1.853055326019160010e+00
3.817486834233940751e+00
2.567238346220766410e+00
1.581445547819053665e-01
5.634073174753741142e+00
5.461217974970635325e+00
5.258610402200893930e+00
4.354033609562666385e+00
4.388940684831102779e+00
1.564082388766148135e-01
7.484073184725343886e+00
9.505390403176226854e+00
5.671911224813422692e+00
2.080801482673059755e-01
2.597989306420231070e+00
1.829565914853754416e+00
9.992448146054160318e+00
4.493345680217721849e+00
7.975222853203632611e-02
5.088802079460044148e+00
1.319621928308205849e-01
3.672615276219264868e-01
6.440839027599715827e+00
6.102303277130416426e+00
1.518355601507205832e-01
4.598260272787003444e+00
6.120300655964598491e+00
5.462827670446648298e-01
3.281175336601559245e+00
6.386763228600269571e+00
8.114543834595716376e+00
1.127471033662455213e-01
5.542409454255584400e+00
7.868491289987005644e+00
6.420170813013456268e+00
8.090933642058057984e+00
5.309559573456608561e+00
4.876124805013709818e+00
6.540241224696954347e+00
1.359753209236666427e+00
2.019628509770582392e-01
1.345882743800818515e+00
6.242970213827830683e+00
4.078043203711575693e+00
2.587937490297712806e+00
6.531117542107012675e+00
5.685279472704136694e+00
3.286965784486963305e+00
4.636147583281020168e+00
8.308968734580864102e-02
6.972829345258244160e+00
6.183585782764205341e+00
1.143635947291038873e-01
9.641404641315292068e+00
1.841484110206806690e+00
2.368754665808634474e+00
4.807117407165671930e-01
5.856789842506693766e+00
4.253221311307094077e-02
4.493631317863406416e+00
2.765671033729581563e+00
1.700181800016183908e-01
9.604659018321886066e-01
2.170302887717781570e-01
2.829430624285279805e+00
8.610344764671035378e+00
5.837424549842298166e-02
2.348856128399501308e-01
5.719891473474152832e+00
2.833459167669738488e+00
