6.499107204426461060e+00
5.044725631105611896e+00
8.627829505551475042e-02
1.189655229317249929e-01
4.789904594243616365e-01
4.606183493361128534e+00
1.707454107205685245e+00
8.022635782459797582e+00
2.078295147235346807e+00
1.569314594482386360e-01
1.356885098455238303e-01
4.237445528195702416e+00
5.474501847298152590e+00
6.692648532234706238e+00
5.720161905916629208e-02
5.794018302816110300e+00
3.100312253485408842e-01
2.890437727284663083e+00
5.663157879108554837e+00
5.138803502632290909e-01
5.128485519329267106e+00
5.733104209174806343e+00
9.738849602801343153e+00
5.503448369648173966e+00
4.498556676379057012e-02
7.512433525732420847e+00
5.575952071265484200e+00
5.664660921905653623e+00
1.072668865533913662e-01
6.958064527883936812e+00
9.020859516514480703e+00
8.235033293549717470e+00
6.020373263707798905e+00
4.049875095863317398e+00
6.221979802029337314e+00
3.214771454388207772e-01
1.429039456126064700e-01
6.901856688380465066e+00
1.086440779200772699e-01
4.171487355452326184e+00
6.057337048687237768e+00
5.306742397286099866e+00
6.258494151481561296e+00
5.695380505761205026e-02
9.650017477466631632e+00
2.294747208581084941e-01
1.469517513946292819e+00
2.087492717725376312e-01
1.579409796819807532e+00
9.579489088522455953e-01
6.250727608496349674e+00
8.787079461209074793e+00
1.914050152815849337e+00
7.812391231504899558e+00
1.571699942043217058e-01
8.406256555568900168e+00
1.134760382172060877e-01
5.948614092074586246e+00
5.882999226569973317e+00
6.504788246727186696e+00
6.421468178679484495e+00
1.119836688140399966e-01
5.325296860105727781e+00
2.988832823473062561e+00
6.406637796021962927e+00
5.346684291148579682e+00
5.602251706170961576e+00
5.906853501645215054e+00
3.455373304163787740e+00
4.411198580722807350e+00
7.890732229696131861e-02
7.005575999690961952e-02
1.910541496374273063e+00
6.143558162150108082e+00
1.941341352930768538e-01
7.123641878677593187e-02
8.891607450867510920e+00
6.930700299078550231e+00
1.857600720122379034e-01
7.141444152607753226e-01
9.200017184593674457e+00
3.810400808392910399e+00
6.115134257023450814e+00
6.151647222081725985e+00
8.565112748772879314e+00
6.162047125705783834e+00
2.001866495366008136e-01
2.754659551052435207e-01
3.899180023138188123e+00
4.963644192122497856e+00
1.794763711560395936e-01
4.022190423251493563e+00
1.235389354212232532e-01
5.828058958178337967e+00
9.399053738793506696e+00
6.418559726546392952e+00
5.746494900365419767e+00
7.698408332902262341e-01
1.363191441097714729e-01
5.566346184579169964e+00
2.197825652697527055e-01
6.776116581086650825e+00
3.584197943671486863e-02
7.211901461280373127e+00
4.786925079965829610e+00
9.394906003274259731e+00
5.781729217970666745e+00
5.407593785631231026e-02
4.668601515814572167e-01
5.896436808002090579e+00
2.680972644219258072e+00
5.491654188820196403e+00
5.923169790549159153e+00
7.170141225374120353e+00
5.770181755455515926e+00
5.606065572517714202e+00
5.041308165571990463e-01
5.283405898428847891e+00
4.790263368787925913e+00
8.423199578294985557e+00
2.897288731172033671e+00
6.723825757318788732e+00
5.746157211159722777e+00
5.376552230191161463e+00
5.829122666072528602e+00
6.842628139448502012e+00
9.482654943623552768e+00
9.337490445399037498e+00
4.359202187743686785e-02
9.787297081945874055e-02
6.003351801015849531e+00
2.996292314749512631e+00
5.556413860773044888e+00
6.846382131026389928e+00
6.221133892936853149e-02
6.247877615121269379e+00
5.574424275450042821e+00
1.956703420750640354e-01
5.832431523490591019e+00
5.739829409511139957e+00
6.283837402018576768e+00
7.188157647858734123e+00
2.971480007477569907e-01
4.185086853145114638e-02
5.973697147760923976e+00
1.591593739720800482e-01
7.214383608074316889e+00
4.328628592618379012e-02
5.123167828162795284e-02
5.739299116993399785e+00
5.763839607903872064e+00
5.176090222721942968e-01
7.273510845383561463e-02
8.049241172572886571e-02
5.195759333029040583e+00
5.946064786730223872e+00
6.356937943501986155e+00
2.266138920616201369e-01
1.729646413086932399e-01
6.749943293861306870e+00
8.032120063427658607e+00
8.816906761218498700e-02
6.065712701810499929e+00
7.338563780831568906e+00
1.476154391245578512e-01
1.622516810504101292e-01
6.368826249175894461e+00
1.047527752865185791e-01
1.110795363035084055e-01
6.732978411272591224e+00
5.932405340500586099e+00
2.232719478142911051e-01
8.682690215316997140e+00
3.536132360232839555e-02
5.596576989378205802e+00
2.933964936535513046e-01
4.443097865898183729e-02
5.451896640568099528e+00
6.492816325448562687e+00
6.663735208362804308e+00
4.344576663615145939e+00
4.868220585040114123e+00
9.691632009737711329e+00
3.578522517277294757e+00
5.974411463252635279e+00
1.304348833343526581e-01
5.602354200279375362e+00
3.761212048227944305e+00
7.374917203167260737e+00
5.757562510565440661e+00
7.017885258002193538e+00
7.951598930215433847e-02
1.125059059062582384e-01
3.222025608247389705e+00
4.830672769744053241e+00
2.794145905147591979e-01
5.745287642672202821e+00
5.130029559308610487e+00
4.574023346661362094e-02
1.615667935149223966e-01
4.606416031654471333e+00
9.360847106587556254e+00
1.721468534054796662e-01
5.841000639328988164e+00
5.913761419520470852e+00
5.943130427103394453e+00
5.176213921871402057e+00
6.596085691003890084e+00
7.311152484638489213e+00
7.039291584426465853e+00
3.855331508934307205e+00
6.732254688200792536e+00
6.983205088773053681e+00
3.296406914719037795e-01
8.301895931053563160e+00
6.058056940094357579e+00
6.213020097984299994e+00
2.296034201982503298e+00
6.465982803777876597e+00
5.027822749934632296e-02
6.120208980601542059e+00
6.413415498218455468e+00
2.688619367089317147e-01
1.861591828119464331e-01
3.155168134402463131e+00
1.299390565425128097e-01
3.042123888477868299e+00
6.285505062757930084e+00
5.793702502223561923e-02
5.598549789097122087e+00
5.699424970576549399e+00
2.830568638767398948e+00
1.103511257923360800e-01
4.889796529335473707e+00
1.363947838255789580e-01
7.614028459806313265e+00
5.275642738812085675e+00
8.572048471163814298e+00
6.860310359767940014e+00
8.947605341451343730e-02
6.026104653299622527e+00
3.380242887058640400e-01
8.409587380272556811e-02
3.276536632248521208e-01
6.506382197646996879e+00
5.986621152725910694e-02
5.512153373444831139e+00
5.298298466131352136e+00
1.983481818291322474e-01
5.450617575564672634e+00
6.081753220031076879e+00
2.011185701301443085e-01
8.592608160391897343e+00
6.153973507873642390e+00
7.728431997196405057e+00
6.133193294144454910e+00
1.038493066132572640e+00
6.056520525137470301e+00
3.614551544320453225e+00
5.124126263196501441e+00
1.728161870366803077e-01
8.071977694502563416e-01
1.118207186255744529e-01
5.008843280032310857e-02
7.207090541453366583e+00
5.408725766869374674e+00
5.303183422739190966e+00
8.480065102273748323e-02
2.435981398599576853e+00
7.828148749041744514e-01
8.086055462744851097e-02
6.105946210469160862e-01
5.453521041132765035e+00
6.792392375963541618e+00
6.509196912331754348e+00
7.040272047329916738e+00
3.548202879811983568e+00
6.633205370449293703e+00
6.452646599409905370e+00
7.482579237381394854e+00
5.277738990375699935e+00
6.717559963425418168e+00
7.876181576645865157e+00
2.161041335210738545e-01
5.812351336276763369e+00
5.017687564872030936e-02
9.190133728606031394e-02
5.767689638551604325e+00
2.480154752137693208e-01
5.311597465357842829e+00
6.278167607099357284e+00
3.211010372029321491e-01
6.612206555407215802e+00
5.638223330289808821e+00
2.683398176076931652e+00
1.169546424070612434e-01
6.161260536886974393e+00
5.677873272922143499e+00
8.130704116987400809e+00
6.639317256925889033e-02
3.524424342558067469e+00
4.988937230416085278e+00
5.393656171656562748e+00
5.317285657650508313e+00
6.068444920764333617e+00
1.341730297028675412e-01
7.913942071427622349e-02
7.631981116724532832e+00
2.202035988059251270e+00
3.828509545818756243e-02
2.502233701965489443e-01
2.729047790853057265e+00
7.967513902798049941e+00
1.224892683983182518e-01
2.870422474072932273e-01
7.142906785797092262e+00
7.451380443809799914e+00
9.968694758035866244e+00
5.240246376869288625e+00
6.252450719031826587e+00
1.589484053719791845e-01
5.905666816914948214e+00
5.591436117390957250e+00
6.374651136727224277e+00
4.931136835187598599e+00
4.440332353896548234e+00
1.297333948509521995e-01
1.564901243345407700e+00
5.811059017689719219e+00
6.797919420318914163e+00
6.223574279349047167e+00
1.306084581622208030e-01
5.000673142520177805e+00
9.359071917372892457e+00
4.407349206305639200e+00
1.869321894567249842e+00
6.486505058169972138e+00
9.626993540094346713e+00
5.584209178443243715e+00
1.280288117207198928e-01
2.016177970472895487e-01
3.513427745914923683e+00
6.173923747783704563e+00
1.579785125253208300e-01
1.378059385706835172e-01
7.647699809117137093e+00
7.563005936746112212e-01
4.430685109864305637e+00
2.757388028096874888e-01
4.915170969395648431e-02
6.218536658345518831e+00
6.192553798325623582e+00
5.829602336878336288e+00
5.112988240843538978e-01
5.998196273321898531e+00
5.542712373785834146e+00
1.156372471826459525e-01
1.055945354043839185e-01
6.793669885185854573e-02
2.191380556673725000e+00
5.667232301425652707e+00
6.587988853637154918e+00
2.305701896854939481e-01
7.836070280972049495e+00
5.809396057794759649e+00
2.292876616448735305e+00
5.627737012714092657e+00
7.302440714257170395e-02
6.056091204976844722e+00
6.178365080866509373e+00
5.676874858362177534e+00
5.467821917892440098e+00
6.591819408478603926e+00
5.231253235184720296e+00
7.491946178232727682e+00
5.258173109200484419e+00
9.938297915521042469e+00
6.568265917880998117e+00
1.413735759043689422e-01
6.024861843215052026e+00
3.929198887099086962e-02
5.826630564400657519e+00
1.559034079667230011e-01
5.535964216495692369e+00
6.337903346309443187e+00
5.452031691983076911e+00
2.310697240447153966e+00
5.795042450525517808e+00
8.231669449422344131e-01
2.213288786831145050e+00
5.767577363055026218e+00
6.224971447327551921e+00
6.723997679799469829e+00
4.150089736353085312e-02
2.024552994344093471e-01
5.773655227538677437e+00
1.384903348333382578e+00
5.987805487741827193e+00
4.956283774619976712e-02
7.814759251119359762e-01
7.371260129521785665e+00
6.525785659825380947e+00
5.389112778815129817e-02
5.062914404152991238e-02
5.592171952383912625e+00
7.117246711532305981e-02
1.223777841118952325e-01
9.111117196796465756e-02
6.021043146796018597e+00
8.916306183980303446e-02
6.119270317706196671e+00
7.828467004663787421e+00
6.549884927165802395e+00
3.849278314141542534e+00
5.889873554654286636e+00
4.000261475261218003e+00
5.948411953203925684e+00
8.675235436980431203e+00
5.345856992950951181e+00
5.651231469077167446e+00
5.105201569228321468e+00
2.641017457258181711e+00
1.706847849386800842e-01
6.146492429263952673e+00
2.442425913309071162e-01
6.366714489883422701e+00
8.309825266839895974e+00
8.539711783632975894e+00
5.994462476029143616e+00
1.042324693600429897e-01
9.760563528731028171e+00
2.324893677013524673e+00
6.650509319473913550e+00
3.553938092501211510e-01
6.143581189983102320e+00
6.691689907080361266e+00
6.446404940007127493e+00
5.487217594936923959e+00
9.827455926879789416e+00
6.487712258550449640e+00
6.401067961061772671e+00
1.181776052597930393e-01
1.508680040854508908e+00
6.782897440187431570e+00
5.054747281164357453e+00
5.968219669144851025e+00
5.303706283968216001e-02
7.036113877150317997e+00
5.448084569166550040e+00
1.563127866906238728e-01
6.062036810234004314e+00
8.153335507328803189e+00
1.205350040194223676e-01
8.845065484852255855e-01
1.742531837588404409e-01
6.634348175447993157e+00
7.033655514646999229e+00
1.643006962288250106e-01
4.603820393841790093e+00
6.064027987155832022e+00
6.650924720008172031e+00
9.941532870653229992e+00
4.043658486649410327e-02
6.196164316027259922e+00
1.223167834171752372e-01
5.619049870684597714e+00
3.071137110261272785e+00
6.655188761540170361e+00
6.726275911273435604e+00
4.017344385280060548e-01
9.394846008491795908e-02
8.863882898885036554e-02
8.619812088753493751e-02
5.887829204082963841e+00
5.955469794517545878e+00
6.833863900723914142e+00
6.364956349567591154e+00
7.156220003993948531e+00
2.143137948945769811e+00
8.983628526592445596e+00
1.016983352721527456e-01
5.828014504179569677e+00
6.368441477489510838e+00
5.208775238228291471e+00
6.417051208574818588e+00
8.737611492327239660e+00
7.471525128164470120e-01
3.235857161324839470e+00
4.062303812207771259e+00
5.144850316167858040e+00
5.154718816634153100e+00
6.060169893193085855e+00
4.006611192196042559e+00
3.483158753921947515e+00
5.838267265417415253e+00
3.341414077341925637e+00
6.590795950619023458e+00
3.936862405711466284e+00
2.604807468620665478e+00
5.134884177559635887e+00
3.805860357865161747e-01
5.823913881657889036e+00
6.978940188858041849e-02
2.425748309241074541e+00
6.423990934793458507e+00
5.671815513448517088e+00
2.441211282583256370e+00
5.924655097732845377e+00
9.058547507115041753e-02
4.117574504866781254e-02
5.586218365060060087e+00
6.469201913991927455e+00
6.401239914145270049e+00
5.221561740188720296e-02
4.896027888720458243e+00
6.950479816236115660e+00
8.405844838099405081e+00
1.517251104420068719e+00
1.613812284690351317e+00
5.778867743824053882e+00
1.626464800871484095e-01
6.344601779347643078e-02
5.461583809100485354e+00
6.102918005327362394e+00
1.415822256799049716e+00
5.296873360481200166e+00
5.930363690750662720e+00
5.679335886229279318e+00
9.878793500672328198e-02
9.710436162096776513e+00
2.165505468356148933e-01
6.255056851375543125e+00
6.960161241158826506e+00
5.926088960424931606e+00
9.690806518700544103e+00
5.820003445806535503e+00
4.227068245866668489e-02
6.035157301151891751e+00
1.064990711184922029e-01
6.987476127095297862e+00
7.082279781536607643e+00
5.867727698659312985e+00
5.465830276722268705e-02
5.620366495510354277e+00
6.063004565661255896e+00
9.182775676201267168e-02
6.021756310909223697e-02
1.866671465632960825e-01
2.631213819946586874e+00
1.455128181441066038e-01
7.743315794302167709e-02
5.342863399283787756e-02
5.730883646746472770e+00
5.111556894384963634e+00
9.495247557301618457e-02
5.874826198856502479e+00
1.418160706789428349e-01
5.357977000846860349e+00
1.699967679726261116e-01
6.133830101242671695e+00
6.271543589737574642e+00
1.795572092686705146e+00
5.531053994643574112e-02
1.949774303858718971e-01
1.127530045349040000e-01
7.284074716072488798e+00
4.658348279443561779e+00
6.151219472554706691e+00
8.657163051469135340e+00
6.074293083861168618e+00
1.957697812462049769e-01
5.700149423700654694e+00
2.620494627031487167e-01
6.097603313185098628e+00
5.047458976893833160e+00
3.267123561000085719e+00
6.237373550123809451e+00
1.181358997212319378e-01
6.635663849786414659e+00
5.682133283624022368e+00
2.751766487332867772e+00
1.001610493839423244e-01
5.838364821400499949e+00
6.256651937874479152e+00
5.746599571481644020e+00
5.828456163126322309e+00
8.092807144982486989e+00
4.881181620614961858e+00
9.796603647386522340e+00
4.004138497718066070e+00
7.966275620757247433e-02
8.513790135378719981e+00
5.306538833498864349e+00
9.563299385318835277e-02
9.796137498925824971e+00
4.925753491389119748e-02
5.558153375413514397e+00
1.335848851281713767e-01
9.887676746203320766e-02
1.065395676984036560e-01
1.692721864834978718e-01
6.301685984904215942e+00
5.327135069647328969e+00
5.794215036356632709e+00
7.254905220841993518e+00
8.611697848695540003e+00
1.523221880088956537e+00
6.142781315614631588e+00
5.255925729926397949e+00
4.581732599035947651e+00
9.418748991133608917e-02
8.626323037283528450e+00
6.643844095051838039e+00
6.016128604438154781e+00
4.617797857060240929e+00
8.685125784885204814e-01
5.843694706319932375e-02
4.826666945986984203e+00
5.037113788426246686e+00
9.638596647866142675e+00
5.012663738109034206e+00
8.572723124790986304e+00
3.556349337756123385e-02
2.441524144605967450e+00
5.454636690616491979e-02
6.281860070595951306e+00
1.062031655171132849e-01
1.395575692511070998e-01
9.136000124413556911e-02
6.439990991995474978e+00
9.236866537347788508e+00
5.274859512757676505e+00
6.018943448239793881e+00
4.996786505768370523e-02
6.162344896612924394e+00
5.636619260364000183e+00
5.123328902654177952e+00
6.734524943186679380e+00
5.478376120696865748e+00
4.518125167038298251e+00
4.937784380229633285e+00
3.100103100987997795e+00
6.671941068575159228e+00
5.971789722796642330e+00
8.108321068124572928e-02
4.830709185881786993e+00
6.471690183706824584e+00
8.896753429159506843e-02
1.824746861902330486e-01
7.470413133138744222e+00
6.200915170021141343e+00
6.209481246828051582e+00
8.823949607130355588e+00
6.232293714456284661e+00
5.898887690335110179e+00
8.185577537315824603e-02
4.542173323346924363e+00
6.191522940921358575e+00
6.463131400867203169e+00
6.450983454322543054e+00
6.726331801451470582e+00
5.560253310362832657e+00
2.997355942352976310e+00
5.042901913537128245e+00
7.549536059093072460e+00
6.545722140013137569e+00
5.413177844803336747e+00
6.913646124587672581e+00
5.542856121869172981e+00
6.101095386902817275e+00
5.934773332524984291e+00
4.445032489685961430e+00
5.404168087959567046e+00
1.848218375497142407e+00
5.575035811409324360e+00
8.166842291436575252e+00
4.002150225422877045e-02
2.931525626411511265e+00
1.769456379868737939e+00
6.612261321615016396e-02
1.497416179998211083e-01
5.984276195585354508e+00
7.046238653634780746e+00
5.761913645999676703e+00
1.736019695677235797e+00
6.606568859575441266e+00
6.725988234621999240e+00
5.168929270371230844e-02
3.197528472705782221e+00
1.272250269259822542e-01
6.993010627146642122e+00
5.748317715911526599e-02
8.508934715804684912e-02
4.421928593064144764e+00
4.708490749912404294e-02
3.783759927528954764e-02
6.548765429853900422e+00
8.355696528020668978e+00
3.888522830529562491e+00
2.054280118373170427e-01
2.791398749251390865e-01
8.109837690404883559e-02
3.845994255093686753e+00
8.539623330144308078e-02
1.182930399714652442e-01
7.897849793543128272e-02
9.887296507224740960e-02
6.729796291806873498e-02
5.395919331334183333e+00
1.495258786699672771e-01
1.607919272212097850e+00
5.691151687185265651e+00
9.399362330380331421e-02
3.914704047277879628e-02
3.090385616354974219e-01
5.873366933512860655e+00
1.537704636162054994e+00
9.850534876682413843e-02
6.620900333330298482e-02
9.885244944969333314e-02
3.386532015351442659e+00
1.466760955684090761e-01
5.494759412107327989e+00
5.635360022301975746e+00
6.845810274573745247e+00
6.102172999524476005e+00
5.050694685842426424e+00
7.769581724361782071e-02
8.453267142456336591e-01
6.562535041302997918e+00
7.039430941296625832e+00
5.829172248127216349e+00
5.898887558447529322e+00
4.602521892519381375e+00
6.263504948315686605e+00
4.543157814492027741e-02
5.928348971161359060e+00
6.025905923896579530e+00
9.285911130849804351e-01
4.931738593217673688e-02
6.944424211120800550e+00
7.779240923724807522e-02
6.371405591700416871e+00
7.490247979871780259e+00
8.753844527063165515e+00
6.662095841028961019e+00
6.034266874277629533e+00
7.127355570803059592e+00
6.731547906023461536e+00
6.463553138329636738e+00
5.461564498786259492e+00
6.280856710597058912e-02
6.291827733697561875e+00
3.698258232532065926e-02
5.498948108482227148e+00
6.455779469978999430e+00
5.378104496365590848e+00
8.029607492148594261e+00
7.626366930085351492e-02
5.789543425404392707e+00
6.130604207065212807e-02
7.758117733696012763e+00
5.294255645410294697e+00
7.336391562567712299e+00
5.179808191554287344e-02
3.919995406557651219e+00
6.290926906813480990e+00
2.677922181586803507e+00
9.003386542673101900e+00
8.870407087804899060e-02
2.464284010929233271e-01
6.329956293210567964e+00
5.239348155327963497e+00
6.137873600735797852e-02
1.277981021693839203e-01
1.250223167249250034e-01
3.568104324491921941e-02
1.240245005009695117e-01
5.641598792037933130e+00
7.611436469674029426e-02
1.974022131963658333e-01
5.865951291906628562e+00
1.779846760971986741e-01
7.364329157528477054e+00
6.548756178894583613e+00
2.375004348285880695e+00
3.813044815779152025e-02
3.108497814450216001e+00
3.061817058001536918e-01
6.903456894275641353e+00
1.104681378172526623e-01
5.671305851823343208e-02
2.619057578350792448e-01
5.181197117564127375e+00
1.727263604921130291e+00
4.929093472236682760e-02
5.710291202777242781e+00
5.873890194829954225e+00
2.664811310594675131e+00
5.761412114885470892e+00
6.454749401431137734e+00
5.094974010744797610e+00
5.457966166475380909e+00
2.844317042769600956e+00
8.970776646724672176e-02
5.786653519822806402e+00
6.049954506785393704e+00
4.720722987147835115e-02
5.913466086196079274e+00
4.229576054499257359e-02
6.034119816838042105e+00
5.156354034012686327e+00
1.747019284479515711e-01
2.749561447288662475e+00
5.595321720364800910e+00
8.449045340938628357e+00
6.369864999333968214e+00
6.022568400432018798e+00
6.562268816781991809e+00
6.163857441024372719e+00
2.804926993918718914e+00
8.420498055496937473e-02
1.020484906705426909e+00
4.774744876941598021e-02
1.130362951865869992e+00
4.146834808696427288e+00
6.071147398525974737e+00
1.113052823759903137e-01
4.318899020916534826e-02
4.833501233826271309e-02
6.513956265571847482e+00
5.624999848079649034e+00
6.047603419550499737e+00
2.450071726495114621e+00
5.816276193071462153e+00
6.099508145070706711e+00
1.359145247271328905e-01
6.371560501097500939e+00
5.802358320565097927e+00
5.347932128312934630e+00
2.386372836814761311e-01
2.154673212093762835e-01
8.699549953655651535e+00
4.150339380025031000e-01
9.060187920973199027e+00
9.652843249419749583e+00
6.526075903897069708e+00
6.215643632224923110e+00
1.207243108495321682e-01
5.753855520133538626e+00
1.405858387127287557e-01
1.175134747534341134e-01
1.148219469195796316e+00
8.425459065177399509e+00
6.551981386928535045e+00
9.796911106979333539e+00
1.010001199304736419e+00
8.259983891266449441e-02
5.115633765424705548e-02
6.509390554489201008e+00
6.139163715975231916e+00
4.371797301770688371e+00
1.619006255975000419e-01
5.799541256353356822e+00
7.603663469392485830e+00
6.011634037297303834e+00
4.213405749293827607e-02
4.785471343634602803e+00
5.913539922722813813e+00
5.549942548862187408e+00
5.186057712615382620e+00
8.024480954376718600e+00
7.437733267404707249e-02
1.001716734711715906e-01
5.881994176399990337e+00
6.226862257008189516e+00
6.375893722753903425e+00
7.233976376120987872e+00
4.881341901434106845e+00
6.625428041267337420e+00
1.576384551367046472e+00
6.233663045341556241e+00
7.733143333321718771e+00
3.515341351080169402e-02
5.728328486000161313e+00
1.553623065151437110e-01
5.808514875206571837e+00
7.010004209581233603e+00
5.719707570339557096e-02
2.468080115589851076e+00
5.015776607637744550e-02
2.044090210837866961e-01
4.045479497564412330e-02
2.484531972206598383e+00
1.946330501996019480e-01
7.239795392858821899e+00
6.407161895068591129e+00
8.096534379587330577e+00
7.115195536594604242e+00
6.858419961513084750e+00
5.847297259932386027e+00
5.790103289289287858e+00
5.915402584498852256e+00
5.690128077147311281e+00
6.483796016893022873e+00
9.364667619813943134e+00
3.299502179800740120e-01
6.525438637353043525e+00
2.709891438698824317e-01
5.364693887356099644e+00
7.002726369671479212e+00
6.946893517539183271e+00
4.536059773567196807e+00
2.442582585221941383e+00
4.777279256163521198e-02
7.121144217816492095e+00
6.008616290672818216e+00
5.907802828059088185e+00
3.615189087892085179e-02
1.753580803005152233e-01
6.656999113056812689e+00
8.553480614025810169e+00
5.679438138796792046e+00
7.218814837082548230e+00
1.420507266376993316e+00
1.522937858941792733e-01
8.786767214450117436e+00
3.798094495436901696e-02
4.332375963051871004e+00
6.060005079171164155e+00
9.690253192609260324e+00
6.194858041636801260e-02
4.047330195815161402e-01
5.393084735899720705e+00
1.607602991541621229e-01
9.483054919382083447e-02
5.093356119855688924e+00
9.988798516289508100e+00
1.011757717459269568e+00
6.103881117313786575e+00
9.080078373736482078e+00
6.625862631816101245e-02
6.115268934068376905e-02
5.946498142251697594e+00
2.192979252807849555e-01
1.322540198158231595e-01
7.555604337862274811e+00
2.357902775456733324e-01
1.950429757258279329e-01
9.497134441784359282e+00
5.829596888112986264e+00
1.177361242631137506e+00
6.999160789479749845e+00
3.508891528244084235e+00
7.295285353806801432e+00
8.804607351060917964e+00
2.986446474108718774e-01
1.759434961436322775e-01
2.064554558686082231e-01
8.532212019512186885e+00
4.651789022970435283e+00
6.464791947047764609e+00
6.270658976397940343e+00
9.808771632438812560e+00
5.131526651106670833e+00
6.633988239604576620e+00
1.439868224719481338e-01
6.720438497397206667e+00
4.867288487479859427e-02
9.530901332974655915e+00
7.937564695083543231e-01
5.864412939363131017e+00
2.219201184643604108e-01
5.683787521731831660e+00
5.670206020096237864e+00
9.393330848541037170e+00
6.805974916304961653e+00
6.183378844469723745e+00
5.723876186158123325e+00
7.599397109109583326e+00
3.786181540188123806e-01
7.449724620878685144e+00
5.405928793300698310e+00
8.993038489273695646e+00
2.499265897901966904e-01
4.861746785906145618e+00
6.212224245762570263e+00
5.645795898855381079e-02
2.746175858419749871e-01
5.212482170026461858e+00
5.617001879701728484e+00
6.367410964838203513e-02
5.886585567863000107e-02
3.684187708699864783e-01
3.853009145923705692e+00
6.638697409030318575e+00
6.955195268105269335e+00
6.133369668850113143e+00
6.151234256203629513e+00
4.846138561355977536e+00
