5.508908132608548947e+00
7.122205326523054936e+00
6.569770165784960092e+00
3.676123178911780420e-02
5.182222428243395740e+00
5.090964387646152112e+00
5.739929040088560974e+00
5.391690115817962869e+00
2.372096872340879514e+00
1.241527489535030615e-01
9.274899762392651681e+00
5.259734771618871818e+00
5.124152686315920135e+00
5.774405963957569554e+00
3.863597960339669513e+00
6.072629346239665438e+00
8.803338418736179893e-02
6.739374482455063209e+00
6.403069618286113318e+00
3.029900850245142330e+00
6.193532352047369294e+00
2.851025784944326347e+00
6.876874177565370228e-02
5.880531089742821571e+00
4.550177297997155534e+00
8.398043149282458097e-02
4.262379593767252395e+00
7.930027394473863289e+00
2.861854589331920273e-01
5.942477300941759744e+00
4.446073559335804448e-02
4.316811863644702540e-02
1.420050570858935324e-01
4.817684524487957809e+00
4.808101389148296434e+00
6.541828350974525641e+00
1.195824773105341521e+00
2.381405126305823072e-01
3.448142458031320690e+00
1.347718036263575170e-01
6.404343825493266529e+00
5.138258912008589085e+00
4.851802740703634043e-02
1.411711859023649651e-01
6.116308589496496140e+00
1.234688303738077364e+00
1.481286385380817527e-01
6.378722810723531644e+00
6.037016798403492146e+00
1.871028242473141701e+00
5.944699006414849940e+00
8.084646315527622695e-01
5.022148088268260757e+00
1.891306927212810685e+00
6.759410201049075029e-02
5.664236134444314175e+00
1.306188977599335721e-01
5.448867976617575160e+00
1.773374270031241817e+00
5.650524955757458834e+00
5.366496327005163991e+00
5.563413362866685752e+00
1.054078466349825244e-01
5.531025366211374639e+00
5.511251361025349738e+00
7.081798326347342076e+00
5.750578287114047171e+00
5.150975575577032117e+00
6.269059978728423133e+00
3.145821298544805966e+00
6.130801957260339385e+00
1.379504561305427979e-01
4.010751509827347405e+00
5.685846512480993376e+00
6.530556327739725830e+00
4.605090294292665476e+00
4.987253400533452563e+00
5.059733483007158306e+00
7.540542339932374993e+00
3.006667449824503291e-01
6.020800217693009770e+00
6.041841044782358949e+00
6.656788997652170359e+00
1.466946549246180842e-01
4.577873587290311796e+00
6.708945580460899727e+00
5.605788206136218754e+00
3.347859392029990833e+00
5.560075896465953349e+00
7.440391975422502746e+00
5.598500353978465294e-02
1.352965410872455088e-01
4.497513073235143821e+00
6.370679151538332086e-01
4.162229133709979934e+00
5.578420802929842104e+00
6.371262682321538584e+00
9.737463519793142230e-02
6.165182589605871399e+00
8.398775960040096022e-02
6.347662019800244693e+00
1.493520869744405788e-01
1.392287072808126858e-01
7.957479373344243656e-02
4.280005234395165559e+00
2.806463325301389311e-01
4.146825786025285510e+00
8.148578946876977369e+00
1.150058676933687768e-01
1.140679964492612025e-01
5.801765569637900910e+00
1.397746151835691786e-01
5.439903851417303926e+00
7.630057458421385386e-02
6.381568651868637865e+00
8.360581627574759089e-02
1.758640818730834221e+00
3.876457841939472626e+00
6.337963183513391385e+00
6.150184673516447376e+00
6.838310506344045692e+00
5.684965615453386079e+00
2.571004330701530893e+00
5.309129583204639374e-02
1.371571564850852853e+00
1.437281541313375488e+00
6.394916162241870428e-02
5.561594473073671274e+00
2.482811037563309231e+00
5.672850109923100348e+00
1.383125710921060958e-01
4.709990904652661126e-02
4.294227301083211046e+00
5.714032440455034667e+00
3.569497899159339294e-02
1.303806995610724551e-01
9.768209070717102094e+00
5.782096478402001694e+00
5.561111825977449463e+00
3.409443128530749156e+00
6.373621920286981712e+00
6.062911658955922434e+00
6.129484986227025090e+00
7.257610718850178444e-02
5.406533618452139756e+00
6.197012115239237257e-02
6.032795248291199286e+00
9.288580363063120293e-02
6.206483384354060107e+00
5.724515002807440744e+00
6.996832924503112672e+00
4.592163428544815851e+00
2.477818902749571173e+00
9.393542182497729987e-02
6.653144461068331239e+00
2.972854791427137489e+00
1.102532208458851359e+00
2.992220976508542130e+00
2.044019793079727421e-01
6.055560346230558222e-02
5.894571009852849208e+00
5.107464938183484016e+00
7.159903131680022348e+00
5.763996232618196380e+00
6.513823680508483704e+00
7.516935083175085630e+00
4.277521364276153093e-02
4.282788847265293908e-02
9.730277975645604260e-02
8.933837208164523147e-02
9.937491514332130293e+00
4.865981644432698872e+00
6.439809980709091164e+00
1.042745406199890174e-01
4.087988269064309677e+00
2.859342549331994832e+00
9.375202861777895080e+00
5.657336731433510596e-02
3.172998010994839913e+00
6.896683406303623087e-01
1.758319768013605344e-01
1.646773810408815319e-01
7.281983841161875359e-01
6.447203243607051160e-02
6.081126305466640680e+00
2.146281159354702373e-01
5.882624422489184823e+00
6.198421740847403605e+00
3.572713599864269646e-02
3.048322244919635438e+00
7.419335281699151352e+00
7.144596684065520620e+00
2.285676386211711597e-01
5.828389476125391155e+00
6.903123571199245134e+00
3.562726927683643297e+00
5.403582056454675708e+00
2.497335939620126677e+00
1.050792823230291689e-01
4.161906495044218168e+00
3.169204147261602156e+00
1.113658759779913854e-01
6.142969633079961689e+00
5.109511012479598158e+00
5.361254246032635784e+00
1.297640439410315816e+00
5.917198038165225604e+00
1.589593001643122283e-01
2.703497743270912856e+00
2.144002019009964677e+00
5.949106450273921709e+00
9.234997882038563366e-02
5.419700092826576499e-02
5.247204122371772250e+00
1.834142902430506039e+00
6.212096834712255600e+00
7.360979404620834998e+00
5.557867091686161665e+00
5.738717607009701460e+00
3.754910865136272591e+00
6.840617979689739947e+00
6.448953608927936010e+00
5.195288262495426079e-02
7.004949419734837868e+00
8.590628436367635956e+00
7.657263087465786988e+00
7.488760319347448347e-01
3.402524595127013995e+00
6.433336003540979675e+00
9.905099453821739175e+00
5.365189435296546350e+00
9.595234035983279952e+00
6.011805037972002275e+00
6.652612884230061141e+00
1.126152028185251619e-01
7.217948753270301054e+00
6.417106820423682301e+00
4.892637514590430364e-02
9.786470584162991315e+00
4.401138480521952778e-01
6.269803861460258254e+00
3.035662076844300117e+00
6.232987495010552159e+00
5.808400449588511982e+00
1.477887423775882780e+00
1.135072774750601338e-01
1.284116538544993968e+00
5.992548036430507707e+00
5.878350741429497539e+00
6.489384160501417753e+00
6.446708594273218296e+00
6.416820930655389610e+00
5.875457194075075051e+00
5.422869038765139038e+00
5.837421002393901937e+00
1.554410595352551383e-01
6.871571168260720341e+00
6.789093128957018664e+00
5.501240510304818837e-02
6.556385485289367487e+00
7.045776342333633480e+00
9.996034541981492438e+00
3.050577629224059395e-01
5.890391501802061391e+00
5.462773982774042913e+00
7.198123855117369629e+00
7.004582394429245795e+00
4.801513491505293274e+00
6.236218836027805246e+00
1.259645241740826371e+00
3.553929504603383499e-02
4.380369031709929750e+00
4.177861280100460539e-01
5.622903283196238000e+00
9.161998793151002185e-02
6.854583220834399526e+00
5.983861463877576448e+00
5.655567269748682513e+00
1.870923198500153095e+00
2.225960569207546536e-01
5.173288203453517475e+00
3.765961735603321481e-01
8.516137585325965986e+00
2.268043548944932652e+00
5.870894667543145928e+00
4.403154356524768137e-02
4.897050772368553240e+00
2.829909205770123393e+00
9.441479367054619876e-02
9.710121987066511196e+00
9.833370988897298381e-02
3.473463605188302328e+00
2.160311890281376712e+00
6.496933455456507467e+00
5.359822542179522031e+00
2.760865676667879853e+00
9.637988246212952248e+00
3.637034721386661396e+00
4.718541817380301318e+00
5.803823302972863640e-01
5.622356421108479552e+00
9.386636496853338230e+00
5.436924859135212174e+00
5.816575791511065852e+00
5.371565411558052006e+00
6.736172922869677393e+00
7.316405883128145327e+00
6.127553077530293990e+00
2.012311190372401692e-01
2.082312560456691664e-01
7.961870447202089807e+00
5.740918006497641279e+00
5.891378357694421197e+00
6.016718948535650924e+00
4.194501569827898457e+00
5.878904669295531349e+00
1.213714659815817498e+00
3.075504162763844640e+00
6.071525712884599635e+00
2.845798444797288163e+00
5.876885348352979932e+00
6.082192773544589315e+00
1.489256867428433440e-01
6.653167688823787007e-02
2.570878185509441471e-01
7.735946925576252298e+00
6.987828418607668013e+00
7.636800185222187842e+00
1.264775382144295746e+00
8.048871818487576824e-02
8.742811473308165215e-02
5.681556426958199069e+00
6.886192578645996321e+00
6.106889371370875091e-02
1.094354456545023890e-01
6.109836091398740621e+00
7.150362365437073819e+00
2.172966468882750135e+00
6.096014857798424558e+00
1.250459565471726264e-01
5.043036668900444802e-02
6.189079082743659477e+00
1.466621382843803501e+00
4.634539489144215985e+00
4.844243468857051260e-02
4.575602961647811107e+00
7.222834915215218921e+00
5.966500882952680662e+00
5.374986664562785954e+00
5.016303877027501745e-02
5.783924550487969718e+00
6.627404511958840061e+00
6.521887208078052112e+00
6.223177352991712930e+00
1.326010348065017330e-01
3.415472505838789363e+00
7.102151256301342030e+00
5.796381864342685653e+00
5.751943066787661429e+00
6.678568935084456371e+00
4.228503301729221953e+00
5.784738764906871111e+00
5.317558222278139013e+00
5.632237726265851840e+00
6.321529884715708647e+00
2.616081207940874176e+00
9.396663320807760456e-02
6.810127806066581080e+00
1.606685964066063288e-01
5.588649557840866144e+00
8.244184731467331773e+00
6.141700896884555227e+00
7.172688931293694226e-02
6.029070101247992142e+00
6.006731532643600602e+00
6.030684110898338446e+00
1.158518390726206576e-01
8.983657871441675269e+00
5.431330396014913298e+00
7.863579125264952729e+00
4.889556617723360255e+00
5.250691368680353993e-02
7.257901367632808132e+00
1.771328657706989773e-01
8.244075964461664796e+00
6.189911605422444119e+00
6.443760892360567816e+00
5.809878601959118927e-02
5.688458789978598218e-02
3.104437296930015133e+00
5.488894110620277544e+00
1.293156065161788826e+00
6.872386557507401683e+00
7.603445750390600999e+00
6.316190625479928045e+00
3.849672016968031851e+00
8.782055161039446389e+00
5.817295226878214542e+00
6.059921549811675412e+00
5.635361945693407648e+00
7.292290276388796455e-02
6.078289616202494194e+00
3.205608503450632085e+00
5.646721064300668225e+00
1.013958180055213182e-01
6.808946928221181194e-01
8.381952679875046552e-01
5.948358358825878156e+00
8.787871002196924408e+00
6.333260392546939954e+00
4.903520154342026593e+00
3.676297950303560741e-02
9.629093436288810315e-02
8.928323579490114736e-02
1.826321370628228025e-01
3.457436262710127828e+00
5.464903320617463756e+00
3.688233391369958453e-02
3.768272442374554637e-02
6.881627751003090154e-02
7.099749619871342787e+00
5.378317599436871710e+00
2.426604270849553213e+00
4.266225529701390268e-02
3.303019985485063259e+00
2.651937274490705487e+00
6.815761420057189768e-02
6.544407816851845194e-02
5.527968286454280900e-02
5.880271310091256254e+00
3.651313028852067433e+00
2.625025346365372325e+00
1.837142016976702319e+00
1.233400663789552820e-01
4.141948077530593686e+00
6.252443594758452683e+00
3.606147327018081883e-02
5.785960382192161688e+00
1.996852576704697402e+00
1.484364068597954445e+00
6.323229305643856435e+00
1.013349289662268948e-01
5.149838591353128159e+00
5.425745800334942359e+00
2.600198311145547336e-01
3.489572268246348585e+00
8.880399152998027290e+00
5.725514868389145917e+00
6.976021379253621868e-02
6.086010186279811940e+00
4.138131494669263333e+00
5.762432492638028592e+00
5.451664660481425173e+00
9.524330475316295619e+00
4.038468232251998913e+00
6.421090387926985166e+00
6.133215669959786176e+00
6.950925042762212680e-01
1.605746774709740254e+00
6.381260798277982538e+00
2.929954154287143786e-01
6.063791542930469625e+00
6.702865571627889985e+00
8.551359442277646494e-02
4.887075165820016498e-02
6.460354056164471004e+00
1.033645978884301320e+00
7.297448854290028430e-02
6.417948994618767611e-02
5.672408541504944779e+00
7.110906763881537529e+00
2.071575716067390882e+00
5.580007397590221352e+00
2.606001061804929186e+00
6.748008609801360969e+00
9.474470785998894584e+00
6.686025570297017495e+00
6.641363368390057254e+00
5.224080637124766113e+00
5.527261917816300718e-02
5.669318099005626443e+00
8.079925780887284859e+00
5.751338855039053399e+00
5.975040214538439365e+00
5.717223606469452157e+00
5.877289491744139838e+00
6.154165124087757732e+00
4.743956087748477657e+00
6.729437200942866681e+00
6.702140491390689903e+00
2.073090014676568782e-01
3.505381889760535163e-02
5.482675102651471732e+00
6.633505091905869122e+00
6.896212348241134826e+00
6.029874773181068015e+00
6.436348399161112788e+00
5.247266825384087952e+00
5.200001685657574590e+00
9.499611457081968524e+00
2.687818591754257413e-01
7.904175653594701423e+00
3.281758778945288668e+00
2.795464269673830326e+00
6.257150900815026340e+00
5.624398000061821890e+00
5.358826214988277492e+00
5.823934594390153485e+00
5.961705504485878215e+00
1.099382209000739241e+00
8.149943165312279802e+00
6.508296726518880249e+00
6.250678645829768065e+00
5.851701921243715354e+00
3.228106122336567907e+00
5.778175401970639058e+00
1.513528444167292486e-01
5.221906719418469012e-02
2.294457935494939260e+00
1.419834493286161459e-01
6.159947391594392307e+00
4.385691386578303985e-02
4.804376650531711590e+00
6.157399290520403135e+00
5.989694187699172723e+00
5.831509979760743367e-02
3.347085963883431159e+00
5.718919034123514322e+00
5.660751478080311649e+00
8.247689945283983803e+00
1.318416972675127141e-01
5.369322432971980419e+00
5.863664989598286859e+00
7.083707876359634170e+00
5.814751073820381144e+00
2.624244920307580387e+00
9.850370716547647565e-02
7.129982619682547096e+00
5.959243376463326136e+00
6.141013535994925832e+00
2.900864762596598312e-01
5.757325879765738286e+00
5.764069981568711754e+00
6.390170834147307355e-02
4.357816130946011723e-01
8.413057097071840573e+00
7.929283991498560447e+00
6.648684764754984933e+00
4.426105403297662250e-02
2.063346438087194645e+00
8.593315052751251959e-02
5.847422478270613233e+00
6.968842784702292015e+00
4.952560585742289412e+00
8.870642421425159796e+00
8.906077715416332197e+00
3.995461879675653361e+00
7.601425680340059832e-02
8.411294247750804587e+00
6.136808457523303062e+00
1.758750852207424387e-01
9.484819486767212537e-02
1.492585301786773178e+00
6.719210580167156444e+00
5.256917922861089387e+00
6.632625036912784822e+00
8.107234317129323742e+00
5.761890777083250370e+00
5.730692576355967738e+00
2.736726332342307444e+00
1.397795342438143407e-01
2.670679117535061931e+00
6.076145355000537762e+00
1.620990899301714139e-01
6.520772957174843398e+00
6.792933327957500822e+00
5.679290218212379671e+00
1.801987846679492800e-01
4.563907540029584986e+00
7.417246416325467884e+00
5.877789589372937051e+00
2.047826574603466288e+00
5.711594371459793429e+00
5.819163862127702203e+00
6.285466346967831797e+00
5.786218495227421599e+00
6.006029372831878099e+00
1.148549024945208219e-01
6.001025043442179907e+00
5.903571163365060492e+00
2.605161576271640134e-01
9.382458305175129354e+00
5.121219395681730902e-02
6.902439453111418821e+00
5.357122645544578177e+00
1.953615783181183729e-01
5.891072397801800697e+00
1.224747956356392609e-01
2.635720535943012477e-01
5.779249580533266872e+00
7.467989284705199571e-02
2.294880089241588816e-01
8.875211994268745741e-01
1.985088366032659257e+00
9.842801794388829961e+00
4.195238440601950503e-02
8.660609993238338689e+00
2.646944369137546271e+00
2.799869023524940714e-01
3.551130493394204918e-02
2.269826794629236366e-01
5.362769473863693293e+00
7.192969744882391936e+00
6.230806990014927216e+00
5.908458774289365500e+00
4.295997086710452717e-02
2.245295700132592942e-01
9.535949808878095624e+00
6.325761311764824257e-02
7.062443991767129781e+00
2.519816427732636033e+00
2.584640147646605435e+00
8.917625522257954795e-02
5.836681551186426731e+00
1.444215163878823927e-01
5.752161300289984069e+00
3.268226903861048083e+00
1.809689896743557347e-01
5.280824238414441929e+00
1.482383994155896945e-01
1.028281810860299794e-01
6.096890241564344670e+00
4.357862901572672615e-02
5.079638855461379721e-02
2.806577645986241820e-01
5.211148511836211777e-02
5.984940626241056272e+00
9.902821515022175447e+00
3.662178218148396169e+00
3.932733527477624141e-02
2.927810719554284624e-01
9.611486102229479300e+00
1.834691357001918544e+00
6.592081838630429402e+00
7.370005444476455558e+00
7.633846254929869957e-02
4.086951071436427441e+00
3.633671751105069930e-02
7.977063347639075985e+00
8.776923830174071517e-02
8.622539311278446306e+00
7.735797154623096361e+00
6.018050236028864575e+00
5.886428550181162400e+00
8.332708150054031648e+00
3.701322691299071099e+00
5.367130564141126214e+00
8.851987664944278578e+00
6.235864391093547177e+00
5.868089305799357724e+00
6.384034700856629385e+00
9.734346579325357851e+00
5.827271533841132722e+00
6.447076726102552335e+00
2.368294831919779853e+00
3.344130210736269149e-01
6.362858765899513713e+00
6.181643264106599922e+00
1.548534553269546921e+00
6.344890105819250614e+00
5.752589864981940693e+00
8.032672356543679726e-02
4.983208446250160240e-01
3.641393084385766699e+00
7.517278032876144322e-02
8.536138621891696587e+00
1.491919069241053053e-01
8.525802333089138596e-02
1.230185385162152756e-01
8.687742373224974224e-02
3.105888118925535513e-01
1.356690637317627124e-01
5.955923210628225384e+00
7.957200882393183683e+00
8.080881548263324277e+00
6.111127962319076623e+00
7.812548580211742255e+00
6.483334346170559925e+00
5.747626799585711765e+00
2.410856227898941384e+00
5.950356876902364256e+00
5.928043343188019954e+00
4.193509377380172154e+00
3.685416331880310814e+00
6.426735672988725945e+00
5.483550464541887770e+00
1.883953873047291117e+00
7.123914741618259105e-02
8.113984429821369249e-02
5.897540996280445924e+00
6.468822871684907660e+00
5.549580118190483802e+00
6.638730202013130466e+00
6.020818810145700972e+00
5.285264652787548950e-02
5.284249171490214003e+00
6.681846869972668301e+00
4.048099342358887909e-01
6.467085132657179436e+00
2.696796990232590563e-01
5.024132130768609095e+00
5.243829342589666709e+00
6.290348248273975429e+00
5.989196258718170185e+00
1.096237836755820538e+00
6.399126322939189926e+00
4.023128748062705817e+00
6.406062534118354357e+00
8.140148704807758762e+00
5.137572774493122552e+00
6.471962828245073851e+00
6.199332756513109111e+00
5.475476071144793622e+00
5.880823409704432514e+00
4.584414773660631326e+00
2.417303332186038212e+00
1.062423237267072496e-01
1.515943284906140776e-01
8.170277365826253302e+00
2.620148806828512811e+00
1.237631118759779048e+00
6.358731601749481932e+00
5.701735090021209373e-02
1.357138059762132309e+00
7.192627329959710103e+00
5.431168483638999789e-02
5.925852359078743525e+00
5.721538590995871587e+00
7.131661107723686222e+00
6.663245213237497744e+00
1.440073897397858571e-01
5.814121365313531520e+00
8.492356302319805650e+00
7.013323581276381447e+00
5.695259941215150001e-02
1.675825805388236889e+00
4.056675679389826206e-02
6.179673349589055675e+00
1.742776721268471274e+00
8.504113569834407471e+00
4.838743011956089468e+00
6.077184032228742261e+00
3.697115653505113730e+00
9.855990233034447101e+00
5.402435743146945413e+00
5.777197923200692919e+00
5.577651717107707796e+00
4.080254437685997687e-02
6.879438086303282240e+00
4.337402549804723506e+00
4.228031273222050412e-01
4.104725546365231459e+00
3.451847980132973337e+00
4.438332726655289662e+00
6.279269820380214639e+00
6.570898107378227770e+00
8.624822618697567833e+00
6.509018855749586940e+00
6.198548604434424902e+00
1.300553524173771736e-01
8.114379562234434573e+00
1.241186349742231243e-01
5.681730066716237815e+00
6.247544422467122160e+00
6.690961818007385986e+00
1.117960251329753324e-01
2.473542524030420409e-01
8.811006952535876735e+00
9.345027413453960818e+00
1.918458248793615484e+00
5.949278119839984669e+00
6.586145544321838408e+00
9.128679154288171560e+00
6.349034884391850042e+00
4.292798754216311380e-02
6.114769883371479864e+00
9.011086094971606286e+00
1.744326557509098263e+00
6.022646224537917981e+00
3.639234952034652970e+00
1.272907874579710441e+00
5.102468312855809596e-02
2.899160999755646007e+00
8.500073956276715803e-02
3.401406574126091265e+00
6.432032049101636950e+00
3.535967919069980120e-02
4.234104566342602460e+00
1.836064895034352218e-01
5.243396185726921566e+00
6.004886817244901032e+00
6.421165960622802871e+00
6.267764512150567846e+00
5.598109901176236747e+00
8.597298917714402133e-02
7.304240842044838755e-02
6.050762541474377088e+00
6.200864784529589002e+00
5.630268921890962730e+00
8.870659732708226386e+00
5.778320439828543265e+00
4.586258975013578904e-02
5.697764027672286957e+00
5.860918917783826565e+00
7.270928801986614731e-02
5.020762333757885360e-02
5.783581925518507028e+00
7.205127479201058449e+00
4.976221910450788322e+00
6.664432857503918228e+00
3.499058030725821666e+00
1.557536577549088752e-01
8.647377200952689691e+00
4.517552602687839869e-01
6.829026655878375429e+00
6.028854741842916809e+00
1.899818299716698577e+00
1.939455209636009037e-01
8.884311603845404526e-02
1.054966436894074350e-01
6.462787109575205413e+00
8.988592095368238333e+00
6.553398567843863987e+00
8.893803303352484591e+00
1.968166776970444731e-01
2.210747435750144430e+00
1.371431616182630098e-01
5.966039035531942147e+00
5.450924354199240263e+00
6.696906399527613907e+00
3.587742828920938154e-02
6.735925596443249896e-02
6.903683977400948635e+00
8.339519357043215231e-02
2.632316707025081470e+00
1.230198633075201498e+00
1.035982940943411118e-01
5.929650125061724175e+00
5.065772994752978597e+00
3.416009779000518387e-01
5.947333399631599349e+00
6.170927196765111589e+00
6.320809334452207828e+00
6.153021694197794211e+00
4.913510963402821119e+00
6.297930498285132295e+00
2.441513417883234727e+00
1.607317081296592287e-01
5.796513620089099206e+00
1.261673786908681927e-01
9.054531588510926099e+00
5.452601599634757434e+00
1.482872760309864868e-01
6.063949721915808944e+00
9.306958618739466504e-02
8.942261012680067012e+00
6.738754223562643197e+00
3.838296073410149667e+00
5.167236622598177398e+00
5.395739258969665109e+00
4.263727681781735335e+00
5.157853919686526289e+00
6.659402808754317782e+00
7.800442152625984171e+00
1.791119446711746110e-01
2.187242258473096612e-01
6.254391937770043874e+00
1.401121691111955891e-01
2.537080030002006215e+00
7.197995576844871124e+00
7.723106477340136777e+00
5.706370733421205266e+00
6.802645993925286128e+00
9.210097509180445452e-02
5.501655461666083546e+00
2.091228628216302288e-01
7.773202640258299212e+00
2.114277776226470285e-01
9.934653431812972002e+00
5.074014082523014224e+00
6.302808342689793619e+00
8.217395026491136178e+00
1.543007074096957698e+00
1.260584287232559886e+00
5.920250325061354957e+00
9.260521910956450720e-01
1.321686921777220913e-01
6.532309713033533249e+00
2.035874487406412303e+00
5.198282303855423336e+00
3.864939418993659892e+00
8.630572949980047648e-02
5.991189501864517375e+00
2.359316909705572840e+00
5.490013892619144409e-02
7.674456070461267709e-02
6.041220459949405708e+00
5.625760487349119821e+00
6.426171549796762861e+00
3.702431584081803617e+00
5.968341760993345346e+00
1.203276218479546467e-01
6.097532181914814942e+00
6.376918089547937818e+00
1.987899986591767365e-01
9.294925822616830757e+00
5.852832080643108448e+00
8.980741899916733217e+00
1.664098578015768548e-01
5.525794171051965797e+00
5.161449184058320566e-02
2.570924468276667429e-01
6.104875218185032537e+00
7.853977114833000428e+00
3.713025171417262960e-01
1.374697913387636639e-01
8.179539478974016120e+00
2.656207580489191589e+00
6.384936743055306785e+00
6.324496072105582734e+00
5.750810698973356061e+00
5.422602117026411150e+00
7.730453298398518025e-02
5.866637900794587246e+00
1.188306765396930087e-01
7.706388462018336938e+00
6.638652429870605109e-01
1.552705983909890453e+00
1.584725218114146350e-01
5.189527601394403611e+00
6.204069617126330982e+00
7.170060590401393874e+00
5.709965010191360157e+00
1.412947069765220776e-01
6.687992124909210467e+00
1.687832222950465533e-01
4.067290220426157399e-01
1.353365316762103754e-01
2.692466662073389916e+00
1.360587696801206781e-01
3.385975514538356546e+00
8.651944864231513044e-02
3.540537768917951383e-02
6.520134319509200971e+00
6.918336606219853024e+00
9.612568216491498063e+00
7.747300376335743144e-02
1.574340303817364894e+00
3.022069404783146451e-01
5.224363399389090112e+00
6.015726709646084913e+00
6.907058962120406598e+00
3.634465576040302182e+00
6.537389123633009724e+00
4.090646288806812358e-02
5.676247696424735700e+00
7.395471231934472200e+00
6.153181288443065000e+00
9.589630512022315201e-02
4.917923776715047879e+00
8.239597027940778418e+00
6.550293933009690428e-02
1.047796288488734712e-01
1.462099417051937467e+00
4.267614244362192416e-02
3.248627795341977875e-01
8.070084920604889689e+00
1.527904209515381362e-01
1.919875421041501440e+00
5.828713535367626264e+00
4.084242953546723065e+00
4.534498111752389704e-01
6.505447658418285484e-02
2.286299376748381906e-01
5.124252853915510997e+00
1.702571610408045999e-01
7.708070718589464798e-01
4.481853963631179383e+00
3.966087692643381235e+00
6.839124941023436932e+00
1.891164710301139085e+00
6.154572547358348800e+00
7.840785382280622828e-01
6.442701371693106083e+00
6.269414649541814377e+00
5.811117352548986759e+00
6.490879563730437951e+00
5.583226112221358228e+00
5.590563623364707801e+00
1.226153326086330680e-01
