6.352434315921545505e+00
7.947907724431600762e+00
6.275536783253776729e-01
5.970128112959295130e+00
6.614101346836918083e+00
2.780891420819945559e+00
1.067924281506350825e-01
6.408397195122369716e+00
5.984486334658610573e+00
6.278597980359326591e+00
6.025530400012601290e-02
5.305247438145513250e+00
6.225057749020654008e+00
6.511049185393353866e+00
5.401439756295165040e+00
5.084980135586778083e+00
5.746285032212369970e+00
6.449248354524604210e+00
3.982748779470465794e-01
1.462707307901207843e+00
5.386075661755911348e+00
5.627055791694697717e+00
3.200334968528375512e+00
8.155210456485580295e+00
2.073396092667830981e+00
7.209469369193705290e+00
6.362777676123876347e+00
6.812537542175166827e+00
1.061661519639186813e-01
5.775768064548631564e+00
1.570232948067128986e-01
6.822568335634201730e+00
6.290212598394164800e+00
6.033298944606158898e+00
4.192514568866161362e+00
1.917360095305233325e-01
2.312309436123699824e-01
5.862261188882719409e+00
6.898812257030487949e+00
6.034575661289101944e+00
6.079446903683567882e+00
6.403527086165813897e-02
5.782737740888333811e+00
4.867851103655609357e+00
1.067447988975964296e-01
6.781350345041573746e+00
5.508814764245358653e+00
5.165054967424409504e-01
2.278437259962820427e+00
5.754919372503155550e+00
4.513214897660125402e+00
1.532760445692185947e+00
3.167452362681420386e+00
8.932093583105791268e+00
4.434579295502468099e+00
6.853420857502008801e+00
4.717191479437427226e+00
5.329065456121097277e+00
6.207638172672139909e+00
5.582963043380794410e+00
6.130944077599361108e+00
1.928793293242835327e+00
1.253787840893811067e-01
5.709010418394186104e+00
6.277892838188808611e+00
7.118374198708454781e-02
6.010758359092666758e+00
1.323743068594158134e-01
6.060874637969447143e+00
4.531446302644416280e-01
4.721226912215134575e-01
6.281223733787994590e+00
5.006964931912937899e+00
6.593926684753564693e+00
5.520732083595313533e+00
3.504099920578322092e+00
3.785663810632802662e+00
7.946068921825882869e-02
5.127434827569515186e+00
9.859331761501184677e-02
5.364003078369638189e+00
5.538120567021843854e+00
9.085833161729544472e+00
5.856134101961007588e+00
6.987080896845323075e+00
4.103481703188189417e-02
2.434139049463726057e-01
8.481332217578016475e-02
5.681750498053728116e+00
9.981452312912317382e+00
1.204825380484898650e-01
8.322490643038024771e+00
2.580042463271673414e-01
5.896466359413953917e+00
8.268108523562812451e+00
8.787652675025753313e-01
6.262514248202395717e-02
9.373256200677493766e+00
3.828856909238645745e+00
3.977984600907107093e-02
4.575856700895103657e+00
6.517001925435236487e+00
5.081294788249997474e+00
5.987897698265408408e+00
5.842846313725031937e-01
8.175198307738430259e+00
7.615091270320890615e+00
2.577254177563018001e+00
3.633041201066313786e+00
6.233397997508889787e+00
6.941927593352640535e+00
1.128511784477261998e-01
5.972128811681868044e+00
2.429605199349401390e-01
4.155918736030424915e-02
6.070236792302767803e+00
6.370604642052382083e+00
1.700481819268023331e+00
7.134416718588068917e+00
9.034676367435293121e-02
5.805422833734103172e+00
3.827422899369867348e+00
1.620283812097737530e-01
9.080737752903631943e+00
8.807184687241958798e+00
1.284428737873093640e+00
9.466475544152206822e+00
8.397748298127243050e-02
6.767523430384831507e+00
2.273780317225089220e-01
8.464340986646945453e-02
2.267905436590562207e+00
2.063605030621419978e+00
5.280995131218254812e+00
2.971353689397530085e-01
2.746005303386505947e+00
4.091968815188839592e+00
3.726122407144810023e+00
9.234847721687462763e-02
5.061483864607487781e+00
7.941348247618920109e-01
5.983371876375545462e+00
6.239684723768193386e+00
8.781651930630605563e+00
8.107424464608699921e+00
6.291305148240896372e+00
1.088533215148450306e-01
8.903429581644257962e-02
5.730163521586151276e+00
5.890390672275596984e+00
9.969591396080755175e+00
7.074767253327353345e+00
1.218044164741411833e-01
9.125220273192709897e+00
5.785436888016413093e+00
5.689678900408116746e+00
4.077554249626215821e+00
6.047007029351439300e+00
5.819034738759427228e+00
1.106365007375414988e-01
6.956937582643845985e+00
6.340462366552948481e+00
8.804285093634788950e+00
2.609114970283817336e-01
8.590085227739210794e+00
6.239171863459215039e+00
6.323299854817512333e+00
6.149406180501958197e+00
1.303485276118421465e+00
6.290510003871899514e+00
4.502445441640409385e+00
2.280182443937682102e+00
1.348183191169231021e-01
6.628361799166927248e+00
2.621528952154952297e+00
7.642592819712895613e-02
5.444006841497627036e+00
7.719778072142939429e+00
2.628638068387223470e-01
4.605208307498644515e+00
6.385880566188625984e+00
6.397780716662052392e+00
5.779521552221482672e+00
4.080761328127181287e+00
6.246221644920404437e+00
2.757934663346927717e+00
1.821107908002352671e+00
2.881637271483470375e+00
3.214566058993624686e+00
6.319903642259936838e+00
1.470166737422457515e-01
9.838916521287750072e+00
6.808701003218765591e-01
6.375126855684002614e+00
4.309386665978912845e+00
6.012255464547934913e+00
6.685364809916485740e+00
4.726124555386468806e+00
9.695556991402116964e-02
6.938389592183960453e+00
4.251389340157953056e-02
4.715025789913806498e-01
5.807752822842222606e+00
5.797402610437958792e+00
6.179378226564822718e+00
6.368683757592305206e+00
4.668513825059059208e+00
6.206453762247077677e+00
1.458022380827744546e-01
2.965630604746854804e+00
4.748337196427282692e+00
2.592430351970829161e-01
6.248367261542664863e+00
6.479199484580681734e+00
5.505085123253912194e+00
5.296617125074370769e+00
6.122251061304798014e+00
5.830945517132184897e+00
6.124701191643678655e+00
4.579208740682549461e+00
5.089434787946362171e+00
5.807295105935387447e+00
7.625941368103771045e-02
6.193299460342637452e+00
6.666990211995494242e+00
6.011082939890495247e+00
5.474626111136308815e+00
6.737503633955046922e+00
7.959843836443634579e+00
5.493276050149378698e+00
4.004248543739486799e+00
5.248073895214896284e-02
5.900328970136938800e+00
6.126813985263403206e-02
2.317091255552969076e-01
3.264842606284333648e+00
4.738771001284699302e+00
5.298850821592635540e+00
6.275748281478086277e+00
2.443077676180285540e-01
1.946068258642802140e-01
6.300015148111008934e+00
2.381945008956602994e+00
1.921740591869202763e+00
1.969562850462219794e-01
1.305217975574382017e-01
1.640004008882194886e-01
7.319304352359800703e+00
9.193122702985784045e+00
3.029279940664676207e+00
5.878449042069725294e+00
8.530980480351765816e-02
2.026853157780893755e-01
6.084501757872272876e+00
6.069340339797365758e+00
1.624859907145481897e+00
6.462969474984782359e+00
7.070057092914555419e+00
6.357322359534293810e+00
3.975201830807146397e+00
5.353740906757890272e+00
1.979148987290963446e-01
9.486937892243609838e+00
6.668077859371229543e+00
5.303243942552869683e+00
9.480358762502994807e+00
2.807553952948128373e+00
5.251345447946482281e+00
1.418892956773128156e-01
1.038195600803195062e-01
1.939129985601284911e+00
6.387486625810358198e+00
4.816032796825679085e+00
2.550696678963954245e+00
1.143136984751244034e-01
1.372275415650395236e-01
1.862622619645425637e+00
9.719142167256675791e+00
6.542842540870919876e+00
8.798163077815482680e+00
6.722297819040512046e+00
6.971114555635147703e+00
7.920445243911918176e+00
5.264113735537492289e+00
8.200048921806786240e+00
9.720292148757263107e+00
8.114089202364348219e-02
5.962253081071064109e+00
3.090230874077114720e+00
6.762635381832190262e+00
5.211839656399664733e+00
5.657452786257808341e+00
6.536967805244196406e+00
2.061784378465568723e-01
1.127301643903858702e-01
3.928838536708430251e-02
2.200652911035465842e-01
5.700537520372300548e+00
7.801228700076420775e-02
6.281634281266733844e+00
6.257918202916417982e+00
9.253841049906290195e+00
8.710635931317407821e-02
6.193190904127384044e+00
4.501841726437609548e-02
6.694522577935077656e+00
1.310634042834270541e-01
6.352427939625672870e+00
1.565248715489550857e-01
1.471855027516413006e-01
6.887425110626939961e+00
7.804116867112625755e+00
6.094480526569544310e+00
6.452613834500557644e-02
5.400787244937354181e+00
8.288712261179391305e+00
7.106800824864017985e-02
2.956895871117565244e-01
6.029907240961114745e+00
5.403611506595298764e+00
2.806214278019240616e-01
2.251560693866051788e-01
5.307232655100238894e+00
6.865991955960333293e+00
7.979371692370458569e-02
6.345160410176559296e+00
1.252013497619861582e-01
2.620523406574110759e+00
3.546389997565493890e-01
1.421298884856969202e+00
4.482761917586763900e-02
4.205501399298418264e+00
5.813398113191639460e+00
1.671169907440130276e+00
3.325129087427013630e+00
6.949538965981654215e+00
4.432373483719188378e+00
6.077121451831999366e+00
4.093129894312289019e-02
4.417178291091428122e-01
1.654292186847999835e-01
6.338011867680021894e+00
7.221089808758128115e+00
6.110119615680168259e+00
1.713873809539407655e-01
1.879823499243004348e-01
4.569726921290453436e-01
6.108530534119950062e+00
5.550680450590312454e+00
1.110309766076033600e-01
7.786344416524684675e+00
5.717259252550798365e+00
7.438098450975984655e+00
1.353946799707407833e-01
7.770866118217877039e-02
5.520803368348303763e+00
6.556521275458558229e+00
5.486030449447169666e+00
6.397519489930687087e+00
1.513157136364644828e-01
2.096042795552982785e+00
2.499981268356913644e-01
8.535589868858528551e-01
6.028577600788581847e+00
6.262957690466505412e+00
4.177886783175247309e+00
4.226324988525380633e+00
6.222270816071192812e+00
6.900426651817387125e+00
1.804688612636307088e-01
4.236260484506706309e-02
7.540216466366289616e+00
7.340058891852581979e+00
6.448490858386603186e+00
6.304028381144287430e+00
1.023574476352390045e-01
5.858210319236169639e+00
5.308095221880123837e+00
5.648258588453842322e+00
6.526090978680865184e+00
8.135785987509802197e+00
6.741860674659323927e+00
1.319617082627773663e-01
5.761126582642062566e+00
7.117117489756286552e+00
5.633019720192535829e+00
6.094281722665305878e+00
4.906241428882134770e+00
4.094647543523096900e+00
9.861547722723821963e+00
6.443789048957237142e+00
5.849277616158355286e+00
6.134327145515596769e+00
5.773091164844880829e+00
5.819984586873659715e+00
4.600759501621928815e-01
5.760981491921771891e+00
6.215015504381357303e+00
5.516396844289856105e+00
5.867912239297431221e+00
5.020348461156426190e+00
5.528560001561160675e+00
1.333802379798584070e+00
6.744858712301662784e+00
6.324619422129275748e+00
7.529539770162545498e-01
4.102587532429229356e+00
5.478672645145334918e+00
8.372290062625490137e+00
6.850832229560203324e+00
2.862245342571063667e+00
6.288779115342953974e-01
6.205576064911244139e+00
9.313728407520228958e-02
7.651663377927265808e-01
4.040546106954169547e-02
5.992903397190156412e+00
2.853441841860716366e+00
1.396331857470680393e-01
5.718367331289917033e+00
5.797685894858044975e+00
3.240954549746060120e-01
8.798164614180203458e+00
7.261642362542341189e+00
5.691451662992607297e+00
5.580134613928105836e+00
6.445534683387549535e+00
6.203398213808537065e+00
5.804894927842654817e-02
8.546958149778495439e+00
6.743502179716848843e+00
1.292945291488947213e+00
5.870937921383082708e-02
5.449932499653598050e+00
6.166874091867956764e+00
6.853218263997946924e-02
2.081365482217097385e-01
5.650322409294312287e+00
1.895813589975274549e-01
4.021384532632222175e+00
5.632150196972636635e+00
1.484557664193691950e-01
5.131812389977870481e+00
8.288786401682249338e-02
6.355636805799555589e+00
6.003987346516761470e+00
5.939315374984507123e+00
5.900351030914069428e-02
1.179064882363704131e-01
8.164645336267267739e-02
8.429753720300620090e-02
4.566633208682678580e-02
4.461804863094502582e-02
2.379357560503334856e-01
6.975346980610473757e+00
6.154557506061226313e+00
5.597642187146476545e+00
5.552017956541710042e+00
6.485152104192766664e+00
6.598316157863155951e+00
3.204907230979115451e-01
1.460029754310388783e-01
3.281247598064090720e+00
7.213456907256075468e+00
5.482332885644099818e+00
4.659864347814334451e+00
4.628363104341574719e+00
5.934684928847146212e-02
5.703088173529837768e+00
4.176967023720632444e-01
5.112212440748732156e+00
7.080937807567710074e+00
9.534959387159623601e-02
3.433441100139510205e+00
2.835994686908144824e-01
3.463331890136517988e+00
5.426356072671074671e+00
4.002224733790125250e-02
6.845130549710593648e+00
5.173816731940879959e-02
5.748764688397962175e+00
5.889886761758777567e+00
5.950367424229178859e+00
5.995835591175145751e+00
8.430981178656724140e+00
2.794919225685634334e+00
4.079327959445044449e+00
6.397341882572609606e+00
6.114070978205291773e+00
5.926476830720024402e+00
1.085859272175093926e+00
8.154329560986076642e-01
4.333897175377579569e-01
1.494530262175436386e-01
6.278531793038968356e-01
5.820751246596021389e+00
4.449924001873454271e-01
8.794356524018752452e+00
4.769496579643871748e+00
1.372839410505855562e-01
8.947766417158099728e+00
5.250887552160305588e-02
4.833557363931614503e+00
6.977341873949831630e+00
4.086950620567149639e-01
1.152166617388995090e-01
4.001677896857391836e-02
5.434299705104741030e+00
5.997570665702548709e+00
1.515780005097707162e-01
9.619431221868145698e+00
3.748671006268593925e-02
5.328410385687566198e+00
6.493394708082897426e-02
6.367971254185842866e+00
5.615957609859219962e-02
1.344069374808128714e+00
6.365963382692077510e-02
6.428845823520769720e+00
6.884773410390492010e-02
6.479198912214591211e+00
3.915747111735756736e-02
1.142160216211783041e-01
6.192631327952525383e-02
5.195743480635319322e+00
6.915149928690834003e+00
2.966409883025425409e-01
6.565550284866819908e+00
3.672594725310751151e+00
3.910334445985402807e-02
2.179305032364684258e-01
7.785921894429916001e+00
2.669066990318487154e+00
5.991419970076674595e+00
4.729010874233353867e+00
6.624996912105464375e+00
6.199497709758870378e+00
9.452781180574398867e-02
9.287335822178873102e+00
5.810116439325397231e+00
4.228627537672142722e+00
3.806724862292853562e+00
5.582933680043983493e+00
9.812219222714267275e+00
6.117565204032810122e+00
1.142624786270715065e+00
6.045257614447596239e+00
9.348730342735843024e+00
6.727324031985969732e+00
4.282623438031617491e-01
6.063037747137095757e+00
6.005122919910038881e+00
6.632990568679101528e+00
9.238770799734542294e+00
7.425248040811540662e+00
5.306759376582372706e-02
5.317817924542124430e+00
5.389619535862658850e+00
3.632664722416847347e+00
5.610719410828660436e+00
6.437830279308650816e+00
1.871466927409602410e-01
6.081854132981661998e+00
2.747845034302010436e+00
8.304871117290845817e+00
4.715976082282080206e+00
6.303389455952205012e+00
6.313976204185181906e+00
7.832647338466841580e-02
1.933169951595339331e-01
6.941405156385910047e+00
2.935526880048773712e+00
6.932749718246363102e+00
6.112509679275535568e+00
8.063474603236818083e+00
2.824868116636161108e-01
3.933110366990398565e-02
9.327457155281944523e+00
5.629696339468634569e+00
5.457855453088874320e+00
9.617818608874703301e+00
8.693465972908882844e-02
5.730033760662775144e+00
6.139108026480394997e+00
5.720356156641710932e+00
5.802968643566991602e+00
1.284150944481030621e+00
5.569249917923093207e+00
3.414367605857413501e-01
4.606208441102922768e-02
3.588405939648485088e+00
4.588128214353171669e-02
3.007260945118383155e+00
3.196365779166606469e+00
4.199061640338371815e-01
5.525689309225237267e+00
9.295354037944010273e+00
7.917136165098541234e+00
6.037533248339688186e+00
7.088250884920363482e-02
2.656011371236498553e-01
5.232602404742198871e-02
6.099851583146967293e+00
6.363889897813987950e+00
3.474068097369025221e+00
1.110626171921569039e-01
5.883427985216281186e+00
5.791785379546143808e+00
8.149172844024610285e+00
8.971712813009276033e-01
2.055131698358988457e-01
7.192789898188731712e-01
7.412838392937247889e+00
5.799128257862533609e+00
2.087600397670373642e+00
5.099055548932835080e+00
5.146084628470887878e+00
6.291513276017563605e+00
5.700158326290608812e+00
8.701600496330277879e-02
6.246635971568885282e+00
9.763046202807569296e-01
5.795623109601168110e+00
8.582637306198579452e+00
7.145511736522102808e+00
9.262965277506349238e-02
3.940067418239261848e-02
8.985193835263475037e+00
5.491485050434865123e+00
5.788953170850506424e+00
6.230066692753231550e+00
6.101268278843376969e+00
5.732269310086971714e+00
6.258575425209997323e-02
2.480844896281984568e-01
6.818373592269301453e-02
3.514043564365385008e-01
5.219479486277257330e+00
5.942304689517739824e+00
1.287281997119857635e-01
8.183403291674114399e+00
6.000945621015737252e+00
7.016877591301838635e+00
5.086521588258636345e-02
2.255094870639966775e-01
7.480719335014258675e-01
6.592063177707984778e+00
7.689720945243992967e-01
6.229365695485403975e+00
5.844249631887279972e-02
6.438681233685385585e+00
6.479705774335108082e+00
5.941965989764181444e+00
3.220174342567065917e+00
6.095677667580230441e+00
8.499615637159521953e+00
1.279972187888043789e-01
2.017901673530263507e-01
5.447360401744213654e+00
6.506463025297244684e-02
5.847251509920081247e+00
4.713315986680818859e-02
8.001720014497601952e+00
5.695167197778915558e+00
6.496969320569670359e+00
6.126261087074600376e+00
7.601805615143617523e+00
1.380007966096295779e-01
5.874661871882157271e+00
5.207312903272532267e+00
5.497476539750885127e-01
3.102382549425214187e+00
4.674738724308419080e+00
5.339691928268017307e+00
5.601684608507133234e+00
7.886782552300287963e-02
5.382357707305776451e+00
6.489870954514055157e+00
2.999882672582553145e+00
5.633085383223274817e-02
6.750994138514223586e+00
6.105823392785348247e+00
8.886923462072555957e-02
1.736308442028428878e-01
1.837053252408444193e+00
6.167587094041754980e+00
6.654771702536542433e-02
2.810665391219731912e+00
5.366870889411198831e-02
2.736126562036694132e+00
5.174734590393344824e+00
8.370330068066859752e+00
3.102097898987496549e+00
5.856097999284201272e+00
2.180180485128080103e-01
2.780680752690204427e-01
1.994773995958377122e-01
6.147834458250289735e+00
3.916703164439088586e-02
5.187986120997879702e+00
6.481516876060778642e+00
1.597284401422464917e-01
5.741182581801593798e+00
9.471095050934454918e+00
1.793495220749942165e-01
1.118873975720154623e-01
1.253328516783236424e+00
3.736347616141546979e+00
6.470338579548081448e+00
7.002383071939465964e+00
6.017747729143438917e+00
6.439230988257586219e+00
7.084826905923026885e+00
4.649251860744157305e+00
9.546558018846463156e+00
1.827729605208755215e-01
1.823541675088869163e-01
1.552398343638079492e-01
4.560428916820181977e-02
7.238459850436147758e-02
7.082994049586299745e+00
5.277250245293306108e+00
5.455999926134950245e-02
9.909964794062245730e+00
2.090935677442894658e+00
9.739904542109057317e+00
6.342477400705035961e+00
5.433750405126185068e-02
7.436691504379889794e-01
9.703711313410116890e-02
2.444743364462660107e-01
6.912168686599364342e+00
5.984728058904484893e-01
6.371315204187026460e+00
5.526727312300268480e+00
9.058609039676614572e+00
5.711925154259006376e+00
5.882659409619835245e+00
5.418687182366816124e+00
4.334416097363589238e+00
5.507996390740431458e+00
6.881596499587057991e+00
4.801216204055395315e-02
6.626988231779257887e+00
8.317959937623074396e+00
1.225867533789820385e+00
4.903304380985195721e+00
6.085842562628346109e+00
2.844052515652096269e-01
8.868677385133842961e+00
5.936019672021796367e+00
1.593270801229395572e-01
5.144352854414574239e+00
2.450781764856660994e-01
6.275598734226947251e+00
5.782623991282315190e-02
6.138358463818554434e+00
4.327845637812474777e+00
5.896257774665847329e+00
5.359045134458954251e+00
9.992212584891529303e+00
5.798721572514049960e+00
5.380084334047236183e+00
7.499376823414616311e+00
2.122158298018373135e-01
8.353000305693298877e-01
2.075302889449996968e-01
3.054851163209508780e-01
4.459219494875058670e-02
8.998557647478078181e-02
6.228902656239764468e+00
4.080419536839806072e-01
6.205922067936774589e+00
5.944553917724652692e+00
3.714630733934159768e+00
5.813964430152413598e+00
6.125422756511394340e+00
7.183698548049835431e+00
6.036878651898961223e+00
5.938624870125379651e+00
9.875927969907236204e+00
3.159939780653022168e-01
4.721419595148850235e+00
5.815694309442754673e+00
9.297294320075222274e-01
5.727587553240871543e+00
4.690545792215873533e+00
4.027664649540214220e-02
5.958789163611252881e+00
6.324369990687342735e+00
1.172181555831060262e-01
1.743140296083288965e-01
9.814738749088959935e+00
5.585215406062276955e+00
3.157102284206109388e+00
6.342380579138509056e+00
6.234012422830767619e+00
6.038664508256824881e+00
3.097897450451511325e+00
6.267236244442829118e+00
1.181627092598192263e-01
6.246361475798804186e+00
5.677415733857592350e+00
5.098525156984588413e+00
6.319769506539320680e+00
6.741405312384630977e-02
9.862119081166556556e-02
7.507532993354466555e+00
6.631891646912887239e+00
6.309188287576467324e+00
5.816312507345821281e+00
8.393736423105925548e-02
6.552671144335409092e-02
6.592869668973539987e+00
1.756263237258242738e+00
6.105408543616261063e+00
6.889110908171569569e-01
5.576167019431639282e+00
5.200003972943863934e-02
7.244653939486081384e+00
3.721329828687434671e-01
1.528687368874062924e-01
6.355358421928955615e+00
5.726205047825251526e+00
6.333527070403130455e-02
6.549360496598643167e+00
1.046385445749911935e-01
5.339645131587110460e-02
5.969413818626176038e+00
4.241904695779330048e+00
8.436412003028634032e+00
1.470548205840381595e+00
5.435486968086030934e+00
6.786268519007630395e+00
5.816801541365172135e+00
6.327791295752802192e+00
7.274449464088095674e+00
1.076675987851188065e-01
2.429215076688674424e-01
5.685353487924542648e+00
5.737132448005390906e-01
5.990150389799214992e+00
1.364393691300728462e-01
9.345491818745411905e+00
6.565817625779404310e+00
2.398168843644792048e-01
6.072412715895509017e+00
5.512128028229004717e-02
7.692405414264150032e+00
6.603322868749264885e+00
6.067590691896888877e-02
6.691085199265701000e+00
1.227426410428548720e-01
6.380453634918461070e+00
4.452665503360222488e+00
7.800396632310252265e+00
6.053260083290441074e+00
6.999377334981105037e+00
6.283880811271150613e+00
7.053265381365594888e-02
5.022728865443786717e+00
7.857139321302528678e+00
9.027071970270464374e-02
5.418531188038834934e+00
3.445782402207433037e+00
6.218591566674446014e+00
8.699832481246778215e+00
5.640358688100634232e+00
2.036188660634298819e-01
1.782558196382948434e-01
4.384973066061397806e-01
8.619085263414516529e-02
2.539361649296278944e+00
8.093025218041107749e+00
2.271885979922365628e+00
1.779926870889895429e+00
4.446606900330298817e-01
5.412746526307667061e+00
4.351425200288033812e-01
1.032195862659825020e-01
2.637625538464474673e+00
2.093499925659662864e-01
2.355422915589951760e+00
6.118349920251800356e+00
5.308386562212601412e+00
6.308909516538654394e+00
5.832963474794780723e+00
5.706729159587156097e+00
8.511574274213840496e+00
1.355915745121702987e-01
4.421585417272933860e+00
8.339688208451821794e+00
2.272451514340083634e-01
5.965981800867028007e+00
1.860877725407724448e+00
1.458662618859340787e+00
4.887255386811214380e-02
2.701247555796933431e-01
6.501725692553797842e+00
4.150130735325077147e-01
6.466473867976032075e+00
6.041480500290551170e+00
2.085362752871740888e+00
6.438329645678307678e+00
6.144422594942805738e+00
1.890621203357150670e-01
3.753498686509424559e-02
2.480812997424592381e-01
4.712350194708937734e-02
1.233742429854632477e-01
3.066399666985373251e-01
5.992139887593348618e-02
6.499207220149774145e+00
5.907697405809947178e+00
6.182314541279333220e+00
4.365823822050205472e+00
1.061152666341498296e-01
6.412583524442942995e+00
7.963724573681785657e+00
7.065540119662276630e-02
5.733846100896106357e+00
5.410363725162396165e+00
4.083073878094757525e+00
8.491228084863740477e+00
5.671167848342046902e+00
5.751728758471363889e+00
3.575850608204892200e+00
2.171645310917749594e+00
5.902173008665681841e+00
4.113769732683429048e+00
5.503252249280206954e+00
5.750404442888850554e+00
1.396744039562651363e+00
1.363065843769453445e-01
8.074414707406727842e+00
4.907644176700987515e+00
6.105416909459482344e-02
8.690098950766309116e+00
4.256339102750920922e-02
6.457898185698029536e+00
5.809785210172594555e-02
5.755818628560398942e+00
7.649446046169206426e+00
7.201305515527173462e+00
9.627686473537259815e+00
1.089632487439008868e+00
5.618186640191401793e+00
3.737248252845640772e-01
1.604235730464115495e+00
2.236260087587573775e+00
1.915434779630194873e-01
6.355443594025768306e+00
1.068931489976061994e-01
6.251153743054441492e+00
7.128834954112411859e-02
5.394508546112628089e+00
4.530743993126156582e-02
6.311696298712724307e+00
1.274008882911269736e-01
4.731576560415266641e+00
8.533700688420092106e+00
5.652875665841477826e+00
8.366655177176982150e+00
6.426520397640210547e+00
6.479562015273734765e+00
7.612742199504662466e+00
6.112833729217608258e+00
1.605319765277843091e-01
5.007702656869922109e+00
2.131357604706845876e+00
7.066071644788420869e+00
5.725652795024275044e+00
8.403113801969846364e+00
8.548972642827203094e-02
6.181310112235586907e+00
6.001304492645465949e+00
6.097997385384967828e+00
5.344182876024751172e-01
4.860779043819297485e+00
8.597654530767780301e+00
7.645910366657841795e-02
1.091671101729643906e-01
4.955401620945933949e+00
8.317007510716296181e+00
4.672855088284120662e+00
6.342922656656602598e+00
6.010065178030754574e+00
2.159805112276923511e-01
6.037261748102463327e-02
1.590781477930630905e-01
6.133425523586876871e+00
5.306254708373456253e-02
1.630774986441087815e-01
6.432084128367838716e+00
6.323581067204402828e+00
8.166315249872047488e+00
9.379726978369729906e+00
8.045994962167371867e+00
2.024093193303496963e-01
6.066828682927882355e+00
