9.015184908289799637e+01
8.847691601032664721e+01
4.230921195449882788e+01
7.501603480996237749e+01
3.490879642205199929e+01
7.672434140297315253e+01
2.083888251548021344e+02
3.172186967481447937e+02
2.904998420500231759e+02
2.063988434153643254e+02
4.446183156029375994e+01
8.919018862011009219e+01
2.801952501587398956e+02
4.499904099050463202e+01
5.365478143554123136e+01
2.963683414285683284e+02
4.579142515004565439e+01
2.984747299213379392e+02
2.721446423737655778e+02
1.513647588495317677e+02
7.055255031669972254e+01
1.020623010364420225e+02
7.696369413161801276e+01
6.681864229077632444e+01
1.061851002344101289e+02
1.514841189806910791e+02
2.129595377894774515e+02
8.514146105044630986e+01
1.913819698871619437e+02
1.101564902406998669e+02
7.918608642640457163e+01
7.711951823333123457e+01
1.982727716793608295e+02
1.193386812170709845e+02
5.865177300791958714e+01
1.965233373111363164e+02
4.459491376962552067e+01
3.077277768796693636e+02
2.746779558255884126e+02
2.022165269741669533e+02
3.063949364410253793e+02
1.185912210091663326e+02
7.973480178805255036e+01
3.135613935525649936e+02
3.124062480576822054e+02
1.500877811240474955e+02
1.069176926802068266e+02
1.943060721735307936e+02
1.109528409949626990e+02
3.450851718992919359e+01
7.669339786969574391e+01
1.798352828835451760e+02
1.970920500704680478e+02
7.424749598178524934e+01
1.700583271981818143e+02
2.551114101713499736e+02
7.631006242581460697e+01
4.788478865712108501e+01
7.554211773841265654e+01
8.888120754786231714e+01
8.577501008181637587e+01
1.954885521970141156e+02
3.112561026736000258e+02
3.028128163985001606e+02
4.076245961335535384e+01
1.011705813311042306e+02
1.925700447980664762e+02
9.564773706490132099e+01
7.650725567414812645e+01
3.579739156820033372e+02
1.305854332774434852e+02
2.114475311631028660e+02
2.092599914634106710e+02
1.985668029231516698e+02
3.453550965819441672e+02
1.141557848225316576e+02
1.248828250648181069e+02
7.368422339329956117e+01
1.581855451273980506e+01
2.818812745691604960e+02
2.022685119098221946e+02
1.465391842238622644e+02
8.999991819378959690e+01
2.176421760008983881e+02
2.594526426380871342e+01
1.269211830871980879e+02
3.082890460385752931e+02
4.501862631498596556e+01
2.060731405408254204e+02
3.088548518010276211e+02
2.034389548987085732e+02
2.961683063557032369e+02
7.869842252342219524e+01
1.064475028329152053e+02
7.675091702846479791e+01
2.604570620611420750e+01
3.213222172192212156e+02
1.302715996940495131e+02
1.508186657340590671e+02
7.459554038287826927e+01
3.021688317435821887e+02
2.893806089500547500e+02
7.378637557270486980e+01
7.470983606190955584e+01
1.164382120821836679e+02
1.091800450800188713e+02
7.573785551795803883e+01
4.603845665677428656e+01
2.956922020946475982e+02
7.709244589509593482e+01
3.238786508349601263e+02
1.182617413091188894e+02
1.927891140175147200e+02
2.178535031273398488e+02
1.797204053281621157e+02
2.982862255991686879e+02
7.609563353681362230e+01
7.175804834517175834e+01
5.333587609394469808e+01
7.546864663750351099e+01
1.254950801933728570e+02
2.143475117577844458e+02
7.588901953341371609e+01
1.253412470538930705e+02
3.120346581652187297e+02
1.994511456494955723e+02
2.926446854342416373e+02
1.332628367527207445e+02
4.491035353839356503e+01
7.177111276419185515e+01
3.166399159914049051e+02
1.114410957718202724e+02
4.176032397080056313e+01
2.926778565203018729e+02
2.788915930069833848e+02
1.839169743737909641e+02
9.756357850826594813e+01
1.271046644592503014e+02
2.092997523375691173e+02
1.133464286174718580e+02
1.207971226486798741e+02
8.271988060884400795e+01
1.945191984109432610e+02
8.898925364146262496e+01
4.477884846741110181e+01
1.018386704972172936e+02
4.256883088954875660e+01
9.504697873108935369e+01
4.923889748587318849e+01
7.125783758821617653e+01
8.143017092238117982e+01
3.098455172709834073e+02
1.918999942076690957e+02
7.350269646600975193e+01
7.221050658484772100e+01
2.915608511800805331e+02
4.695195602773412702e+01
3.232589250270723369e+02
3.491346976528290469e+01
7.518777683752240648e+01
4.476603121231406135e+01
6.876924806301521187e+01
1.936356824027388939e+02
1.953682063600248284e+02
7.436381098569441406e+01
2.239353222401533685e+02
2.236158478746961293e+02
3.439675515938306205e+01
1.299534396496644888e+02
7.376830995247934197e+01
5.059153064856014481e+01
1.963182101218587547e+02
5.395533180922588201e+01
1.778910270461519474e+02
6.629678140321372837e+01
6.907359393990509489e+01
2.164320789731837351e+02
6.879808082040915451e+01
7.094713137056413643e+01
3.245894991523153976e+02
2.893807467945375720e+02
7.338709153043697597e+01
1.392317168951644248e+02
2.003719686519860659e+02
2.837198662760221168e+02
3.250181783490011753e+02
1.465670469110673082e+02
2.109727514276495413e+02
7.692960800596455329e+01
7.233911683245517565e+01
1.222353807673313497e+02
3.169139440732737967e+02
2.044810476798218986e+02
2.917697497655803929e+01
5.788428226732982296e+01
1.319545291480522735e+02
1.853117984652068628e+02
3.207837408320070836e+02
4.690872951045294315e+01
1.765146294043713056e+02
3.270945082382287410e+02
2.378586131706550191e+02
1.890969708348613665e+02
2.685916780606632415e+02
4.732839296447573929e+01
1.105392334148833413e+02
1.719749831784091896e+02
2.858156483570616615e+02
2.062538747422549363e+02
3.514186280001808314e+02
7.122450358194515729e+01
2.246843223253528379e+02
1.883559288400342382e+02
4.464121734790627727e+01
6.992238168359739348e+01
1.393607015797300903e+02
2.074567409838841172e+02
2.222480425473936805e+02
7.971242032887386131e+01
4.539929453689620686e+01
1.956641251133603419e+02
1.076017798049908549e+02
7.726377547259613721e+01
1.276887052032699010e+01
3.047542672168078752e+02
4.546306868735022988e+01
2.030625854940045372e+02
5.860068549359387902e+01
2.857193404130056820e+02
1.003584720144602471e+02
2.016899011312759171e+02
3.115746050906831783e+02
2.690830658610656769e+02
8.191270932897583634e+01
2.569202563399537667e+02
1.952295813258708961e+02
2.861388703488985357e+02
3.382142424463264518e+01
1.992688512165305781e+02
4.240115345476505126e+01
1.988519929070128001e+02
2.619051820222039737e+02
4.248215808300984264e+01
2.110015326824845943e+02
2.809911651033692692e+02
3.226110462428663368e+02
3.006723488004073488e+02
1.242130562633759467e+02
1.951264284622951379e+02
1.766017772365730565e+01
2.128783134881419130e+02
2.047456043545786599e+02
9.978565490216276146e+01
2.956258957281706330e+02
2.722597714869905872e+02
2.042139212390865453e+02
2.600950847522117897e+02
1.643567282681304391e+02
1.837519969445446009e+02
1.557207684723284444e+02
2.199782239363596545e+02
3.917269046089560902e+01
4.561162975903214800e+01
2.864780038803774573e+02
1.625687288231161887e+01
1.160215360909456876e+02
1.847546370010378212e+02
1.930555700828871579e+02
7.302309949525478316e+01
3.128398328584561341e+02
2.219060725290100038e+02
3.162929032282857520e+02
7.807725083769463481e+01
1.244820154209378558e+02
2.008343502996590075e+02
3.398506938292521795e+01
2.855731103641522850e+02
1.779068691236126938e+02
2.989926102083704222e+02
1.266998355404257524e+02
1.765410735939960034e+02
7.367522201726788467e+01
7.372738071995250664e+01
2.076516036671267784e+02
7.636272653217162087e+01
9.488149375330209523e+01
1.964958088016081490e+02
2.742422322321623440e+01
3.319026121574736408e+02
1.927206368231491354e+02
7.950824258904664532e+01
2.785295542837525318e+02
5.977295152015437196e+01
1.721670046379125267e+02
9.637904785930584239e+01
1.662969313431218836e+02
2.085224840336910290e+02
1.902001975333826636e+02
1.384738036370506791e+02
1.680151665457566992e+02
9.182916202525035487e+01
1.891434074971461712e+02
2.307792158313540369e+02
7.361222933365850452e+01
4.454743633147567294e+01
7.861818221531653705e+01
3.424962151995546122e+01
3.099805986352222931e+02
7.703896865384191983e+01
8.306636901128315742e+01
2.108286158889814033e+02
1.437391447045842767e+02
3.321444399447838123e+02
1.899939078355966444e+02
6.281011058773874112e+01
2.510049877914521517e+02
1.957229669519123263e+02
2.149334444361216754e+02
1.237443789203215090e+02
1.876412737733575682e+02
6.103210871168197116e+01
1.967633794749982030e+02
4.395554853563367459e+01
1.962663278409822567e+02
4.646519734132687063e+01
2.899269607066519825e+02
1.072108506208205085e+02
4.453117120217544311e+01
2.946401450381272298e+02
2.297645122692842392e+02
1.797080883369773403e+02
1.521837306013524653e+02
2.002741031698970744e+02
3.220492343965116220e+02
3.241019173185226805e+02
2.893616077741208414e+02
3.683540133560012464e+01
6.341104110263832894e+01
3.004757880040065174e+02
1.166712234252502185e+02
2.177068838095146930e+01
1.960815415341470498e+02
7.368794633417768125e+01
1.067492855663000455e+02
2.998072791531894836e+02
8.316607514537783175e+01
7.732042972739417053e+01
1.419472952375339503e+02
1.011419618656705524e+02
4.327684824906018690e+01
1.043076631087616022e+02
6.829305681843163711e+01
3.067625759266255727e+02
3.133342319250533023e+02
2.983448086065754410e+02
4.469438727417496438e+01
2.562606326673441686e+02
6.257036789931990484e+01
2.178971000210145235e+02
1.315395933860320952e+02
2.045391852053926982e+02
1.988153580220924255e+02
1.165489851363616793e+02
4.546665167307313737e+01
2.248185485118243605e+02
1.472291421923154076e+02
4.540433832609587483e+01
8.649415098843824978e+01
9.893303731080710861e+01
2.991938617974806220e+02
2.054680307543485185e+02
1.628277809701108083e+02
7.630562348021227592e+01
1.313692924726147453e+02
3.165251428694577953e+02
3.484403223446611264e+02
7.787050784112820168e+01
3.919352094420765553e+01
1.959527093313080854e+02
7.691667227190073675e+01
2.953823823098883850e+02
1.984464106132277834e+02
1.827768014184091783e+02
2.249270229862523536e+02
1.532434566521091881e+02
3.094496717267885515e+02
1.654813155334414603e+02
2.030760764791253905e+02
3.501605828135280376e+02
1.673847838335592542e+02
4.372827530153032427e+01
1.845366975572544277e+02
2.699862097373617758e+02
1.504868280641921672e+02
1.870559884599290683e+02
7.056599899943276455e+01
4.923468016208366826e+00
3.169817902252710837e+02
7.839040523674061944e+01
1.701948142133083479e+02
1.432846364657891343e+02
2.993193031117667147e+02
3.938657293290181087e+02
4.534007689668637653e+01
2.085273675655745080e+02
2.066947998219262956e+02
4.439723294612403492e+01
9.243428915171077165e+01
1.153678514917533846e+02
1.816842655256670582e+02
4.512975075877646702e+01
7.419591070893095264e+01
5.348444032963649164e+01
8.922365454256633654e+01
7.623248196277783961e+01
3.045987244683657877e+02
6.583248724288863230e+01
1.854286932083942361e+02
1.704722496254886721e+02
1.020734210750322717e+02
1.790657473254080401e+02
7.646976485826060355e+01
5.817126482779729457e+01
7.439599412432072256e+01
4.740689400416126631e+01
1.886245765338664171e+02
4.411985694586545748e+01
2.194233382370522918e+02
7.691108559023423652e+01
1.236576229238200710e+02
7.430568586607255099e+01
4.056812111776671514e+01
2.017888639918623994e+02
8.263124327468106856e+01
1.100182470319224564e+02
7.506784645227928365e+01
7.587906462232564309e+01
1.639867045111704869e+01
2.110265296474172771e+02
1.260959029047187556e+02
4.641089951806375069e+01
1.599630488439897249e+02
7.336302896940426876e+01
3.258188566697530746e+02
2.301873013145593916e+02
8.219790656680011409e+01
2.068551194650632681e+02
1.174109421627473608e+02
5.724985249459365377e+01
2.141153295942468446e+02
2.605989418721379138e+02
1.946799428465733683e+02
1.923429836182141344e+02
1.449664203884676681e+02
2.010676959960770489e+02
4.581342176031203195e+01
4.444547538097781114e+01
7.493795349804715045e+01
3.818134428570289174e+02
1.195008815523650441e+02
3.386307564662384095e+01
4.058410387793969676e+01
1.996999421588485575e+02
2.014126337309955943e+02
3.128059735916500017e+02
6.397928336556081774e+01
2.566895917351268963e+02
4.153861424582683526e+01
1.132307169293592608e+02
6.314894295910578847e+01
2.014781178414925762e+02
3.673241931735325494e+01
1.150321828885970916e+02
3.343803193077297351e+02
2.772346300402554107e+02
6.430240290089521693e+01
2.018248816085732926e+02
7.878428949683758731e+01
1.179723463539707069e+02
4.403642176547118225e+01
1.983599730528279963e+02
1.796425185203263197e+02
1.744758076156692539e+02
1.246513085165214960e+02
9.547547787640556294e+01
8.448817876508208258e+01
4.547959305626631732e+01
1.313820137350761286e+02
1.892213330013208861e+02
3.031511434686173061e+02
1.338698604447992864e+02
2.119972279385616503e+02
1.755551538246690768e+02
1.784433219489104658e+02
5.221724558589750131e+01
1.716680434985797206e+02
7.405997274623116766e+01
1.063493436979558311e+02
7.724349219159051927e+01
4.796041702048303534e+01
1.731293395277541265e+02
2.275769241852614186e+02
1.663703072630823385e+02
2.112244439530325621e+02
7.203472764451791477e+01
2.924243040611626725e+02
3.013632802606728092e+02
2.094603289129261157e+02
1.016483422579957221e+02
3.294966023532388704e+02
3.126771449290335454e+02
3.094572029330598184e+02
1.238445153539589683e+02
2.948184185852533190e+01
1.368678860918705311e+02
4.527509243189517463e+01
7.168866974340673437e+01
9.617254514162954138e+01
7.685328080160509501e+01
2.550312812077813476e+02
1.069299197911860944e+02
4.233342823845254799e+01
1.731528801531065085e+02
7.603673487507590778e+01
7.160531443778380378e+01
2.061278155904944072e+02
2.823728168402884080e+02
1.235572035040840859e+02
1.933427193963952107e+01
4.621231523789804641e+01
1.176777711019219765e+02
2.814878308097725679e+01
2.848463648583352779e+02
1.004341982347387159e+02
1.461452134441394719e+02
1.825398553736252723e+02
7.907345925567176437e+01
1.202196092496508015e+02
1.602017508890369299e+02
7.261865213833291932e+01
4.143190661203372827e+01
1.867772903026392441e+02
8.047151207744848023e+01
1.871537193181374903e+02
2.874622578134932951e+02
1.988710798831686475e+02
2.270360559066108124e+02
3.730585074763023101e+01
8.213637120467454622e+01
1.939944879423422890e+02
5.420758515781569287e+01
1.060578149382944986e+02
4.410125325197888202e+01
7.946201124363835788e+01
5.777781536035795540e+01
1.719202556276909277e+01
7.454119345533287344e+01
7.405473228212945003e+01
3.088839553959912223e+02
4.363896457683918584e+01
2.589066915836601197e+02
3.104451365427488696e+01
1.909750909698973942e+02
1.969007742311487732e+02
2.005657622045042103e+02
3.071508247013982214e+02
4.388713475160267308e+01
1.121996508748272419e+02
1.226481116462300918e+02
8.441066547667506370e+01
1.229751527238358051e+02
8.288515258130030361e+01
1.494389429245881331e+02
7.827752768485045465e+01
3.214241678141466991e+02
7.591114753452485786e+01
7.288913636910996274e+01
2.993177204843206027e+02
4.426466122112515222e+01
7.855905770353147943e+01
3.140584156064486478e+02
7.598004199969440720e+01
2.009499889956313439e+02
1.219159108257932189e+02
2.581232389027570662e+02
3.123594665281707421e+02
1.128618071788726525e+02
7.877044293932381436e+01
1.185118762427131003e+02
2.986249012296248111e+02
3.170158838658954892e+02
7.269439296885722968e+01
2.146367300783178962e+02
7.327458837363225541e+01
1.235759619115552539e+02
1.571357354842836855e+02
1.703271108570362742e+02
2.084005670100895884e+02
1.222833873685343349e+02
1.079823961078891159e+02
1.984366860578500678e+02
4.897515031024786225e+01
1.200872735287052109e+02
5.665624603381139934e+01
1.241688377446301672e+02
1.640774759173785355e+02
4.335102146673104073e+01
5.900281919377309947e+01
1.250409279711743125e+02
1.856845728429864266e+02
1.870945882232065003e+02
2.979168583076993855e+02
1.672509664935206786e+02
4.098492122584310238e+01
1.229941784372364850e+02
1.554088082907501800e+01
7.914396205635094361e+01
1.492167572160832094e+02
2.043988314845751404e+02
2.910248823001380174e+02
7.817236366587762575e+01
2.716209933620287984e+02
5.176159682687330843e+01
2.110434398129210649e+02
1.797231702326409675e+02
4.578661337259360664e+01
2.683199991324968892e+02
1.952271986556763181e+02
2.127712372447588223e+02
2.153440459491753529e+02
1.896131583567236021e+02
3.109565225120177274e+02
1.479950049916646719e+02
1.920914115119634005e+02
7.661026046815052837e+01
3.278030635490638360e+02
2.576416584665182654e+02
1.884009826431200807e+01
1.573187130517239325e+02
1.680611137177062915e+02
2.224862863149508883e+02
3.643732278067359971e+02
9.107338463486229330e+01
5.684859508042103471e+01
1.519200277890471966e+02
2.052125042814525386e+02
7.147998150083890323e+01
7.790948797791398306e+01
1.267614269442848354e+02
2.044326354858455090e+02
2.121177371861970755e+02
1.476672283288579024e+02
4.522631188692119331e+00
4.051279989266613057e+01
4.210989558488698492e+01
3.748879337694658602e+02
6.054701269108021933e+01
1.939412616573274875e+02
1.172959356009873204e+02
4.668891581906026289e+01
4.163689402282651741e+01
2.149672146806240676e+02
4.531129994688534168e+01
7.892456841766157538e+01
2.138926228748007645e+02
1.196567737963154912e+02
4.415490898453109736e+01
6.913818103981869001e+01
7.073781928153398724e+01
2.755079714884956275e+02
6.986954503326577992e+01
1.553322675221305360e+02
1.179941369154483368e+02
3.942495329533409887e+01
1.154678588123314853e+02
6.022247564027848910e+01
2.678750250752738111e+02
1.818434252041507477e+02
2.768426779202206944e+01
7.041987877405023255e+01
1.127031585332422736e+02
1.645710765107539828e+02
2.987928339788084600e+02
8.751082004672599624e+01
4.762970285936059867e+01
2.886258370529938588e+02
1.127992829248547935e+02
7.202364805489175126e+01
9.338007799594399216e+01
2.084993683161451656e+02
7.380302321169115487e+01
1.867499687058558777e+02
1.092679062696387433e+02
1.201249596756432396e+02
2.170337143203757648e+02
1.401268169181624614e+02
7.740143218080291376e+01
2.829523491661949492e+02
1.109668323793885634e+02
2.224382821912084012e+02
1.385444808846703495e+02
1.101499370139317620e+02
4.655450861129732942e+01
1.250470431364016406e+02
7.810032516015033366e+01
4.006742851469287103e+01
4.098801946533285445e+01
7.758128173773950209e+01
7.754189509581856043e+01
2.668846108810251962e+02
2.735565016880670441e+02
1.911641876706633809e+02
9.201716050776607858e+01
3.140641497900032846e+02
5.981172177775114562e+01
3.004463385850883697e+02
1.111624888052348865e+02
1.041601126489036915e+02
2.023296807149374388e+02
1.798726016255649256e+02
2.109935962969641707e+02
9.678969492232234018e+01
2.707603903751068515e+02
1.060085538272472832e+02
2.913081339778964818e+01
2.230192888080439104e+02
1.231650571219458072e+02
2.041447888689452554e+02
1.972212871272806183e+02
8.385896196362128308e+01
7.589085593553060960e+01
2.104008351368947558e+02
2.816437839494112154e+02
5.579487432019558213e+01
3.665270723457112467e+02
1.387060230522955635e+02
4.596964300957785809e+01
9.369967637130633875e+01
2.115900056007683361e+02
1.284248793386619525e+02
3.073141799223179760e+02
7.246978823665368452e+01
7.175218370599650086e+01
4.892225341567915109e+01
3.141048463765625343e+02
7.391990650375636562e+01
2.515916146719617075e+02
9.105896625191631699e+01
1.413833943654700818e+02
2.810154381581558027e+02
1.743313141132249768e+02
2.215946717236037387e+02
3.176819460707385190e+01
1.496228358056043533e+02
1.783057815464487987e+02
2.354230335307865971e+02
1.616564353112996173e+02
1.026179327539391011e+02
2.968011083092708304e+02
9.790122583131667966e+01
1.986026448976543861e+02
1.917311319453899898e+02
2.171157105625067913e+02
2.157533703524833584e+02
1.051122174092848951e+02
3.005164931532343644e+02
7.506749387737437473e+01
3.184398927149933911e+02
2.180927160919328855e+02
2.877900180244748185e+02
1.306220122369652188e+02
2.369717236828158491e+02
1.004126462487835170e+02
2.459089868622979509e+02
2.087591911777251426e+02
4.358841838329947649e+01
3.878068373493221088e+01
2.638682953548102432e+02
1.185192208639543026e+02
1.859482104290573545e+02
1.406533487016863582e+01
1.633722608526776128e+02
4.543543778754784768e+01
7.608195096862162643e+01
1.977123115997137290e+02
1.902853812770095203e+02
2.568249865513159875e+02
3.119104436026938174e+02
7.528499068397779581e+01
8.425461842302998150e+01
2.117985348236992991e+02
3.055385465671625980e+02
2.170277498718948834e+02
7.186894666567016543e+01
2.974043465458801165e+02
3.879285175908544403e+01
4.522017779683523742e+01
1.799138465907797126e+02
4.717901301580786821e+01
6.456723004120063081e+01
2.046964683969922021e+02
2.035547658020597908e+02
7.485310471474333838e+01
1.187900655098894305e+02
2.019073224180829698e+02
7.434206218832530055e+01
7.297339552664138296e+01
1.106070490277703300e+02
4.571112119024229514e+01
6.549255534515606314e+01
8.812902601931941149e+01
4.210377502965000218e+01
1.242999048202001404e+02
2.077691963867472396e+02
4.527762018518770049e+01
1.160691561272471546e+02
1.619990902448234635e+02
1.218832696329415910e+02
1.434136481353629904e+02
4.612317980373069304e+01
3.329287136572508530e+02
7.049120386982414743e+01
2.097915649341330209e+02
1.092206313930524573e+02
2.665361325907741730e+02
5.705451541330813114e+01
2.078963351455560939e+02
8.183117202388569922e+01
2.028029303324395016e+02
1.601015113792580564e+02
1.884495416200895477e+02
2.362352937552483922e+01
3.012400073702755776e+02
1.391544913366626588e+02
1.732495798330164973e+02
4.425576129767623001e+01
2.768543091549622659e+02
1.704494230717198775e+02
3.125220440977627163e+02
2.040086874383222266e+02
2.447337529798906530e+02
1.531935910106340657e+02
7.621686415800243708e+01
2.988112348208144908e+02
2.944395808733764852e+02
7.064946470833253045e+01
1.229443300108334824e+02
7.251401524623274497e+01
2.917070156522845537e+02
1.412318271927117905e+02
8.066279779967588581e+01
2.637575172824158471e+02
1.100789426094688395e+02
1.946479751353796530e+02
1.203603670507855270e+02
1.243228545336079520e+02
2.483715143877276432e+02
7.164976402120035459e+01
3.012073517368158377e+02
1.263057981346602219e+02
4.370405137826719510e+01
1.428819378054327842e+02
2.120011935149738918e+02
1.622494611716218316e+01
8.186689513550854258e+01
7.559856009663658938e+01
1.018148550557192920e+02
1.037499593437078147e+02
2.850949305093168960e+02
4.674782819083816321e+01
7.876344168709881899e+01
3.002443214160339835e+02
3.410818279750322972e+02
4.401579732272179513e+01
1.330584975521007038e+02
7.338015789101692121e+01
1.412307256762807981e+02
2.044252993642079446e+02
2.012949461935313309e+02
2.771803465825341561e+01
8.327689329742347013e+01
4.857602587380158354e+01
1.064636784033365444e+02
2.927819189657871561e+02
1.818686592907803288e+02
7.767009577290573930e+01
6.538008685786176954e+01
7.655548744701356156e+01
2.180857202361902978e+02
7.706657457422301150e+01
1.850281004304749217e+02
4.634992482840967654e+01
4.149499692261146322e+01
1.212004956125915385e+02
1.994469999214150846e+02
7.965926145014469739e+01
1.892728003109451151e+02
1.545177312699833010e+02
1.210496501027313627e+02
1.073987524896894001e+02
1.913976510664573993e+02
2.021669903297155031e+02
7.370390629118477932e+01
4.627822872062186832e+01
1.950792404902854571e+02
2.145577865981661319e+02
4.695829197955747958e+01
1.657436194801630904e+02
7.720039465516116195e+01
1.581406385788748423e+02
1.085372508553458744e+02
1.119870206355079745e+02
4.565529755127082723e+01
1.196311948198517854e+02
1.219895035687188312e+02
4.579216551182861394e+01
7.308782957005261949e+01
4.576743612890830804e+01
2.088615713687024993e+02
4.308879990859872322e+01
4.808780107614803256e+01
1.959924652697756642e+02
4.568738659826264126e+01
4.483324525631211088e+01
1.298919404115643204e+02
4.345824599707195546e+01
4.356609741577790373e+01
1.763512630748633967e+02
1.117984754651608483e+02
2.117553008558989802e+02
4.637111135368398607e+01
1.984067791527971565e+02
7.539798508019921996e+01
3.037821310003186568e+02
7.165552220655990823e+01
7.106955429666963653e+01
2.119502355162662468e+02
1.852602043337027737e+02
7.679052433056253335e+01
1.497742645387112361e+02
1.682810315632474385e+02
1.198732952277066346e+02
7.372724602732705534e+01
1.047962364405762372e+02
7.552940810927483994e+01
2.021572483884143026e+02
1.847024292583883209e+02
7.279952398605215080e+01
1.461919690518091954e+02
8.887211055128301496e+01
1.228316610585231814e+02
3.171198472665997770e+02
1.921235117568066926e+02
1.178843892481758502e+02
3.097135450624938358e+02
1.843822414436015151e+02
7.735593771969432453e+01
7.685786730085543184e+01
1.272834454245128910e+02
3.097227814400098396e+02
2.048908042586508031e+02
8.265471660826152345e+01
2.077076527252035589e+02
2.103845835497062353e+02
2.735705797115036830e+02
1.965944193083660139e+02
1.296905848219154507e+02
8.005176634017563231e+01
1.749513146880491945e+02
2.934681983412634736e+02
2.862197436766350052e+02
3.720683498069757320e+02
5.836921511600498036e+01
1.934584301977440930e+02
1.367307129673508257e+02
3.248487104948432034e+02
2.089152811108466494e+02
7.286918962058878435e+01
4.793355528416554989e+01
7.858396108494075349e+01
1.290581923944696427e+02
1.939311054094015958e+02
1.752241420628849085e+02
2.143507252796936200e+02
1.966239220103018965e+02
1.278732733146413381e+02
1.945036568391857372e+02
4.670234750158216741e+01
1.331795925312244719e+02
2.014568602137829600e+02
1.280885506365314939e+02
1.200353734694747629e+02
2.113442622482594402e+02
2.217957415685361013e+02
7.544101492152795174e+01
1.553728618633691099e+02
3.767417167178301440e+01
7.491803897532550138e+01
3.775905787760698473e+01
4.727870903793377266e+01
8.495852194276147884e+01
7.353758467062165494e+01
9.697261320708636845e+01
9.077773468829586534e+01
7.773580019401144625e+01
2.719879120248773319e+00
9.246519964710478234e+01
6.278788330835660503e+01
1.211064794216646447e+02
1.131644886443451270e+02
1.567055014187394306e+02
2.631679626543622703e+02
3.955993392370979223e+01
7.807944678317358012e+01
2.189977677661398445e+02
2.902911403766042326e+02
2.026099489948222754e+02
4.739838411244112848e+01
7.684786226030463752e+01
7.811886352660734190e+01
6.686162939239954994e+01
1.146368012617168120e+02
2.023942324461493740e+02
2.015719422256206599e+02
1.189925070889869119e+02
9.404913789435090621e+01
7.872904815301521353e+01
1.068663565693828730e+02
1.370217679612797212e+02
9.621557400598061349e+01
1.884730541588887434e+02
4.252567304171864748e+01
4.362584757909326072e+01
7.442550523382898575e+01
2.086864599502400495e+02
1.789033376453212725e+02
7.464337374810331482e+01
1.466789253298575488e+02
5.474238379107261920e+01
3.016264896304679155e+02
1.322070882031065366e+02
1.339858224060566840e+02
1.804270502306023616e+02
4.702776661998912289e+01
7.783518357623586326e+01
1.946912107430425181e+02
1.318852687826164640e+02
2.196173319733369169e+02
2.027111222163346440e+02
7.580427120756256443e+01
3.111147597135308160e+02
3.224619932022457647e+02
1.263157668115607493e+02
8.003601255149081339e+01
8.836632022017290922e+01
7.169741518570953076e+01
4.677601400178404845e+01
7.491239903142894718e+01
4.240261612398161617e+01
2.899146401492322411e+02
3.205943088875877720e+02
6.618245267953805921e+01
8.158507415641241778e+01
2.513352606197933881e+02
1.118352085780225025e+02
9.407156445646998577e+01
2.878663978277444357e+02
1.228471784913712526e+02
8.277893019476228176e+01
3.668306476108548964e+02
4.403463913241182581e+01
7.146432775063648535e+01
2.207828324043520922e+02
1.456281035008731521e+02
9.160810939289412147e+01
2.099370421046843660e+02
7.009285045675787273e+01
8.500971285285416457e+01
1.747238574708184444e+02
1.328746579378245087e+02
1.650686485446821052e+02
1.752015159667140836e+02
6.768184156045492728e+01
7.493241125122773383e+01
8.827907171836758948e+01
2.197659084631316091e+02
2.897603274413494887e+02
1.142323841921310077e+02
4.756696359200113733e+01
3.208066266080770674e+02
4.645586896997776449e+01
8.138697561388929103e+01
4.896659640486245024e+01
4.088609636763995780e+01
1.094314873104859771e+02
1.527476588524096996e+02
1.965213473144925445e+02
3.041495476974774306e+02
2.288485863067361379e+02
7.558845989476677119e+01
4.414090064762826415e+01
6.468747234466772511e+01
1.128488108351033219e+02
9.960786037408600180e+01
2.059142308036625479e+02
3.176764300874112337e+02
2.034976738856898919e+02
4.521630884785584925e+01
1.911059257597489704e+02
2.059664784453364064e+02
1.425166498816092542e+02
2.194353947993115526e+02
3.112641598388655666e+02
4.711733830681026092e+01
1.278972864148445865e+02
1.878403910692283887e+02
3.596647459995995177e+02
7.743575996310136134e+01
2.048551622154414531e+02
2.992467039777994273e+02
1.103170467500577843e+02
7.794853644225010214e+01
2.126959399815563643e+02
3.987731777372876536e+02
2.039531927838501701e+02
7.489918410123695480e+01
1.991029434841267118e+02
1.566280868163775324e+02
9.474544064732430115e+01
4.961480359241100047e+01
4.183722098372620479e+01
1.900339931604384844e+02
7.354577900449500305e+01
3.173017335471259344e+02
1.262676799784145913e+02
1.120633586299244655e+02
1.477659377042459425e+02
2.848848275256636953e+02
7.581454782200464138e+01
7.353638440629768525e+01
2.092734070377090063e+02
3.113143757139046670e+02
2.235960938177687467e+02
7.300179641556455579e+01
3.041206770550496685e+01
2.101477367942735270e+02
7.481253939761441529e+01
7.599186743032234403e+01
4.042474829598583597e+01
7.032544831978890443e+01
2.069967316784407387e+02
7.508211170655167166e+01
2.791732217641421130e+02
1.267042441470443492e+02
1.668909422091105625e+02
3.100085852659744319e+02
1.986148214603145448e+02
2.992233917348809200e+02
9.313074671003005278e+01
1.804664181818401687e+02
2.916864834482381639e+02
1.178463650991531324e+02
2.076033166005982196e+02
2.013767750869369024e+02
1.926109521344972677e+02
2.405839914261394767e+02
8.971601457724970885e+01
1.812777175964676246e+02
2.083926078581369836e+02
4.421381295537764800e+01
1.379048253752760615e+02
2.087770308909830135e+02
3.696340480883837643e+01
2.113769211152408332e+02
3.058551793322686763e+02
3.518139429349859881e+01
1.097299011894950951e+02
7.656878674721113498e+01
2.094059750920889371e+02
4.385599596990687132e+01
2.199560932335880636e+02
2.021671510270551551e+02
2.790053000480828018e+02
1.769100353905906502e+02
2.080736241156725441e+02
1.959725619462886073e+02
5.750149587821738351e+01
7.831194684299192943e+01
2.374786996831120405e+02
1.944081698426336402e+02
2.975970248351097780e+02
3.024414946145415115e+02
2.054456138296301049e+02
1.317111463253929173e+02
2.336665768400475258e+02
2.042237251797151885e+02
4.545268184100808639e+01
3.290570651348742786e+02
3.404017221582749357e+02
4.672082891870673649e+01
1.279225503064434406e+02
2.176782911901707109e+02
1.748966120719713899e+02
9.886290461274568031e+01
4.417743150787972439e+01
1.873923803691234298e+02
2.863651811399924441e+02
1.156581760669291441e+02
7.581809709461572844e+00
7.295086343376573268e+01
1.938110859561116968e+02
2.858225500249913011e+02
2.954804030652114193e+02
2.943661930951161025e+02
3.086878180796624633e+02
1.455245107778407316e+02
2.856312634020031851e+02
2.116060254253847290e+02
2.768093316147968039e+02
2.846827719285162175e+02
4.214206640471493159e+01
2.022979454111586506e+02
9.304210228998356058e+01
3.049439489295243675e+02
1.562352035894301991e+02
2.013614425433943609e+02
2.857867787938024549e+02
1.950714419197207690e+02
5.190187334868974034e+01
1.088093267411188236e+02
2.164228142736376412e+02
1.996479686510723752e+02
9.428180780495499391e+01
2.878319201644300733e+02
7.456173723292654643e+01
1.637965486825372352e+02
7.881905301525472396e+01
7.201585590176600249e+01
2.726763597876314975e+02
7.575799064578880859e+01
7.539025264984424268e+01
2.630195363538218203e+02
2.040716816218747738e+02
1.296321223850003435e+02
1.965462892456486088e+02
5.160220495898107629e+01
9.976949875165867354e+01
1.140940901970248262e+02
2.021817124068080886e+02
2.861147028126816281e+02
1.658313074863590373e+02
1.204286407114680770e+02
9.257086381111955120e+01
7.519813145797451170e+01
1.123634607761229773e+02
1.227883321602311213e+02
2.846516056741294278e+02
1.789638081503699141e+02
1.802252455633492332e+02
4.569162133845035356e+01
2.255223253743421878e+02
7.820808882250852889e+01
2.090011890554770275e+02
3.062950349387668325e+02
4.580297496901301457e+01
1.171403927277405614e+02
4.824644422787074660e+01
1.158634430499993329e+02
1.209598149695366089e+02
7.889755029070903447e+01
7.183797387942279045e+01
4.249678862772339016e+01
6.314485025111502381e+01
8.789349707255331623e+01
4.554789292569224557e+01
1.594923325039726194e+02
2.096458653075412997e+02
2.025909252126830040e+02
1.681217322991587650e+02
5.780152405356413681e+01
7.202161482325870168e+01
3.001048690247603190e+02
2.056729616114604298e+01
2.624336831525011462e+02
7.267596790000004603e+01
1.927027136904460463e+02
2.870818886045412910e+02
2.551978674345583329e+02
1.287368160458428861e+02
8.127441650233501491e+01
9.440102998846241178e+01
1.183259944142389912e+02
2.136289869870328744e+02
1.457967099406822911e+02
9.359395768146021055e+01
1.812542588188760462e+01
3.370330306337334747e+01
1.344433490217827512e+02
1.974951725348942375e+02
3.395791177396016280e+01
2.328475226501136603e+02
7.513099173878410397e+01
1.156368823347788748e+02
1.240428213104164854e+02
1.933957754936081699e+02
4.675696717637019617e+01
2.433835664275566444e+02
3.171981318073113130e+02
9.359795254770209283e+01
1.918022383792446988e+02
5.807891261135716832e+01
4.550268746251646235e+01
9.211565045411389008e+01
3.282206132360325341e+02
1.311264853274649909e+02
3.208144424067444334e+02
7.687469873650569241e+01
6.808003462886125590e+01
7.503966307591976204e+01
1.943011542042604560e+02
4.382601903191301318e+01
2.914924142259484370e+02
2.088118458750703041e+02
2.018407025653454241e+02
2.936473337005958228e+02
1.362899638516433072e+02
2.546239039376316100e+02
3.211511914315854028e+02
3.266059758846071190e+02
1.168983976232837989e+02
3.372019151077519723e+02
7.759908687704999863e+01
1.304713487316562066e+02
1.728085798835398350e+02
2.054534664055944688e+02
8.886522547278563877e+01
3.907936405260148263e+02
2.804599865045295246e+02
7.531274624264513307e+01
2.088627925126905893e+02
3.043210975911417222e+02
4.375616582558304657e+01
1.401003998509426083e+02
2.002542659308246016e+02
4.477224798793709226e+01
8.021489676052409834e+01
6.587570694477417987e+01
1.980550373968021916e+02
3.407273445776603467e+02
4.800409706834096113e+01
2.056698904883980106e+02
1.998867132281567365e+02
2.838328734651747141e+02
1.087392288182500408e+02
1.174079613564200315e+02
1.808784535479077817e+02
4.306917285330323608e+01
2.896939373167563190e+02
5.521471823815534918e+01
2.719004184466809306e+02
1.977310785340805239e+02
1.502087045360015622e+02
7.445077948639077192e+01
5.540152982923255109e+01
1.388755593516406464e+02
7.511981501513500348e+01
9.291154964536696070e+01
7.426428323015646527e+01
2.210440615049236044e+02
3.319393222209283749e+02
1.923888657751927553e+02
2.321901285238747050e+02
3.209818652299441624e+02
4.297807501941190367e+01
3.038432259688170234e+02
1.158748750204981093e+02
2.350382088596118422e+02
8.231053141246842131e+01
6.878212552475004316e+01
2.021263536543959844e+02
2.058623748114409295e+02
1.805533271395898680e+02
1.243971230721148657e+02
4.407734678967545250e+01
3.063598625944241007e+02
2.016812396698106227e+02
1.966340781769542900e+02
7.578880523886112996e+01
1.286088780747228384e+02
1.219019905368971450e+02
7.642151901105515321e+01
2.578231395844977669e+01
7.445824899685860032e+01
2.103854926139992756e+02
2.287308641495765187e+02
1.719700863276487439e+02
7.581324903613230504e+01
4.397699763866576461e+01
9.661274836401210564e+01
3.325227892126202960e+02
7.530814260887775902e+01
1.558059155765812704e+02
1.593220405767330590e+02
1.226593247080969178e+02
1.186439531313223910e+02
3.703836457142274696e+01
3.060849772354068818e+02
1.469933906932035654e+02
2.663781126973403843e+02
1.252593444293808744e+02
4.372461804755553771e+01
3.299731183306132465e+01
3.865849452224991722e+01
1.949256957723344499e+02
4.599186997381521991e+01
6.943406185156204913e+01
3.199833531001443987e+01
1.926629471344194826e+02
7.285203110834036977e+01
6.108547383599879055e+01
7.343399248153073700e+01
3.139283899346529552e+02
3.191694455854255921e+02
1.868972961496831715e+02
5.029046683567550957e+01
6.319514101079261792e+01
1.579379230391523663e+02
2.396669379017399990e+02
7.350390436450312848e+01
2.055936010871955943e+02
2.018782053489456132e+02
8.011774035760399215e+01
3.599285159298946724e+02
1.539690245186068864e+02
1.652766012675645584e+02
6.407685036333663220e+01
3.561589696803449812e+01
7.195303028499643005e+01
3.252416512800826354e+02
1.653122304281731090e+02
2.039633492508505981e+02
7.210740383730657754e+01
8.531353298561430165e+01
7.353062299135822855e+01
1.910217744789788981e+02
7.545089527496963910e+01
3.043528535794058030e+02
1.083264800904868252e+02
4.248709667233429599e+01
1.217926471222837961e+02
9.218159836293513365e+01
4.660553320522231502e+01
1.795335247795955809e+02
1.895557115389660794e+02
5.230967816768290390e+01
1.659472645762290881e+02
7.139839712874892541e+01
7.087479977802514952e+01
2.184801232655942158e+02
1.457850586161775936e+02
9.834850975416914309e+01
2.990857713501060289e+02
4.455907632270545804e+01
2.004683699493529900e+02
2.075265088049623614e+02
1.318026819443661850e+02
7.170698417570775973e+01
2.016458314125837603e+02
6.108822470247681480e+01
1.393484913221477086e+02
2.779541614354141643e+02
2.988523510862101489e+02
2.181106485095762935e+02
3.136884555353641986e+02
2.953278463177967410e+02
3.146079479288835614e+02
1.066246803600628681e+02
8.830711930191114334e+01
1.619484055536076994e+02
3.011902363315527396e+02
2.025604558717597001e+02
2.764465676207106526e+02
7.355464255273938079e+01
2.193693730501641426e+02
1.987242641360604409e+02
1.456031767996651354e+02
1.261523106764474420e+02
7.467051568246849058e+01
2.892493829509306806e+02
2.034511360780874156e+02
7.683439338772875260e+01
7.500702793591635498e+01
2.159519077837057068e+02
4.631792899990271906e+01
1.650095267497879945e+02
7.711916254098510137e+01
1.412954291706071785e+02
6.867511345591297811e+01
1.672309677790802027e+02
2.024076653448709067e+02
4.627916010420073434e+01
7.484702705156104230e+01
9.872336328953501550e+01
2.007882342906240183e+02
2.875763293405652803e+02
1.974678024981721194e+02
7.056703739064603553e+01
2.136468835640580721e+02
7.415190178455615921e+01
1.279216751454576695e+02
7.488509190903164381e+01
1.884828489747109188e+02
4.338918268977099046e+01
7.021859420385983697e+01
7.301520937241585330e+01
1.329435743239681358e+02
3.300314334495948998e+01
3.070769628860869602e+02
1.586488397427068833e+02
4.356212372312146641e+01
7.627086001658911130e+01
5.413027849404279124e+01
1.003919099490067168e+02
1.133789751919018869e+02
4.381180842493094474e+01
6.500929161620602770e+01
2.525495264681380903e+01
4.980457894714700018e+01
3.081537350793537939e+02
2.067593754366944268e+02
6.779195109962576282e+01
4.268157145378730633e+01
3.095103927205254308e+02
3.156715402062188218e+02
1.217234643806542920e+02
1.358696246545985389e+02
2.256115454982217443e+02
1.964010586691720164e+02
1.160538639891805985e+02
7.965828431599619819e+01
3.138101370227981874e+02
1.973923350961484005e+02
1.222644321981655509e+02
1.683983062623721310e+02
1.154777697634502260e+02
4.617140320691098054e+01
2.053487730925467076e+02
4.478092775854795349e+01
1.987820002095002394e+02
5.727883617871009392e+01
3.082685452583763208e+01
2.005201195751623118e+02
1.261824924728448991e+02
3.037266163106494332e+02
9.226192405527208962e+01
1.693905777265782149e+02
3.480185010753105530e+02
2.048324754013515587e+02
1.848320931825886078e+02
1.143460175479161478e+01
9.376042050523057014e+01
2.871452297186932583e+02
7.362687065008485376e+01
3.025140310183503516e+02
1.189556696245225140e+02
3.151385266916788055e+02
1.950300034479934936e+02
2.001786157906746837e+02
1.412292853087415097e+02
2.213939206876223764e+01
1.005798641432630944e+02
2.125342752181193759e+02
1.962151407984486298e+02
6.754195494370561903e+01
1.587183282729821485e+02
3.903095727137830409e+02
2.574105453366852885e+02
2.070013262769003859e+02
3.626944166234279265e+01
7.419067168538001056e+01
1.112982868711071376e+02
2.876544299837700578e+02
3.606994728119439060e+02
2.461670764557548807e+02
7.331336086916766703e+01
2.927943994527259974e+02
1.222468675688603668e+02
1.824608747818745371e+02
4.772606321165701715e+00
1.898640294778468842e+02
1.840745662085568313e+02
2.720651667297526046e+02
3.058913403030568361e+02
2.170933624458256475e+02
1.925238943259891471e+02
3.975798569785370518e+01
7.634566193429118641e+01
2.032514817907837710e+02
1.972286151877029567e+02
7.940978053836899164e+01
2.437978882432348939e+02
3.045701560348789485e+02
1.176094954050304722e+02
1.110464527689129000e+02
4.331572412691078000e+01
8.853789870822414798e+01
4.625858671137707034e+01
2.993818497633517239e+01
6.843038312755589914e+01
4.617739525676486778e+01
1.826714807236914169e+02
2.035961369921288053e+02
5.312816885919476562e+01
2.981268986244656958e+02
7.070763232832759115e+01
7.054981754230460922e+01
3.126377167172058762e+02
6.741743539637325000e+01
7.364029383710595766e+01
3.371451538602543962e+01
4.609550158498567640e+01
1.008111992493596460e+02
2.584889904042198054e+02
1.627039419660796682e+02
3.510162258792964280e+02
4.278556815426973259e+01
1.912914081728366114e+02
1.801728226532843280e+02
1.149885990709805412e+02
1.256011470784640380e+02
1.537989660636191616e+02
8.636457886349238322e+01
1.803977687504743130e+02
1.993477570743376361e+02
2.016143377625572555e+02
1.408609173776350190e+02
1.604888949718129254e+02
7.630569692687991790e+01
1.565749837678831398e+02
1.938793611057103590e+02
2.982834219642406310e+02
1.489944429483290662e+02
2.149503791696155304e+02
2.924142002752954568e+02
1.294294025471293139e+02
6.819449395030665073e+01
1.965404222301252730e+02
8.475545393079323730e+01
1.911310803377398599e+02
4.593047009097924871e+01
1.279052082349648316e+02
3.139367256675268436e+02
1.072021773943804703e+02
1.831598478053652173e+02
1.335702002861844164e+02
7.293273348492307662e+01
1.201754564009119122e+02
3.151300849394349939e+02
3.007869279004340797e+02
2.220311870654707604e+02
7.379517877475298349e+01
4.554459272529457792e+01
6.542443400581326785e+01
7.404684399703512554e+01
2.053642829478800707e+02
2.916871086023164708e+02
5.877206059601176236e+01
1.269613975316766812e+02
1.515119999754149092e+02
2.909330043237652603e+02
2.361324581712077304e+02
3.073060597285644917e+02
1.121637004873306154e+02
1.181045880942127724e+01
1.820457792893924136e+02
2.023272033731656165e+02
4.216919676089345614e+01
9.695454042081028945e+01
1.382668159416408855e+02
1.608440348981746411e+02
1.637364974604046779e+02
2.081063549335453047e+02
7.224904837331054352e+01
2.405592474205231497e+02
1.167756263706106523e+02
1.011785497209115334e+02
2.925625006365624472e+02
9.571367285876365827e+01
1.999979611266986694e+02
2.108071820319104290e+02
4.382683315805455493e+01
2.934693073022406224e+02
7.548241708041665277e+01
7.739093250500596355e+01
7.209423951736459912e+01
1.204203792316115340e+02
4.214616290335117554e+01
1.629404616353827180e+02
1.640287875498516428e+02
1.944801691700459116e+02
2.402160206706499253e+02
1.927799504615180979e+02
1.072140390311929963e+02
2.062291283926758467e+02
2.925528170839810400e+02
7.653582345162318745e+01
1.502644680924356066e+02
7.693276484255585501e+01
2.188281679225412972e+02
1.707383453293719100e+01
1.129410821081563796e+02
7.539723729091348048e+01
2.009853067351039613e+02
2.624053355061390107e+02
4.620875354515359845e+01
4.721645116483549742e+01
3.352260358104792317e+02
2.274555206159800491e+02
1.034637327633761430e+02
1.555466710927648251e+02
2.845993699172557285e+02
6.921285849111265520e+01
4.799125173651579956e+01
6.646564098237068663e+01
7.716845965735745949e+01
8.761159943182187249e+01
1.325617744926640285e+02
1.389802127624821821e+02
1.596135565315931331e+02
2.978859624193380569e+02
1.425055776488710819e+02
1.405078600664519399e+02
1.166164158292030351e+02
7.414220899631527573e+01
1.791766656570975442e+02
1.445768894783172698e+02
1.568549204581606773e+02
1.999468639415221105e+01
1.951226864702664443e+02
2.147366237702558180e+02
1.121292855782279219e+02
2.083776507589021776e+02
1.149611659492024103e+02
2.058142426632749675e+02
1.798689904764765686e+02
7.387554786309419796e+01
1.305547924701842248e+02
1.432201651535704343e+02
1.009905885769210272e+02
2.924862885613590038e+02
1.966844359533760098e+02
8.015493041554685760e+01
2.559145423304985911e+02
2.914983047476964089e+02
3.181960024786334884e+02
7.787896161968504316e+01
1.908591147453778092e+02
1.938033481815573680e+02
1.873767359238136123e+02
3.900171145772704051e+01
7.948245939017711237e+01
3.151027540178527602e+02
3.293485564475961382e+02
7.551798284077416668e+01
3.632926736151275691e+02
7.207006196661723152e+01
2.018256937714252501e+02
5.193915399432598434e+01
3.067756851079544731e+02
3.957641083005832172e+01
7.591181094428570475e+01
2.116021710391947011e+02
1.990788936454474083e+02
3.199628945443050156e+02
3.056915940406470327e+02
3.007423552656688344e+02
1.212372966277663835e+02
2.676749828300991680e+02
1.147797734250940067e+02
7.738376643619378115e+01
1.162747204114218675e+02
8.077950081808801031e+01
1.349923458534858867e+02
2.444871180434493496e+01
3.091116200568858403e+02
1.186295546379365078e+02
1.610725220211324142e+02
1.965640865822880983e+02
6.445281081391946998e+01
2.992895725832534026e+02
1.174410871914414827e+02
2.135691107004910236e+02
7.771118580754567517e+01
7.420625656487881372e+01
1.023313811941883102e+02
8.472775768883001035e+01
4.062900476261958715e+01
6.355614251167235551e+01
1.045726164905112086e+02
2.917517327200100112e+02
3.068560640754126894e+02
8.012911710840963053e+01
7.391551981730748366e+01
7.269878558244980127e+01
1.029203811538570790e+02
7.459872446361420373e+01
1.330999079822898921e+02
2.947107499357927622e+02
2.525224453798292359e+02
1.079741679455005112e+02
7.167672152698858667e+01
1.449430332567580422e+02
2.968926059473433270e+02
1.588253858644959280e+02
4.116574754457911212e+01
1.164648968348737270e+02
7.633563655115042934e+01
4.660834161810085163e+01
7.355038777446965526e+01
8.467639504175178899e+01
4.964332897377050813e+01
5.922522109659111322e+01
7.104571760681757553e+01
3.119083174994423757e+02
1.899980383912548518e+02
1.877966561461099957e+02
1.933046179762633585e+02
7.367728120475631215e+01
2.816645504879833197e+02
1.920904689934187104e+02
4.881242239034663299e+01
8.732616724494235427e+01
3.912558885392124353e+02
1.144580601175275376e+02
1.713018392023887202e+02
2.432335792587219032e+02
7.411351079415884158e+01
1.139578977066363734e+02
3.213732149303057213e+02
9.056907081716562402e+01
7.268646356555390753e+01
1.267462820569673028e+02
2.013154757557768448e+02
1.972850329295460767e+02
2.644592125850671778e+02
3.295932316848562493e+01
4.326792205189015306e+01
5.048896546876854785e+01
2.370854341945162389e+02
3.549074998399240144e+02
1.048623002706819847e+02
4.406791869349031288e+01
4.513191631251704194e+01
1.964448351392941845e+02
1.185304788888467016e+02
1.892128887290031685e+02
8.011254092450975861e+01
9.999965646792259122e+01
7.461179279395804542e+01
2.429310215091270493e+02
4.400512532966153856e+01
6.052874237823257886e+01
1.690889724796644202e+02
9.471425629110915168e+01
7.117434622940902500e+01
2.829071011260434148e+02
3.950728053397415920e+02
7.779610387955435158e+01
4.985600477714687884e+01
4.552755848012481010e+01
7.702570553569057665e+01
6.782467628513556690e+01
1.733869229789778217e+02
4.241967698089702310e+01
1.206839126446486574e+02
7.642242177789898960e+01
5.663268284809833375e+01
2.179088654074944884e+02
3.548039265649966296e+02
2.952979152839865833e+02
1.570627902165762748e+02
1.444575219417729670e+02
2.081860482310898988e+02
2.460429941656826998e+02
6.987892660996216421e+01
2.954255680467864522e+02
1.237701513787465188e+02
2.166311955073989850e+02
1.607952627571672792e+02
4.242433467765078348e+01
1.926546384404105083e+02
2.190915244655154481e+02
1.554000628067861101e+02
7.043613863775308914e+01
6.023341915162172455e+01
8.869031388012687955e+01
3.121182353590282901e+02
7.838018287395621542e+01
2.034953187158460821e+02
1.683216018642864640e+02
1.010598311467221464e+02
2.916777056386509344e+02
7.054843764163946673e+01
4.219730752263767215e+01
7.260060893162722095e+01
6.906596088582489301e+01
1.249123814171889961e+02
7.157939981414199337e+01
2.086854618936864370e+02
4.495580111042411176e+01
7.690197530280566696e+01
2.346900775962797923e+02
1.147858297534713898e+02
2.021053382406392132e+02
1.786801238309821827e+02
7.779671234630001209e+01
5.915693479130951005e+01
1.603857799100679813e+02
1.155801067242478979e+02
1.117489640412399581e+02
8.776330309883950065e+01
3.179969609926922089e+02
5.368022901910147482e+01
1.512723894814692756e+02
4.471727578648033585e+01
4.811050248255280337e+01
2.871344601792793583e+02
3.099451749509174192e+02
1.064321673951060632e+02
4.234016795588902937e+01
9.147679591149402256e+01
7.080001086842622726e+01
1.759895109952993550e+02
2.963977858059759001e+02
1.554698623863550324e+02
3.096655251038671395e+02
2.882311806762543256e+02
2.010860000960230991e+02
5.130199895503439933e+01
4.227258901791519463e+01
2.586033570083089899e+02
4.605204634175026257e+01
1.853309280214576233e+02
1.923218506185856427e+02
4.505210804143926850e+01
1.447367443921849031e+02
7.574058910552075474e+01
1.518268198899255879e+02
8.333124561887248660e+01
2.199784627931269370e+02
4.487550568087080194e+01
1.074782498438914473e+02
1.767749902063554828e+02
1.352316446852939293e+02
3.864278750197295409e+01
2.263332761174152949e+02
1.191586743746769486e+02
2.524450355402337323e+02
2.034960766466958830e+02
7.392857354543697568e+01
1.900168320594291913e+02
3.997866822915397478e+01
7.360720676800288231e+01
1.879876790444910739e+02
4.771093246445731495e+01
7.022206888427831473e+01
2.794975719978450570e+02
4.231073647767986046e+01
8.183694612476600128e+01
1.963489205977592178e+02
3.129771294224742064e+02
3.187347351422852739e+02
3.202034777088221631e+02
4.473358680838780543e+01
2.041379470034686108e+02
2.061182014173766959e+02
1.156039653094910591e+02
8.371726573493911872e+01
4.097611626280077246e+01
1.405199766363505773e+02
4.328706830125639726e+01
2.051283963477036707e+02
2.015106705163282896e+01
2.026589789424315597e+02
1.216645860306672517e+02
8.010190297455476127e+01
2.149249759227033110e+02
4.419855162002297533e+01
3.918015498344574894e+02
3.418825143606211441e+02
2.019747578782274786e+02
7.991648218363263823e+01
3.576413764315785926e+01
1.718462341273959453e+02
7.388941348156276945e+01
9.682523730801071338e+01
1.133804468067828282e+02
1.905038996699051665e+02
3.859800800292159551e+01
2.759545236281360303e+02
