1.248434117426959311e+01
4.415759870198427706e+01
4.285864060465598868e+01
6.227113566262418232e+01
3.075588966341269384e+02
3.159488897427537495e+02
1.836652586925673347e+02
1.226802548695031874e+02
4.741290685492135992e+01
2.000814411756222171e+02
1.094421533117187408e+02
4.189660741445987924e+01
1.989565502182335024e+02
2.758663966928950231e+02
7.008990282889794798e+01
4.760384172217842291e+01
2.026707112453208310e+02
7.547281075279146023e+01
4.724201689100006263e+01
1.068078773222831614e+02
1.276573163826456749e+02
1.402264954081519477e+02
2.759840675712144389e+02
7.855388713637748310e+01
7.585693361766372789e+01
7.466125628684396531e+01
1.817145746707402054e+02
1.503340834412553306e+02
1.231934976704237243e+02
2.001633826425881466e+02
1.467962627822196851e+02
1.469992511607765096e+02
1.878889674348354220e+02
4.431318959406365821e+01
2.131682015921311404e+02
8.288789088927829596e+01
7.143597533817796830e+01
2.015101857117613804e+02
4.721510518839406956e+01
2.102041609026424567e+02
3.210510981945940756e+01
7.698369530251827086e+01
2.766820209909724326e+02
1.202263856294938051e+02
1.428025987721883610e+02
7.258068190799755826e+01
7.310883937502734398e+01
3.111194266816974050e+02
7.560968648930303004e+01
4.299440697802739919e+01
1.651800331182769526e+02
2.165049807653668381e+02
1.951693711272691303e+02
4.222321414987717958e+01
9.986867767973754439e+01
1.289544250469618447e+01
5.630051124803685525e+01
1.741643499476360546e+01
1.260292042999461017e+02
1.928815680215626287e+02
4.182665205225920602e+01
1.657119191654486485e+02
3.171834564594995527e+02
1.169470983743925103e+02
2.809893898144304103e+02
1.165464142995419081e+02
2.057767296051926849e+02
3.843901703475177669e+02
7.731173730105297182e+01
9.337467708783353260e+01
5.168472217746019481e+01
1.847839077238357390e+02
2.935235202690510619e+02
1.883667907069385592e+02
7.391323015695684262e+01
3.647201967724309668e+01
1.962252434498498417e+02
7.258360357855181633e+01
5.902367380632470883e+01
2.053528081198642496e+02
1.177411496752436904e+02
4.657768691023858310e+01
4.896803579108512139e+01
4.228845825339805486e+01
2.264935354018219016e+02
1.252590904093306108e+02
1.551119515695148721e+02
2.846457391603903488e+02
5.716579491277882141e+01
1.879422221651776113e+02
1.556397482039275530e+02
2.626527856013113933e+02
1.361196387189927748e+02
2.382724028928062694e+02
2.928557463444161044e+02
1.212504466751171321e+02
1.978983915234558424e+02
4.280761706697486346e+01
1.883254087312480465e+02
4.238941640194351379e+01
7.252127365434684236e+01
1.225302536727201357e+02
8.933527119987289211e+01
1.229188383957945803e+02
4.376779846137586105e+01
2.839099471081821662e+02
4.617710612956824434e+01
1.010574920662592575e+02
1.842072768738886879e+01
3.849272987054415012e+02
7.234564206757717386e+01
1.214781731228761572e+02
4.321444664330008578e+01
2.066974881085916422e+02
1.140436576126664079e+02
2.807293786008795564e+02
1.917412382919914080e+02
1.221110315278904466e+02
8.779504528772443450e+01
4.566587121200114296e+01
1.297568339733573453e+02
2.081485475856225946e+02
2.835640833245374779e+02
7.752636098634727091e+01
6.962928806928721315e+01
2.792780297040837922e+02
1.144700267118794415e+02
1.089044995994769778e+02
9.162798889709904415e+01
3.108967681661250637e+01
1.417069124004227092e+02
3.033615724386127681e+02
2.054165020818537926e+02
1.336739278229756565e+02
1.929292720299172856e+02
7.299105758924781640e+01
7.426183867959019835e+01
1.958266252069686573e+02
1.240501667569778874e+02
1.852116356709123863e+02
1.876723113650105290e+02
4.687322018595199324e+01
1.174693471165442418e+02
4.586080310684278061e+01
6.923260752242775595e+01
9.641915588319999131e+01
1.160445198439001189e+02
1.333162022441933061e+02
2.860349203532705928e+02
2.008667827191027584e+02
4.553807711187015883e+01
3.168238918387459648e+02
7.015920460962651362e+01
2.956242371173838706e+02
1.080398507654170146e+02
7.005086365137835003e+01
9.547270191788740590e+01
2.146489830292626948e+02
4.978909737211083097e+01
1.900643569000413891e+02
3.167272387956853663e+02
1.853183313542882900e+02
7.514186248973868487e+01
1.095949977309018806e+02
6.594528138485569002e+01
7.139395369879956377e+01
1.046459683447798170e+02
3.269866422902479712e+02
2.191184018609169470e+02
1.907565487866034459e+02
1.225978697518707321e+02
2.728246762105416678e+02
4.663147895554286748e+01
6.052413966420320435e+01
1.199985380358037332e+02
4.668865574469699453e+01
3.331930601749750167e+02
3.009592189585031861e+02
1.720274724663744905e+02
4.193936861808700911e+01
6.302802383961736155e+01
1.069638870129229105e+02
1.243066725147948688e+02
2.905390264225731016e+02
3.014392529242465457e+02
1.900846428359457434e+02
7.339319336231680779e+01
7.951091041152373862e+01
2.530604568365193074e+02
6.654011266392868151e+01
2.654508404112361930e+01
2.075848214073871816e+02
1.431080408571327389e+01
4.419114705954353894e+01
2.064776977973945975e+02
3.883104740841995977e+02
2.125345412822869093e+02
7.399263257068484734e+01
1.500550120478421334e+01
7.423034717524082282e+01
2.952463203818359716e+02
3.053307532892846865e+01
2.908469901920076381e+02
1.498796833348203847e+02
4.332329693254695968e+01
9.637548408267615230e+01
6.943354697036463108e+01
2.060981064682308954e+02
2.164386598821718621e+02
7.263137603655904684e+01
1.969585080769777790e+02
1.197732469632109655e+02
2.934057430056608382e+02
9.996969920289444644e+01
4.667434394461782432e+01
7.493651478173943303e+01
7.047684387257737626e+01
3.104292738108538288e+02
1.335346726978985146e+02
3.125397689882538543e+02
6.726358901792076495e+01
4.530808465720015477e+01
7.625445699462838434e+01
3.323173586007638960e+02
2.221106144050759781e+02
7.826690721096991865e+01
1.020014130435323381e+02
1.828665298963821328e+02
2.743603547436787267e+02
1.234053994701064880e+02
2.768550888317905674e+02
2.048912025430798565e+02
7.914782381996532479e+01
1.588039049851750235e+02
4.571889511130189021e+01
2.074433620220818852e+02
6.139207378532341153e+01
1.959959534546088662e+02
1.176070439916317838e+02
1.991050542014807263e+02
8.085887720327421846e+01
4.481193088311757577e+01
3.084254393050010776e+02
2.375304718658153149e+02
2.780741962956971065e+02
2.716724028621690081e+02
1.459174991448886090e+02
9.373390407077650366e+01
7.873036465284282315e+01
1.337608899428052780e+02
2.977982762939194004e+02
4.440707443531008636e+01
2.024031719879282321e+02
9.073804653488821259e+01
1.134471998667109460e+02
2.952925547814883203e+02
3.046004895961564216e+02
7.567800439844523908e+01
4.314053528436758711e+01
2.895184740617569332e+02
7.452603771581006242e+01
4.725435646098083708e+01
1.970125356027189980e+02
2.231482068403824712e+02
2.827142816535943552e+02
2.820799954515083527e+02
3.028661030967601846e+02
1.852327452328141248e+02
1.330059832651539296e+02
7.848161773754445392e+01
7.541083611067655568e+01
2.089104214077962069e+02
3.913535542720142502e+01
2.715713346703212210e+02
1.191331764276598193e+02
6.680946387588100777e+01
6.750243933904607729e+01
7.417663325349045067e+01
2.038535399505028636e+02
4.838541670928643157e+01
6.853384087667079427e+01
3.334927247343488830e+02
1.206876393414616899e+02
9.925831159303311324e+01
7.534887769742867647e+01
1.994541050589778308e+02
1.186497363773045350e+02
3.368109452594219420e+02
7.720745888684872682e+01
1.473092501655199840e+02
6.603553099920365810e+01
2.975958030805203975e+02
3.014950848273853126e+02
4.322004019077269277e+01
5.775106845159563562e+01
2.355328468959321953e+01
1.326110511077860394e+02
8.116806167041919196e+01
2.433109477210189482e+02
1.243429063893504463e+02
1.054145665569837007e+02
7.487632752079365162e+01
1.221172178411616898e+02
5.293387326147101390e+01
2.059618933460060362e+02
7.623677436734273272e+01
1.191592360406143030e+02
2.815082263542076362e+02
2.915393751438998038e+02
2.819045427136898070e+02
3.604244866742523072e+02
1.873242349001978369e+02
1.130586392971733147e+02
1.104819326609548398e+02
3.140712145159650603e+01
2.245039119355610353e+02
1.343455368617660213e+02
1.894450140952551749e+02
1.512738766329163020e+01
1.471353810940583458e+02
9.720614098502774425e+01
7.249956115201271700e+01
4.256176783711086387e+01
1.896251419619963769e+02
2.849824143843044340e+02
2.159131147951274841e+02
1.112980097812818485e+02
3.047166522573808720e+02
1.478205814975846977e+02
1.758932175403717793e+02
4.832790043696279270e+01
7.690882493340322412e+01
2.041185756141675824e+02
3.878366402276980125e+02
4.333274951034314881e+01
1.927360756289916139e+02
4.820532871901608729e+01
4.573224082390883183e+01
4.394292824295543909e+01
3.283757082770760007e+02
7.671230433983355113e+01
1.001757051885396805e+02
1.820704755415223133e+02
1.972311356461634375e+02
2.466098609427015020e+01
8.808324077040826694e+01
2.988223633715883807e+02
3.028403020520986502e+02
1.919397504977005724e+02
2.864692278493042181e+02
2.672746184347086569e+02
1.301575680260140757e+02
1.950989250918696030e+02
7.725560658095562871e+01
4.118425472842614710e+01
3.429075186956824268e+02
2.081353272542352499e+02
1.241867345359033123e+02
7.044726481287933950e+01
1.984468371198552177e+02
3.167344777482409199e+02
1.136895326851967241e+02
1.889789862427117271e+02
3.009215519686310927e+02
1.979965906860644793e+02
1.578087776450652200e+02
2.822955138150228436e+02
1.301867489900865849e+02
2.102441509518365876e+02
7.606923823971055754e+01
7.553214919581560594e+01
3.221530109970221929e+02
2.497748831910664649e+02
7.711614431122607982e+01
1.406413534132841789e+02
3.039302526661468846e+02
7.020253494591175070e+01
2.513529676449924466e+02
2.016029229714069118e+02
1.400144575144549606e+02
1.286578510927760419e+02
6.173347084439423327e+01
4.672493487337481355e+01
1.872931256986125277e+02
4.730790026290387118e+01
1.440843366619417338e+02
1.821825310073376443e+02
1.283960698980012296e+02
1.976895961996612527e+02
2.064690326264104101e+02
1.706617201162025026e+02
1.209532363164635456e+02
1.958718759161633045e+02
7.652408666701684581e+01
2.847136181441558733e+02
2.053102895676740616e+02
4.368304110822049324e+01
1.209493920631260835e+02
4.437320888946469211e+01
1.029258043099884361e+02
7.583415897751144996e+01
4.483367030109374696e+01
1.936075286377725888e+02
2.145610710726323020e+02
7.628096000442475599e+01
1.907803311828419623e+02
2.047267933158364883e+02
2.642701723670668557e+01
1.918968493423789141e+02
8.078684509524602220e+01
9.144270226331542517e+01
1.854309953114853045e+02
1.594217481527188696e+01
4.542411777722052335e+01
4.448450612851547703e+01
3.441327292596003673e+01
2.214523138130772679e+02
7.606553869853406979e+01
5.755430081260769271e+01
1.235536521468366686e+02
2.042776811812320830e+02
1.993456791822536331e+02
2.152166190839726880e+02
3.045057239634391522e+02
2.007192984399575550e+02
2.604360853705474028e+02
7.475119185312711068e+01
3.004329641810223279e+02
2.514810095688810918e+02
3.719808834816300873e+02
1.321205114165498173e+02
2.787996715533689098e+02
1.318824868534987900e+02
7.871060015625373296e+01
1.663991286771747866e+02
1.716056228764569482e+02
6.208036320123665774e+01
4.565048307623887069e+01
2.732541010547461156e+02
9.379335251992053202e+01
8.335684040793010752e+01
1.011424877976536862e+02
7.883093448038617623e+01
7.684791321686959975e+01
3.856887012028762456e+02
1.298990184379156005e+02
7.577331543178357265e+01
4.576678522926381021e+01
3.051782998979371655e+02
1.460495101774527029e+02
3.387816290737444547e+02
2.969508600774198044e+02
7.422500014751213371e+01
1.918477930105344740e+02
1.436392782417434546e+02
1.160219886096276696e+02
1.937109973085523222e+02
1.437491524295724616e+02
1.778857631919160553e+02
3.074209927018077906e+02
1.969516202810025618e+02
1.906973385962163263e+02
1.888232761607339114e+02
2.616583894718046395e+02
7.103782535531624376e+01
2.511359598333663143e+02
1.178147087372129249e+02
7.097671939956387632e+01
2.257374196489924145e+02
5.714129514832041679e+01
7.691163502651643569e+01
1.599363322591155736e+02
1.197816406990962861e+02
5.442666648850480016e+01
2.056547338607288680e+02
4.295645546853099717e+01
8.768219660517630132e+01
4.801796177538635391e+01
9.092934441490324105e+01
4.450687823776715391e+01
7.512184595279649102e+01
1.177589430520114036e+02
9.043980822198277281e+01
2.026746016531062367e+02
7.890580728582719416e+01
7.358318929680325482e+01
3.611302546316036342e+02
7.196430836958609234e+01
3.085842905171226676e+02
8.102583317917006411e+01
7.340110614391882393e+01
6.919024094266428904e+01
3.135646421054488897e+01
7.225233767642448868e+01
4.703655242198111353e+01
3.168711533669785467e+02
4.696200136667649616e+01
4.564381306269877570e+01
1.743355008268262054e+02
9.905517934006832093e+01
3.858424662562354968e+01
1.495731105215249954e+02
7.257310065037863467e+01
4.542426508024782095e+01
9.853192109158241863e+01
2.385818222356493550e+02
2.930024160433277984e+02
1.256528011084319161e+02
8.375532738314257131e+01
1.483026468164405571e+02
2.800523435066691604e+02
3.038057222437773817e+02
7.708714294330133043e+01
4.597522309253534445e+01
2.903450772039494154e+02
3.434489478211705205e+02
4.562352141656436544e+01
6.942410119485565190e+01
1.418689248901694953e+02
2.194332689016751488e+02
6.152624851662768890e+01
7.262859044346897974e+01
1.990856251289356749e+02
4.283070147927450932e+01
4.565773935059877431e+01
2.909861675560213143e+02
7.586421120782284788e+01
2.108314589809141637e+02
7.566472834617289323e+01
1.139865388276058979e+02
4.403164669940935028e+01
7.567156730488797223e+01
1.362551397263301283e+02
1.370852805311042744e+02
1.297436037712476491e+02
1.991733876206796765e+02
7.274253696107936662e+01
4.451123537648447837e+01
2.713846243453800753e+02
4.578300854313872748e+01
7.553726302045625118e+01
3.883043796383861945e+01
2.064091989945102625e+02
3.833635657021500265e+02
7.933409723271938674e+01
1.158434603326822412e+02
5.106024754023788859e+01
1.166183116203600321e+02
7.626950544898214446e+01
1.697496680394892792e+02
7.660347784476458344e+01
1.976359500521795383e+02
1.783246239567561986e+02
2.087102021591353491e+02
3.045390344442174069e+02
5.622413047275247067e+01
2.065775145839074298e+02
2.813352429536780051e+02
3.133356289000594757e+02
1.490732511983188147e+02
6.870715993544267519e+01
6.659336626181024599e+01
1.110722011110692762e+02
2.048094801904970552e+01
7.087745650481967630e+01
1.701766738883705443e+02
1.894789154463179273e+02
2.864122083233385752e+02
9.167744363520877471e+01
2.155356487144347284e+02
2.053106367144372655e+02
7.729038050284628980e+01
2.148910590799270892e+02
2.620541129144566526e+02
7.291874092002478847e+01
1.542443848465473479e+02
7.307280800374269347e+01
7.046614627584280299e+01
7.309469166594155354e+01
8.316457356849169003e+01
7.706649184701126387e+01
5.851524166006320371e+01
8.329716681928388766e+01
1.090657551972907129e+02
1.862741651261503080e+02
2.984464881708802295e+02
1.190301328048532525e+02
7.685457814710744628e+01
1.720724195338944469e+02
1.029971726431346042e+02
4.266997143401297166e+01
2.174579622154905962e+02
2.942175370890963109e+02
3.953829513870561385e+01
4.570085283907022244e+01
4.168975490380399407e+01
2.017734673879394904e+02
3.131274728626717661e+02
7.679377052668243664e+01
2.113247653574065623e+02
5.096205219986406121e+01
4.710034256554547483e+01
2.247007198254191849e+02
2.053091067434055503e+02
7.553908896914329318e+01
1.913846037045849187e+02
1.192313195546512645e+02
1.251243723729560173e+02
1.973113081361657919e+02
2.406175506162260191e+01
1.268496986739134513e+02
1.993663253946108114e+02
3.043883552412774520e+02
2.051029452562955839e+02
1.193084538708088047e+02
2.986559471760430711e+02
1.528424306842179590e+02
4.822024693272165052e+01
2.017627609154793049e+02
1.997313539352813052e+02
1.933552979295340606e+02
3.216110749802789428e+02
5.911432947643332625e+01
6.827718252935393650e+01
4.409721876707908450e+01
2.978524732758499454e+02
2.964780921413600367e+01
1.197086270556650334e+02
2.119547340117949830e+02
1.997959310003839448e+02
2.917683373935602731e+02
4.332881565132398549e+01
1.375981062082449569e+02
2.888056019507552037e+02
1.941443274828272081e+02
1.902720710313343133e+01
4.278131136515234800e+01
7.661112669716263213e+01
3.798833703726847375e+02
1.988871822821654121e+02
2.920851968164810160e+02
2.051233551317379522e+02
4.809451381522322322e+01
8.604930551363521829e+01
2.007111714751467559e+02
1.073315135900687096e+02
3.812886748306590334e+02
9.603068995529666552e+01
5.432428838204711496e+01
1.114269275764675200e+02
1.259458161173081692e+02
4.754767707306603342e+01
7.702947345994914485e+01
1.938195541126340231e+02
9.427503577828802861e+01
1.193891190837216385e+02
2.063383598105573355e+02
9.767704557302153034e+01
7.642421692594223259e+01
2.203541517414520285e+02
2.343404825770584523e+02
7.300796061718718022e+01
1.892881324877045586e+02
9.648522901514589023e+01
1.053924786245705434e+02
3.468317525000344972e+02
8.128970662491799715e+01
1.134878963903386193e+02
2.962597775482772704e+02
2.159365957450744418e+02
2.198332952370276416e+02
1.421576424224554103e+02
7.218001495185261263e+01
4.837459650323424398e+01
1.987501375569375170e+02
1.200725154594785664e+02
7.710170068623123996e+01
9.131304175389709599e+01
2.044889532593731474e+02
1.221334058754347183e+02
4.436198544608951977e+01
2.638177397254742118e+02
7.475323698292201868e+01
1.138014035651473392e+02
2.951925352088148315e+02
7.466766618703714187e+01
1.195800540747232503e+02
2.033232134345599036e+02
1.541450309529075184e+02
2.128045806821465646e+02
2.206048837606993800e+02
6.888169979492550965e+01
2.099067056096891974e+02
3.003130901387539780e+02
3.246226604397959932e+02
7.156373660376630141e+01
7.306249341113347384e+01
1.804261090310099860e+02
4.466720142655221792e+01
3.238665246285378316e+02
2.873616462552056419e+02
3.033569459529658729e+02
4.542940475925276900e+01
7.876598442351819074e+01
4.849712054566664676e+01
8.347901480719964695e+01
1.710503192512317696e+02
2.752503488180850582e+02
1.889153943488301479e+02
4.887695410135027885e+01
1.630587019962976569e+02
1.871470446919198025e+02
7.635064276667192473e+01
1.819463887161852256e+02
1.933519704097457179e+02
5.408920823790653998e+01
1.432773840321962950e+02
6.638550165226180866e+01
1.243096266682237001e+02
4.637050394900379047e+01
1.248170683652607806e+02
2.071926964203358352e+02
5.650524498654242223e+01
1.161522031653663589e+02
2.045951227955993659e+02
2.901652064610313175e+01
1.741372753819639456e+02
3.012190635918489647e+02
1.842485333066328792e+02
1.936993850861137787e+02
4.131635563155784041e+01
8.494958118804565572e+01
3.013900342572960653e+02
1.115536754820002159e+02
1.946933784643808281e+02
2.843037402271733640e+02
3.512766186297823197e+02
7.270693044148345052e+01
8.500359072134816074e+01
1.358708140216412517e+02
4.561879586607312120e+01
2.051839182086366407e+02
4.601940573837823223e+01
9.438866736256210288e+01
4.981285022099732629e+01
1.885418528341868694e+02
2.289853409350889422e+02
1.973181474696410191e+02
6.973549888346154546e+01
7.409072103546387211e+01
3.134298605426503741e+02
1.103349701314122200e+02
2.181445244524278166e+02
2.130179811171605593e+02
1.930195182068093800e+02
1.158573717704920654e+02
1.571133369485358742e+02
1.363066231377925135e+02
3.045977689814536689e+02
7.856355963642627671e+01
2.856245860779898749e+02
9.936557257693701217e+01
5.977087205370223444e+01
2.704263821903711573e+02
2.026915949164516917e+02
4.287019746438816981e+01
2.130102506731817300e+02
1.387506471995619108e+02
7.359589126917869351e+01
3.276778124779218615e+02
2.035528109121570708e+02
2.897992817938638836e+02
2.922220837914643994e+02
2.504491200236505222e+02
2.058145682025346730e+02
4.496229272764511364e+01
1.066373258582553802e+02
1.218425052899009984e+02
9.917184453572984637e+01
1.188822003320528751e+02
7.316688136833575129e+01
7.260713926007173313e+01
1.855137333344920876e+02
1.207127791360753406e+02
2.989732307760764343e+02
1.176855146486923189e+02
9.307223235699495945e+01
7.813904051542753848e+01
4.838257956630117462e+01
1.765500962800301750e+02
1.913035384838498487e+01
2.631657782218318857e+02
1.953949854766331953e+02
2.126665864771031238e+02
1.155707520576651177e+02
1.375199664722399007e+02
2.746107796642693302e+02
2.501360774865333667e+02
2.413730666168040671e+02
2.028996193183551782e+02
2.005286787832257289e+02
8.132202942495268871e+01
1.823356300632303260e+02
1.052725893538096074e+02
1.655772870525629799e+02
3.218227482718976376e+02
1.911686000390496929e+02
4.652230619335445283e+01
5.951537591255063120e+01
2.401820909166846434e+02
2.042340061173946708e+02
3.500595297320224972e+02
2.021187718152326624e+02
1.917069434756435271e+02
2.018966339608850262e+02
7.509438410558418298e+01
1.962026039618401398e+02
7.349296859113258051e+01
3.100578706249709171e+02
7.583332290230777062e+01
1.155505507484639480e+02
1.990262220781226858e+02
1.273166985471622041e+02
1.165426832861306252e+02
2.324181104665419753e+02
2.007452408310085445e+02
2.133487915195961193e+02
4.481354961585333285e+01
9.019009653597460385e+01
2.079283604602295270e+02
1.421840158925297430e+02
7.495797540090968880e+01
4.426944696013832470e+01
7.379811507189218389e+01
2.158420996923896666e+02
4.741046447292026755e+01
1.808307931472317591e+02
5.412432624775846790e+01
7.438855990718290911e+01
2.910612537992180364e+02
4.333150524024018324e+01
4.577165238697865846e+01
8.696564301565749133e+01
2.899187511399312598e+02
7.575795082156199101e+01
7.964830101432866627e+01
2.635628776620832241e+02
1.775173825537893890e+02
4.619713316021557858e+01
3.009224908805118730e+02
6.448402705761800746e+01
1.009553180990636179e+02
7.147148303115524470e+01
2.596375968544040802e+01
1.943256462294990001e+02
9.366957180398219407e+01
3.023454581386384916e+02
1.112882331627534569e+02
1.947933709136096638e+02
9.825703298897158788e+01
7.178423565199452128e+01
3.112298698317550247e+02
1.255707603367912952e+02
1.216517255503749197e+02
9.172092221198455775e+01
2.864989579426331261e+02
1.980160951087356693e+02
3.002751027987782777e+02
2.026500261347750325e+02
5.520759547103455844e+01
1.666010732517191286e+02
9.611450134717534510e+00
4.668850139497016016e+01
2.211613707664035928e+02
4.278406860787870158e+01
4.513603749103768337e+01
2.244939087094431898e+02
3.749681247331328393e+01
8.088875532257949885e+01
2.082242425233581571e+02
1.590260177269716735e+02
1.686635366125756832e+02
7.303507725071641232e+01
1.867567267331496339e+02
1.210935642166601696e+02
2.045448391296438331e+02
6.993196594325524984e+01
2.959080087727066939e+02
3.150572186021562970e+02
7.591226743161504942e+01
1.898043971025536791e+02
4.417196141637411699e+01
2.043566480511181851e+02
2.051973086935390995e+02
9.238384141485514789e+00
7.541991193504020430e+01
1.219667592709119077e+02
4.714902419130692124e+01
1.374184442366302221e+02
4.319796333908927011e+01
2.077657641604646699e+02
2.926729446271067445e+02
1.970983604036153736e+02
1.990333257098009199e+02
1.703032551957568614e+02
3.672950368980462486e+02
5.486137886087742999e+01
7.402135594761941206e+01
1.406412742863606695e+02
1.050411627540190409e+02
8.311460179619628263e+01
6.955599269371644766e+01
7.141610889049130151e+01
6.815460972492712699e+01
6.863832041259485095e+01
2.154113104019519085e+02
2.701119692207413792e+01
3.708142545212903087e+02
2.097691569823111024e+01
1.910975369409112261e+02
3.075553113111708967e+02
2.016536452956650578e+02
3.336777433009579568e+02
1.108234604471659281e+02
1.746628269073659396e+02
7.228562608753165364e+01
1.139689400619426038e+02
3.104313249825429466e+02
4.122098408014981885e+01
1.271770894544690265e+02
7.676560527352009444e+01
3.262756113272453717e+02
7.376505144110888068e+01
4.658707789240192909e+01
1.985058485105150794e+02
2.360309659610091728e+02
3.049164911831323366e+02
2.887960234983555097e+02
7.464483162394860472e+01
3.088749998017653411e+02
2.678886207498673002e+02
6.382435586893029011e+01
3.528153088656937939e+02
4.901656482563718953e+01
2.302714842919862406e+02
4.754759327740276120e+01
4.330468305200781032e+01
7.827065464460288524e+01
7.878627735457621384e+01
1.996400152618004711e+02
1.717552968585380597e+02
1.913894634897380342e+02
1.633857884466070232e+02
1.022865436319313091e+02
2.000105103042066901e+02
2.831960730102458115e+02
7.495594127210613067e+01
6.778077910575397880e+01
7.701441579699812223e+01
2.922732513851572094e+02
1.255375354927174669e+02
6.651114209486104301e+01
7.797083871347466300e+01
1.160119005789382385e+02
3.154081722049086238e+02
7.375519398246872527e+01
1.955068425595446797e+02
7.659755623798787383e+01
8.571862316152156325e+01
5.768838480538790492e+01
7.213726154486101905e+01
2.071648662471706928e+02
1.675818791067759861e+01
2.103894939984393204e+02
7.623237922792357324e+01
5.973179161608417331e+01
7.030602137356204651e+01
3.468187675442480327e+02
7.129281268359362400e+01
1.501142745186727723e+02
4.452962909905702560e+01
1.317788516551957514e+02
3.167514172868054061e+02
1.373442847844025891e+02
7.236776204885826758e+01
9.107668064484762738e+01
1.902723113754956330e+02
1.415023158000118713e+02
7.817395630907093107e+01
2.130718454961961754e+02
1.733641738082234269e+02
1.252657334749385711e+02
6.435203175217618821e+01
2.017785331777056115e+02
2.782245531224696720e+02
3.067260385421710680e+02
7.849678799910699922e+01
1.059677366960243745e+02
1.293132617952562953e+02
1.522707379803322851e+02
2.805644562097862149e+02
2.156615693926691222e+02
2.441388334440248684e+02
2.839231113436315468e+02
2.661364512973427736e+02
1.926377075461592483e+02
7.473724837309408997e+01
1.841094573618568404e+02
1.926449610138697324e+02
7.940153329262967929e+01
1.394419298968161911e+02
1.550783109525359578e+02
2.925429654204069152e+02
1.544045858546916179e+02
4.477377973368027142e+01
3.112347573442327757e+02
1.243990922972708262e+02
2.070343864187589134e+02
2.663511652829969307e+02
2.955243305917784369e+02
2.985821931696426645e+02
4.853124228220977443e+01
2.642650658075648380e+02
3.315762713171533846e+02
1.723560576404239555e+02
3.073853019440645653e+02
1.394078547457545767e+02
2.036424374583214671e+02
4.576434591076052527e+01
1.335029301990928161e+02
4.258846176967687569e+01
7.188587289301474925e+01
1.921714661954963219e+02
3.109784126499808394e+02
1.303787700531071323e+02
1.167302079833804811e+02
3.273999671143737373e+02
1.948540929063024123e+02
1.964418770550110764e+02
3.152936085354339184e+02
7.107675043237455270e+01
7.599850999141372654e+01
2.966421138680220082e+01
2.005357806515472419e+02
7.753676150520180954e+01
1.985851914015916861e+02
1.437743892530209848e+02
3.410990151228585887e+02
2.168507226501957064e+01
1.710791216391770320e+02
2.361059481214906839e+02
1.305448973829660133e+02
2.345504876293267102e+02
7.111901494400571266e+01
3.125318286627457383e+02
1.428522033081554241e+02
2.996709728164718172e+02
7.467412871894059379e+01
7.252469643170509528e+01
1.549786027947660330e+02
1.188841710727517587e+01
2.014887898670850177e+02
2.470690611090652453e+02
8.042424415901582790e+01
7.833871367984050949e+01
3.085132396844890081e+02
4.818960587105977567e+01
2.168496329500802631e+02
1.942626310782108874e+02
3.580514401276231951e+01
1.962098653929245984e+02
2.221421708107653359e+01
8.748878822056789772e+01
1.253009927983949723e+02
7.116788929531981012e+01
3.755758905272887773e+02
1.141999424478170937e+02
3.016112067812241548e+02
2.659683286154658433e+01
4.260619813608990114e+01
3.169224315300446619e+02
6.720100484669379171e+01
1.832966041734045461e+02
7.650972278995358522e+01
1.992094164327906469e+02
7.333751673934980886e+01
2.219268297127707115e+02
1.798456349441661359e+02
2.327650361764549984e+02
7.626935554209178747e+01
1.943041528765423891e+02
8.600828033090483871e+01
5.114959077462660275e+01
7.860660501814378165e+01
7.471523805700557830e+01
1.148762078635217989e+02
1.225745242646930251e+02
4.301647888953117871e+01
3.475895307734953121e+01
1.852350535727312035e+02
3.170237638225024170e+02
1.978232471993181605e+02
3.186312242368178431e+02
8.851222525730071311e+01
1.838553039084330862e+02
2.126455808672513967e+02
1.205361711779180354e+02
7.494033601077990170e+01
3.907716836005365622e+02
4.594541961751119175e+01
6.426813998581741316e+01
9.357086948325003561e+01
1.935252265757998202e+02
1.434782389015147146e+02
3.435854514522872023e+02
2.162984611711914056e+02
7.415931280393544967e+01
1.292689891101759088e+02
3.001746129215648011e+02
2.820931309931021929e+02
1.857027156977851234e+02
1.716880147423808012e+02
2.972409645272901457e+02
1.813779254463599955e+02
1.046289361704662895e+02
2.202010348258674526e+02
1.095744802762879573e+02
1.358295380462757862e+02
6.733897786695152377e+01
2.218670597633210377e+02
1.154304247982404519e+02
9.123581485829399185e+01
7.977228843620216026e+01
2.023749645770413110e+02
8.273090614056219749e+01
2.979696644983268925e+02
6.335022487187518436e+01
1.133499371891075072e+02
4.168860873249823129e+01
2.798767998291907020e+02
1.222230416520003189e+02
5.764029914405188038e+01
7.861083788744393530e+01
1.174583536663351566e+02
2.287994867666174059e+01
4.284835961807895899e+01
3.031541204656097079e+02
4.526687832194117078e+01
3.093324078241258235e+02
1.478704889478883615e+02
1.964737443707293210e+02
7.373449517048999269e+01
1.989562171585060639e+02
6.824416243888732936e+01
1.790110428020847451e+02
1.880739928817889677e+02
2.087301321908274474e+02
8.024713885260383961e+01
4.577852374981227968e+01
2.999170371643846238e+02
1.304466091257359892e+02
4.528455874462525088e+01
6.778075092987666039e+01
3.284225746513171202e+02
1.858991600623579359e+02
3.145072174472625903e+01
1.570573551178635796e+02
1.015018847551854009e+02
1.762691343031040958e+02
1.990287908551086105e+02
7.072421821120533991e+01
4.615039038113889802e+01
1.735660515712338565e+02
7.724974649297259077e+01
5.787285370380173077e+01
2.140758726801873877e+02
1.309499251115350376e+02
4.091357593193413322e+01
6.413378061509364159e+01
7.425096830907925494e+01
9.894108236777059062e+01
7.415173707796262192e+01
3.510122849463613903e+01
1.471605136317330675e+02
3.005465989767674841e+02
4.724422227153212361e+01
3.210426220997680389e+02
1.415707414273099118e+02
9.602445943584532984e+01
2.176835768848924602e+02
2.895578607537061657e+02
4.687564419546627903e+01
2.861794516003576518e+02
7.546757786310547544e+01
4.558870636483887040e+01
3.291227879079471563e+02
2.207860148689649122e+02
1.207800612419732289e+02
2.022694387947005907e+02
2.088784788263332928e+02
7.805450989288677022e+01
6.805126607183420617e+01
7.497489121641723386e+01
1.190464631671377873e+02
2.055806244519834536e+02
3.071928272143655363e+02
4.923861987858489186e+01
1.453098994209778141e+02
1.757384669504978660e+02
4.593283286997245085e+01
3.205557905072561766e+02
1.941838393320704768e+02
5.452496505459904341e+01
2.396864139735743606e+02
2.198943989328186035e+02
3.015252091812419053e+02
2.138622846646466940e+02
2.884096741841527773e+02
2.200349670576559333e+02
3.913875497077571026e+02
1.140739007409866588e+02
2.174564099821942307e+02
7.397756925002445882e+01
5.888438371765265344e+01
7.819920866150921768e+01
2.768568938657611511e+02
7.536055689682225989e+01
2.944362080809615350e+02
4.574487823225002359e+01
1.171913759495573260e+02
1.180492888408637810e+02
4.461058636737442384e+01
7.538394819467345087e+01
2.093080105693032351e+02
4.577383961810804891e+01
3.067814126799798942e+02
2.040457408398343659e+02
2.845531280986756428e+02
1.033075791529339114e+02
7.701354053709276570e+01
2.036529594976715316e+02
2.822926717783453796e+02
2.029764194753381332e+02
2.724070989851890658e+02
7.677293910766339025e+01
1.509323672434020125e+02
7.162191208120351860e+01
1.161606670980985854e+02
1.881969746541962536e+02
7.840068192989060947e+01
1.202499259677874619e+02
2.352971160132459261e+02
1.997921358039517941e+02
1.931485345087437224e+02
2.086381761930733774e+02
1.151936509334915684e+02
7.958753622993774002e+01
1.104943724522864983e+02
1.992804027698495872e+02
3.058671180499644038e+02
1.091067563903083482e+02
7.653096891267477986e+01
3.268189658839451113e+02
3.086204163608919657e+02
7.636132610701402257e+01
1.097973921440476346e+02
3.255295478574981303e+02
5.783509436949404403e+01
8.008978207451067988e+01
7.315018533744731144e+01
3.243683488777699608e+02
1.165875822030490809e+02
1.987005517183367544e+02
4.310595992644151409e+01
1.152146470421146205e+02
7.694393679283858489e+01
4.826343936119454980e+01
5.937900114511818117e+01
2.636280977116674151e+01
7.763848273782602405e+01
1.196035707004941031e+02
2.032441480478921108e+02
7.635302813317606763e+01
7.514408795073312319e+01
5.524170237869234512e+01
9.187017200183285581e+01
2.129394930518836304e+01
1.012728745058757340e+02
7.208966702145973215e+01
6.962311299617164195e+01
4.476946004549794367e+01
1.171706927647504983e+02
1.812451372450006772e+02
2.124428872824511245e+02
7.744669177074690936e+01
7.379723461728998757e+01
1.163277931656006245e+02
1.040334910543101046e+02
2.077977269676645733e+02
2.101778280064322360e+02
2.072614186286400582e+02
3.307930869085854511e+02
1.047299576435478201e+02
2.707439932474254647e+02
8.944172031952027169e+01
1.086301218336547549e+02
9.578772914291509721e+01
3.241237396450928827e+02
1.281448922312488321e+02
4.310575403713442455e+01
2.690613724232921982e+02
1.976739141153440755e+02
7.465162225114690386e+01
1.162651643198321523e+02
1.234896914381045860e+02
1.405564975801923140e+02
2.846188697798227167e+02
7.699681924057857429e+01
3.287216574608014952e+01
3.078535320739517260e+02
2.642041758166949990e+02
1.985446174058391478e+02
1.193534430932563168e+02
7.574991042131456709e+01
2.098675640103843705e+02
1.951536949864798771e+02
2.950646982019887332e+02
2.051871420972640578e+02
1.134267213444245215e+02
1.642983307999263047e+02
2.626034578684106009e+02
1.275663874377604969e+02
1.932015406127856068e+02
4.545725041718387871e+01
4.493330352937526584e+01
4.522644611087093125e+01
9.044773914996780206e+01
2.011434346967918145e+02
7.400101711858312115e+01
2.517365916833163340e+02
7.039136666042928425e+01
2.215391963980659398e+02
2.024250085261979279e+02
1.112346913824097498e+02
7.808864254429518326e+01
7.002128659033797931e+01
9.494654014188704139e+01
7.373252281589559232e+01
2.059038334004942499e+02
1.269664371096006619e+02
1.875730349587573755e+02
1.230100118775846418e+01
7.790965293120011381e+01
4.477053737901373864e+01
1.689636719676198595e+02
1.537512864793145582e+02
7.721795652450819603e+01
1.947313493910972397e+02
6.448365584666366601e+01
1.729401088404984819e+02
2.056365701406222115e+02
1.517856329832156348e+02
1.903180126071674465e+02
2.152982931461719431e+02
1.621600326445047244e+02
3.126022016071375447e+02
7.367585544183796742e+01
1.973192486642138874e+02
3.046153665410676581e+02
3.172732144894413295e+02
4.558761606990155713e+01
1.398381877412729182e+02
2.227098861296611574e+02
1.247778573688060249e+02
1.850153007126700970e+02
7.155297458045588144e+01
7.285045931522951435e+01
4.193237282501195295e+01
2.488052711870813880e+02
6.525828394482496719e+01
2.977658455921311287e+01
2.868080536826493585e+02
1.979052322695058876e+02
7.541978557978393383e+01
6.410091766674317171e+01
2.434982409159976839e+02
2.002652899557629667e+02
4.364430688493098387e+01
2.222226232663933843e+02
9.255584528072245121e+01
7.201319173417624597e+01
9.697865480516253456e+01
1.165328401190309506e+02
3.106416328448322020e+02
7.142730905769712990e+01
9.968189911994147678e+01
6.013101702599213638e+01
7.760010645991367539e+01
6.663665710965226197e+01
2.861126880005472231e+02
1.717069020862829518e+02
1.290965169103002665e+02
1.963530572716270228e+02
2.932856854351358606e+02
7.548781917203451997e+01
1.975647824976214224e+02
4.213616433928166316e+01
1.910760700195353934e+02
2.933043892638945067e+02
2.851036290638827495e+02
2.077133721807161066e+02
1.475574018223240671e+02
2.058316317519541201e+02
1.933275360358671549e+02
1.967582578239627935e+02
3.033125644998114012e+02
2.984885477136677423e+02
2.074492101265391284e+02
2.353818747794759076e+02
4.412170127415801346e+01
7.677984010725899111e+01
5.985941978726182100e+01
1.194557380777664690e+02
4.520965455679975520e+01
5.600436611405650922e+01
1.979065954715966029e+02
1.983187485949209190e+02
2.146638393655443622e+02
1.661320748832263519e+02
7.402385097871008668e+01
9.893046127035293580e+01
3.408277295068516821e+01
5.334224419427657438e+01
7.772298187235922740e+01
1.279172541914373511e+02
7.336916729483937161e+01
8.950380324347793248e+01
1.000470200867954418e+02
3.022938993468022204e+02
8.080609667458699619e+01
2.274201497734147779e+02
8.712482962559469968e+01
3.705607482295804544e+01
1.511870082055357614e+02
2.252873233995235864e+02
2.817756296540705421e+02
7.925150488583142305e+01
9.141871130984419835e+01
2.950547082000578030e+02
7.519381332492055492e+01
1.243021547684354999e+02
2.870887692260064341e+02
1.910461031943583805e+02
7.370914609280364971e+01
2.114659452437602027e+01
1.934734778980150338e+02
1.999547303304283048e+02
1.388885669188159397e+02
1.489226345676030974e+02
8.097307506720605375e+01
3.106066847107397280e+02
2.037319849666407094e+02
3.049468546291153075e+02
3.181707923354602485e+02
1.923784800865586817e+02
1.241316846550426050e+02
4.479127327061080877e+01
2.410133635203796132e+01
4.470173826735938860e+01
3.612278522792386184e+02
4.573992914757478445e+01
3.636787633481600324e+02
1.139921946118194569e+02
4.578163366502675302e+01
1.099880143624707642e+02
2.400455485209835444e+02
1.125379805510114437e+02
1.542232253279937311e+02
1.662167850477922002e+02
9.481290036808226773e+01
1.588912720269970862e+02
1.848022647131264478e+02
1.341345744059564140e+02
8.376231726711058911e+01
4.491801745613576458e+01
7.378193839524722364e+01
2.158119595037964018e+02
1.685642906891478177e+01
1.824505392714127936e+02
7.485763700543695620e+01
2.120051290656848550e+02
7.641546944882702519e+01
1.175383112603903157e+02
7.599725584936884104e+01
4.218822440326275114e+01
1.495429976534855996e+02
1.208454685577185188e+02
1.729162587957966579e+01
3.017877013161401578e+02
2.416164079959713717e+02
7.743431010805510084e+01
1.927762999452410213e+02
3.110275571959951435e+02
4.680478893532009721e+01
7.071369629053799599e+01
7.737751759585631817e+01
7.382321556482142455e+01
9.138227121836395384e+01
4.413666411322164151e+01
1.919596810577595818e+02
7.378151326795887144e+01
7.876623604788414923e+01
2.081210945010402895e+02
2.718032060263432754e+02
9.306252736893100064e+01
4.756489487822869933e+01
2.978403271061155237e+02
8.240690660326313832e+01
2.991771329035857434e+02
9.046879600648851749e+01
1.796316363114797809e+02
1.396769584172214707e+02
5.165393104036402150e+01
2.113067047559887612e+02
7.464114367623655255e+01
2.208392786139934572e+02
1.165661056803017459e+02
2.144499239755968745e+02
3.107533088111287043e+02
9.883767672167597595e+01
1.934590065096087130e+02
4.616878427922559069e+01
1.949832350241031520e+02
3.632812774751000973e+01
1.196316693155074802e+02
4.261970383359491166e+01
1.304014094394738379e+02
7.917766643019162132e+01
2.463559404592332953e+02
4.104373831429994368e+01
3.181155589522552418e+02
7.690480977359084136e+01
2.669053180081498908e+02
2.064926261564895071e+02
4.558096357700262047e+01
1.996923695317912291e+02
1.471334293118950711e+02
7.681700869289876721e+01
1.307676208822628325e+02
7.938479145986524088e+01
1.915378147493415213e+02
7.634573192813847697e+01
2.716099672580006086e+02
3.198496969196918371e+02
1.995091805899230906e+02
2.072495896506471809e+02
3.157267640944637037e+02
1.192176996770041484e+02
1.975057507943528776e+02
2.761354788214162568e+02
7.416729675934638522e+01
3.740550799315849417e+01
1.989068237201587976e+02
2.177626373427700059e+02
1.214834751712476191e+02
2.861276530923488508e+02
1.308004952595688337e+02
2.110868866711914791e+02
3.162144716881948625e+02
5.142110831311036634e+01
1.985921172503537377e+02
4.189928521124559779e+01
1.198762038101158680e+02
2.820789197834885726e+02
4.618099818525901412e+01
7.272070399564228182e+01
8.306280928163415922e+01
2.099132961707454683e+02
7.787636150185453232e+01
1.732521402970671431e+02
7.078309402389271554e+01
2.889942445972446876e+02
4.362474294721029366e+01
1.121825720770193158e+02
6.885436743560977391e+01
1.856309294419185960e+02
1.901120450622908322e+02
7.381171406152851944e+01
3.406996719380942409e+02
2.529753280219821576e+01
1.182258161118594870e+02
8.079849478222001835e+01
2.049514388459939482e+02
2.355513993384439573e+02
5.618859398260051563e+01
4.283779611528478171e+01
7.066374786509148009e+01
4.138775614249707502e+01
2.755441536639606852e+02
1.350453028786856180e+02
4.416674191855290843e+01
1.445949021921803705e+02
2.044845541761515335e+02
1.580823773781877719e+02
1.883374904053523835e+02
5.639487352327732594e+01
7.311551932089324168e+01
7.017865081037950858e+01
2.045163300641797548e+02
3.589360785122520952e+02
1.224444460749150920e+02
4.323632160881296471e+01
7.762126743506540549e+01
1.044543641018549494e+02
7.896003742813347515e+01
1.911366497920467395e+02
2.208466973294237903e+02
3.191069744445712217e+02
1.132570587319844293e+02
9.532128638250104302e+01
1.952852997734113387e+02
3.084898802578914569e+02
1.416993422467189134e+02
2.924597302407337338e+02
1.064213912014254220e+02
1.980017299549157883e+02
4.524935922918974995e+01
1.622362897171747420e+02
2.166403068824992886e+02
7.505917416399709907e+01
1.906289713848922815e+02
4.507674750152820309e+01
2.010961273226986918e+02
1.738470106482459698e+02
7.408102172349511250e+01
7.449043578384372211e+01
1.143350003665608199e+02
1.059397416955361990e+02
1.125050296113506363e+02
8.248394917558833583e+01
1.954026584896446650e+02
1.890583426633642716e+02
2.068036908411771435e+02
2.835926997094929902e+02
9.339427509063723676e+01
1.975565812779091743e+02
1.205762759390893422e+02
2.104912740751632327e+02
3.075731757037924012e+02
9.584863480317986273e+01
6.631288521161982885e+01
5.869646863734545406e+01
1.899533601954482833e+02
3.009038141464392879e+02
1.083586456017974768e+02
1.935760542603472913e+02
2.360521692745644202e+02
2.230856259482456494e+02
2.354427426620972312e+02
1.135603601655924422e+02
2.508051118159694681e+02
1.278074040991496787e+02
2.511457199923708288e+02
1.650115648652441962e+02
2.042922157881004921e+02
2.848419725455536877e+02
2.984479700907521647e+02
1.205195285879842402e+02
2.099687734646979607e+02
7.494279889513670412e+01
7.890321778838978162e+01
2.641775898629068564e+01
1.985506511476165770e+02
3.062017708432315999e+01
3.706430532330161896e+02
1.205540689614506107e+02
1.256014570846010940e+02
7.123786241732663882e+01
1.637342717190920780e+02
1.023054157012506522e+02
9.152407756756733193e+01
1.401508752991294386e+02
7.309698716117567585e+01
4.596275556904947734e+01
1.393729501838438409e+02
1.884746273840147524e+02
4.486312139339882066e+01
4.525748190666296011e+01
3.563224780217102960e+01
1.619448962724820831e+02
8.898732078619352137e+01
8.211487169892161830e+01
7.075702095266649394e+01
3.027992973648034081e+02
1.975067221653491742e+02
7.349174411927938877e+01
1.735332622283206376e+02
7.746806588266788651e+01
7.132983093169482913e+01
6.558456115925622498e+01
3.063138938745407813e+02
3.145113051295878108e+02
2.077836187041758933e+02
1.910364970219098097e+02
6.881797369479272675e+01
2.826015442494959302e+02
1.949678508862646709e+02
1.895807948268922303e+02
4.465964580662102890e+01
7.609185614819502064e+01
7.541315035922129084e+01
4.527955938304675243e+01
1.541600360031756907e+02
7.361091344100546507e+01
2.441326429221305716e+01
3.129581072318081851e+02
7.894236686323945662e+01
7.819824791846015444e+01
7.320355577526032675e+01
1.917332362254447844e+02
3.618897826878329624e+02
4.524085967129978059e+01
1.058235707809300976e+02
1.000227523330364221e+02
7.660537363906919950e+01
6.389609646402328025e+01
7.546186441686839430e+01
1.962401498232550807e+02
2.901241403978351059e+02
1.219046025864024330e+02
2.178473708129315867e+02
2.080448363186317522e+02
9.712921854978721115e+01
1.735915802864470834e+02
4.103670559954882435e+01
8.590393959149025704e+01
3.135769285685807404e+02
1.512824817479164494e+02
3.072106963133057889e+02
2.939272516983968444e+02
4.097348186734037512e+01
1.925425874606330297e+02
7.395997620900517688e+01
8.232371681152423548e+01
5.994742859707960037e+01
2.919530073534625103e+02
1.171106961755714337e+02
2.999000862936275666e+02
3.640043335322529288e+02
4.888295938485062919e+01
2.612480648695537297e+02
7.507174594050563599e+01
5.426870547008657297e+01
3.901123754238857941e+02
2.641765565950762493e+02
6.682707724728943788e+01
1.928249797986439660e+02
2.109856978027040952e+02
2.078129947373302855e+02
3.346917589023334472e+02
8.253749053227687682e+01
7.313868830801108345e+01
3.899941360824580983e+01
1.935929769028321061e+02
1.681016711773483223e+02
2.338841941024737423e+02
1.345747359286123412e+02
6.706330440219761613e+01
1.953801576994783318e+02
4.583081407229041560e+01
1.227148532262268077e+02
4.506080740221500491e+01
2.052590928451310504e+02
1.960721803322674646e+02
7.127645556174439889e+01
1.857301660054968409e+02
1.496753085535063974e+02
1.639520880221111554e+01
4.242789192038247847e+01
8.065877564427096047e+01
6.923731271761404571e+01
8.091735687550355749e+01
1.510053152675186254e+02
1.355755266215832933e+02
4.533092044059927161e+01
1.680581309492823436e+02
3.951734021163766784e+02
3.802464868006882170e+01
1.962685896809900896e+02
7.392364453306014127e+01
1.644400882840805025e+02
3.241412386718072725e+01
1.812056361966450311e+02
7.708668414136775482e+01
3.045078536762781027e+02
1.524506061089850846e+02
1.482083796119668193e+02
9.680971811502806190e+01
1.256908484028256936e+02
1.981866039807035236e+02
1.482434195799460781e+02
1.165478279120681719e+02
9.958377230860827467e+01
3.384709255964125418e+02
7.816818055754417571e+01
7.303334669042595806e+01
3.180470902831713147e+02
7.238142983541878550e+01
1.829839464022807931e+02
1.397864070956973421e+02
2.480429073278453416e+02
4.563111679446943469e+01
1.892735439969123377e+02
2.085757659577624850e+02
1.994108193176214456e+02
1.656490630233077752e+02
2.939420692808470790e+02
4.637140011435443654e+01
4.221739302646142278e+01
3.102475062148831171e+02
1.794831019807857047e+02
1.146556755588063652e+02
1.450803051987236927e+02
1.924622724662345945e+02
1.368041047200378841e+02
2.184525938910902596e+02
3.932932366091671383e+01
2.952282659655068073e+02
7.730238727042215885e+01
2.128756154041759316e+02
4.735286055543628692e+01
2.328137771919886632e+02
2.029411659872852454e+02
8.037937832975258345e+01
1.225568693743967685e+02
1.784231786659691750e+02
2.134883124640722372e+02
1.458092428502283155e+02
7.298992377918460761e+01
4.815848643484072511e+01
1.852000764546036180e+02
1.432661890493357078e+02
4.205319455690330699e+01
3.114475588937972361e+02
1.293564023807983858e+02
1.931885526607684938e+02
1.058911116451069461e+02
1.646929488087849336e+02
7.674289850100528554e+01
1.211903157905998967e+02
1.409633094313093125e+02
7.285080133303502237e+01
7.795617696391592233e+01
5.724430079393991377e+01
4.506406903670810493e+01
6.845890936752334710e+01
1.945649674262411963e+02
2.429699232420940191e+01
1.336259427798525223e+02
8.310333640200296657e+01
1.203888526078640808e+02
1.949177524867579336e+02
2.239171574607532875e+02
1.887564081217750243e+02
2.927258757407348071e+02
2.229427706429185037e+02
7.420911686001095120e+01
7.715813832133112271e+01
6.956238715574382070e+01
1.606722585249167423e+02
2.286010266039350824e+02
2.833080778779605566e+02
2.893105596089932305e+02
9.373647174238190871e+01
6.994297856278312508e+01
2.015548392461329001e+02
2.823180353380981842e+02
1.995840901095852189e+02
1.105247060802483503e+02
1.532143644983332536e+02
5.918221664119668901e+01
2.026371439954295397e+02
5.895567853320641660e+01
1.614249488255480856e+02
2.702939004605977971e+02
7.726347770830857087e+01
2.898246065087768670e+02
9.645211954243778507e+01
2.985646803460124943e+02
2.126789112788725049e+02
3.255929260641127598e+01
6.829166936148170919e+01
2.578605912537064455e+02
1.993618041729863819e+02
1.238463980099529778e+02
4.693652776633402368e+01
2.529063022705119579e+02
8.443088700628048571e+01
1.979824657975569835e+02
1.854016200411949811e+01
2.135216081088375120e+02
8.214054758404333256e+01
7.683596038612456880e+01
2.216609331924402682e+01
8.092150030992024767e+01
1.195591587773051856e+02
3.565191472134517880e+02
2.117525834085842575e+02
2.024120960269548277e+02
1.800978302280610421e+01
4.845239162131377242e+01
8.359065233746420631e+01
2.083667654624198349e+02
7.358825424468878396e+01
4.518466948083894152e+01
4.818000037030580529e+01
2.190259370969830286e+02
4.493810659956412223e+01
6.947496374231920413e+01
1.932671510170521287e+02
7.977532509310351827e+01
2.003129468820069974e+02
9.553280747873404266e+01
7.426246201345021802e+01
2.501588815539328436e+02
1.209206589986738578e+02
2.451685644394932524e+02
8.595549784184706255e+01
1.954554109162360476e+02
3.059206855974049404e+02
3.645083496663944089e+01
1.490627037071880636e+02
1.377484626910161580e+02
7.763721648850804513e+01
4.730251101597524155e+01
7.066580678182965869e+01
1.251145461600064692e+02
1.007590389843392558e+02
1.974777153735354887e+02
5.859200616267489892e+01
2.589275042286162716e+02
8.340288860104264757e+01
4.499668146297080540e+01
2.128316855173767408e+02
1.490021615592259536e+02
9.354238062431244316e+01
9.476821991381525834e+01
4.488007081550230737e+01
9.580879176098068228e+01
2.047991495608716832e+02
2.344928768769969452e+02
3.200483233122778302e+02
2.084803089811277346e+02
1.983721138176520924e+02
1.156580839219570151e+02
1.473156357956991940e+02
6.811399935320777388e+01
4.227850667785195071e+01
2.932474493483486526e+02
2.068869037888011633e+02
2.178480499933847625e+02
4.217750713873437007e+01
1.048527252818693825e+02
1.960993669951442939e+02
8.933313282206961503e+01
6.630835014088496848e+01
1.943011676772232477e+02
2.585788595231877594e+02
7.385942672915057017e+01
2.412736119290198928e+02
7.915374962701768879e+01
7.508632139593545674e+01
7.337428337854544225e+01
2.017016235766458294e+02
7.855724842760483284e+01
3.317893988427983345e+02
2.713348350190078691e+02
2.077320822441699306e+02
2.461880295640439726e+02
4.304525568814597847e+01
2.296188535367864745e+02
3.067474830676530928e+02
3.132625893413054428e+02
1.114570235406284979e+02
1.539863327544720448e+02
2.606943916318277275e+02
4.421475205163142164e+01
8.342546069340893666e+01
1.239437872893840051e+02
7.662780096512069861e+01
4.054302723493572813e+01
8.023932802476284110e+01
2.047528955990651411e+02
2.163140088200439948e+02
2.068507686449043490e+02
1.052623831706118835e+02
2.771804076552110701e+02
1.023825731814170013e+02
2.907110954097943250e+02
2.023454383061760211e+02
