3.472738280165617653e+02
4.561833896877370620e+01
2.011951086510481161e+02
1.299280082838049282e+02
2.066418366793912185e+02
4.203826512975873442e+01
1.795794317094842256e+02
4.134764744451526042e+01
4.515322619920031144e+01
4.618541362813688522e+01
1.840272653488285073e+02
3.418117218697220210e+02
8.131381350112066286e+01
2.966411862412408595e+02
1.760260764368473758e+02
3.555823233919574733e+01
9.710159967904223777e+01
1.683631064985495414e+02
7.092916675345203714e+01
2.277712427036641429e+02
3.329802894340846819e+02
3.571299982680096718e+01
2.045344962915193321e+02
3.889187856892895212e+01
3.734459094424714465e+01
6.899457300229418877e+01
7.386469744520358915e+01
2.933046361257510739e+02
6.170425146994206500e+01
1.088768322934566157e+02
2.012645320439626175e+02
1.983347636600442172e+02
1.206424306193724902e+02
4.666441878418692824e+01
2.269609277982737012e+02
1.435397548415167535e+02
1.463882364315245965e+01
1.991952828978701291e+02
3.020195295264468882e+02
2.741848322584999664e+02
1.826734689338954922e+02
1.721923540285449121e+02
1.104595274700436107e+02
1.815995139270891556e+01
3.014688913679710822e+02
7.018098001907607397e+01
3.092701782330202604e+02
2.173143887518006636e+02
1.601201221978412548e+02
2.910908265689984660e+02
7.639015714767747056e+01
2.012861807117749606e+02
1.187817735353710447e+02
2.345276221640535255e+02
1.266831077914881263e+02
1.255547117539925637e+02
2.613899215603657353e+02
1.411779709127447973e+02
1.273331211281732180e+02
7.463959451328184969e+01
2.636422218382936649e+02
1.791334197552603484e+02
2.879928554790672592e+02
3.283185323832610720e+02
1.984023083593519630e+02
9.942331976031778140e+01
7.250113187916163326e+01
8.736550035903277944e+01
2.044373811077953178e+02
1.942123081857939155e+02
7.835583621864738291e+01
4.632876055813390792e+01
3.152361590994116227e+02
7.753947656096336516e+01
1.179721004679062730e+02
4.525492379957608335e+01
1.136349555739163861e+02
2.333276881342693514e+02
7.530624466863413602e+01
2.265052114048510248e+02
1.125382734886357810e+02
9.157688371134655370e+01
2.873604902909473253e+02
4.499988390059832710e+01
1.412738572035270863e+02
7.126890029830721573e+01
1.736387127244545638e+02
7.204722630098309821e+01
3.051256470289850427e+02
3.094056880476691163e+02
1.114772113993712850e+02
7.225754999449002014e+01
2.019380553316481439e+02
7.437730959566458466e+01
2.098711649011491716e+02
2.998124801667338488e+02
3.055852007725655994e+02
2.553337420555581048e+02
2.926429913198021495e+02
7.461450117986073849e+01
2.025317930998843394e+02
7.899741537951722137e+01
1.897721812151295353e+02
1.111912298373556354e+02
2.973383497867432084e+02
7.109804687638941800e+01
1.032040001979749633e+02
1.225694980643489345e+02
1.881133943208915582e+02
1.185512067750772189e+02
4.606430481683136691e+01
4.797011632599370046e+01
1.964802301758513465e+02
2.493812033420134071e+02
2.802252568711750769e+02
7.960619837235299201e+01
2.118076722902954145e+02
1.246533659391698876e+02
1.911302597694234748e+02
9.584728600220726946e+01
1.041376844886277127e+02
2.906647185109616771e+01
2.047534958448586337e+02
2.590767310696153345e+02
1.371491819880308185e+02
5.790728267383003214e+01
7.807437526512158854e+01
4.543689974461580761e+01
1.930660415447306377e+02
1.338656961364375775e+02
1.231800686093122010e+02
7.993413936907391815e+01
2.548907732042956695e+02
7.482090996570484265e+01
7.560644136919403024e+01
7.267832733951549073e+01
2.249426482359598936e+02
4.630733194711875456e+01
7.312008830593792652e+01
4.367731607864628529e+01
9.970362905169129419e+01
7.356696940216870928e+01
9.791396457023587629e+01
2.118192615227031581e+02
1.366584320409622535e+02
2.892605149693583826e+02
7.289497589800215849e+01
7.661001543038216255e+01
7.372045574460155137e+01
7.414243684529057532e+01
2.158843333425664071e+02
1.987739838931676104e+02
2.749896109335679739e+02
5.294535639621955880e+01
1.146535430053931464e+02
4.634134618964248631e+01
1.860264023658697283e+02
1.540135668878552053e+02
2.694173563951853794e+02
8.260761992151516608e+01
7.635618625264146431e+01
1.871812092794278044e+02
7.489430761553546745e+01
2.338359853534573460e+02
1.036628333102194688e+02
1.225640206660480942e+02
4.583800747313492963e+01
2.831859618143346324e+02
7.460380390241961379e+01
2.729162963186748243e+02
4.526412151541237705e+01
8.617028091097358811e+01
3.378803864370762540e+02
9.662530281572418289e+01
4.150068333280677990e+01
2.077831976329108556e+02
4.164251378642048707e+01
3.278078782560761510e+02
3.175807844577917081e+02
3.183084237036040918e+02
2.376154949704377373e+02
1.881350428166436473e+02
4.745375477831513678e+01
7.275583982726136867e+01
1.987415979609326371e+02
8.285078741490518439e+01
2.862804722687372987e+02
2.076267940660216311e+02
7.470571062055894629e+01
7.259636079173347412e+01
1.091254798521753315e+02
1.216672954766226695e+02
7.952625037508633454e+01
7.593864239593878551e+01
3.260342264029919335e+01
7.201469376080126494e+01
7.428410139729025730e+01
4.267744932998138552e+01
2.145196096497886344e+02
2.401533993977113539e+02
1.565461393525719700e+02
1.514146885008314882e+02
2.044205170461108878e+02
1.790201160157633069e+02
9.050516825249387409e+01
3.430660710521311785e+01
2.068091624243089655e+02
1.976219640492957978e+02
3.161304953327943323e+01
4.187243459130979772e+01
1.069682378412139485e+02
2.060442725309156060e+02
3.250708948916782788e+02
3.226439814702609397e+02
1.739644007622326001e+02
2.127438665517105392e+02
2.118144019800689648e+02
7.713886668599472785e+01
1.985696559591785331e+02
4.543797669748789758e+01
3.284907996486001736e+01
7.625432020601010663e+01
2.022530662204958958e+02
8.221579717656422304e+01
2.046709621698620936e+02
2.914996999483944933e+02
2.888204561136200255e+02
2.017295519244802335e+02
3.078228507162297660e+02
3.092461594412045542e+02
4.771374883623479946e+01
7.771900940281918224e+01
4.567613106805858791e+01
9.506121866566643064e+01
4.518274603068049800e+01
3.035816818748720038e+02
7.627406504605636428e+01
1.190982062450521539e+02
3.367781348445268463e+02
1.010211142062629364e+02
4.176130188724714998e+01
1.941224842110827922e+02
3.090692595143403310e+02
2.178399828164647261e+02
9.241348991378274036e+01
2.905875621828985231e+02
2.039318291187984187e+02
1.864095053909894659e+02
3.832833025503012436e+02
6.873008989724144158e+01
1.177842670645980263e+02
2.247195839107912150e+02
7.266556501785771616e+01
8.031246779543579351e+01
2.855179817584534590e+02
1.897153128260597157e+02
2.531656904421597858e+02
7.519175725634910634e+01
7.675924940989520451e+01
3.167265590506394233e+02
2.827392002175284347e+02
4.611406181413313021e+01
2.048744927898646893e+02
8.443970343781471399e+01
7.654230188728736550e+01
2.873171170830465826e+02
2.019795923852149713e+02
8.007308674268585946e+01
7.951797437568056637e+01
1.374154646534830135e+02
2.986115117729449864e+01
2.787427329272798033e+02
2.120227737939936787e+02
2.575030692924262894e+02
2.177577065297272725e+02
4.355447097361771824e+01
1.898368097086997750e+02
1.972123335059972362e+02
9.227154398359849097e+01
7.407518087891556036e+01
1.783273130502428216e+02
2.930499805719632036e+02
8.783507632593665448e+01
3.904488284135394451e+02
1.324834519211230486e+02
6.826941448514953947e+01
1.986357347159162430e+02
8.720295027246187658e+01
3.163234379002365699e+02
1.242509088795489731e+02
4.081444383586285340e+01
6.829631498947374268e+01
2.839861780726256768e+01
3.111721902938763265e+02
1.917443683073907437e+02
1.776026215870369072e+02
1.533242086932188784e+02
1.178357161913434226e+02
8.710964272290840427e+01
1.183892108741886204e+02
2.851427332717345848e+02
7.306679341966110997e+01
1.386966653902485405e+02
6.833507404344196345e+01
2.727921082194299629e+02
2.899118714543576516e+02
7.623462886539732608e+01
1.457884785977153967e+02
8.782626379810804451e+01
2.041932795657336612e+02
1.585525985306381003e+01
1.912732546602302364e+02
4.337114269672678546e+01
1.180981908494231050e+02
1.924867766842185404e+02
8.656511479259155806e+01
1.244886975188825318e+02
2.024357717692508913e+02
3.115277608668637868e+02
2.002604372572949671e+02
4.331930795260656453e+01
3.086796790205775096e+02
7.532191497929940738e+01
1.988812855866286213e+02
7.324859551688298609e+01
2.338321632573322688e+02
1.957005584955752795e+02
4.697337654436508103e+01
1.733893517213980999e+02
2.099964851274589535e+02
8.084760605965263380e+01
1.921083414596813270e+02
3.019272960701323996e+02
7.631172726022111874e+01
1.895436284489566106e+02
2.558308279429206493e+02
9.779464925802984965e+01
3.113493934149526581e+02
1.943641224246395325e+02
2.025359633189793271e+02
2.279950776834350563e+02
7.547874745093875504e+01
2.536639712900581287e+02
3.107356453821104196e+02
1.970119727407321477e+02
2.009022693689638004e+02
1.168451274308300896e+02
1.123516700598683684e+02
1.990605146815215676e+02
7.246213856919646901e+01
2.082915070134574478e+02
1.524343932319128783e+02
7.618244321955505427e+01
2.028294963212221376e+02
1.093343369070143751e+02
4.570155401030559261e+01
4.468483526077017842e+01
1.175250157781268570e+02
1.276536178072766177e+02
8.017841058615212546e+01
1.129065963742675933e+02
2.985292067359918065e+02
1.021355803584514632e+02
5.643723240398011853e+01
1.148062990939064605e+02
1.241724017173557257e+02
4.422856559803569354e+01
3.036972524702785563e+02
7.464226029032629128e+01
2.105858034511302606e+02
8.883922524254418818e+01
2.015272269782650199e+02
2.055532135087557890e+02
2.668419928625745001e+02
6.909420946089962001e+01
8.941489681658792676e+01
2.953706231517265905e+02
3.260534025658788551e+02
2.251841911883779801e+01
4.298827625549254350e+01
2.011894334540780562e+02
7.723086580859808237e+01
9.157753478537887304e+01
4.688090306628085813e+01
3.078326175409945336e+02
2.062123511952110562e+02
7.890049050635323624e+01
4.842539873817285212e+01
1.462073149608407334e+02
4.072909834450906885e+01
2.005911233234552355e+02
2.517394338009895023e+02
1.020086796413091008e+02
1.124979815260410874e+02
4.034530863541690593e+01
1.205148710898899225e+02
1.290347837344095296e+02
1.715527631664762112e+02
7.410218100009642228e+01
1.386612081860668866e+02
7.818765319560014859e+01
1.229822878147432732e+02
4.894642701481978975e+01
1.530250590869048040e+02
2.137076400095213842e+02
1.225197407566121655e+02
1.990649383144671845e+02
4.464223710427516778e+01
4.446444139121931016e+01
2.027706852994532767e+02
9.066267193934990587e+01
1.428565232970710213e+02
3.165938966807555630e+02
1.237155353261512687e+02
4.685571838337232720e+01
1.799149904975007530e+02
1.228892193220183344e+02
7.216069482058560425e+01
1.995704384834802454e+02
2.378224736500453673e+02
2.006628765262215950e+02
1.432746242180782588e+02
1.968489460126327799e+02
1.869415772588387483e+02
1.721938438417595023e+02
2.756161524362747173e+01
4.819248695971877794e+01
2.076053813353983060e+02
1.945131185017611699e+02
3.555988089429796446e+02
1.225230867156554666e+02
1.137032995236105819e+02
1.135582704227455650e+02
6.245255626960224760e+01
2.603261567244565526e+02
1.219297853094838047e+02
2.548242985694297431e+02
1.195835670909294350e+02
7.434774004279221060e+01
1.933626971710553448e+02
1.107405905581889272e+02
7.945395730026476144e+01
9.776931904416021268e+01
7.217583375112371868e+01
3.581623572421327140e+01
2.040238303465097545e+02
3.730831350376622169e+01
2.114283958190272585e+02
1.880888200974821700e+02
1.842228000456513257e+02
1.084014170126363439e+02
1.472577827351025519e+02
1.691430091326944023e+02
3.427117873110211690e+02
2.954292652823022536e+02
1.991578296426819747e+02
2.243031557498337634e+02
7.019453656574872014e+01
3.945977830769722772e+01
1.930744352573686626e+02
4.521929541580704637e+01
7.257590919992630063e+01
4.331295926237793736e+01
5.197493771928439799e+01
1.486267023102096800e+02
1.229584620629133980e+02
1.198817303233507374e+02
4.317962686940548878e+01
1.134469606388915679e+02
4.371547348791317233e+01
7.606920160370199824e+01
3.088882727131709771e+02
1.398109520497528422e+02
1.852727075805962897e+02
1.138841489454696898e+02
2.376481382322582476e+02
1.373577688173451747e+02
1.905484368511071409e+02
3.236965086719748683e+02
1.426479254547586777e+02
1.514311508692055099e+02
4.362372540165436874e+01
2.689273761277121935e+02
2.994688966250307089e+02
7.386525480552852230e+01
4.672400004380931193e+01
2.950908651491232604e+02
2.894604237408014455e+02
7.198581562780752563e+01
4.776948162240753248e+01
7.549098295362547617e+01
1.593401859799396902e+02
2.439899796613329954e+02
2.407321721635823053e+02
7.465752857525269803e+01
4.536525264671787738e+01
4.504194565215611590e+01
3.112340803016026030e+02
1.780519178568449661e+02
1.123777570618549646e+02
1.935486338968209168e+02
3.009989079288109437e+01
7.788465783056163616e+01
4.175618434561490488e+01
3.497267085875881776e+01
4.586650131491808935e+01
7.596811639221262169e+01
2.168516301877787384e+02
7.458521476806568273e+01
1.079357420373109449e+02
6.676330150584371381e+01
1.152674893312836986e+02
1.922144730290419545e+02
1.154218693443839214e+02
2.852960215781041029e+02
7.285696163320092467e+01
3.095990656334146252e+02
7.343174925981304568e+01
1.222233953816772356e+02
4.382391604302657129e+01
4.723760483732947080e+01
7.299600335389698103e+01
2.068565673030772700e+02
2.258146932815446064e+02
1.663474911835487262e+02
2.818705151572726209e+02
1.955025132741489813e+02
2.375059144107744089e+02
7.417638758351570516e+01
3.011024324194634687e+02
7.727432960177357302e+01
7.100176324659751970e+01
2.917297729703277582e+02
4.263190933575808117e+01
1.222297531196608134e+02
1.442655015267822307e+02
4.254905950383622582e+01
1.501580465167760110e+02
1.303845377529965788e+02
2.664662776079170499e+02
8.805632810424262402e+01
3.433191646500256411e+01
1.946713723343106395e+01
2.126801828563648655e+02
2.968386476823005182e+02
1.870014590084901442e+02
3.104721961864202058e+02
1.900037835628435232e+02
2.933110519233263176e+02
1.244764269399752123e+02
7.377836825562378920e+01
4.176861411789329992e+01
1.857533332151362231e+02
1.902779905420157718e+02
1.126546058524128568e+02
4.313625247946565366e+01
1.596277071544654973e+02
7.353553225502891166e+01
1.294360185451252505e+02
2.063851831467868863e+02
1.932898218110277639e+02
1.966365742046618834e+02
2.540922304557839482e+02
2.804453758333714859e+02
2.961726745726925856e+02
4.978477941921291716e+01
8.236135186696654387e+01
2.084916967568354664e+02
1.202428138833311806e+02
1.642354808333359983e+02
7.924924024106589115e+01
2.665457638356347729e+02
2.891993192850147238e+02
1.293617629380150902e+02
1.525302266994383444e+02
4.211835307154386498e+01
2.960195846261434554e+02
4.432339288074036432e+01
7.528932072987831248e+01
1.170724978586248426e+02
2.338680166735243517e+02
3.058268267188893788e+02
2.943214090002263106e+02
2.783293366879852826e+01
7.268639877919800085e+01
2.755182038004317633e+02
2.972387181200368786e+02
1.853720256026630580e+02
5.852850584775121945e+01
1.234792312334315056e+02
2.082980504934694466e+02
1.790438919534533397e+02
1.322720572181101488e+02
1.183877432506985343e+02
2.780423665513502556e+02
1.105115348457720899e+02
1.061836104665329259e+02
1.645872586412542375e+02
2.879214473825419986e+02
1.228067572668441727e+02
1.235464831972760322e+02
2.861898979587029146e+01
1.581016950285190319e+02
1.097567639239093467e+02
2.147687991326124575e+02
4.634701735777353093e+01
2.808557509604185611e+02
2.041620289270183974e+01
1.206410209949112158e+02
2.894183047551076626e+01
2.837461342304721938e+02
8.795491906213234756e+01
4.598168235211215915e+01
1.936408100811751751e+02
4.015160743439766122e+01
2.017102641978009956e+02
9.148660431293878048e+01
1.123007697455064147e+02
9.319560157475874007e+01
3.203816976300647639e+02
4.550617809488626619e+01
1.572397034530962969e+02
3.014544292950301383e+02
2.973022017551616614e+02
3.495203580783535813e+01
2.640683921085507109e+02
2.064226802654245887e+02
1.118286253189489798e+02
8.735704778705346030e+01
7.707272239308325368e+01
2.180478798572233927e+02
1.913032749107210293e+02
5.636343465228385696e+01
7.389524577293113339e+01
5.392353794141214962e+01
1.329893503840058031e+02
1.195366067783484141e+02
4.792634802132111105e+01
5.392296784170385848e+01
1.157362181129141305e+02
6.824471833025324941e+01
1.232498267964510745e+02
2.031894216514986340e+02
2.918180700234798906e+02
2.885527365943123073e+02
2.034227960724132345e+02
1.191980934590320658e+02
1.188810136505834407e+02
2.976081158469579009e+02
7.799227317993111797e+01
1.551250485247543338e+02
1.220798613928868974e+02
9.816211844622011995e+01
1.064316417815229840e+02
1.315748572908699714e+02
1.929723459443102342e+02
3.072649849640862953e+02
2.444856538920201388e+02
1.280765765944158261e+02
1.189178466921898831e+02
7.229397151704561963e+01
1.192977469213456629e+02
1.172155287362899401e+02
9.094625029830569929e+01
1.974590994426968109e+02
1.187563166377465365e+02
2.812554207453765116e+02
4.518225099942127798e+01
1.718635439435501837e+02
1.876095837770399726e+02
8.236199597871848255e+01
1.078915948900772150e+02
6.367918002286941714e+01
2.027093136938116800e+02
2.810385749481708331e+02
1.501537934171094832e+02
1.371823322372829637e+02
4.888390013721991778e+01
4.348262146535971340e+01
1.444167390811467442e+02
4.061073475898836449e+01
2.074067179119401771e+02
1.791515711437054676e+02
9.079478153619930936e+01
4.371084783737803292e+01
7.554790872168084093e+01
2.050715279212376458e+02
1.696075822679960652e+02
3.327535185579228596e+02
1.805288821675224256e+02
2.036769391540466358e+02
3.522688124660123776e+01
1.837147255605297858e+02
7.429991256725661231e+01
4.767522942995942259e+01
4.802981327453912996e+01
4.305616345078276908e+01
4.311164924235486495e+01
3.496909618175992023e+02
7.672971196038365349e+01
3.140274147898709316e+02
3.056776847674228179e+02
3.198503923136585740e+02
1.541935828679530402e+02
4.197066688920185840e+01
1.953350853253727450e+02
3.149743769145879924e+02
1.439131864819526072e+02
5.670219510962921561e+01
2.437970477632381403e+02
3.808917165363917547e+02
1.874240525570093894e+02
1.270311019494983924e+02
1.828968023179159559e+02
5.523859898439799565e+01
7.596274793370278644e+01
2.844691154511174318e+02
4.609268859774004312e+01
2.262429830862201641e+02
1.507569248983426178e+02
4.474478799668127493e+01
2.015988807018985653e+02
1.365910914993631593e+02
1.685948816716853571e+02
3.689492613347258043e+01
1.956598673767014418e+02
6.484122839962016371e+01
1.973858237045901660e+02
3.015930879132379800e+02
1.447240545043634370e+02
2.268924055149338059e+01
1.643762846933545632e+02
7.880472343047790673e+01
9.600198227023423669e+01
3.090516849210298744e+01
4.505406964391427493e+01
2.052578414404030696e+02
3.244903718885234980e+02
1.310734117480491534e+02
1.471800459158330341e+02
7.461448914219229778e+01
3.084126196365166379e+02
3.123934611096039404e+01
4.336345644708588054e+01
1.028014960854446826e+02
7.952474099642348904e+01
2.469413115982711986e+02
2.086071876152328173e+02
7.711049257502409660e+01
2.176297708843711689e+02
1.989323007075683449e+02
6.922379761221364447e+01
3.005170647378303670e+02
1.830506756131152883e+02
1.571466858735995800e+02
2.237373025662461146e+02
1.285691534934372555e+02
2.890913774226927444e+02
1.100226456580829932e+02
2.218347542766447020e+02
2.080538079964059648e+02
4.088809080519963857e+01
7.111580536748604686e+01
3.006340260653732344e+02
3.051805180110675906e+02
3.464856941492939768e+01
2.965081034303264573e+02
1.983670592185882242e+02
1.146117000957402468e+02
1.645158374941706256e+02
7.597286084961041297e+01
1.008260733679111070e+02
4.966547556462351309e+01
1.506093731743836202e+02
3.125622944302925248e+02
2.130028658847749625e+02
1.995845869214048776e+02
4.409938431971582418e+01
4.579936899103966397e+01
4.752529249407974987e+01
5.742233571391258806e+01
1.122035003954262038e+02
2.500624173015013127e+02
2.195992972265891297e+02
2.083518462215875502e+02
1.223657374365453165e+02
2.097704559880642421e+02
2.127671264819751400e+02
3.605951987548222633e+02
7.580880959805801922e+01
7.919734363216602446e+01
2.962876563294420862e+02
7.641417114915645925e+01
9.965542860064354613e+01
2.472633267342533827e+02
4.631972946405086589e+01
6.808307910684634123e+01
3.319495284023179238e+02
3.004212351292270000e+02
3.817692152754387962e+02
1.549970798467227553e+02
7.393171128833483863e+01
1.518817712859567166e+02
6.942412558518651622e+01
6.919723825354705582e+01
2.028846433172223556e+02
2.097845151181939798e+02
3.011362062460962647e+02
9.997143682505807760e+01
1.586608394071634507e+02
7.140838833551674725e+01
1.780850275961950331e+02
2.062583555412893475e+02
1.887932006746432023e+02
2.993152631550207161e+02
1.762745793985699265e+02
9.865702152145406956e+01
2.132952236774353025e+02
2.004405887992635940e+02
2.951969781605308185e+02
1.972255580144213525e+02
2.935897580777532667e+01
1.967139323358038041e+02
2.703570594985184243e+02
3.137961006484485438e+02
8.491825817539927357e+01
7.909025566472817559e+01
4.673897688494487568e+01
2.276020284145288031e+02
9.946733249354275586e+01
4.968176501628561681e+01
4.265218428907549963e+01
2.361868708964739483e+01
7.132836722906981208e+01
2.233496049033075792e+02
7.551208014385549916e+01
1.796387696588764413e+02
1.349107585749313216e+02
1.998095751943100424e+02
5.499933314381397764e+01
8.929940352671231096e+01
1.166127700021288973e+02
4.520993886765324987e+01
3.237196413869978642e+02
3.326968227592862490e+02
7.760671365784845932e+01
1.423010310098080708e+02
1.908310089024855074e+02
4.513805883216663517e+01
3.147226068064363744e+02
4.330549131435353161e+01
4.601676740331666338e+01
2.938169138171071495e+02
1.522308902415935279e+02
3.077772117421549751e+02
1.230182599173910063e+02
3.197766805626997666e+02
1.890635666910985719e+02
2.121810119604689646e+02
3.204096456925311287e+01
1.318811702255405862e+02
1.400551620696998611e+02
4.812379548252003048e+01
4.830967358946804779e+01
3.938877876380931866e+02
1.481532411422157054e+02
1.687530330512781234e+02
1.983472411297526037e+02
7.704817216742657138e+01
3.031293423333724490e+02
1.645258112153557306e+02
2.757543916689789398e+02
3.711144114149427509e+01
7.418391217542267668e+01
2.673771085593539851e+02
2.059859497000781516e+02
8.720423627150529455e+01
1.597164758601736310e+02
4.708714014127767200e+01
7.627216440218860782e+01
1.417385492797868949e+02
2.134687869433241474e+02
7.273680794491968982e+01
1.933122284687758849e+02
1.342241932885422671e+02
4.319605255747981687e+01
7.851160578659688838e+01
4.093560134520429017e+01
6.870768210333777404e+01
3.287680303700911963e+02
1.984036044158278855e+02
1.837856963373416193e+02
1.947987324338630515e+02
7.161995509149740258e+01
3.037239673301014022e+02
6.625756052387482953e+01
6.434522258496423319e+01
8.712488260327945966e+01
1.991046092771286169e+02
1.943740359332404637e+02
7.363358523424406599e+01
4.497038717606919533e+01
2.940904054777714123e+02
2.035738973202281841e+02
2.671641707460518660e+02
9.350602416311761544e+01
2.065259393260604952e+02
4.525993059181582368e+01
1.458773539108591422e+02
6.696344712786543596e+01
3.858989031409687698e+01
1.941889354925932878e+02
1.698907999711042862e+02
2.724620342345054951e+02
2.047556944271065618e+02
7.776332247273568044e+01
4.508500366659637137e+01
2.752242577048168073e+02
1.998116622462852092e+02
7.335948564596436938e+01
2.221977695688561028e+02
3.015820927489846781e+02
1.348893207357593269e+02
7.349329545463073998e+01
2.944289468314638611e+02
3.145713218450724753e+02
1.299085138277986857e+02
7.875281238082934010e+01
4.542903725812049487e+01
7.963986774486230047e+01
1.707847963575513006e+02
7.209996858555079768e+01
2.021431030726975564e+02
2.125309150639962468e+02
2.433203039114548716e+01
4.518570330603190399e+01
4.591472626403611912e+01
2.362813695304723183e+02
8.056405863761620267e+00
5.252828982210515818e+01
1.663204793012919254e+02
7.629672895947487632e+01
1.868868861320870565e+02
2.867516623286694539e+02
3.012132168299039563e+02
7.357414318123090879e+01
1.818666110442003117e+02
1.366730062803852377e+02
1.657159761716698654e+02
3.217055976401296675e+02
1.991201899489847449e+02
3.021749939458236440e+02
1.861951693768975531e+02
2.758777223539263446e+02
7.855773739172265380e+01
2.526631634677780198e+02
6.286852670111402119e+01
6.772596998419201952e+01
2.022319837447003863e+02
2.740138916881074920e+02
4.518598116417754795e+01
5.993965546415208934e+01
1.604334877764763405e+02
1.635599994234933376e+02
2.128492594821586295e+02
1.186838327705477667e+02
2.116922426201747953e+02
2.046536488088749479e+02
3.543284649122733754e+01
2.085483123283976852e+02
4.407998099030311323e+01
4.864558918033423396e+01
2.608031783005126272e+02
1.634812467074254130e+02
5.649827304543224216e+01
1.960358604452542011e+02
3.042571348122672248e+01
7.719224543633283986e+01
1.474494246915626263e+02
7.358340746259675313e+01
9.359926405295244933e+01
1.955038022339792008e+02
7.115382562745020323e+01
8.917496302312575551e+01
7.442954744423866487e+01
1.243709508358103903e+02
7.305945402021384893e+01
1.062301374902032478e+02
1.887723856699723797e+02
4.440179232838813306e+01
1.939665226172466816e+02
6.050900094571952081e+01
7.248710804644807126e+01
1.694969326223441044e+02
7.750665601757825129e+01
4.468829960721084404e+01
1.806387818485411287e+02
2.603192078352099657e+02
1.412833689441953311e+02
3.083041563641319840e+02
1.267230293570684836e+02
1.239663866242680683e+02
2.704238206276476149e+02
2.926611951746953650e+02
1.941346474236054007e+02
4.342766238079650520e+01
3.085647256872755406e+02
1.138611193456822548e+02
1.033405356841601019e+02
2.906634693520562678e+02
1.254203979977526870e+02
2.109315504826018639e+02
1.705018440980828984e+02
7.463881192233145612e+01
1.177580328847154902e+02
1.836005185359137784e+02
7.285301678969335626e+01
2.544350396462130561e+02
2.263855527379321870e+02
6.966658023658295917e+01
5.226214291921134247e+01
7.591247236331140869e+01
1.180037354733459551e+02
2.971968985417307749e+02
2.840667320427352820e+02
2.086273372284641141e+02
1.189804701063367673e+02
5.982624076815646674e+01
1.188372247222208387e+02
1.934270252061372730e+02
7.087826541400670521e+01
1.744318760566088713e+02
1.199710894005260826e+02
2.125032487025946750e+02
2.035468667284716275e+02
1.394410545208589838e+02
1.810590653372871373e+02
1.178110947548673124e+02
4.370682614723197901e+01
3.409856788822897045e+01
4.600411605658423042e+01
1.383447440801566302e+02
7.180393186773059711e+01
3.045815397278781802e+02
1.133268323243245703e+02
7.353215745950605253e+01
1.453228682727153682e+02
1.227694298257281105e+02
7.246092113563005910e+01
3.299866003028840282e+02
1.422928092186857612e+02
1.911025886774546905e+02
2.134190391615457827e+02
8.105686759054556489e+01
2.077710608505018683e+02
3.070033926437523633e+02
2.588548711629699710e+02
1.975683512729738709e+02
7.666535464012702050e+01
8.000730817267302086e+01
1.407238289382089214e+01
7.386031796869414734e+01
7.525157228603805493e+01
3.401567748570235494e+01
4.543813402694195247e+01
4.093761995745384041e+01
2.808008449422781041e+02
1.243479502553262819e+02
1.253891699710192853e+02
7.982077958153978159e+01
1.697382730865448082e+02
7.437769353643822967e+01
5.912925563922017602e+01
4.543803650311111397e+01
1.205629993750527262e+02
1.010867638533217701e+02
7.192173563280475435e+01
3.168174062262421558e+02
7.953105239021115835e+01
2.220991685418148336e+02
7.804273063853798931e+01
1.411110531031303310e+02
1.245950689958756641e+02
4.349393828804154793e+01
7.347148246237911451e+01
1.452350893613412097e+02
3.178405735227797209e+02
9.329623129114231972e+01
7.478687135577517608e+01
6.164723849914133069e+01
1.881301567260741479e+02
2.798134183672774498e+02
2.080595659708387473e+02
3.979402986027159841e+02
5.689468033170398087e+01
3.026911325149844174e+02
9.746850014297383780e+01
7.344756823200042106e+01
7.872055116736260061e+01
7.716158633435847491e+01
8.103646370992338177e+01
1.368378035320488664e+02
9.919055753028145261e+01
2.689999204394418371e+02
2.132260022594100803e+02
2.093233709799132498e+02
5.330334055314065722e+01
3.048670276867763391e+02
2.907775998956769854e+02
1.784687839630793178e+02
3.268772542019695493e+01
2.696954803404725567e+02
2.175117395104655600e+02
2.299766502578849554e+02
3.006526389027104429e+01
2.516035823354251022e+01
3.142392470360758594e+01
1.024501105608077438e+02
4.470392167563232277e+01
7.457975581653892050e+01
1.677199105750930812e+02
3.178302516691576329e+02
1.912066329761930561e+01
7.705463501377798252e+01
2.930127448770708156e+02
2.547531908929460371e+02
5.234933057064387185e+01
4.849002834312216237e+01
1.934218140856843888e+02
9.419935827105183535e+01
1.957741796457906105e+02
1.310759002895162837e+02
7.230893801549680688e+01
1.221067985116042536e+02
1.225622570058832679e+02
2.939690844195735622e+02
5.732505171660338306e+01
1.303716151947066066e+02
8.225193885202966726e+01
4.911013929831212010e+01
9.710673393127099473e+01
3.326460826345868327e+01
1.911645599441607430e+02
1.196715811402851415e+01
1.073754021560744292e+02
7.525685110899250674e+01
4.632374850740725236e+01
1.810939784808664115e+02
1.323367885101844763e+02
9.497670957786230872e+01
1.204627088839438613e+02
3.071088671864924891e+02
3.054444652053205118e+02
2.180225803288750228e+02
1.860090469059418012e+02
2.059764368937133554e+02
1.256469853002001571e+02
1.164457819566366510e+02
5.786386059795805892e+01
1.192922771109711277e+02
1.954129214223004851e+02
4.574642912335380629e+01
2.079538914321995549e+02
4.451368478347929170e+01
4.666384584812976044e+01
1.868062429508400442e+02
2.947776858060535687e+02
1.507071398632199646e+02
1.173037878182253877e+02
1.934090703008977528e+02
3.282970530389027317e+02
1.979324857423169419e+02
6.945530219600347266e+01
1.200267632962244448e+02
2.903716365094861089e+02
1.875653358073419099e+02
2.730608803552716495e+02
4.689157670452337356e+01
7.394044758087446212e+01
8.373728380246090808e+01
7.514993668273902472e+01
1.603303261718086219e+02
4.645375942159060401e+01
6.867370592437949028e+01
2.867511733466907913e+02
2.768853389543380104e+02
1.911119374021923250e+02
4.819519276169987165e+01
7.349175144693724349e+01
7.199843957403014372e+01
1.960162155135107866e+02
2.097089460486004100e+02
7.700828122145347265e+01
1.458085807831531042e+02
7.666915509436095988e+01
3.026926018829157670e+02
9.397313567623885433e+01
8.706156331501767909e+01
1.169751252812555151e+02
3.791531002312495957e+01
2.087543125535461002e+02
1.427559394422246157e+02
3.963242241129777312e+02
4.977275972563499806e+01
2.031273162366060490e+02
9.440652720966421896e+01
7.241688831100208290e+01
5.145414000525687470e+01
2.192692883938792647e+02
2.923131027929503034e+02
1.186004458481989587e+02
3.958893977219252065e+02
1.163280166258328165e+02
7.395429337199627184e+01
1.180785297769601243e+02
1.139314743292570711e+02
1.374870608391793780e+02
3.143985860643803107e+02
7.665354849899124190e+01
9.555273922629879735e+01
2.017865445679148877e+02
3.307826245426314813e+02
4.376127145807365082e+01
1.434017418968584536e+02
5.254767542029969007e+01
4.638668652515893598e+01
4.677232851708928507e+01
7.293431620065611298e+01
1.989741487164122020e+02
2.144783177724722236e+02
1.070648700425613526e+02
2.720602123437154773e+02
1.575110193358200661e+02
5.277905912947611711e+01
4.487306679117924801e+01
4.264970272289568243e+01
7.840197147447375414e+01
1.886610148100683375e+02
2.087607462711776520e+02
2.084222774768648208e+02
1.128847291765678023e+02
1.325372234882629527e+02
1.971863681388472003e+02
1.458210787846923893e+02
1.893678332831653108e+02
7.458354289303362350e+01
3.089682849531994293e+02
1.775040992475191359e+01
4.098363355897861027e+01
1.471723793646421257e+02
7.113514706142011335e+01
1.343091685648181510e+02
3.974071638395550110e+01
2.044909705506176749e+02
1.115392763608936804e+02
1.939879796330033628e+02
3.642706646914209045e+01
1.991569700950630590e+02
2.051663579806280211e+02
3.260660532216519414e+02
7.229694819925694560e+01
7.366616397767960223e+01
6.066899797382077253e+01
1.312962897585363180e+02
7.761827589218025025e+01
4.337762855163474995e+01
1.284984607035320323e+02
1.760809832954226124e+02
2.091184696633179954e+02
1.970036492908417642e+02
2.256020350564651267e+02
1.931230345849110108e+02
3.029078907412304602e+02
1.916832881754389746e+02
1.287589703809887851e+02
1.808213337870874398e+02
1.999047796113305822e+02
5.620851000776578843e+01
5.947123493289938523e+01
2.824551404708598739e+02
3.033419257048000759e+02
2.568373798454435359e+02
2.842920677373446097e+02
1.132839362540418762e+02
2.165250319433897630e+02
1.096885819140442493e+02
1.407742003907235926e+02
2.560925586382243750e+02
7.701067911670257615e+01
2.518574862943245591e+02
7.282174662458841397e+01
2.926167620320204037e+02
1.494584295562560214e+02
7.825744501405254994e+01
7.487818429067799286e+01
1.991164957670430340e+02
1.238448505524463741e+02
2.923587426805993346e+02
2.084439869991265937e+02
1.350443418687081021e+02
7.505843311902123105e+01
3.119206640719849020e+02
2.450220394661606917e+02
3.052169929555446402e+02
1.587631066425716710e+02
2.013198076926363171e+02
1.983969444597598795e+02
1.223602658153174048e+02
3.130249126715971784e+02
7.858195191250929668e+01
1.836246608038789816e+02
2.126645298080981945e+02
6.104628804966874611e+01
7.969031189743593302e+01
1.801455849911021971e+02
1.256669122456842587e+02
8.667584343176389439e+01
2.478825942913296956e+02
1.983835262882496977e+02
2.517469257923223935e+01
6.426501649643033431e+01
3.114421574175665910e+02
8.010979393197830234e+01
7.405696119243464182e+01
1.025547755647042152e+02
7.195969420597874944e+01
7.895752331993125495e+01
7.476757820270714205e+01
6.145602669010616381e+01
7.738626178960252844e+01
2.032327971438613758e+02
4.560855901299977688e+01
3.337218638099057699e+01
2.865499899893650877e+02
1.224273806395873265e+02
2.053942973960614609e+02
1.438582534118172305e+02
2.069509609783627582e+02
3.213053625114096690e+02
1.681391039528801912e+02
6.843185285685392216e+01
4.470915196912084610e+01
7.503916975611491580e+01
2.875617764082098802e+02
2.040181988262538368e+02
1.154222048292189129e+02
1.185556847725006833e+02
1.228738726880036296e+02
7.137913688838810344e+01
2.047683262930929686e+02
2.260874215755524688e+02
2.677425583218414999e+02
2.950147775381647648e+02
1.010465685295706351e+02
1.346623585524282021e+02
1.796350603714311376e+02
3.161532323451085631e+02
4.400134004804564114e+01
1.607031309116642603e+02
2.670981253210799764e+02
4.442027649018986324e+01
2.163030107190422484e+02
9.585741811461006989e+01
4.618486740767818333e+01
1.877275575221690360e+02
1.177840850835074349e+02
3.051565524968343084e+02
1.987679182110053944e+02
1.908705113188431994e+02
7.706382269271385610e+01
2.116436406755329358e+02
7.529175217335971126e+01
2.092220433893724874e+02
1.435214936479887058e+02
5.057812308805785051e+01
2.061388916912356137e+02
7.469683237137185472e+01
1.179117023195718161e+02
1.107346605075145192e+02
7.192725622892763226e+01
6.113829359804430652e+01
1.911839493873283686e+02
2.776140685724562900e+02
7.298718255222622986e+01
4.518135494866543667e+01
2.037295259764273965e+02
4.331191320898471986e+01
7.547185629696687670e+01
8.794085475661481155e+01
4.508647421830529112e+01
7.543649680161897209e+01
1.287096884150314793e+02
4.979478366112444832e+01
2.715005785011729245e+02
3.068223013883133490e+02
2.169608134281950811e+02
1.438375076373893435e+01
3.143825745245323446e+02
7.698642699816211632e+01
3.012666623794547149e+02
3.664301065828831270e+02
1.230501055761518217e+02
1.760538969861484020e+02
4.339096058079669405e+01
1.277791134226551435e+02
1.389383776613651662e+02
2.003193503824586230e+02
2.077773162980708435e+02
2.522129010148426858e+02
1.212567493299587369e+02
8.108795523971330965e+01
2.150742349847542414e+02
1.269112481418084286e+02
1.068602356066417940e+02
2.697860260585603669e+02
1.404591088057298407e+02
1.145024958352111355e+02
1.748786390106776878e+02
7.616858392099996422e+01
1.024694797729186035e+02
1.404658967285348297e+02
1.113543608366609305e+02
7.717255008508749370e+01
4.514477937825046183e+01
1.252389640609253121e+02
1.112960964362557661e+02
2.583087506258599575e+01
3.113606009394351304e+02
7.795613095867705056e+01
1.968203124774761363e+02
1.018493252860340590e+02
2.053001187805764971e+02
2.983649407944370182e+02
1.974567959594707816e+02
1.285248790143912458e+02
1.568230639449223531e+02
7.524654120940707003e+01
3.188877545268604763e+02
4.608627986717556269e+01
1.209455342202434878e+02
1.024405970495418075e+02
6.855590540068489247e+01
3.211054538234960205e+02
4.243820525127812715e+01
2.044794202913628567e+02
6.752643660443426654e+01
1.654928751161415903e+02
2.721322457730371411e+02
1.869479590849354054e+02
7.714458432706412339e+01
2.571222973865685049e+02
1.122344004046106960e+02
1.312688263170255141e+02
8.744698604047671608e+01
7.487785230854136387e+01
1.291212901499841621e+02
7.645323712260874061e+01
2.059849031455969453e+02
4.484745776878235546e+01
2.975635070521349235e+02
2.120988079264479893e+02
4.600520787670573242e+01
2.986766693104379442e+02
8.399652389609502734e+01
3.450912639594505436e+02
1.721871851409602243e+02
2.143629216982638752e+02
2.092490926836838128e+02
7.807756722255835768e+01
1.773355585490160422e+02
1.667126686571122605e+02
2.340223701508203078e+02
1.647173627157040983e+02
7.325503185678320506e+01
1.896520345495041227e+02
3.179337795229814674e+02
7.756572089884467402e+01
1.138080228761660777e+02
2.042926507951755468e+02
2.064517881699847806e+02
2.153362206813338560e+02
1.807936549675020217e+02
7.758640378886454414e+01
1.231907626046275226e+02
2.204275069950350030e+02
7.152952802711676838e+01
1.643530145397606077e+02
7.794850540146100570e+01
2.018163129547979793e+02
1.187087949606678023e+02
7.052419261478011947e+01
4.817014696666607421e+01
2.497850516904766778e+02
2.856358248588047104e+02
1.156925375161154790e+02
2.586486903026326445e+01
9.680826887237870437e+01
1.188816402191670534e+02
1.093046368442156968e+01
2.004522163402793069e+02
1.878717191901178865e+02
5.890544269524477983e+01
1.911418768058186686e+02
3.509345824011933814e+02
2.011254908213137185e+02
1.155126587281745429e+02
1.047622773318108642e+02
2.032759123122329470e+02
1.478468092842325916e+02
1.162810763822333939e+02
1.849114092519090775e+02
1.393312396952938457e+02
1.904470168457621639e+02
2.138077747769850703e+02
1.202604935793899017e+02
1.226427399214471308e+02
2.096217487169885487e+02
1.033309398263531733e+02
3.720553119061526814e+01
3.591138559186786239e+01
8.820388677307650482e+01
2.009133951708884638e+02
2.089394719643376845e+02
2.986381320740364913e+02
2.990863191853642888e+02
7.296640543745624541e+01
3.045292476335308720e+02
2.063141380148667849e+02
4.560684020556367102e+01
9.641188073242608425e+01
1.805574562952406836e+02
4.565308905418321217e+01
2.010727269685496594e+02
9.631575076066143026e+01
2.106133988339346672e+02
1.890055727613369072e+02
6.315242498970690832e+01
7.053850671164900632e+01
3.093453601522758589e+01
7.326684487051984718e+01
1.543198166690336279e+02
2.405459109698503539e+01
4.498843487115931339e+01
5.045530904679297102e+00
4.486219726967840415e+01
3.365226472039814780e+02
2.895141520012610954e+02
1.863420212483896137e+02
1.205817525287126983e+02
1.761066967156597798e+02
2.954176987616371548e+02
1.939875805535653228e+02
8.465155048881946698e+01
1.676479787117215210e+02
2.371536990414120183e+01
7.484314358408366274e+01
7.877138137901287962e+01
1.916223874596018391e+02
7.982513579768618683e+01
2.089740391509098174e+02
3.343828871681889723e+02
2.126626042285735707e+01
1.427989117583244933e+02
9.624824814284703223e+01
6.437127670840150984e+01
8.364176832858301225e+01
1.777984509101646040e+02
2.490999842673965077e+02
2.913229435298531484e+02
9.485324650274861824e+01
3.371644175279901674e+02
1.155877507689314001e+02
7.140602101965492920e+01
1.919562869413853718e+02
2.017264966277650160e+02
7.098264321267676280e+01
4.697911423333607672e+01
1.629361502781320326e+02
2.906488440493833991e+02
1.578417280932596327e+02
2.317766074836186476e+02
7.212619959826783145e+01
5.810080098536545279e+01
2.096391927514377755e+02
7.423580593666483196e+01
1.925836384942163590e+02
4.976196715846345597e+01
3.234021342611742398e+02
1.091445734094267976e+02
3.123377533373858910e+02
1.379150914209509722e+02
2.711451951381911272e+02
2.101754587480786824e+02
8.565620628071418707e+01
1.468457751572488235e+02
6.044615531873171932e+01
2.025768910941742718e+02
7.575099009231614389e+01
1.874960623399830695e+02
4.555605920408248011e+01
8.903789333480624180e+01
6.558343459203270243e+01
2.113706948333818332e+02
3.399769236023302454e+01
1.964289551562855536e+02
3.111403411550666647e+02
7.529143999621082628e+01
7.400922041949522168e+01
3.134324511352742206e+02
3.334954617931954601e+01
4.467684448259622343e+01
1.362370604278947006e+01
1.860888280599274651e+02
1.277104397677515806e+02
1.160002046705876069e+02
2.017247294407488880e+02
8.438219311916592247e+00
7.719645427314841868e+01
2.443679965988583547e+02
1.578564931873403907e+02
2.058055260015229067e+02
1.352524703045029071e+02
1.361281605301758475e+02
7.676425763689999826e+01
7.587180207437920387e+01
4.526916130952473338e+01
1.725723456203328112e+02
7.678444449123612969e+01
2.109871730248115114e+02
7.784566492596243847e+01
1.027083139695638359e+01
3.057309507015801273e+02
2.113501073972877862e+02
7.359525661064908775e+01
4.396129239337737715e+01
8.073283130244661265e+01
7.275648806772697696e+01
3.148754660641911869e+02
1.203942243169205426e+02
4.611597352335297728e+01
6.413635396523272902e+01
2.309087799396002652e+02
2.936440881185395142e+02
2.124388999073646005e+02
7.819615228161721632e+01
1.599341612486417432e+02
1.362302510364308148e+02
4.738233391824942231e+01
3.202248536036022983e+02
2.491066582290957001e+02
7.829449235970382404e+01
1.973965563746895668e+02
1.422256916953863595e+02
7.005763740014339191e+01
2.735371116841538992e+02
1.178780059580204664e+02
4.148469341727786741e+01
1.682284766726615715e+02
2.216593561631575255e+02
3.727686394477995435e+01
6.509682290721413267e+01
7.288349423961558671e+01
1.937321870658461478e+02
2.956905605792899223e+02
2.824709466955014250e+02
9.669856836056158045e+01
4.515278037544388212e+01
1.552815249794749093e+02
1.681083139653755509e+01
1.079360074738053186e+02
1.954785872763386010e+02
4.676132991852625764e+01
3.050050748902655187e+02
3.219618818764224955e+01
4.167184581489453876e+01
4.649874249899650636e+01
6.409368192885466442e+01
2.935911979300493044e+02
4.639008077949355879e+01
2.270845985235032742e+02
8.425785439364403828e+01
4.981150667883753869e+01
3.302828779851295735e+02
5.993404874455281117e+01
1.931745706467182799e+02
1.104784149453777218e+02
1.293481253669010869e+02
7.616408960022508268e+01
4.538739697817222662e+01
9.832036218471569100e+01
2.025441439326452553e+02
1.157185245888489220e+02
3.424872545383775702e+01
1.259992891507219639e+02
7.407407337813147308e+01
1.181803948209591795e+02
1.006883785480734304e+02
1.991728160203030029e+02
2.137031373896598438e+02
1.218240418657125161e+02
3.641885600613404250e+01
4.331790242585537243e+01
6.332275436080904996e+01
1.173984712195611735e+02
7.150736484096711365e+01
7.058775386310844624e+01
1.135192272416493182e+02
2.851631019734116421e+02
3.752044033042366777e+01
6.551472605261916726e+01
1.260607531346391568e+02
2.983203038859948109e+01
3.045504787316703528e+02
4.501512222913082439e+01
2.948275861613711868e+02
2.842772952153673032e+02
1.055061616751870872e+02
3.068110604501829926e+02
1.142151141231231009e+02
1.232259826855878515e+02
7.204286887880363111e+01
3.882988999762172284e+02
3.155667027352554328e+02
2.224982343649803624e+02
1.921994630641696631e+02
1.162749765962312409e+02
3.730955219921265211e+02
2.898488128998943125e+02
7.938659193290554583e+01
2.981328531364891887e+02
2.599575073149409263e+02
1.896850692837227257e+02
4.432898102453033573e+01
8.487059622866640041e+01
9.125398520329129326e+01
1.599222248182967121e+02
3.859403485607074913e+01
1.323230812653493444e+02
9.707523226762442903e+01
1.544788934618633220e+02
3.213328953327923614e+02
7.103771974763537855e+01
2.981414707922214689e+02
1.584167927832058069e+02
6.250985687467444762e+01
2.239675111099390676e+02
4.453677304736150688e+01
1.587220791960546649e+02
5.496610760788631467e+01
1.077870202827295998e+02
3.095978690460183884e+02
1.427398464947439152e+02
1.633430431365376876e+02
8.803970122944029697e+01
3.191596846005873545e+02
6.804321492032022434e+01
2.227180691936766550e+02
1.764279887398010374e+02
1.486603370291662429e+02
3.788817095774172685e+02
1.660775864263871426e+02
1.767962051650056310e+02
1.245124788945400809e+02
1.994879628164520398e+02
7.608338940330277467e+01
2.206018012004094828e+02
1.515843039222075390e+02
3.186854451439543823e+02
9.950476192994030100e+01
1.218935653368699406e+02
1.887158133561629541e+02
7.381886447257470252e+01
4.792624147934387935e+01
2.303868719742527276e+02
3.592504518926335209e+02
1.980307350617132158e+02
3.644466638539267933e+02
4.690665648509250474e+01
1.256870431821231904e+02
2.386451674759339028e+02
1.118504565815729705e+02
4.856486692281117001e+01
4.137702548446076634e+01
7.357031868916669737e+01
2.018099435918666131e+02
1.873547379604061973e+02
4.889350106676651109e+01
3.751562103864045383e+01
1.897619574579007917e+02
4.776068673706213019e+01
4.403470383145013756e+01
6.535451061296093656e+01
3.328296460607575113e+02
7.314156887471486357e+01
5.856769281934125360e+01
7.247561705679586908e+01
1.907769195357932972e+02
2.050024881159485517e+02
1.195419715768985043e+02
7.385985887136008898e+01
1.965834132316320506e+02
1.483034264873583368e+02
2.182285367772938116e+02
4.889705307651463073e+01
2.946073702043446474e+02
1.270711581898975879e+02
2.035014236895044348e+02
1.626059579665637500e+02
1.871257583400280282e+02
2.112764858960136110e+02
2.515050183246935944e+01
1.441972706574890708e+02
3.031135772161263731e+02
7.376726115165223518e+01
3.002291615286349611e+02
7.613024763221756075e+01
6.550032047032082971e+01
3.002301652391257107e+02
1.254587576717026138e+02
7.556463264443738126e+01
1.198986608179277198e+02
2.554138625323377028e+02
3.659064184947309286e+02
1.092674275912243473e+02
1.286261401525016197e+02
7.070262473056818919e+01
2.020106494732825411e+02
4.616895241970401997e+01
7.871471891792484143e+01
1.999253431194522932e+02
1.167263846021074016e+02
1.974685393439501411e+02
3.121350179541634020e+02
1.157633580128053268e+02
1.978494779318725705e+02
1.530264078117936322e+02
2.171086109798468158e+02
4.261459787850488823e+01
1.843066543492256812e+02
3.491301714998682826e+01
1.730937235741251072e+02
7.375321501429617399e+01
7.907230713243920661e+01
7.360781698123929573e+01
7.735118524322280109e+01
1.156848282902470260e+02
3.984543398980873974e+01
2.917268195177412053e+02
1.812360534772708718e+02
3.111236324337398855e+02
2.015528447599811201e+01
6.771290465639762601e+01
7.960463218665171325e+01
2.386529221810160379e+02
7.988590162685797225e+01
2.378115542816341872e+02
7.040238645780564752e+01
1.682015589898836083e+02
1.550203974693513089e+02
4.483705454631190435e+01
2.908488529593427074e+02
1.217526795203367698e+02
3.047155136234247266e+02
1.911293265709959996e+02
1.721896607508168699e+02
6.672328994602096941e+01
2.777895392116805624e+02
1.669270397254125271e+02
4.701674796263502998e+01
2.000690759750634982e+02
7.438349547598873812e+01
4.490670946769053273e+01
7.679048937888605053e+01
1.406308999690756139e+02
9.074457409682315756e+01
1.542705400192966749e+02
1.519179575207883488e+02
3.050970122513299998e+02
1.068833254034157818e+02
7.438366733591503532e+01
2.752841104409837385e+02
1.250304541596109118e+02
4.647707617074323849e+01
1.250611407103675816e+02
1.357493259040003295e+02
1.780357352501540902e+02
5.395218159008974368e+01
9.948940935105142103e+01
8.551889396391892717e+01
6.789262183611248247e+01
3.543687887599052289e+01
9.753795616617344422e+01
1.500003193895646803e+02
1.846576352499899087e+02
7.470418066382120514e+01
5.732512180925895251e+01
2.841595981377226394e+02
7.919232106183950748e+01
9.973349378629546891e+01
7.283091160121762186e+01
4.727973993224410520e+01
1.874214347780882690e+02
2.760993896884698415e+02
2.102240191471450430e+02
2.760645659619704020e+02
3.114073927007045768e+02
2.547419672602070193e+02
4.378503987486254090e+01
1.928494886423559365e+02
6.730292297703829263e+01
4.488061717359523328e+01
4.510062289549934178e+01
1.077132350987738079e+02
2.779669768391130447e+01
1.675627339387671668e+02
5.896876419384825141e+01
7.989059405853899420e+01
2.614894303006190626e+02
1.841088807218084185e+02
7.695529558765272782e+01
7.642064038308821239e+01
2.135086338358235309e+02
2.145848190640809889e+02
7.895461666104864662e+01
2.123728741208078361e+02
1.240630536731655837e+02
5.982794479846575797e+01
2.131320617256916705e+02
2.037447062563794020e+02
2.197851628015960728e+02
1.987537156862949814e+02
2.511414861678129995e+01
3.242875558486887826e+02
4.526721737263711276e+01
4.210916866041093698e+01
7.033903007287382536e+01
6.982160176332499191e+01
1.058526087492448795e+02
1.567228827754718168e+01
7.229065861432512463e+01
3.074255384046555264e+02
7.217455074774696300e+01
9.693133119060998126e+01
7.547784537083111900e+01
3.512320305099147077e+01
1.202713979172513774e+02
1.410642148226614552e+02
6.140078523920172415e+01
3.007198583194839330e+02
1.192533268203588506e+02
1.250491622752661982e+02
3.072003076186912267e+02
9.267255355840310926e+01
7.430802997409257671e+01
1.038098743413213327e+02
3.125680007863794003e+02
1.936756877501503311e+02
1.096847642629181223e+02
2.437208994383894947e+02
4.741159993506196457e+01
7.752784740589964940e+01
7.869681801774038377e+01
2.029183989277474893e+02
2.110836841340564547e+02
6.156912286931114409e+01
1.858633511550670789e+02
4.239901686484044774e+01
8.662738698545705063e+01
1.868908671698594617e+02
6.198170212278829183e+01
1.908120606631633791e+02
7.293525158090588434e+01
1.888419341617028522e+02
7.384508431647977034e+01
1.127947515532955407e+02
4.550786222953500726e+01
1.947690718202637470e+02
3.005070494798910659e+02
1.615130256237010826e+02
2.574594144040271360e+01
9.396841860473682573e+01
1.245929933096341671e+02
1.296171878335089787e+02
7.340276565264612429e+01
1.592752428493101604e+02
9.335503831845990419e+01
2.953801852086739927e+02
5.523522703311189019e+01
1.236472790400296020e+02
2.170448125442346452e+02
4.575823865409356728e+01
4.434660165003514720e+01
4.397535935082996872e+01
4.662658926627425870e+01
4.505270630703947177e+01
7.754520375405093091e+01
7.625493354854977213e+01
2.089476411671821410e+01
1.185267418001182165e+02
3.600481434680013422e+02
