7.562475357813167420e+01
1.066328125316835553e+02
7.661212269094953342e+01
2.593707869135798205e+02
7.817088476635548489e+01
2.187600985292352789e+02
1.062686171880096140e+02
1.937840583152480463e+02
2.237077459608495644e+02
2.015097737739754962e+02
3.052848930519625128e+02
6.649405676117615371e+01
2.345225401335322957e+01
1.278438016785319462e+02
7.435114295632386927e+01
1.031972851530770896e+02
4.693032565939564194e+01
2.067576078172406824e+02
1.627490765995690936e+02
1.151810321958493830e+02
1.793130349958997627e+01
2.219029652222307050e+02
1.194264975677746179e+02
3.087440387145837306e+01
4.173579322369135980e+01
2.263795557039408948e+02
1.999299432681656299e+02
3.966667372904260560e+02
7.483065267535458531e+01
9.327713548277579036e+01
1.165426131876514830e+02
1.948432799675935456e+01
4.356863253671453862e+01
1.144787098051243106e+02
3.112294805585513018e+02
1.190844281001787834e+02
7.151080262105892871e+01
5.797803416093228179e+01
1.443273452901905216e+02
2.192456483146623043e+02
1.994781301823956596e+02
1.909413627468551056e+02
3.512170884056729392e+02
2.355707774889617099e+02
1.097356647431695365e+02
1.303434848514101247e+02
1.152772278928528351e+02
1.945204712121084469e+02
2.037426043753785336e+02
3.048884529605900866e+02
8.016474794724000219e+01
1.217150669521250990e+02
7.745842722712662010e+01
5.481662645000076850e+01
2.578207055598636543e+02
2.257367414192875685e+02
2.002354115003717823e+02
1.203997939159670238e+02
3.573494147900965459e+02
7.517525317389072370e+01
1.939942377850778712e+02
1.300409307908645360e+02
2.128399637529288668e+02
2.047923881843584866e+02
1.826090715803052547e+02
3.075321731676821742e+02
3.052407962763840032e+02
9.682897101896088543e+01
4.754177283533606158e+01
3.695562288466970813e+01
1.307256080662841384e+02
8.013716108107880132e+01
1.984834740512910116e+02
7.277687655626414198e+01
3.539021168681688323e+02
9.751469641930991372e+01
2.043824370902829912e+02
7.896818163614643993e+01
1.130447857727747589e+02
2.576106133123576214e+01
1.878432202568383786e+02
3.130231271980529755e+02
2.375376966099007632e+02
4.525868523770672169e+01
9.690341010540345223e+01
1.932778397769128276e+02
3.024880479711719161e+01
1.948267185106305703e+02
2.302576357770434967e+01
2.061797782776316410e+02
1.227579217973611634e+02
4.257186321622756964e+01
4.848089691676266000e+01
2.016671188852163255e+02
3.117386559674942532e+02
1.322124881893172414e+02
1.961974733758965783e+02
2.077074125243073013e+02
5.779359868662545097e+01
7.233769510029937067e+01
6.994993999889732095e+01
4.445408165747592477e+01
2.118455023962291932e+02
1.998857293590830011e+02
1.799402191698234219e+02
3.158320163099552929e+02
2.765589616697960196e+02
7.882144418427500909e+01
7.117515076983089273e+01
7.685277160139577290e+01
1.430361954331125673e+02
1.862703788291333638e+02
1.527916508319844411e+02
1.261508617709655198e+02
2.986611734369749911e+02
2.176303287044632668e+02
7.512779220654088874e+01
2.905216113914352150e+02
7.787767241826790610e+01
1.955948017218165091e+02
3.871432760674056084e+01
2.108925984415928383e+02
6.767839648665284358e+01
4.695240576807705679e+01
2.106766417697111820e+02
2.104528031375780017e+02
4.797855015727788697e+01
8.712902161122445932e+01
2.898885167129457159e+02
4.534696587707211535e+01
7.373560245902783095e+01
6.984407106288206535e+01
1.411257177924454140e+02
2.771400954273517527e+02
2.013389539383306328e+02
9.465637257406264382e+01
1.905262253783059805e+02
4.506125358565707018e+01
8.488452061963430140e+01
1.264223893641746770e+02
9.188801751697582176e+00
2.078864611965517213e+02
2.789462499438998293e+02
2.333598999064388124e+02
4.665378488396461876e+01
1.054274404682289514e+02
7.709517416742227169e+01
2.063828067395326116e+02
1.993186520696685307e+02
1.006154414167203726e+02
6.605002262827736104e+01
1.738205998829948555e+02
1.255677362547205149e+02
6.362900533715667706e+01
1.893339988086576682e+02
2.742967422134063895e+02
9.792677694501787755e+01
1.179721636924876691e+02
9.902094307086359493e+01
1.137997124366859225e+02
4.389865247499569989e+01
1.888409545526764077e+02
1.973987332487579351e+02
2.134029946229362906e+02
3.430352846468583152e+02
1.903424037774570650e+02
1.804075348657781603e+02
1.545244743183022820e+02
8.150510321139070413e+01
2.725826332508883070e+02
2.115696188634029795e+02
2.328838133003615667e+02
3.131742386122375024e+02
5.762933660242130429e+01
1.927662159122928074e+02
8.449943071995669186e+01
2.336269732528248255e+02
1.913879840233756511e+02
8.576372392826885971e+01
7.517727220404646005e+01
2.532551111512209729e+01
4.432041462050903391e+01
1.971289135406708510e+02
2.931810124082926450e+02
2.054281293075037809e+02
9.768096316043445881e+01
2.034366398616162996e+02
8.705585383582288728e+01
5.858888798358941585e+01
1.933716385158750484e+02
4.540759609643870220e+01
1.931515348682342790e+02
1.340452617960409043e+02
4.508732394944264144e+01
2.171893324552063973e+02
2.111129988937162807e+02
2.792292643489000739e+02
3.123227945830110457e+02
2.340260823962273307e+01
4.627839217550738482e+01
1.922604347599774997e+02
1.965202726245744032e+02
2.930961930639923594e+02
7.275107149666455086e+01
1.645213867955500575e+02
2.076259780986390240e+02
1.355875822529524442e+02
2.093757762925717998e+02
4.719686814526157548e+01
7.627521336887181747e+01
1.811988855666460836e+02
2.232287416703458973e+02
7.896514101304406097e+01
7.517799596918489158e+01
1.088147516089828031e+02
9.405006534365448090e+01
7.565471750024565267e+01
8.013197543518074895e+01
3.035217245218528319e+02
7.658901338038049289e+01
1.918485737997835372e+02
1.073008276884649916e+02
2.957744627199990646e+02
1.400280728193762059e+02
2.970933505506964707e+02
3.212640831738921179e+02
2.053574632219342675e+02
2.927846569540010364e+02
2.685006079959504177e+02
1.973386458661405527e+02
8.529523749431132273e+01
2.145214189401399096e+02
1.162591527415297037e+02
1.190898489907975062e+02
3.060092287371792281e+02
8.371998152344627897e+01
2.922828635098443328e+02
1.933168107603872556e+02
4.589795185703823677e+01
2.567196612024274600e+02
2.927363571344321258e+02
7.685307239610003194e+01
2.081676515633591862e+01
1.840138076918303227e+02
1.267203550496138718e+02
3.074165867361724480e+01
7.896307187954458584e+01
4.541761341856069834e+01
1.827008976845158656e+02
1.131041577102822657e+02
2.575211324479949440e+02
6.002329467167828625e+01
1.251123539441095716e+02
4.023226102368390400e+01
6.042025339062528388e+01
4.587936877426407989e+01
2.123165390678190363e+02
1.844744341810258561e+02
5.301402350239678896e+01
9.823970260244512076e+01
5.217789383251600555e+01
1.327643489794336347e+02
4.856387747412289713e+01
1.701731996166300291e+02
1.273539573413558372e+02
1.120307339584750395e+02
8.032230663842499041e+01
6.450074539574507071e+01
6.557429227393978977e+01
7.004768606839594725e+01
7.773702080393860570e+01
1.982086839052294636e+02
3.784824838408975438e+02
4.408340729880340092e+01
1.127513705328487532e+02
3.407128796422410915e+02
7.906497473820961375e+01
7.508721095501850584e+01
2.096038302763770957e+02
1.247766400035440171e+02
7.911837835246613793e+01
1.313722814540822128e+02
4.389977693642490664e+01
6.807028306233529236e+01
5.975900292541771108e+01
1.860640111049516463e+02
3.053258754952968275e+02
8.907793495767394631e+01
4.404866049543738882e+01
1.016653095517282992e+02
1.174632034153066940e+02
3.589871066131926227e+02
1.268617133296036172e+02
1.963265326108675310e+02
1.896194370893522034e+02
7.578720354814059590e+01
3.191291240878995836e+02
7.812374874110570033e+01
2.339582138750062370e+02
2.132284927685690548e+02
2.973464094418461059e+02
1.189525350141603042e+02
1.889585673179046807e+02
1.287534569861379339e+02
2.137776260999018518e+02
4.661883348281307349e+01
1.193418789347708469e+02
1.497323864890577454e+02
2.658759562580186397e+01
2.039340743939027334e+02
1.261138050568978031e+02
3.877503068051296395e+02
1.619401682460138758e+01
1.921641175296441872e+02
3.091496140092519909e+02
1.255883198871025428e+02
1.856375700284120569e+02
7.760377755533973243e+01
2.857123708787471514e+02
8.496143477062936711e+01
2.874462452627000744e+02
2.945897432601842780e+01
1.164257234914277888e+02
5.412605376537877788e+01
7.976786975962066606e+01
7.496884824867171915e+01
2.195016807990493533e+02
4.538978899385323729e+01
8.807964838741067126e+01
7.879017130053468065e+01
1.089793612299785508e+02
2.999307144050079614e+02
2.024162559132663262e+02
1.910149635994028756e+02
1.265322682477379317e+02
1.246364162821590504e+01
3.243672398119313982e+01
2.409094750376048069e+02
7.282121010780154791e+01
1.248873804537533374e+02
1.983508108318298468e+02
2.972628025791472623e+02
7.580945567410442720e+01
1.175482758387150568e+02
3.949893319621966157e+02
1.203851324180916436e+02
1.915344250525019163e+02
1.991318437108783144e+02
1.961024769752169163e+02
1.958164201348136260e+02
7.587832931514031998e+01
2.019021886208288095e+02
1.212022895693207687e+02
3.057925821718091015e+02
2.301752884669496950e+02
4.720794594596593896e+01
2.111874204004215301e+02
1.166770175218446610e+02
2.543789333411002929e+02
7.611882153502595827e+01
1.766132629222501578e+02
7.416449072105731943e+01
2.593797846989246523e+02
7.168161368176173198e+01
7.486051130935008402e+00
4.566965455992147582e+01
1.992094033335920358e+02
4.774166383940745106e+01
1.822325786508437773e+02
1.486557036647471364e+02
2.907205881189841534e+02
1.648907114410951920e+02
1.221950974179968910e+02
3.091980248035314958e+02
2.914576522527729026e+02
1.953562989468060209e+02
1.108851063572061122e+02
7.836452354648511687e+01
3.743449417170026550e+01
1.704964990508651397e+02
6.140240341940095448e+01
1.595462019166373011e+02
1.183851296210343662e+02
1.958004253487747235e+02
4.685519621765994458e+01
1.977286338003303285e+02
1.983373356535524294e+02
7.498362973693298272e+01
1.450737622351256562e+02
1.261495759084979227e+02
8.277620698491543294e+01
1.501106654037139947e+02
7.742379286490987056e+01
3.042731505080363377e+02
4.299597496149348785e+01
2.058813577211700192e+02
2.259023214457463666e+02
1.792232526206204568e+02
1.050908965495868586e+02
2.015893404400322595e+02
2.046367491130405085e+02
4.269356726203951524e+01
7.364783353017459433e+01
1.146163997887299075e+02
6.711466250503936237e+01
1.114451596958009105e+02
4.319931962587438079e+01
1.790530226548911799e+02
1.595801511389455527e+02
1.570846094800140236e+02
2.461130428283104266e+02
8.017143768397784243e+01
1.753994446960221296e+02
7.426198179229848506e+01
1.632418452570489364e+02
3.082503355746746365e+02
5.732371723236678918e+01
2.055238018513655902e+02
3.628834407191059768e+02
5.393691893212105271e+01
2.221260943839004369e+02
1.041617158087137653e+02
8.746416852103867257e+01
3.030297576886254092e+02
2.825198491878767300e+02
3.099299241684539652e+02
1.721829556764765243e+02
3.038320230420221719e+02
3.165429621365244657e+02
4.523747817567879537e+01
1.372505825871735965e+02
1.146496185629739557e+02
6.722543235225198544e+01
2.026887653738199333e+02
1.319234891455993477e+02
4.194755902158053829e+01
2.990378413273858769e+02
1.271266237981416793e+02
1.535427476362549442e+02
1.778701823633364256e+02
1.855776257713309292e+02
7.876646429736840105e+01
3.495593975689512831e+02
1.710769973170229434e+02
7.355077286838677253e+01
6.671845897337426834e+01
1.799990881165489043e+02
1.366540327575559957e+02
8.212923674093228499e+01
1.068179808745453556e+02
1.915920563176433404e+02
8.229418890761449745e+01
4.545026623282311107e+01
1.871853132584276693e+02
1.704009482523834436e+02
1.277681777989691341e+02
3.502334167345723870e+01
2.308205685561671316e+02
1.421276131687365023e+02
7.828459812627087899e+01
4.271327977242954432e+01
7.424214156934978348e+01
1.928328720208438085e+02
9.642611276688403166e+01
1.908516967630226020e+02
2.309939969011776952e+02
2.848455721795547220e+02
7.487804151641543626e+01
7.973563210170028981e+01
1.202159167480995023e+02
4.107702444458903557e+01
2.484237772836193017e+02
2.909279953468180793e+02
2.589561859725690738e+02
1.652987975661280871e+02
7.501554179830951341e+01
3.226241225973835753e+02
1.828805679743267660e+02
5.749735032312638339e+01
4.541069753613451354e+01
4.457634459844096142e+01
4.548964981189934775e+01
1.195084051613129219e+02
1.997354130299957546e+02
3.267155526221926607e+02
1.905300393770727965e+02
1.785826505234205541e+01
2.090607776222433074e+02
2.075356966835113894e+02
3.221831191924654263e+02
7.224114717879245973e+01
1.810636489622437182e+02
9.714918340100628313e+01
1.155728425829001509e+02
2.942905251138683411e+02
4.446812762131773411e+01
9.494063633274447511e+01
3.228370656115213819e+02
7.551338660386632284e+01
2.131545078866320182e+02
1.264072484467093744e+02
2.059218623468520661e+02
1.127968283005244103e+02
2.344944627293876920e+02
2.095110860200421996e+02
1.455319215086608153e+02
3.161015096938057809e+02
9.790617983143552294e+01
4.326737044156753598e+01
3.438441936224605655e+01
4.408143538413649765e+01
7.352648646009714639e+01
2.724119658720517236e+02
1.273645450812991697e+02
2.094163226242613689e+02
8.447283021147339355e+01
1.253749424817748803e+02
2.023041330922777945e+02
1.656356839296199155e+02
6.618628206744004672e+01
1.391500163528398275e+02
2.022570827319192119e+02
1.461591136529972061e+02
4.968364182946709207e+01
1.886693754788657031e+02
4.419006834837333031e+01
1.422324945950449262e+02
2.198311168720424291e+02
1.083027257994452697e+02
1.992017998932425087e+02
1.911940282779722793e+02
9.786874728150687019e+01
7.841393574758546947e+01
9.945721050259139417e+01
7.792976359915355999e+01
3.915686591877660305e+01
6.032457682711865488e+01
2.650697465349629169e+02
1.412055661562879436e+02
8.292589813930911191e+01
1.117548110739570149e+02
6.544311270201160369e+01
7.179912699340721360e+01
7.494032289729713625e+01
1.978966294934355687e+02
4.412201686147948010e+01
1.918656135435186343e+02
1.525999474177231150e+02
2.075775665152806368e+02
1.126313979514622901e+02
6.158567067580104748e+01
1.977476630319120261e+02
7.948161154964289210e+01
1.956989395134464758e+02
1.300450134419306494e+02
7.186471288934420443e+01
8.036291616312118435e+01
1.593010771886268913e+02
1.858346781071214764e+02
2.858470843296183830e+02
3.071385223409502032e+02
2.109575808170156677e+02
1.856408383978531162e+02
8.438848395040359662e+01
1.274529446873537211e+02
5.337289034915692554e+01
1.623266405624958111e+02
2.000910072179968893e+02
6.717957545438483891e+00
8.707841329987263634e+01
1.483128831629999240e+02
1.388800613054107771e+02
2.255388149016564796e+02
1.163473764769654366e+02
4.128727084002903069e+01
2.207136985322683529e+02
2.197136451435505222e+01
1.966037511280775263e+01
6.725584347809017061e+01
1.372420692630521728e+02
1.377694416832691502e+02
1.003600910124722247e+02
2.159966175871615235e+02
3.526347812224283871e+02
7.440530662016143992e+01
1.960516754740429519e+02
4.518584900752031785e+01
7.734863772527972969e+01
1.921913693183569762e+02
3.295914011567163016e+02
1.403387882590576794e+02
1.965520856747046423e+02
1.756580531845041193e+01
4.470298314006117124e+01
2.944786126109257793e+02
2.041759788103428264e+02
1.149234147730842466e+02
7.748819616213575046e+01
8.280669049995236719e+01
1.306452443620806321e+02
1.750687792864124503e+02
1.894350380290241276e+02
3.219230639585323388e+02
2.115411890059104678e+02
3.072368637153847430e+02
1.599023074834145177e+02
4.729158327130559769e+01
1.938526931153124053e+02
2.062743608963415340e+02
7.880206792765629586e+01
4.334803376849129108e+01
1.210490062215932028e+02
1.242669498600270828e+02
4.047188178931534708e+01
1.370920201282411313e+02
1.331589031677096671e+02
7.836965147620976779e+01
1.186659664100617420e+02
1.403119370753352371e+02
7.710063272989668803e+01
7.811243153327794175e+01
2.745761814407957786e+02
2.798586855913360409e+02
8.968068319674671329e+01
1.897640599256021119e+02
2.028683782154716084e+02
7.594154261370256620e+01
7.211843410707498947e+01
7.599990845269256567e+01
3.910415107232246612e+01
2.991328168068394007e+02
3.074103822115056914e+02
1.185692201624648732e+02
1.194372704666198501e+02
7.541071146335274022e+01
1.293358907063651202e+02
2.767854789784475429e+02
3.111350749478905300e+02
7.228411777740561206e+01
1.149345270072407033e+02
1.553676569159173368e+02
1.468833647993918703e+02
2.613600243128176430e+02
7.373959258137521999e+01
2.062352138221551172e+02
4.646589587779741493e+01
3.273004493565055384e+01
1.997753481011597501e+02
1.984845283520500914e+02
1.507753065203751532e+02
3.042968499318706108e+02
8.197192412012122986e+01
1.019072597560021052e+02
8.073005150150078180e+01
4.224602342735746419e+01
2.447943564468506565e+02
2.011811424941882080e+02
1.782103474292626686e+02
9.237928126157136433e+01
4.092838268209298036e+01
1.039496900908844736e+02
7.521999282284021149e+01
2.872275599838339417e+02
3.354512264251721376e+02
1.863761779534574998e+02
7.928720942306107133e+01
7.798123131619944104e+01
2.023110088422086505e+02
2.093832612966922966e+02
1.898671966102069462e+02
2.257145295100379769e+02
3.124034708739480379e+02
7.305654360455821461e+01
1.843374582170050076e+02
1.287186302156249553e+02
1.265223043344678189e+02
1.251852892205194792e+02
2.039617802775788391e+02
7.682085507679285286e+01
8.337168800962483317e+01
1.254553677797375713e+02
9.806308398732355158e+01
2.427793834263444950e+01
1.455112243462984623e+02
1.163101806236553983e+02
1.010426391159545432e+02
1.864615415676707926e+02
1.940482710522817626e+02
1.163490933993093677e+02
5.316866961320905460e+01
3.741962773463819758e+02
1.869555658213915876e+02
2.870728359431143986e+02
3.409052074595792874e+02
7.443030236160119273e+01
3.316460842467671455e+02
3.834048843866491438e+02
6.800732284319582277e+01
1.243333908665993874e+02
7.591158746742806329e+01
7.313568872281702227e+01
4.549508196300465102e+01
9.423102355688116916e+01
6.399552221490923642e+01
4.622269826879043819e+01
2.200276697170370142e+02
7.277145579833070599e+01
2.681980219269262378e+01
2.223611290752572529e+02
2.818130604611161516e+02
6.014709242594511807e+01
1.883251399438900080e+02
1.664768095844052311e+02
2.327609135673795038e+02
7.216669369276267787e+01
2.575176894521966915e+02
3.474017929676545577e+02
7.324468498541045847e+01
2.065111372525132367e+02
1.023408359806650765e+02
3.962990716387786705e+01
6.611807778670983282e+01
4.589932891573876361e+01
2.832493848377336576e+02
2.005216525351478083e+02
7.722161343755647067e+01
2.636556340185132967e+02
1.182864376438329828e+02
7.646102666831471595e+01
4.916215764588073966e+01
2.614961635745207502e+01
1.208885854125523451e+02
2.048352527150583171e+02
3.027963502583820059e+02
2.492300006140260962e+02
4.352973558216429240e+01
2.924598411420363391e+02
1.836176436291963228e+02
3.872917442055560286e+02
1.361545197582659625e+02
7.131052930273335733e+01
1.013783181077654234e+02
8.476026468045684226e+01
2.050358376196427344e+02
2.917373852397358860e+02
7.599865537416744132e+01
7.041149353418916235e+01
7.205011474906724800e+01
1.231316050659342665e+02
4.435216719518014372e+01
2.907915593426872078e+02
2.956546764608966100e+02
8.237796872838285367e+01
1.015815732658261652e+02
1.318204246520793674e+02
7.421522098027220693e+01
2.865879650083022625e+02
1.150822254878596169e+02
1.330430795497298391e+02
8.417394226231768073e+01
2.087188011899053777e+02
1.122691894228637182e+02
3.149735637907417072e+02
1.991488659565990247e+02
9.960618092599730744e+01
3.752154303385897833e+02
2.258728033424685577e+02
4.294543196888020731e+01
1.978846636014281728e+02
8.458249910173142894e+01
2.857651803015423297e+02
3.489063129698819807e+02
7.410399698378454048e+01
4.660529837244985885e+01
2.876466949966173843e+02
9.239570266607384497e+01
4.449430801634731125e+01
1.968370169232764226e+02
1.131987321176331989e+02
7.766201262149635909e+01
2.985400252151175096e+02
6.414561337508786210e+01
1.238730822633254149e+02
1.262645157940161482e+02
1.686224452661748430e+01
5.125753802401955284e+01
2.954239065565159876e+02
3.190426196774283198e+02
1.931732643106566059e+02
1.873707213928846045e+02
5.629556375695231196e+01
1.836749720956959493e+02
4.604663582454387694e+01
7.550031385529442218e+01
1.607337904069662216e+02
1.382097384282496364e+02
2.718959194254383078e+02
3.349388600784579921e+02
1.738406099946419090e+02
8.586560210044747521e+01
8.470140814383648831e+01
1.003018584018587376e+02
8.197112348777186241e+01
4.568384501987192436e+01
2.318875321465999093e+02
1.178390592930662706e+02
4.351173670605142973e+01
8.061139553208255393e+01
4.302197663029032526e+01
1.805602050129847385e+02
2.412886237911467191e+01
4.302514358179269038e+01
2.894840525870197325e+02
2.082139405675243893e+02
1.047888675693706944e+02
1.008606057676685310e+02
2.977117378915655195e+02
3.414518212256993479e+02
1.914257262006751432e+02
2.853517971153501662e+02
4.566659560984516730e+01
1.680543930463894640e+02
8.738039297326147903e+01
1.267175353004176230e+02
6.999021310181981903e+01
1.623213116938935343e+02
7.074113350885772888e+01
4.259934171802157721e+01
2.959712231537720868e+02
1.101395801782924906e+02
5.386575070234010809e+01
2.089702360219240234e+02
1.003983550974230212e+02
1.849769226894924827e+02
1.920531343600353296e+02
1.112451262198046180e+02
3.171320849854981816e+02
1.128345068366753168e+02
2.182188094887722229e+02
2.013097228969542698e+02
1.371197202438725355e+02
1.288152038161109374e+02
7.603165190222077285e+01
1.901930172419596943e+02
7.398028222468278159e+01
4.465733549193780760e+01
4.537388542711254047e+01
7.800770776890064262e+00
2.993561154098968018e+02
2.387512532225167092e+02
3.534976966088991617e+02
1.183143089749861048e+02
1.171149252138512367e+02
2.982568278230874057e+02
3.355882597129476608e+01
1.903275710995862937e+02
3.399438283300384001e+01
1.282652830772879611e+02
7.583189777774006757e+01
1.908279590454675372e+02
4.594173917597286305e+01
2.395234812035585037e+02
7.296667642779217999e+01
6.980623233303560937e+01
2.018368778045485783e+02
7.953534526287286610e+01
1.881965201600662567e+02
1.398543159084350123e+02
1.411323594109861972e+02
4.270980126141381561e+01
7.168563010180545803e+01
4.379816687339817349e+01
2.027234189600226557e+02
1.314020616019090149e+01
1.975471314875730400e+02
8.593223808828564358e+01
6.966594459069325751e+01
7.114200140991951571e+01
2.023588056988207313e+02
1.198779654297201347e+01
3.038249840683455432e+02
3.051827726409377419e+02
4.064721389558300046e+01
1.197614048097247519e+02
7.721001110082838181e+01
7.318175922024124702e+01
7.291003148197020778e+01
2.972800352105534216e+02
1.091691026766352905e+02
4.552524729752664712e+01
1.840915200600185813e+02
2.069139680144877786e+02
4.797822992128524078e+01
1.682912979989511086e+02
1.803514174254700038e+02
1.950236767576832051e+02
1.814613814664456299e+02
5.941519086881209688e+01
2.527015324793508455e+02
4.378161641568848950e+01
2.159783242603854205e+02
4.091557913205190999e+01
1.249417085675311654e+02
3.498738675573154637e+02
5.580552849758216638e+01
1.479875617359782893e+02
9.766831056024807367e+01
1.588715174088485753e+02
2.073294989616574640e+02
6.362083397450221867e+01
1.543088612546764011e+02
1.211832366367498821e+02
1.857898150972760050e+02
1.980392569458504113e+02
5.224378636278805743e+01
1.560665916979130827e+02
1.029268234737930783e+02
3.082125215440163402e+02
4.061199039114290343e+01
7.175623356645564854e+01
3.705339750948418498e+01
3.623305773298313426e+01
3.169889493533382847e+02
1.119963487295791964e+02
2.230420101226660847e+02
2.941168143816198040e+02
7.501880472504096531e+01
1.282659506852104698e+02
4.096008888780465895e+01
1.017380794962177362e+02
4.119402339442502381e+01
5.335669751417241002e+01
7.464515746231933235e+01
9.456756686086751529e+01
2.004270756646641303e+02
2.192139223571675473e+02
3.189532382550569167e+01
4.645016388466829937e+01
3.076358011129321994e+02
1.162945050784445442e+02
2.972331233220619993e+02
2.076618692060804960e+02
1.927359855155614810e+02
1.942413190779063825e+02
2.099197603523400062e+02
1.319857619561015838e+02
2.341090940118742481e+02
4.723108864959824160e+01
1.270549966939123436e+02
1.835048439089671035e+02
2.335546787003521558e+02
2.044467218279952760e+02
4.339474999544279399e+01
1.059644982096732235e+02
7.073358761414483808e+01
4.632370825820012072e+01
6.074212703315112805e+01
2.972150356851149127e+02
4.474025744895385515e+01
2.127732223505763329e+02
1.991596760492650731e+02
4.660396898060887594e+01
9.966073612468333920e+01
7.542336111252735975e+01
3.190961247767724558e+02
9.029322975495853143e+01
2.070048140042363514e+02
1.122210813101227274e+02
7.368486654937331082e+01
1.647163319245479443e+02
4.481631063608193699e+01
2.077698913040775039e+02
1.781596357881358585e+02
4.832939884352639837e+01
3.471812837718151172e+02
7.148489771817310157e+01
1.769582072775715744e+02
1.616564803451684895e+02
1.806561164343928851e+02
8.090221301464386272e+01
2.386381805385992152e+02
2.020277372567070131e+02
4.652954590147781033e+01
5.146924560769375034e+01
2.033383816230402203e+02
6.017583629838178894e+01
1.732833963521914029e+02
2.010218570276356047e+02
1.222800898668248806e+02
2.884381165091846242e+02
7.651407399478851801e+01
2.392213226298681548e+02
4.515622760721252149e+01
4.663172126852327892e+01
1.494405463159679641e+02
4.532642658517093537e+01
2.038905391658331610e+02
2.970647761227996853e+02
3.095723746246917472e+02
1.229415255558745201e+02
6.138830563099553217e+01
7.785083206727668426e+01
1.216999121695782904e+01
2.125092599118709416e+02
2.012562479344642838e+02
1.880123710799342973e+02
2.005076928156867098e+02
4.294907348882895093e+01
3.041712912283584842e+02
7.421950497155225435e+01
1.902398043653680304e+02
1.271747284765229402e+01
1.964648157625212548e+02
3.336852767068583603e+02
7.644971931412506194e+01
1.158281915376206683e+02
1.196832922910658823e+02
2.992959752382491843e+02
7.578128161430132081e+01
6.478098803880682510e+01
2.664654051619392021e+02
8.394184084667929824e+01
7.020747147290823875e+01
2.077055921455817611e+02
1.692077930060317783e+02
7.522137740306959586e+01
2.874510787584951572e+02
2.919473791698709988e+02
4.418538607528640227e+01
1.157608182128396805e+02
2.110912989021021815e+02
1.263368925583270652e+02
3.078180446682115416e+02
2.578434963703035123e+02
1.145216686572939153e+02
2.711837214202672044e+02
4.000096341312502801e+01
2.022485766758832142e+02
7.389669293791392590e+01
1.555715031123752112e+02
2.001116136879542466e+02
5.093433633946413863e+01
2.025842395670906342e+02
2.915278633984721637e+02
2.094102243465985680e+02
1.457625081015196713e+02
4.722562813501058088e+01
2.760031133759755448e+02
1.079937408835308048e+02
1.257436335173518387e+02
6.942062232266927424e+01
1.974091579037340978e+02
1.993530511538435519e+02
1.584292028033461861e+02
3.011709689961175513e+02
7.412831959679562033e+01
4.340437742759024076e+01
3.118211386361485324e+02
7.350135378017870380e+01
4.549479331822593764e+01
7.222081529182236181e+01
3.049313706228342085e+02
1.152552426726691408e+02
1.033214320390437706e+02
1.945646527213325214e+02
1.173780366222264604e+02
1.997961079070375092e+02
9.368005256338554432e+01
1.411763361764197953e+02
4.372808812012350188e+01
9.653398859678867439e+01
3.955822974296284400e+01
2.260383379839390443e+02
1.040430349105763952e+02
1.981853688416885007e+02
1.244920929011947379e+02
2.432996082680486438e+02
2.782926764103642654e+02
2.213323367711409730e+02
1.828578362770365686e+02
7.557386789558455575e+01
7.509275434098123014e+01
4.581538859242768780e+01
7.343977879370218886e+01
2.182030485037772110e+02
8.067598932156792557e+01
1.884465529567734166e+01
4.653681706329144419e+01
1.951106560021489713e+02
4.804268117648111769e+01
2.069791251598705060e+02
2.007454886049361562e+02
2.719216556534199825e+01
3.115420951699121588e+02
1.988115522204183776e+02
3.755340690086256927e+02
7.600489504612679070e+01
1.562915321704664109e+02
6.884473193826309512e+01
2.100790326063038265e+02
1.524065201834073946e+02
4.858379740216646780e+01
4.654425251719944612e+01
4.469271525415848600e+01
6.030772843390236204e+01
2.235871159703933131e+02
4.769490801133250102e+01
8.213042070470481804e+01
2.164669898384632916e+02
7.155972189616068135e+01
3.188282878268853437e+02
1.898414659292230624e+02
2.316034656015322355e+02
1.939663638674758204e+02
4.190646276702942430e+01
3.627690115822839800e+01
4.859062132035020909e+01
4.916571920034746057e+01
6.346618522021817199e+01
1.151077044192693535e+02
1.977843743038155253e+02
7.299252823196249551e+01
1.953320727286917418e+02
1.254424479768593699e+02
4.711862054336526739e+01
1.765908656016540590e+02
3.782359209176037496e+01
3.091786262738131086e+02
2.755318744042577919e+02
1.119161462817709207e+02
2.342144457134037339e+01
1.960085618723526011e+02
1.946604792725294999e+02
4.655536840917729080e+01
1.944964127592996306e+02
2.903699535077956853e+02
1.195962888730885822e+02
3.748351671586312506e+01
5.578418366700315545e+01
8.984211077802316936e+01
3.143926412520621057e+02
2.928730053851977573e+02
2.036692301332161890e+02
3.921521436644272285e+01
1.746796591146868849e+01
1.685774959715493253e+02
4.518020505719375279e+01
6.066774537080518570e+01
1.129345390638369651e+02
4.738751640796272113e+01
6.116032308501875292e+01
2.106195066473198665e+02
1.216219447589846396e+02
1.941955631069085371e+02
9.487892541830774462e+01
1.580788502020284625e+02
4.324697602224491533e+01
7.615137480057337882e+01
2.977809273808789499e+02
5.937462101865188657e+01
1.316857231223081044e+02
8.649032705725144865e+01
1.922758725687883441e+02
1.973627959533967555e+02
2.060190256929361681e+02
1.758960456859987858e+02
7.484619070653087647e+01
3.743745650965886540e+01
1.220995163645542760e+02
7.378696747004410383e+01
2.208710144660483365e+01
1.350076468914191992e+02
3.172953403119868199e+02
8.911394050392313204e+01
8.215065764293771622e+01
3.089031577279968133e+02
1.511715764109947315e+02
8.432702898685340642e+01
4.566775901027810391e+01
7.594888923416820603e+01
2.332008089591682847e+02
8.837917488734508709e+01
4.728555423827382498e+01
2.851150852583133428e+02
4.065395769573181184e+01
2.906419246730972077e+02
2.351328857307765077e+02
7.461130741213514739e+01
4.750317414208453926e+01
8.082926943314205914e+01
1.748083550608840824e+02
2.717214652632664524e+02
2.939873071528455171e+02
7.749918356998739455e+01
7.517456779078986528e+01
1.194713103674317836e+02
2.344001757069210043e+02
4.466695910801001190e+01
2.276226566180057276e+01
4.721538219972854478e+01
3.087495484009989468e+02
7.794399193273564208e+01
3.065080820805886219e+02
2.867237636993191359e+02
7.564154154774240624e+01
4.438311356422147469e+01
2.884170672489744334e+02
4.384561387645594266e+01
1.845707538758719011e+02
7.888765982618816963e+01
2.754742411608970087e+02
7.072329947299792252e+01
4.514703549494922896e+01
1.860828112617547276e+02
1.681429540867110859e+02
2.770507500699978891e+02
1.744656946681811007e+02
2.746122185676677532e+02
2.064555158472096537e+02
1.813160482210812461e+02
1.492110199182741610e+02
9.787451270291825267e+01
1.862065000810782180e+02
2.517177213227445876e+01
1.242659194175115545e+02
2.101759098394473710e+02
8.746890307664050113e+01
1.299490520194183887e+02
1.143556402956084099e+02
7.468832573589259027e+01
4.347549213848741090e+01
1.635453187597783540e+02
2.774881341858078940e+02
2.099011673896701495e+02
1.197008392198135311e+02
2.704053972324826987e+02
9.117453300119696280e+01
7.530140444184158355e+01
7.758431261508118837e+01
7.151991688115117540e+01
1.094132128197203571e+02
5.718903223523924595e+01
1.900956389617439584e+02
5.234242318385790327e+01
1.965036288447002732e+02
7.202598748381493010e+01
1.584667756144716861e+02
2.121818037079660257e+02
3.311339185932740747e+02
2.032741166118224783e+02
3.952209403834579149e+01
9.444121573250210133e+01
1.982493567576165105e+02
3.825980144184324558e+02
1.211358721885833631e+02
2.967772448961466836e+01
1.739132058048516285e+02
1.187866167235050057e+02
4.169759826816990511e+01
2.266941205558155161e+02
3.395203060326768707e+01
1.230277680400993745e+02
2.078173995999171950e+02
1.488582616219411818e+02
1.409127941576204250e+02
4.617189256024916943e+01
1.500902279346733224e+02
7.284132861563537631e+01
3.084370392203858273e+02
1.719959152974672350e+02
1.466427422049026177e+02
9.660635931897590467e+01
7.342977825408708270e+01
1.212286920951236056e+02
7.317913216507047025e+01
1.336430342408264380e+02
6.642991383681828665e+01
1.942967009005012358e+02
1.991023011978943202e+02
1.161043993815068802e+02
8.005233844529657006e+01
1.226912909619050112e+02
1.408330389189074481e+02
7.519490003730506089e+01
1.923338289465778246e+02
5.018517203871736854e+01
2.021107351954491662e+02
7.753548933970900237e+01
2.369073556674384804e+02
1.931531540306208683e+02
2.401573302662726235e+02
6.425783007763438093e+01
1.384395298852100211e+02
1.737178412067160593e+02
2.436390211108486596e+02
3.159894840675357841e+02
3.099858748429506363e+02
3.183859071385220574e+01
2.808548649323353175e+02
1.690441692611850328e+02
7.709935114873665896e+01
3.327144811802268691e+02
1.061309380741711550e+02
4.558671952046671549e+01
3.297232856810827428e+01
4.383339336930293939e+01
2.605162614217677515e+02
2.000719167019543931e+02
2.101865472298736108e+02
3.010308695062673792e+02
2.723090207534374940e+02
1.700944531226725474e+02
2.187244109659206686e+02
4.635720670027752988e+01
4.598036626178988229e+01
1.015748109950003339e+02
1.241699736788085318e+02
1.462409908337224067e+02
4.698118959760284952e+01
1.944461765877107098e+02
1.823239174572938168e+02
1.984179138428480371e+02
2.138024810862596894e+02
7.578330929032655661e+01
2.869884627061166498e+02
2.385369977130696100e+02
7.107425588207850353e+01
2.381245213662726101e+01
1.178042627620200022e+02
2.297375371631278540e+02
6.853959514636312633e+01
3.062781026076900730e+02
9.410454770609702280e+01
1.949552728911297379e+02
7.747894415860615425e+01
2.051268381216168564e+02
1.216289652263787957e+02
2.689872132195138761e+02
2.126103898399349532e+02
1.240886786154092505e+02
3.596160464439905269e+01
6.902146672947243644e+01
2.440530463203252509e+02
1.193043411015805475e+02
1.935913462122254884e+02
1.762904377649662138e+02
2.057585030797605725e+02
3.066333967339970741e+02
1.813018152910084666e+02
2.924776674451356939e+01
1.150463927693888735e+02
2.610172566719588190e+02
4.727219450662589395e+01
5.777912583597509411e+01
1.261016363632229940e+02
4.453060434771230547e+01
1.368677594863813596e+01
4.527958402913972691e+01
3.038679586117204394e+02
1.880002535526851659e+02
4.877467618079460721e+01
2.129558263535519416e+02
3.050359477791420773e+02
2.109895262216657557e+02
3.498423964513684723e+02
1.648733264017300257e+02
1.164839092395478701e+02
1.562197674594704608e+02
9.213436762467640051e+01
1.773194586642136983e+02
3.192648696328311644e+02
6.621889836898881754e+01
1.820880896146454404e+02
7.753425167275725016e+01
2.149422179777506017e+02
2.114286323751085206e+02
1.005439467141849406e+02
1.233243814864561045e+02
2.940167704013208549e+02
4.624689387324973211e+01
2.124351157077681478e+02
3.297073441067559543e+02
1.223682240392637510e+02
2.707690148262317962e+02
1.601907018548932911e+02
1.904701843758571727e+02
2.043892705770611258e+02
1.137338572966290968e+02
4.434377151774641135e+01
1.389525213032786439e+02
2.998215886076382048e+02
7.711340345525569262e+01
3.120300229884900318e+02
2.528991875371439164e+02
3.220704340883949612e+02
3.323650986385774218e+02
1.410719127417017660e+02
8.003234091078128642e+01
1.914484264771622861e+02
7.301313754092178954e+01
4.598701683621290215e+01
2.765900115259054246e+02
1.535910802478667279e+02
4.596317435700246534e+01
9.393345387661160828e+01
3.058618756827954712e+02
2.311686551597627215e+02
4.697842977882671534e+01
4.846959587975660355e+01
1.968212579420973327e+02
1.979799569215592214e+02
6.265104685282881292e+01
1.020159007612026301e+02
3.514347692510642673e+02
1.264770027305125808e+02
1.143505237825188487e+02
6.042006308058364539e+01
1.251662962865493398e+02
9.077965312662342967e+01
1.898301221878543288e+02
4.174502376688350580e+01
2.016849804880928616e+02
7.875152960012336223e+01
1.414716198804993326e+02
1.719307620392698368e+02
7.724682218612454676e+01
4.559723360419808813e+01
1.712227135525938024e+02
2.189963907765179556e+02
1.403883718710289656e+02
2.672940076364886295e+02
7.590075043831316748e+01
1.887562076726139537e+02
3.226662833985481598e+02
4.504414730100874920e+01
1.293542264875933938e+02
1.925397125761338657e+02
4.782078526005732044e+01
1.511152767178511738e+02
2.226460199808782079e+02
1.035065338728656315e+02
4.807075965536157725e+01
1.504160187310197330e+02
3.188827182073727045e+02
7.866130913651278433e+01
3.517538528521280909e+02
4.118547160070396274e+01
1.569923521491215581e+02
3.652924153082470582e+01
1.863590642761884624e+02
7.695609864853123838e+01
5.847884696102408242e+01
1.915443908894066283e+02
7.773605014280732917e+01
8.337202819119124797e+01
2.263323949729236233e+02
1.975714117166355948e+02
4.331212607905794698e+01
1.145126646199569649e+02
4.566885939047363507e+01
3.030149848571995790e+02
2.220531143854960590e+02
7.782406698931951894e+01
1.702893066055511895e+02
1.031590955211549101e+02
8.079094339538064773e+00
2.107613574652514217e+02
3.652640766369265179e+02
1.295582518697930539e+02
1.047207843466119499e+02
2.136870830621950006e+02
1.900110567980536871e+02
1.157685247444722307e+02
2.646034968264607983e+02
2.014259262544355238e+02
1.628127993992337395e+02
7.775089901685515770e+01
3.048123421976803229e+02
1.254356711515880249e+02
2.132102228627929321e+02
4.350140556478695686e+01
7.790919338831648133e+01
7.361611596951176750e+01
7.885711793381464929e+01
1.460825503054066417e+02
9.011010333152553642e+01
2.471269135175700455e+02
4.324920840663465071e+01
4.716154560150148001e+01
7.506308764041943959e+01
2.169048009741362648e+02
2.541109844875093984e+02
1.960971490868038813e+02
1.287426444075219649e+02
2.376368844114090564e+02
9.781305217235551197e+01
1.264617140267402959e+02
6.667791220185362988e+01
2.802691978049465433e+02
7.642894570299581858e+01
2.139640335909222415e+02
1.208785019186817635e+02
2.997693725914521110e+02
1.557204532923827003e+02
7.776469849381074084e+01
3.233179285343709353e+02
1.989984050563395499e+02
3.221059074507153923e+02
4.268359097573532779e+01
1.468630810691554984e+02
3.038368913566357605e+02
1.224712668721195570e+02
1.083919670221045664e+02
2.008999433920769775e+02
2.034538914893791741e+02
1.992289423460888145e+02
4.716940847434959494e+01
1.829916381920460537e+02
3.250486855827039534e+01
3.082665673482391071e+02
1.958204040777369528e+02
4.412247372606280749e+01
2.768267290463588779e+02
1.197571258557092904e+02
1.242274331998224426e+02
1.587057868117616692e+02
1.194267763244713052e+02
8.544747840121435445e+01
4.678969242894237368e+01
2.081535486190880135e+02
1.284744490800494248e+02
1.744126409604596404e+02
1.719493073731214281e+02
3.579481279981219473e+02
3.555472094667535998e+02
2.145061288180730799e+02
1.226951401603113254e+02
1.598347433497991688e+02
1.908664128109981846e+02
8.865770171413402068e+01
1.119502484838240548e+02
1.587740146538131398e+02
4.545544978591883023e+01
7.104167256088064164e+01
1.870031118529464891e+02
7.158703475627436319e+01
1.299394101746077013e+02
8.970138285177213788e+01
1.205257822121888864e+02
1.794281889034596702e+02
2.045985700022791320e+02
3.785363189861436126e+02
2.158488652623364601e+02
1.177334149779695167e+02
1.136905967910648627e+02
3.182024355668543194e+02
4.465766207491694217e+01
7.992805182233273342e+01
7.674217349298280055e+01
3.238744338210015172e+01
2.917751196828387492e+02
1.334244391672349934e+02
1.216581756098863423e+02
4.558064025378692463e+01
4.395821558189999934e+01
3.481191320717127979e+01
4.638858962230079896e+01
4.223797432990568979e+01
7.565232241135278457e+01
2.030701473320746402e+02
1.218724907216985827e+02
7.637659185863614653e+01
1.356142139403991962e+02
1.968536635468342126e+02
4.298378441323781374e+01
7.508797863890485758e+01
1.028442824102596234e+02
2.073610719592872798e+01
1.211106364905009229e+02
6.593156953424012556e+01
1.941735255030421570e+02
3.227654128071968103e+02
7.932307374962019253e+01
1.712899948891318900e+02
4.298275664770991256e+01
7.873942206795221921e+01
2.610984953907657200e+02
4.437150034868526660e+01
7.649028274899764313e+01
1.118633572452688014e+02
2.937377148048732920e+02
1.160508883557359212e+02
1.363847877903334336e+02
7.225742039079440815e+01
2.564850127397323831e+02
3.129897665348905207e+02
2.051071032681396389e+02
3.231898820710514428e+02
4.251635730279612346e+01
2.012794516393877302e+02
1.979794858097220640e+02
1.802000759484533603e+02
1.979397715908820885e+02
7.710552000682584151e+01
8.857541648997731443e+01
2.013383613506881886e+02
2.070598689182073429e+02
1.949556174674933686e+02
3.209001218559288873e+02
2.031496175426070465e+02
3.098537264894159193e+02
2.992137344809572497e+01
1.210125238682031892e+02
2.211780255135093114e+02
4.313773669609383887e+01
7.630906360419311341e+01
1.320015055477010719e+02
2.120387841140800731e+02
7.559001975269582374e+01
7.502878964164639797e+01
2.183328677527239847e+02
1.783610586703632919e+02
4.366349057071590778e+01
2.239436215778848975e+02
4.289640048763361335e+01
1.974832327641688323e+02
1.662131386686124301e+02
2.324894243356545189e+02
7.535868013250231456e+01
7.468759233054322522e+01
1.657700714909571502e+02
1.678249748528207022e+02
4.200170449794984506e+01
1.211544277710795683e+02
7.242520780512262490e+01
7.624447876920295641e+01
2.920132307253543331e+02
1.877852069602377298e+02
3.013085444707887746e+02
4.141946060165217602e+01
4.488333780682817320e+01
2.183461672586019802e+02
8.104742162633523606e+01
2.069625257637646030e+02
1.926358697307725834e+02
8.148066985396719986e+01
2.244410505412450050e+02
1.737539673453690625e+02
3.056526262853736284e+02
4.715108921470174863e+01
2.059587078417249586e+02
1.238969072672793175e+02
2.835954274553272398e+02
4.628251970579508168e+01
2.560370949541331811e+02
5.321500774080414686e+01
7.320937106645894232e+01
7.789248699383823293e+01
1.289947035134871101e+02
5.667148916338412334e+01
2.705800497596083076e+01
1.125200908275765244e+02
3.020251396145436615e+02
7.422401748229145824e+01
7.548484301964992937e+01
1.036396684095698220e+02
2.115327945376786261e+02
1.170304088194319831e+02
1.310382001294271959e+02
1.404128874112273309e+02
1.337122418663099381e+02
2.049779361756023093e+02
2.056890088941960926e+02
3.087656170261748798e+02
1.118075296295069734e+02
8.472268923151065678e+01
3.114897162424736621e+02
2.860584658533017688e+01
3.985792477014867359e+02
5.291233129622813181e+01
1.413552126801467068e+02
2.248803936580347624e+02
2.969992216778193210e+02
7.245683713147832350e+01
2.071391345677073161e+02
6.820128767661758218e+01
1.820670452235410153e+02
4.274283934017452680e+01
7.269969941798936475e+01
3.003241759990079913e+02
4.492528666493446821e+01
2.086801176825699145e+02
2.085025896688630382e+02
4.683223944531334837e+01
3.041268224845933901e+02
3.336762154174620605e+02
2.989957561746018655e+02
1.627379794299166349e+02
4.585662186810918683e+01
1.172326077342474520e+02
3.261171288618295989e+02
9.918816070040604416e+01
2.178002820579903869e+02
2.834058448979804439e+02
6.647319101852728807e+01
1.402216484871114233e+02
1.552491652702327656e+02
2.720592588191861410e+02
3.098054524599568822e+02
6.707185466592417811e+01
7.562159634876891801e+01
7.270057040607440513e+01
2.860128794088308837e+02
2.123502467213117768e+02
2.629181676875771814e+02
2.496855556269312331e+02
2.004268630954553601e+02
4.444174759095040628e+01
2.716699338570478517e+02
3.494133823518987469e+01
4.413782441667059686e+01
2.708080100970445869e+02
2.845061133097205470e+02
1.161243084088757627e+02
7.853813084892675533e+01
5.651208170327427638e+01
1.101242976329021985e+02
7.088227673668257012e+01
1.052909686972907366e+02
4.896520474765284803e+01
4.565403647447345747e+01
7.334812550944194243e+01
2.843798940272356504e+02
1.272973835724527731e+02
1.645944352139660793e+02
2.426650039818155449e+02
2.939207155139361589e+02
3.456269665143433372e+02
1.625983695506880338e+02
1.511644386709184005e+02
1.127777779868912660e+02
2.762164473330105920e+02
1.941160514938029564e+02
1.262141212898997225e+02
7.254428994748111847e+01
1.108771517639479640e+02
1.627447752096979627e+02
1.871406756391283466e+02
1.406603940186430179e+02
7.287196484171980160e+01
4.337322456180958596e+01
1.301189460305699583e+02
1.761748984702670668e+02
2.102478135332586646e+02
2.417258551656829297e+02
1.940437420832308817e+02
9.544921784813465138e+01
3.161914227752718531e+01
1.107913661327510511e+02
1.646638317451042610e+02
4.858763432858808784e+01
2.803828613820797955e+02
7.473385485323770183e+01
2.613781215655645838e+02
9.521353950378872355e+01
1.705103294997031469e+02
1.880857717941723877e+02
3.576661134049968638e+01
5.144651589274464953e+01
1.140091407943687898e+02
1.960730172031926486e+02
1.922898083604256101e+02
1.546736191274748649e+02
4.117441836624306717e+01
1.256462351717180894e+02
2.018176281082631931e+02
2.800715807375722193e+02
3.095759282464081252e+02
7.745220997188820888e+01
6.333262525905292506e+01
7.824690511369759349e+01
3.128865095612267666e+01
1.000964268709660558e+02
7.111108551386740828e+01
3.008571118250467862e+02
5.084981923636136258e+01
2.032961844558387909e+01
1.858753270187256703e+02
6.191067250879667228e+01
7.528192859664690673e+01
1.078995981796570476e+02
3.062029929394042824e+02
2.101265492141389473e+02
1.319974976729292280e+02
1.593076620362616893e+02
6.186047677217135288e+01
4.482560826768601459e+01
7.607142063486745087e+01
1.992209158386488639e+02
4.644022284312188731e+01
5.710707462260489109e+01
1.157081202312091932e+02
4.527996942510655742e+01
6.077793713855673730e+01
9.423237352612121143e+00
7.418949339243572183e+01
2.877383871739820265e+01
1.973851541645561269e+02
9.307620081903972675e+01
2.073103946998089668e+02
1.917144089023883851e+02
2.063846288376311122e+02
2.040802641717691586e+02
2.136516347993342606e+02
4.533187138187116005e+01
3.006903763186459742e+02
4.592310905691977041e+01
3.259354511550922098e+02
1.955387872920225902e+02
2.022722607814344258e+02
2.188106609363895529e+02
1.663654414843776692e+02
7.113756601008560665e+01
3.134814314683645193e+02
9.450176085875517629e+01
2.144665767440490924e+02
1.392128811627000573e+02
1.402795971058354212e+02
3.223253785549828763e+02
4.696203385559439880e+01
1.906282762723821520e+02
3.237453665954188295e+02
5.873047764488826772e+01
2.213832288130413417e+02
5.774987470313095628e+01
4.356270698086638760e+01
2.933998226596884251e+02
7.519789324315306089e+01
7.515992448023965267e+01
5.179151009044258558e+01
7.139688823324021882e+01
7.321669854816207135e+01
2.581542830342462480e+02
4.287817176299404309e+01
4.529988598083691898e+01
2.964371410940136684e+02
1.485787643776116909e+02
1.250939016174966838e+02
8.011727172158288113e+01
5.020608861584609173e+01
3.121717813899067551e+02
2.066723413661322581e+02
7.262011965230701094e+01
7.309077544380542690e+01
2.038589564641921186e+02
4.256318624860617206e+01
8.408033928573654237e+01
3.309618698994269437e+01
1.215899352736670238e+02
7.988930767569131319e+01
1.688732838606445341e+02
1.188954068912980802e+02
4.452053718043354280e+01
2.041563626594200400e+02
7.674093172592012024e+01
2.749480328823454442e+02
3.621168735010313640e+02
2.081630861391881240e+02
3.377799514833951378e+01
3.885570276849954752e+01
1.563677041644774874e+02
2.275913109172976334e+01
2.234434657360746428e+02
1.741949195914694712e+02
8.653697429407898767e+01
2.629295518493018449e+02
1.761769080197862536e+02
5.831381938721889924e+01
1.374543281734827076e+02
4.561872932040940043e+01
4.151556415755464258e+01
1.339855825273101857e+02
3.370836120864480563e+02
1.479172212410944383e+02
2.106542727881192718e+02
1.918964174138008332e+02
4.106391376918616487e+01
9.108016495926933942e+01
1.356651068208899744e+02
2.092521651292239824e+02
4.532798505120801735e+01
7.237608082747959770e+01
8.673700468450462608e+01
2.203071725337195517e+02
1.116332615449013730e+02
2.062483625945525318e+02
1.992586658698913595e+02
4.602743300884515776e+01
2.172965511050838074e+02
1.147245386336205399e+02
2.161672655365734101e+02
2.757244597386215332e+02
4.537294489671160136e+01
6.244249537959773733e+01
9.178485001758164685e+01
9.105363393339392530e+01
2.008947199820976550e+02
9.812506793308654096e+01
1.940894854518395505e+02
1.853420003485478276e+02
9.268581614937041024e+01
3.478258709487842566e+02
7.395112003732441508e+01
4.280145652883792451e+01
5.794414555984644011e+01
1.510320222865023538e+02
2.853348617754976431e+02
4.369747122829920016e+01
1.957485626072030698e+02
3.123720376500087355e+02
1.038504728722409851e+02
1.221288951072614140e+02
8.148108029351374171e+01
1.672008922931077564e+02
2.036023040343583830e+02
1.143954048980225906e+02
1.280802262362225861e+02
2.087628874454547372e+02
1.869055793202113591e+02
3.388477974221274849e+02
1.480236570953032924e+02
2.397684961745583792e+02
4.591152496841501573e+01
1.117228993570678881e+02
5.268861364603782960e+01
4.437624534474095839e+01
2.031011783432521156e+02
7.538725137049979708e+01
2.188097130815230287e+02
3.182108513497750550e+02
1.315569129614775647e+02
1.184255375338013891e+02
3.127539389281724880e+02
2.006229077395824731e+02
4.437458869441755382e+01
4.375233118458654502e+01
2.043951845354518468e+02
2.944681066017242870e+02
2.776778565185136358e+02
1.196574124118159261e+02
2.970363285266349180e+02
6.369943583853976321e+01
6.308734968324968406e+01
1.313711066809773342e+02
3.111746273402275733e+02
7.087678916076437474e+01
1.322130236514896637e+02
2.544061329349352434e+02
7.394887476761712719e+01
2.900380591230511413e+02
4.489899931447886416e+01
1.215493971102220314e+02
3.219133604270147657e+02
5.343164573089090652e+01
2.080002062604890796e+02
1.210275114939468182e+02
1.233772201158412685e+02
5.728396483119803406e+01
7.653340670101019327e+01
1.237784654662157067e+02
1.141106486370951245e+02
9.825096907794912227e+01
1.778642933086269693e+02
3.275534183324236324e+02
3.715374653666715403e+02
6.935672008285068557e+01
1.173044262435590213e+02
1.193553498880890800e+02
1.669083922816722918e+02
2.031901340647914367e+02
7.190001728208306986e+01
7.721179509186816858e+01
2.028297594815857678e+02
6.096468008621597789e+01
1.331276022173104536e+02
7.481580730815080926e+01
9.518575164573690017e+00
2.121190075433701452e+02
2.947889115547250753e+02
5.083513052522546616e+01
2.961233706566083583e+02
7.788503075167116663e+01
1.175581176843509184e+02
4.497912822908416075e+01
1.163883978069371068e+02
3.185403514966126863e+02
6.759310564092656648e+01
2.190075733877982884e+02
8.682376134670309398e+01
2.767585676302156799e+02
