7.505509976784318837e+01
1.203010086038493256e+02
2.233658724401357745e+02
2.104843212939582600e+02
5.084036906983172344e+01
3.112675505768880271e+02
3.099254781602583080e+02
1.552810287383633465e+02
1.975772909211899275e+02
3.053020292192687180e+02
7.347820806259626636e+01
1.072677509423625395e+02
4.648996612095050551e+01
2.760492447713007778e+02
8.031122550878278332e+01
1.935799038419071394e+02
7.708137305749251311e+01
1.189363717356891073e+02
2.293534014559858178e+02
1.841832080982933348e+02
3.041595100043169850e+02
1.052779489373930915e+02
7.657360061714524591e+01
1.461493629721271645e+02
7.316006242465941511e+01
2.836506498297188728e+02
1.919318639463701288e+02
2.988574302165696395e+02
3.156454348548678013e+02
1.176158892658484945e+02
1.929854615931758985e+02
2.049488304303048665e+02
1.333364971201256424e+02
1.656805407802320644e+02
1.811369060096703265e+02
2.085254611588607361e+02
4.469435269506659836e+01
1.096388587647697648e+02
3.008375464475830086e+02
4.549736243405445890e+01
5.791601611824985696e+01
7.840531118084645357e+01
1.308576371622934857e+02
6.624666300523279006e+01
7.574733401125671506e+00
2.776887160821080442e+02
3.007002398576800601e+02
7.792677115577590996e+01
1.792379319322981246e+02
2.974990962498789600e+02
7.939473901527863120e+01
2.368413678007100600e+02
2.914801211948921491e+02
2.106488896425715893e+02
2.991416063039873734e+02
1.111432312958028774e+02
2.182455693053592256e+02
1.668629730808297325e+02
1.875392836808624679e+02
7.830143930999633994e+01
1.651790631111130665e+02
5.653323778676982414e+01
1.994790837942414896e+02
7.193606403833720719e+01
2.073442317766472627e+02
3.291879356645119969e+02
1.181267414401818456e+02
1.947957868141393760e+02
7.379735147176316445e+01
1.343284330168798419e+02
1.227959482170591912e+02
1.922972872831973632e+02
7.062649206467438034e+01
1.015439622346866173e+02
3.218333233180537150e+02
1.132194271686826426e+02
1.253686588014678733e+02
3.547897597462395538e+02
1.976236443577294892e+02
9.983311060184129815e+01
6.037110732149972137e+01
8.984554212896003378e+01
3.252467932701105156e+02
1.360289487905722581e+02
5.425320162304910809e+01
5.605695113868699053e+01
2.826468283395313961e+02
1.222188256156954651e+02
4.435163009821062019e+01
2.001073963274108678e+02
5.144895678495145575e+01
2.133334326065107973e+02
3.090874474001296335e+02
1.111059765982703880e+02
4.276117029582995599e+01
2.094557114390247818e+02
3.084648075656340893e+02
1.202372668027394553e+02
1.496230304800109820e+02
8.133745447606355583e+01
1.836570354437171488e+02
1.060687450202788256e+02
1.285472633217787006e+02
1.708733946298196429e+02
1.422444666522972589e+01
1.013157868174014737e+02
5.618498730361439897e+01
2.060341669170025511e+02
3.333013082171418660e+02
1.980385594896075361e+02
1.210613872475830703e+02
2.298277001588955670e+02
7.586335735197388885e+01
7.145171382986971764e+01
1.982701537889367671e+02
2.066427519328795768e+02
1.382305113709224997e+02
1.372429338180398588e+02
2.751173383563566972e+02
1.261894642937020592e+02
1.171720423666218522e+02
7.402276413632918661e+01
1.099960818314013409e+02
1.181878002584287941e+02
7.853980374928667629e+01
1.497932050093439216e+02
8.174220688869309015e+01
2.369659785103280214e+01
1.764719104621827910e+02
2.856424606927066066e+02
4.385710128309247580e+01
1.653239843665766671e+02
2.025295876997901701e+02
2.183831127143763524e+02
5.501810704245253447e+01
9.675958475791524904e+01
7.063496818423207912e+01
4.544678544296490230e+01
2.502490500707379226e+02
9.120340923856547022e+01
1.299295088706797401e+02
1.580476179937521124e+02
3.134641531131692318e+02
4.409489961245526501e+01
2.105192926965538334e+02
3.792394589429501366e+02
1.210918573773463010e+02
7.590414917872796252e+01
2.029481383962392158e+02
3.160027297598306859e+02
1.614920450889036090e+02
4.475531697222340455e+01
1.230601209172340731e+02
3.195920005645884316e+02
8.386137170963425547e+01
3.062641802497774393e+02
2.446708684382136596e+02
2.030982231982694657e+02
1.375003644566003231e+02
2.130873653402766976e+01
7.120014313795348215e+00
2.814151424580365983e+02
2.765446351984966356e+01
8.680263268944534616e+01
5.965763235064266468e+01
7.135990423297840834e+01
1.226407338389326327e+02
3.318075129202836138e+02
1.265942274852442182e+02
2.776580886008453035e+02
8.485734566809979640e+01
4.484513956013947933e+01
1.922589769887220825e+02
1.254275994905663936e+02
6.873372155876438683e+01
7.794288707629823421e+01
9.306247952884524466e+01
1.977207839847991124e+02
1.120762942951889016e+02
2.188498528421169169e+02
7.225782199603952449e+01
4.624339054782527114e+01
2.088802881082949625e+02
1.925013309485393052e+02
1.799156319316695090e+02
1.906444654734318647e+02
1.212765896616547963e+02
1.179897624119696786e+02
8.863106773437691288e+01
1.125537871128421408e+01
1.372334931909062163e+02
5.056232364949075020e+01
7.383710349532313444e+01
3.209521493538507002e+02
2.243102708802467760e+02
1.130315091017725564e+02
2.907286255098026686e+02
1.373632758700008196e+02
2.307899211677625431e+02
1.870483064133041182e+02
1.973288415112689904e+02
1.760560987109933819e+02
1.041458958121978924e+02
4.751537904889293884e+01
1.236799166969246357e+02
1.136158028644058859e+01
2.815835015977663147e+02
9.527276481512542716e+01
7.426375903022119473e+01
2.883018021337890104e+02
1.414433568427215562e+02
1.805930679880108869e+02
9.592708817389495835e+01
7.468084914480530756e+01
7.480226308747471364e+01
1.224598803202279100e+02
1.590202981142940786e+01
1.127413769688258327e+02
1.073075603873712680e+02
2.689705920324832391e+02
4.540538235668829259e+01
2.947628810726149595e+02
3.106878451296218486e+02
4.180478680388269908e+01
1.910390321094947126e+02
6.558222401014769787e+01
3.836703599965856029e+02
7.302177804447219955e+01
2.435120840620457017e+01
3.497517119167840178e+02
3.082454203341470702e+02
2.993629590482439653e+02
1.248448651544802033e+02
5.704464902241131341e+01
2.475636865045733828e+02
1.906665934155175819e+02
3.407892108578718648e+01
4.705770260146942974e+01
1.213805416966117434e+02
8.417121275896856503e+01
1.223916292833924331e+02
7.761869465508367227e+01
9.868720754166093911e+01
5.775195233837840902e+01
4.589277236774076840e+01
1.768962812165123921e+02
1.988935617484835063e+02
4.540010041881282632e+01
2.061895505739394707e+02
4.748981522401206234e+01
4.417121630038383273e+01
2.697160887871283208e+01
4.368369531883348600e+01
3.779538820291281098e+01
1.539198690381207086e+02
2.066796453078372053e+02
7.781478278489954903e+01
3.112034238262548342e+02
2.154580828270764528e+02
5.646061949541903147e+01
2.182949374870275108e+02
1.611283044874827226e+02
2.058449300444001437e+02
1.135543191289483076e+02
3.060447038112930045e+02
1.191866983953907351e+02
4.073492506158817150e+01
2.829065350349555885e+01
2.473821904595138506e+02
7.809444109058756567e+01
3.071941168884375770e+02
3.063614984425588545e+02
7.635921452032387435e+01
1.504750464922483957e+02
1.936912436633779748e+02
1.068341683035711895e+02
1.269732823424210153e+02
2.834597053049407123e+02
1.856502588715649722e+02
7.031353818628912222e+01
2.041870531916702589e+02
3.892616478807104272e+02
1.636959331500318626e+02
1.170389131475199349e+02
2.981260472714874936e+02
2.739352432294403457e+02
7.585626036237806602e+01
1.324288776879506884e+02
1.994465974193669524e+02
7.366382323953982336e+01
1.919632622661468133e+02
5.757569530878118513e+01
8.298794377777880982e+01
2.006771238116283769e+02
2.492140759331426381e+01
6.164408306943335702e+01
2.819835277337003845e+02
1.185856042091830176e+02
1.987885669488294695e+02
1.163911130349073346e+02
2.080995702794821227e+02
4.558103180194683546e+01
2.185718014316910569e+02
2.083547581852873520e+02
1.280734211696276645e+02
1.065827292543642955e+02
9.339599800206913471e+01
8.332752562729072565e+01
2.078439982378016850e+02
1.207914799627891256e+02
4.411056653412567385e+01
1.250731863800591412e+02
1.465097545681601332e+02
7.870697095010977762e+01
1.362485039222534056e+02
6.195255123209932435e+01
2.746511234004818220e+02
1.956381533532019148e+02
7.779508936923589602e+01
4.301782949336213591e+01
1.033715985678157239e+02
3.025562692253777186e+02
3.938880256151737171e+02
1.764968901303376185e+02
4.031488907036377611e+01
4.424622559107083219e+01
4.287771668048670648e+01
9.250958624945933195e+01
7.810195786255756900e+01
1.963437608899520228e+02
5.121064405736211711e+01
8.903186215233731104e+01
3.986617922667680602e+01
2.053020628308141511e+02
7.240788273388335483e+01
1.556028698925721869e+02
7.784491287368159362e+01
4.856223388389607010e+01
9.104377880687167135e+01
1.161952607828695392e+02
7.424325530829906938e+01
5.774908903198239329e+01
7.709622710194520323e+01
1.891345324797077296e+02
2.066559702725305669e+02
2.664665757257297400e+02
4.326192491838819620e+01
2.375337647203087386e+02
2.916485892402309332e+02
9.483620780041526643e+01
8.518495533471963199e+01
1.686572575929992865e+02
6.059279735160526315e+01
1.986032666170671348e+02
3.185033656502143344e+02
1.318483636758750208e+02
9.642377811281470201e+01
1.976110904553439411e+02
7.717944729118353564e+01
1.868766558421820605e+02
8.864777646471299022e+01
2.288251063511989685e+02
3.020722829108779592e+02
1.530083061959549866e+02
3.591329516390287608e+02
1.621824572286144246e+02
4.490518120646623856e+01
4.634389976252047205e+01
1.170401999776977533e+02
7.349385102840280126e+01
1.196338398179570106e+02
1.246049670648293670e+02
6.242813090135131660e+01
1.753185290021344542e+02
2.107496120367168544e+02
2.113926938270384994e+02
2.043506954799661059e+02
4.774107752838356333e+01
2.668379708423115630e+02
4.098290972730072923e+01
2.055257786574962608e+02
2.055952910851553384e+02
7.644348139622547933e+01
1.069939697641291758e+02
4.624819396480177147e+01
3.590848766394406510e+01
7.677563116408404653e+01
4.821635363049094281e+01
1.079741081816317916e+02
1.782745741100355588e+02
9.940457843949651817e+01
2.452432654786008470e+02
4.613092595778254434e+01
2.113029203105108991e+02
8.016605822184921237e+01
1.984471697030173800e+02
3.065099605226470203e+02
9.167671891978750409e+01
9.977265838411663879e+01
3.892554058929218286e+01
3.272583701073054954e+02
4.412454918188449682e+01
2.033045467419130432e+02
2.119856170078278694e+02
1.959715684697233939e+02
2.890418570572942940e+02
9.404776002738960017e+01
7.245483516848437944e+01
1.345670396694347630e+02
2.147275993875990139e+02
7.375960044659123582e+01
1.854622790131267323e+02
7.850970733125075185e+01
1.976880971056328633e+02
3.448158405289367323e+01
7.377842300227393935e+01
5.521445224450744860e+01
3.954722427637598230e+02
3.042765676503241252e+02
1.236487473814867855e+02
2.347011697420733469e+02
3.206349390525821832e+02
7.271975726135777052e+01
7.871418501261770473e+01
7.397244949040896245e+01
4.134056509735323459e+01
1.500294563096882996e+02
5.188568670777318914e+01
4.242633302285857866e+01
7.930242083085916249e+01
3.047948837618997686e+02
8.962592435448042849e+00
1.425759547755552319e+02
7.209105426130247452e+01
1.974371724390567806e+02
7.702378952894798658e+01
1.783799344592675880e+02
7.757494116757358427e+01
2.026788410747346347e+02
7.475888376355455023e+01
3.168638357945182520e+02
1.064534818582516920e+02
4.850575179959172090e+01
3.076121388503400667e+01
4.285559651384208024e+01
1.254555996846171837e+02
2.544066315380454739e+02
3.171346343672411194e+02
4.206099294727631133e+01
1.891833251379202920e+02
3.030383297403718643e+02
2.797164943575634766e+02
7.915095345004466765e+01
1.598557377652948901e+02
2.892531661973540054e+02
2.123977114907808641e+02
2.185426072208794324e+02
2.158221195726056578e+02
1.278137748652284813e+02
2.039138745210954653e+02
1.193201317511236539e+02
1.670930528204416134e+02
4.442893209435396784e+01
2.312741017259515672e+02
7.065816556619878952e+01
3.253563301968119958e+02
1.915048979364521742e+01
1.696100355963158393e+02
1.948272200036573167e+02
4.495811154888360051e+01
2.787411625066077931e+02
1.955046206766616876e+02
7.238162340818594487e+01
1.704584679099558002e+02
7.230848258045905652e+01
2.074212936932100604e+02
2.984449522328015405e+02
4.390101302364151792e+01
9.726409297217173844e+01
2.005311589357515913e+02
1.761949269979593851e+02
7.947891319726687698e+01
1.164514883565803416e+02
4.690476207851377666e+01
1.461199409308163695e+02
1.223527568621111783e+02
5.859755418456300902e+01
1.106770023208577385e+02
8.502612638244330867e+01
2.863726730071696238e+02
4.196637763389532694e+01
3.067706993496948940e+02
6.214317140936953621e+01
4.857862677032498055e+01
7.626875755065627516e+01
7.095699499407056976e+01
2.961069083747419768e+02
1.268449318964970871e+02
2.065817054284867424e+02
3.296449859258336801e+02
3.961951468529740339e+01
7.308435307901631006e+01
2.817925712932265583e+02
5.160996126660391781e+01
1.938560461834395312e+02
1.281540839898324613e+01
4.542708492706606904e+01
7.979802576550967785e+01
7.432010614313874441e+01
2.095383809208310879e+02
2.390340370871030871e+02
2.103165681722862530e+02
1.231121187030776838e+02
1.196064513865428296e+02
3.076228170225034546e+02
7.398535282699941718e+01
2.228790403361489894e+02
6.937492667785086553e+01
4.625889026239843815e+01
9.096342225539304138e+01
1.987127717690577242e+02
1.266496807133289479e+02
1.764965062433798266e+02
2.870815973064089235e+02
1.546914936177185496e+02
9.654747270962900529e+01
1.695785655692789362e+02
1.497226817529609093e+02
4.351153200697073942e+01
2.784325797492020911e+02
9.697612596906600402e+01
2.872206725319610428e+02
7.535014236515669950e+01
1.976567695193517409e+02
9.172655386196477423e+01
1.795319959901659388e+02
2.007743735001636196e+02
5.870595717581449691e+01
6.975729029082974364e+01
7.541115560704017184e+01
4.540058046574497297e+01
2.898754033506381234e+02
1.898096670118007694e+02
1.667579394586036869e+02
1.989504857397014916e+02
7.508621493020443438e+01
1.219429658483224443e+02
1.941630185909020554e+02
7.119634366367368727e+01
1.708110222007113919e+02
1.267462849213266622e+02
7.749991708827499792e+01
4.428840150038864465e+01
2.146993520224996246e+02
1.012950886918802382e+02
1.842963261340777876e+02
1.724220821341595311e+01
2.844081393995090252e+02
3.023906173789100649e+02
1.702874348515702536e+02
1.528280209985922511e+02
1.078445474730370393e+02
1.039381666745390902e+02
7.655399630696138047e+01
1.122532070059863827e+02
3.013340075308809674e+02
1.978666702738445053e+02
2.885747623934183537e+01
2.031604786909041707e+02
1.919364460820023908e+02
3.391698872046331559e+01
3.200674846348189817e+02
1.986175816189228556e+02
4.819150520386364889e+01
2.538911966478103466e+02
2.093440325307396677e+02
8.012106926991587841e+01
8.842974424577153059e+01
2.934258414308929446e+02
7.412208971104206512e+01
1.560185437058391642e+02
3.001553468547991201e+02
7.584122962269661627e+01
6.583920669417140914e+01
7.704501708721952014e+01
8.339092249228941967e+01
2.479146137744885436e+02
1.815767337355521818e+02
7.714451395796480426e+01
2.160978692845154683e+02
7.507541911343281527e+01
7.466617533565732856e+01
1.199218421752343033e+02
2.052334814147094164e+02
1.262986831942163377e+02
2.863261787847153528e+02
8.263370043425912570e+01
3.166711724163617987e+02
1.420833552313607697e+02
1.119010981240590752e+02
2.667817115435869937e+02
2.080637380408482500e+02
1.227698539576049086e+02
1.959479508082063717e+02
1.451754191966142002e+02
3.736235503158239908e+02
4.029074945580737221e+01
2.248314170414568594e+02
7.388556698463042949e+01
3.456277420536439138e+01
2.047076854248261100e+02
7.762879567128405256e+01
1.717743268371045247e+02
9.288123045269283296e+01
8.705975046669092876e+01
4.422272846577028815e+01
4.429527813090001587e+01
3.063070906985965962e+02
4.227022762032430592e+01
7.300310293401479100e+01
1.454737421281973582e+02
7.405272243640209240e+01
2.079045353453713574e+02
2.990470357115344768e+02
2.882035282427734728e+02
7.436775506385173173e+01
6.905525416450475973e+01
1.390795260160527960e+02
2.226212452473074563e+02
4.730541380783698457e+01
2.912563362325604430e+02
3.465474102534107459e+01
1.734369849235954177e+02
1.337568059945782295e+02
1.632361013411000101e+02
1.027683569363911573e+02
1.171110105655510267e+02
8.192878985391226365e+01
2.137422922552028410e+02
1.848060968363188579e+02
2.220389544646058368e+02
2.869786671161759841e+02
1.539518579931851150e+02
1.124041583310149548e+02
7.389841546116687709e+01
3.227267633251435655e+02
4.755415744644279386e+01
1.902675011023897866e+02
4.811143344964703772e+01
9.367350022914990859e+01
1.987111034444766915e+02
2.957117330330140135e+02
3.430836535603242510e+01
1.845508997640264965e+02
1.235191160797579926e+02
7.709414427049119922e+01
1.309867985392848482e+02
2.003062272775054282e+02
1.229137986170402002e+02
1.953350546106801460e+02
1.720060619460965938e+02
6.981599524476412455e+01
4.667744304170949476e+01
2.054929501737477153e+02
1.328240713331531992e+02
9.299311847579194534e+01
2.274930035590639648e+02
4.892616889548822456e+01
1.490497491422420921e+02
7.926024573189445732e+01
7.274600412734096722e+01
2.871210265834976099e+02
6.858551282163058715e+01
7.268588065602294535e+01
2.043996160837429557e+02
1.185137003000688907e+02
8.315646625850196472e+01
2.220443227248489393e+02
1.994144156208093079e+02
2.681694418596200080e+02
7.523920963198291645e+01
1.896694945620295698e+02
7.467330236510176178e+01
1.973044981779176510e+02
1.413562118683050244e+02
1.403282062285032623e+02
7.060731701190125875e+01
5.323479897500252633e+01
1.129581018910713652e+02
1.937615314898635290e+02
8.004031345806015452e+01
8.022895874657841375e+01
1.689402688480322183e+02
3.382720182254993233e+02
4.353085118623263128e+01
7.325305413945510224e+01
2.070951444815052582e+02
8.310914608186271835e+01
2.073041355898689346e+02
1.180184526989907852e+02
1.938887475211969331e+02
2.003938790585507661e+02
4.243069524639262369e+01
4.661114303314096929e+01
1.157200302077765031e+02
2.049409238759530467e+02
1.962574671965651305e+02
5.002882537574491550e+01
5.481150596457106161e+01
4.568223575290787153e+01
8.755983058806795327e+01
1.984083419721306427e+02
7.442876795187471828e+01
7.514644178334718561e+01
1.947674466985230026e+02
7.283146605600533974e+01
7.611837439431727148e+01
1.072081271460150873e+02
4.104282164285427115e+01
1.191905850324350951e+02
3.978986875216018575e+02
7.120175960951189609e+01
1.936406684815932238e+02
1.168939397159876989e+02
2.130123501111828830e+02
1.277053458110811164e+02
4.354820381268724105e+01
1.269627960688998911e+02
1.401922343870939471e+02
4.447726866777435362e+01
4.344753022214383265e+01
1.530331412263336404e+02
6.921980677510826752e+01
2.678279732895563257e+02
2.045191877259548221e+02
8.495596118876791536e+01
7.623943814975014277e+01
1.183080699965244946e+02
5.708509509335257803e+01
1.554995032039457783e+02
5.209549727087407689e+01
2.904703484186681521e+02
2.193128722223108866e+02
2.693208329018662539e+02
1.602657732839984703e+02
1.981841432659178963e+02
2.371512317993315548e+02
1.865127996099922711e+02
2.003158387949863766e+02
4.159222611231621158e+01
2.005948171636365203e+02
2.176705096988192167e+02
1.488289008204325228e+02
1.182150134768380667e+02
8.939606598070074028e+01
2.693948897469203416e+02
1.263981920103353360e+02
7.257919727448205549e+01
4.399429731027572643e+01
6.001897779004679734e+01
3.082562008872374903e+01
3.669316438936727565e+01
3.278273580981721125e+02
1.083714750513948673e+02
2.356513699009179561e+02
1.434417160253910239e+01
3.850721550574451157e+02
4.434428067517760752e+01
4.831643867729012953e+01
7.939527306941224083e+01
7.577902708427323830e+01
1.979748442485055762e+02
1.730646941655161299e+02
3.076134512267434502e+02
3.648676393661329485e+02
8.934509144289519611e+01
3.007456380937986182e+02
1.106434164717077238e+02
5.299799240348910701e+01
2.009878512254452119e+02
1.090436819948293277e+02
1.240845202879016824e+02
1.880073271036661424e+02
1.307126307195838137e+02
1.327496978062344226e+02
2.748433941207846942e+01
2.015370445760544271e+02
7.750583039592441992e+01
1.629018813496818439e+02
4.825498689855744061e+01
2.161608542502322052e+02
3.074701985934791537e+02
8.511137070290291717e+01
3.392939459487362228e+02
1.625549076997629641e+02
4.102009080160677712e+01
2.834529488166801912e+02
8.046396260516564780e+01
2.986003711904534157e+02
3.714083329440436501e+02
1.368613415176838259e+02
8.446418451061114752e+01
1.009809186877088791e+02
2.428122092971535153e+02
7.372580109803213588e+01
2.962972266335376048e+02
2.925896726218275603e+02
2.178564328471090334e+02
5.933246288854365247e+01
3.022302007279470217e+02
7.463698820981187509e+01
4.001162278429853814e+01
7.698030186120635676e+01
7.497734992370322971e+01
1.094175147507185386e+02
4.087026268670237528e+01
3.470395897543436945e+02
4.695561519447227283e+01
2.707965367749330881e+02
3.107688000859610042e+02
7.416864664432344512e+01
2.040719863893793047e+02
7.153450630356230988e+01
1.751394805362887155e+02
4.633804067532371818e+01
1.153238486073703513e+02
2.295553579200568777e+02
2.061396986097504112e+02
3.227378591815719915e+02
1.211944292695275180e+02
1.502283840728080122e+02
2.486180657158379006e+02
2.942915053297034547e+02
1.996292797724200625e+02
1.065834407936944501e+02
1.103584548438770980e+02
3.268192192457873944e+02
2.006368203496627132e+02
4.402941539015700556e+01
6.219970805174561690e+01
3.654239970779544819e+02
4.627325490692430776e+01
6.938993180894614454e+01
3.297397338818244634e+02
1.950878913566693313e+02
2.036551598339944178e+02
2.476847075473478696e+02
2.858382051585954287e+02
4.296407897980531487e+01
2.714095297072785797e+02
1.514347519478591835e+02
1.274934444100295678e+02
1.984198533833892952e+02
2.013536140615139658e+01
2.311892300284275734e+02
2.120871358891309626e+02
5.590704052647522815e+01
1.547275804844514653e+02
2.876609133301798948e+01
1.143773995307605276e+02
1.134725911137958576e+02
1.224451369806753434e+02
1.631495958646059989e+02
4.266968215973502510e+01
9.254284380237022845e+01
1.916180585545526185e+02
1.519590476193794757e+02
7.586737183401511686e+01
1.976348963942413945e+02
2.019303832516193040e+02
7.524279599416109932e+01
4.484481987140087966e+01
3.021050533025757545e+02
4.328023836652407397e+01
7.270875314023562908e+01
1.326398089766331339e+02
2.822916471946679167e+02
1.886417876668269002e+02
1.988681392166818398e+02
9.724970818846267662e+01
2.767798819489557332e+02
3.047998139956499131e+02
4.563728868952785689e+01
7.715174512747871916e+01
2.889582293245284745e+02
2.021626021822678183e+02
5.065771724720275415e+01
7.532162274017467496e+01
4.109635427136473140e+01
4.767331374146057499e+01
1.913433280404838683e+02
2.259524568510938991e+01
1.831530292568922675e+02
7.807162531839711050e+01
4.304942445082261315e+01
1.204651546175775820e+02
1.905683797091514862e+02
3.191738643698574833e+02
2.049750767325901393e+02
1.168203700597722872e+02
1.801893338934820861e+02
2.024820732286859197e+02
1.056861198766790864e+02
4.580039308692330735e+01
3.034807478508408281e+02
2.004134520363289766e+02
1.917583173612943312e+02
2.068659422505529335e+02
1.849945038793489118e+02
1.519549019965080845e+02
2.014727175569587132e+02
4.457647936479130379e+01
2.878745518136043415e+02
1.313374325329022838e+02
2.049095813049924288e+02
4.372193376886702509e+01
1.225618694859050635e+02
2.445045689491240068e+02
2.188946065060964941e+02
3.360555235136653351e+01
2.321091046440856758e+02
2.371533411543688032e+02
1.989072396923339170e+02
7.229642492070190940e+01
1.467985767675599789e+02
3.519383854551454078e+02
2.427698183205547622e+01
1.944484484512287565e+02
3.198853026773626951e+01
2.082525875496986032e+02
1.978539435517637912e+02
8.172020540957112189e+01
1.805293357188906498e+02
4.444277346641468540e+01
3.684770198369516834e+02
2.083119437063036798e+02
3.048243454945849180e+02
2.026783897711289910e+02
1.105983659414693108e+02
1.603389367557029743e+02
4.555161064513418268e+01
2.985887886982495161e+02
2.451999343591368472e+02
4.679111534682520812e+01
2.896554077144502912e+02
1.625304520984154522e+02
2.923233101051247900e+02
2.076340881639601150e+02
3.155475471442945263e+02
1.461685094011529316e+02
4.223342214271789885e+01
4.983507888234746730e+01
2.122346951857326474e+02
9.933298327751256807e+01
8.196079568593121678e+01
2.926098172818566923e+02
1.998426192894549729e+02
8.604499155723823378e+01
2.114659438052124472e+02
1.452310116262516715e+02
2.020387436973352351e+02
7.323486795471551147e+01
3.752437263657721473e+02
7.776829303873972776e+01
6.532173316432377419e+01
7.423412898346991540e+01
4.399636730803959495e+01
2.455773543930620519e+02
7.827041255332578373e+01
1.890794755622283958e+02
4.166982183726800315e+01
5.928066012499252224e+01
2.778649599239961958e+02
1.087367613230168502e+02
2.049085589564348879e+02
4.740583710478949087e+01
1.463784384009782400e+02
1.948058421315097064e+02
3.589844089799606763e+01
9.309951990342285910e+01
1.927959850044522341e+02
3.244611037637195068e+02
1.956038000508253845e+02
4.170579555367550029e+01
2.214469715997290962e+02
1.936002003821018889e+02
7.364407041609219107e+01
2.850659425616557883e+02
1.180243629067154103e+02
2.907876241768829004e+02
3.186512237109603802e+02
1.026994121503478965e+02
3.105681026190918033e+02
4.343399803290407846e+01
4.148706312071606561e+01
3.036056712326495131e+02
2.065815962314001695e+02
4.515367995829512893e+01
1.120316025835040676e+02
1.120734468922962463e+02
1.289812700512434560e+02
1.858711073985107589e+02
7.761693975312694249e+01
3.353277304398164347e+02
1.908858037052519308e+02
1.133246396425219160e+02
7.399804405308890409e+01
8.366616566417673084e+01
1.250387343939760711e+02
7.193866895618145918e+01
2.314998920072123667e+02
1.253088708475368520e+02
3.447671259563178410e+02
2.819999942147580896e+02
2.114753422823374933e+02
2.024727468666209802e+02
7.946745561592176443e+01
3.062485293396266570e+02
1.938805961734867367e+02
2.361773743913424255e+02
1.213652173523155966e+02
2.309093201226673102e+02
1.858343827860231556e+02
7.421211019263705566e+01
1.208674166817783373e+02
7.988907337920697671e+01
1.182478813251296259e+02
3.034959425351250388e+02
6.533858631515484205e+01
2.285726113149170544e+02
7.455092406592274301e+01
1.927854516400699936e+02
7.442279663932659162e+01
2.081269665774109114e+02
7.098295680308714850e+01
1.606106232839676125e+02
2.450684243307928512e+02
1.169808777171766678e+02
1.843377433111933783e+02
7.258712037895639924e+01
3.390493124737086532e+02
8.384408417002117631e+01
2.020115207749345814e+02
3.046722473525844066e+02
7.123087517477492270e+01
2.939821203245541597e+02
4.576186770158991379e+01
4.698074654473634837e+01
1.139716800434854491e+02
2.231116246697409906e+02
2.100510626172101638e+02
1.304196361513285467e+02
3.234614799629297863e+02
3.107175250266762987e+02
1.918790417350124073e+02
1.210022918593909225e+02
3.851845780533431594e+02
4.747392295160847198e+01
2.369513964260269177e+02
2.932584381698598008e+02
1.155163597775321733e+02
4.402633165646112445e+01
2.140962132276089847e+02
2.160628485608482094e+02
3.037742354003108289e+02
1.443271506726430005e+02
2.452430110579087454e+02
3.055274514214262354e+02
1.599414981795459880e+02
1.993813638250371412e+01
3.088677335059965117e+02
7.364841013783174617e+01
1.088165854069593479e+02
1.452755303842438082e+02
1.370265680068060874e+02
1.660207160185379678e+02
1.921745942352746681e+02
1.146175378893228896e+02
3.585173509057577803e+02
2.722776158926881749e+02
7.276077771204556655e+01
2.051486311772308397e+02
4.246715395581163222e+01
1.969822337060601001e+02
7.617570039337864785e+01
4.596636530579809232e+01
1.790457396877755798e+02
2.066566508455118480e+02
7.447493189360530152e+01
1.088307512826268777e+02
3.124995638075332636e+02
1.911048840258109465e+02
2.198332953899729318e+02
1.112631302027154163e+02
7.863171091949168101e+01
2.058812025759882545e+02
2.125793004463607758e+02
1.186372584748451970e+02
4.209613230441669884e+01
3.262870577284089109e+02
9.740479037101650306e+01
1.175993050054112388e+02
2.093281740633804020e+02
2.062578469312953189e+02
1.971023450155161925e+02
2.983298348497324923e+02
1.601053966580521717e+02
7.371267680663687827e+01
2.016492914680569584e+02
1.949447012780187549e+02
7.350981883570604225e+01
8.157012704985301355e+01
3.209202467136043992e+02
8.120715463756582153e+01
2.680735720238313320e+02
1.926285745370755933e+02
1.001299356394277567e+02
1.493022631917849594e+02
2.065275819705055369e+02
1.564623720971512739e+02
1.203446914916554391e+02
1.990487423906653817e+02
1.222235746072371256e+02
7.316046186877699142e+01
2.301172865605387869e+02
1.659036874650188054e+02
2.945007592985436418e+02
7.619991729041089457e+01
1.152511330608230509e+02
2.092176654032039451e+01
4.340261271587937841e+01
4.206311940962168450e+01
1.891892179025033442e+02
1.790853301688194392e+02
6.901513691971639730e+01
1.913765115113925503e+02
7.285961611079088129e+01
2.875325768441491050e+02
6.076995669569592451e+01
2.413226283974747730e+02
3.178178547876396465e+02
1.309269941623310274e+02
4.550544563926578689e+01
2.659814187453496288e+02
1.940627777911919623e+02
7.549350844475583244e+01
2.043663375669883919e+02
1.720009981945108279e+02
4.991282293938107983e+01
2.220138530275456787e+02
7.945390540602339513e+01
2.050447506164866809e+02
1.967476263910929219e+02
7.761272962037016043e+01
1.091054529566741138e+02
1.570697053110103241e+02
8.493950310545498894e+01
1.941751245453553736e+02
1.185740055511105879e+02
2.546781903818116746e+02
8.998321163788332910e+01
7.891237221506465005e+01
5.069051898504812215e+01
8.104590712388080931e+01
4.131637479542852276e+01
2.143820420439384407e+02
2.737869839539311556e+02
1.537136760325431624e+02
1.358879189032054171e+02
6.324144638775275951e+01
2.010606245552585847e+02
5.574412141407398735e+01
1.985909837207249780e+02
1.811320592274291243e+02
2.030575359403304674e+02
7.028147514622148151e+01
8.893439168874917300e+01
7.156769250883837685e+01
2.877573165435072724e+02
8.792165447494367925e+01
6.347687505225098903e+01
7.465420448592554692e+01
7.304591412755182489e+01
3.016757372743835504e+02
2.052410445835743644e+02
1.895640074856726471e+02
8.562850884096692994e+01
1.232306644000806131e+02
1.194189594217232013e+02
1.486920833041127707e+02
7.420014113775997089e+01
7.823033720417514303e+01
4.540881733984991087e+01
1.997863246612969021e+02
2.162799948657047366e+02
1.387757153487440291e+02
9.995904176888087989e+01
1.042891639299535029e+02
3.688445757188155483e+01
2.002659764245680378e+02
2.034355515989120420e+02
2.125936311773372722e+02
7.544786920326168911e+01
7.433159786829261861e+01
7.445627665331392109e+01
2.999446133209222012e+02
1.070513233336473746e+02
7.660202091316364204e+01
1.023359563137893815e+02
4.379917810718551152e+01
2.098529187232065851e+02
1.913373696025240633e+02
1.471595224467466778e+02
1.256274739195523580e+02
1.973729418443229520e+02
1.778957419759595950e+02
1.004759305654492465e+02
7.878079474978274277e+01
1.151065622100475281e+02
1.897325756256510942e+02
1.813681464069990170e+02
7.902015868341982241e+01
7.744493372506066464e+01
4.370016087259283921e+01
2.019365816816662402e+02
2.500257204260979620e+02
2.685707275012240416e+02
2.164737201621824738e+02
2.179054929409894612e+02
7.217408945221487215e+01
1.714010173520069316e+02
7.196603407613861236e+01
1.185587668827431855e+02
1.151052914239369045e+02
1.805105711275093938e+02
2.011035791054270874e+02
2.028265368033116545e+02
2.943819938462168011e+02
2.440616702175707928e+02
1.578323960177760341e+02
1.988175486722397238e+02
3.079878741464224277e+02
2.031768453111783970e+02
2.019489067236306994e+02
9.220825191258261100e+01
1.594847801804066023e+02
1.257383802293684454e+02
2.182337096157677081e+02
2.935737437228291355e+02
1.178329701573915429e+02
1.771231668466495250e+02
2.047699359440854039e+02
7.929857692340955566e+01
1.199204465507264672e+02
1.611157824808165913e+02
1.469535847830882069e+01
7.602099617722271319e+01
2.539267205005658568e+01
2.525432812863819834e+02
1.849872227786090093e+02
5.352890677452451484e+01
1.821774476063704924e+02
9.038625665896584849e+01
1.985874267109898312e+02
1.054394303765494101e+02
1.515529972488432406e+02
1.311555142443657758e+02
4.513854612990526505e+01
9.127969370138811200e+01
1.914854791306873096e+02
1.394099028386867474e+02
4.571136023146103611e+01
2.925305723323803022e+02
2.095703921095015971e+02
4.612065823576710955e+01
4.706977069819244264e+01
3.171634676876783487e+02
2.095789014382064579e+02
4.603815921488980223e+01
1.998830635098153437e+02
1.101489269137650098e+02
1.203002416791499058e+02
2.011602645098147093e+02
7.352916520685511159e+01
2.908220810175649262e+02
7.398945218177711070e+01
7.969658705383571373e+01
7.137994973589853487e+01
4.905856172536289961e+01
1.924633341244711460e+02
7.670105515331138690e+01
1.995665773216409491e+02
1.977143873000663632e+02
1.067295231362548975e+02
2.498470662990472420e+02
1.818587958868561714e+02
2.783064102617466347e+02
9.940529078017330278e+01
4.505328508656923958e+01
7.490000342357814134e+01
7.317585935076829173e+01
8.181664900086950354e+01
2.867790007094268390e+02
1.448763456191977355e+02
2.102381114071841637e+02
2.130830308650391487e+02
1.150716310771167059e+02
7.726502742605326546e+01
3.911861767120410605e+02
1.922976734904423211e+02
5.883652208772366521e+01
1.225460875673902734e+02
1.877286667062854235e+02
2.011891312175765449e+02
2.860008203018543327e+02
7.705177166813129475e+01
2.574358186612504795e+01
2.067355558260078681e+02
1.900367571891729881e+02
4.720599447216059019e+01
2.880644088916545229e+02
3.289978358778887468e+01
1.660678334096625974e+02
7.428532614864096217e+01
1.201952058174132247e+02
7.834188071979936296e+01
4.399085612021315939e+01
1.200504942965892354e+02
1.036667599670668380e+02
2.847480872174243132e+02
2.038330185811242643e+02
6.952422143387093456e+01
9.119420590104346047e+01
2.045567916231209153e+02
7.337765852379803277e+01
1.994233979410863355e+02
4.372855909930759566e+01
2.166996855682119758e+02
7.187589485791188793e+01
9.576239136995464207e+01
1.867903877149020957e+02
4.353060014072758577e+01
2.022314330208057527e+02
1.687316696534138600e+02
1.594142912648090658e+02
3.083824079449446458e+02
3.155437774852074995e+02
3.118434098114313997e+02
7.698076233934288837e+01
1.197256785886264936e+02
3.305458576681887166e+02
2.773923123806923741e+02
6.893802159086298786e+01
2.977190841414746387e+02
2.972002556155758839e+02
2.403395123097264445e+02
3.071651072703383534e+02
1.040395374109410795e+02
7.793404416924374800e+01
1.248317596411349228e+02
3.110937255486021513e+02
7.134978922920693378e+01
1.955471260311468313e+02
4.530298529045224143e+01
7.552040803752061038e+01
7.274983214264668163e+01
1.270866469681554491e+02
1.226116424789404817e+02
1.043987294060853941e+02
3.060221760410289562e+02
9.572491654805135397e+01
1.223048123234598421e+02
3.189539016991462859e+02
5.332121828838219812e+01
2.014901785912524872e+02
1.409958194441581156e+02
2.904155497958319074e+02
1.524387250360162511e+02
2.038098362213549137e+02
7.654896098106392799e+01
4.314663112227827213e+01
7.552492624091017603e+01
7.777667916905744505e+01
2.906493255690062369e+02
4.472584409456526089e+01
6.814041911988927325e+01
1.358518099970758612e+02
1.246153526729187035e+02
7.807797556954240292e+01
2.039436484578024249e+02
4.644046735018628169e+01
1.325649769236570705e+02
6.262749194534437436e+01
1.400247190667454049e+02
3.094053794330084770e+02
2.050143692522372305e+02
1.078424177367994332e+02
2.048825622904365389e+02
1.438705263848787865e+02
1.750720170387606913e+02
2.304630331832786894e+01
3.307880882583489779e+02
3.026336257722020946e+02
1.239989168141042342e+02
7.717190103571250859e+01
1.200953541460552287e+02
8.013815505211540824e+01
4.807301041014277843e+01
1.883337183013940148e+02
1.188676378985550883e+02
4.332153524571479863e+01
3.003818803759359071e+02
3.021085460314821489e+02
3.085989150252140689e+02
1.086566868807538384e+02
8.414935707228588058e+01
6.044635498222579173e+01
5.962934566454666907e+01
7.440181619634594767e+01
4.284978869279505176e+01
7.247191761585401082e+01
1.307548035562306552e+02
2.999753953374104753e+02
4.802177456667988054e+01
6.569242900131240503e+01
2.086998643929911168e+02
1.086284545093100320e+02
4.759606445197672286e+01
3.257414744308862282e+02
2.843431484620097649e+02
3.050193505451501892e+02
1.944757816692044230e+02
2.166519093255199664e+02
4.406391531844175802e+01
3.916044473947597453e+02
1.898844540655643414e+02
4.255633259554847569e+01
1.719400779008777249e+02
5.155512116804039380e+01
1.655314082055771507e+02
1.710229008035400113e+02
2.957299512953425165e+02
7.024615460433905412e+01
1.961696507282235871e+02
4.681950712654018787e+01
1.562768244517731091e+02
2.880239865723501111e+02
3.330228675274581747e+02
1.316521822744392978e+02
3.026834208335549761e+02
8.082319891313566984e+01
3.631423796892057965e+01
7.046938279213634360e+01
1.165351903110051239e+02
2.718841182888612025e+02
7.505940571242351211e+01
7.009111422339815078e+01
2.683277875629689220e+02
1.993583332898436709e+02
1.348898881833808332e+02
1.821490191596926138e+02
7.642774193015566198e+01
1.808000441874288242e+02
9.340065187009794556e+01
4.724045460286070863e+01
4.129786581481219798e+01
2.059124215876265964e+02
2.038855142133645586e+02
1.781819729161709915e+02
7.754219050000183699e+01
2.075090582080495949e+02
3.116279236060259450e+02
4.780243244931457269e+01
1.631113328326175349e+02
7.628460867836065518e+01
4.828819088363327694e+01
1.912823842262783387e+02
1.349562958297593696e+02
1.213702399068754261e+02
1.939078186723426711e+02
6.762173967650169004e+01
2.918309186804204955e+02
1.155751027201271199e+02
2.016965588894171617e+02
3.080951812014048414e+02
1.058602917182397931e+02
1.631229605356151069e+02
2.002082708849204096e+02
1.942112237130683923e+02
2.714975069962993643e+02
1.982919009775310144e+02
2.246053440221155881e+02
8.642711378204427319e+01
1.284385434548884177e+02
8.307668903642027658e+01
2.816899746205957058e+02
7.355115039454349812e+01
1.976378017403972365e+02
7.138547806225113845e+01
4.406327651884415531e+01
2.032435097825568846e+02
2.021749882431515744e+02
2.960028376440373563e+02
1.917711357257395264e+02
1.503980057949332263e+02
8.223894787095775882e+01
1.599566256716397277e+02
1.234827201901153586e+02
1.692189200486485277e+02
1.219106634371331239e+02
1.940841241347463892e+02
1.485582206714375957e+02
4.595873074690383930e+01
2.708047228993376052e+02
1.425368864612456150e+02
1.805459866446321655e+02
7.554413074232955694e+01
1.512309049934013849e+01
1.698035383234625328e+02
3.028531068544449454e+02
7.444954317992042547e+01
7.959288932681018025e+01
1.803616396092283480e+02
7.586094956870540784e+01
7.388158490598392802e+01
1.597812562900888338e+02
1.449331590258096298e+02
7.309909151870070332e+01
1.665905497116680749e+02
2.773016398190095515e+02
7.071656629364812829e+01
7.236342677004604695e+01
2.004350052838945544e+02
1.725877535930439990e+02
1.063180964447094397e+02
2.856884246315295286e+02
2.640740003754785334e+02
1.593490997570401078e+02
7.623185675198061517e+01
4.189323123772038571e+01
3.048881848409768622e+02
7.880708018792986991e+01
7.298209353835292745e+01
3.980235270071380427e+01
2.504131730419601070e+02
7.538446141384262944e+01
7.494992840778765242e+01
7.158378700405373252e+01
1.150648581413409204e+02
3.052737635989957425e+02
6.689782154054668695e+01
7.398560115278394278e+01
1.131734461583384785e+02
1.465507981144560574e+02
7.749242643048319223e+01
7.062709337072215021e+01
2.002094390159994646e+02
4.670152019630954499e+01
1.972203338357891482e+02
1.087631033118138646e+02
1.966231711861842939e+02
1.909138269695818053e+02
7.437934972212390505e+01
1.552604748769974776e+02
2.432351824698280893e+02
1.935078185734716385e+02
1.143971837322971226e+02
9.859074061486042240e+01
3.047416676396914568e+02
4.178889888911177053e+01
2.032776932653727329e+02
1.438312647004296139e+02
1.938852961648398718e+02
1.990030379618501399e+02
1.355008702530679443e+02
5.290369929638895030e+01
1.294215562062648814e+02
1.003930287735603741e+02
3.017400062947018000e+02
1.064633149538844918e+02
1.248855247868655312e+02
5.126627847613050903e+01
2.137254468994846661e+02
1.971337386233259963e+02
4.010923218745416818e+01
3.101035881191260728e+02
6.295104539563975976e+01
2.093440211264012873e+02
5.798825512222366285e+01
1.359000235923867876e+02
9.731348578687028805e+01
6.120275373166644783e+01
1.153058775724770157e+02
8.713283915068608110e+01
1.170382117539608515e+02
7.601590998121389475e+01
2.861693111161366687e+02
2.016012416213307006e+02
2.717068962921746902e+02
2.041037213137948072e+02
7.547088158082273424e+01
5.645953083369339964e+01
3.110034331800579253e+02
1.283282026235293358e+02
7.314084226849411152e+01
1.788233007358159057e+02
3.196970313913683981e+02
1.285472240743003454e+02
3.069220385296615632e+02
4.795091689295698245e+01
1.084342131926997865e+02
1.707034650585038946e+02
1.170736304513578148e+02
3.952096401478023608e+02
1.952145393406610481e+02
7.479848641022908851e+01
2.375616234857217250e+02
1.321077330216419909e+02
1.484317810172908594e+02
1.778540390519436585e+02
3.559043258143674962e+02
1.371431427520996067e+02
2.086854932010582786e+02
5.495240964943817197e+00
5.072935799327914452e+01
9.271178175343709427e+01
7.677201243545677301e+01
4.666721794335690987e+01
1.086501163139722195e+02
2.513256289643065315e+02
1.040516374738313630e+02
5.663081385331665984e+01
1.314895766353011481e+02
2.031924108442982231e+02
1.275166192828446299e+02
1.947604541488572352e+02
1.898546713823474477e+02
3.030250622875989848e+02
1.988532117863660176e+02
1.981503783094464097e+02
1.669526263428041943e+02
2.093371674561320788e+02
7.389863803842558809e+01
7.565631332131232512e+01
4.997928561441326423e+01
6.089816294944205310e+01
7.100997344778143372e+01
3.242480723122794757e+02
4.647232065866722905e+01
2.004247902344121712e+02
1.977057738196319576e+02
1.007514690918565350e+02
1.960744711007444607e+02
1.954139794129455652e+02
2.207223728291828877e+02
2.017442861541532579e+02
2.005889498847016341e+02
2.155384456547061802e+02
1.113340735771783301e+02
2.207559693150788007e+02
1.818299954315513105e+02
2.071350402172154475e+02
7.659629720185600377e+01
2.977534482686717752e+02
1.703603257034394503e+01
1.941902571207205881e+02
2.120442779200982102e+02
1.163631339269478673e+02
1.131177352757781449e+02
2.358023882336707118e+02
4.363170699113533857e+01
6.897297195119666924e+01
6.470878636716010135e+01
4.755546321247510377e+01
2.032004581150706599e+02
1.630488919532070327e+02
1.586677570180151235e+02
3.137224849529250150e+02
9.461972534260725354e+01
4.409317407442899395e+01
3.247900596422833814e+02
1.854423819536151257e+02
2.625182522345872371e+02
2.834385006555712607e+02
1.265499681355729678e+02
2.781423630513980356e+02
1.285844206652437549e+02
1.481005086353663955e+02
1.965101528996601132e+02
1.984914775013093191e+01
7.571229821391042947e+01
4.647636465337878775e+01
1.877885073137815368e+02
1.698013401552236985e+02
4.821449227639186574e+01
2.992081851841496700e+02
1.169779710564868935e+02
2.238887980599048717e+02
7.684564722540855541e+01
1.927963033513223934e+02
7.764595433220537757e+01
3.135564423465404502e+02
3.533905826879396841e+02
7.193914707554218069e+01
4.773517889371409240e+01
1.968972431691813654e+02
1.158140594233099989e+02
7.228383148892966403e+01
2.877662066598570618e+02
6.931357953430405416e+01
1.165704666333857205e+02
1.244622604006703455e+02
4.222631930215984397e+01
4.749007518424811991e+01
1.653029611614550447e+02
2.045004762609331976e+02
2.132037167075181969e+02
1.248606017512552739e+02
1.957587634813679074e+02
7.652104430187867479e+01
2.053384849139351047e+02
1.985258716941412729e+02
2.941188369139746897e+02
7.785987786060888993e+01
1.438643747227125687e+02
1.864359478439298812e+02
8.749187712479476886e+01
1.871341095366824163e+02
3.940345633964747094e+02
2.014268099093865487e+02
2.064280132772751699e+02
2.542053357696845239e+02
1.990668133357434328e+02
4.612450285755804202e+01
7.911052206430480283e+01
1.921199606373602364e+02
7.835476420939818354e+01
4.644702334360093232e+01
1.884133476673894165e+02
1.472016442325021330e+02
7.269754851590064959e+01
4.504683998799005451e+01
4.622933768972227853e+01
2.561954042861846688e+02
1.351464806399847021e+02
7.671385128332372005e+01
2.788045619204885952e+02
4.591312849957174080e+01
7.529912279744694104e+01
1.797788607659735192e+02
1.281519744114503112e+02
1.743169722786573459e+02
1.383492487608496617e+02
5.026949855853953864e+01
9.525632485107557557e+01
3.082020829147858763e+02
4.722180582821465578e+01
2.313727430328219157e+02
1.212611845583216166e+02
1.234607848627953217e+02
2.881226751344315176e+02
2.002729556241839362e+02
1.461781399235466949e+02
1.170680985000289382e+02
3.418463038162731209e+02
2.078945302565774682e+02
2.786478657659712894e+02
1.967283941069794082e+02
1.623534502946645546e+02
2.361884344941274776e+02
7.579440726847626308e+01
2.932768054475821486e+02
6.395116235500655932e+01
7.316196350677159899e+01
3.026424014217293461e+02
3.205338641588095356e+02
4.912671287798880115e+01
7.841857870714375167e+01
4.030227129075925063e+01
1.112724777121925115e+02
2.105973552053738160e+02
1.700618497809200136e+01
3.099839523757470943e+02
3.730898413922946588e+02
1.933046203813040052e+02
1.992928994889056185e+02
3.640694060271454902e+01
8.982457726031096001e+01
6.559636408688244558e+01
3.226778888689853488e+02
7.251588850248515428e+01
2.055022448032262332e+02
1.140689792593178851e+02
1.939649279279151983e+02
2.003661540436224868e+02
4.509885274099424635e+01
1.160584177446930454e+02
2.998478421511798047e+02
3.479441059771620104e+01
1.078889732704137145e+02
9.763746601796589175e+01
1.127309561261983788e+02
1.689110108836120219e+02
3.260469305957401502e+02
1.146653939501575650e+02
1.561574784891204786e+02
1.721784293175852554e+02
1.168567063163212225e+02
3.072655055998062039e+02
4.749171155723682602e+01
1.320285923438272562e+02
1.998065462254537863e+02
2.167562993136840532e+02
7.365292654285786966e+01
7.542138970550260524e+01
2.687843092531972502e+02
4.551208009081346262e+01
6.850577666559725287e+01
1.795971961105324795e+02
6.026405961040211423e+01
2.613026821674334883e+02
1.909576646618106395e+02
2.996358364197700439e+02
4.681775606158005587e+01
2.083322802320836047e+02
1.271660024518737089e+02
7.926774867109330103e+01
2.022951422175109997e+02
1.282646919446677032e+02
1.326817351628942561e+02
4.302802593411499288e+01
7.624935938223642040e+01
1.164073478028495430e+02
1.263211339807240421e+02
1.215025014629549815e+02
2.923027833495608547e+02
7.639243642191621575e+01
4.922222607867043820e+01
1.657494434141011084e+02
1.308838685187614885e+02
2.968895117227511378e+02
1.017655094088073753e+02
2.117500244480052345e+02
1.973899945448994799e+02
7.858508852501222464e+01
3.413717129252399332e+02
1.214253374137479256e+02
1.109661177731996702e+02
1.188008904067153679e+02
1.921051776049699242e+02
4.359768151425481619e+01
1.933484037282244685e+02
2.147946256002607299e+02
1.499416580647074397e+02
1.871505895340311270e+02
6.805331855409703223e+01
1.208012186730894477e+01
1.880370223766798858e+02
2.464887331775155985e+02
1.512753365753436015e+02
1.108193376710983244e+02
1.557447184979143628e+02
2.173120414443509105e+02
4.561682366021388901e+01
7.970493613539963462e+01
1.626400992503786256e+02
7.606443238841400500e+01
1.995230946155285423e+01
3.253301764091797281e+02
1.283769590094898945e+02
1.869799700590700411e+02
1.114203066143583953e+02
1.887690249425973548e+02
7.478888538695964883e+01
9.443103515717299956e+01
5.658242673501439413e+01
7.367956897751881229e+01
1.870916048873077955e+02
4.816766359540147135e+01
2.043861212269287364e+02
7.738296771644100147e+01
1.269726669521023581e+02
3.051843091665433576e+02
2.075209005235912798e+02
3.152258547202894761e+02
1.425948590306055621e+02
3.015099556368827507e+02
3.055315963190114417e+02
5.477395758965025152e+01
7.172367687797857627e+01
1.224813883528674410e+02
4.416041645777477953e+01
4.405973704103882937e+01
2.065665671173330509e+02
2.045923241986428138e+02
7.699414315651705465e+01
2.029047805910205682e+02
4.422279007329275657e+01
1.592986911871470568e+02
7.385528651492013807e+01
1.192565462999764776e+02
1.091984494440061724e+02
2.074283758503849242e+02
3.001814257009177709e+02
2.946636904253901434e+02
3.881486862419621957e+02
1.870050274454043517e+02
1.187837306567064104e+02
3.222985815694204916e+02
1.593165483768625563e+02
1.608958921289602415e+02
4.708568212433645783e+01
1.407849119790199381e+02
2.729644432814703237e+02
1.891349225746475042e+02
4.522592080704612272e+01
1.927633677142248132e+02
2.039758087488828835e+02
1.382145281166757798e+02
2.612419723560832381e+02
2.115666173610885892e+02
2.029367503941545294e+02
1.942108885610345794e+02
1.521127549454561745e+02
7.560144040020017542e+01
7.963988565814037202e+01
9.236436657050579413e+01
2.212077246790552749e+02
1.983486834317663750e+02
2.565556758976572951e+02
1.870740556424579495e+02
1.143472851461228004e+02
3.389919367328146649e+01
3.020394316444342167e+02
1.218934923067890352e+01
4.777677907902277354e+01
2.837410002128485758e+02
8.895816720114153497e+01
4.745353666485164013e+01
3.741031626206570593e+01
1.214007956989689490e+02
1.134236873257203513e+02
8.088739895294898474e+01
1.378790102865142728e+02
1.862869245913887539e+02
2.024686744427966403e+02
1.080943041426268536e+02
7.363111931904106200e+01
4.827862285986393687e+01
9.077389811965862521e+01
2.285837062749459392e+02
7.365399240040922280e+01
1.979126502440826414e+02
7.437443163098687648e+01
7.458209459771842376e+01
4.607253585144512442e+01
4.746904511645010416e+01
1.972302824308879678e+02
1.799428612918037231e+02
1.098160148213769247e+02
1.753046585252344585e+02
2.058921239772374463e+02
1.203991100250220114e+02
2.701435712829821796e+02
7.397780827448400487e+01
1.857614279319602986e+02
9.132561359842780746e+01
7.494794682092981475e+01
1.003360933022594850e+02
5.897083941165122667e+01
1.425537569862231067e+02
1.394240171208941206e+02
1.853323658365832216e+02
3.580232119912122926e+02
1.050984685090666204e+02
1.999583396489923643e+02
3.173968721906733492e+01
1.950742978050020611e+02
4.383063248708051418e+01
1.095086781995256331e+02
1.524134328667020668e+02
1.982582145061447534e+02
2.876231403627150485e+02
2.431822059580491668e+02
2.799738346231487753e+02
1.899926366104278657e+02
2.989862270696181668e+02
4.451367842797301222e+01
7.240801296115348862e+01
5.020927177458176516e+01
3.775253099981932792e+01
1.588876994738380972e+02
1.463019347499058540e+02
5.093841449887081296e+01
3.114152709634215626e+02
2.710666006068690947e+01
3.180706531049513615e+02
6.330906086090327278e+01
9.925434973074976597e+01
3.130591411213273432e+02
