1.852641526326363248e+02
5.646276533461873726e+01
7.863161065062827504e+01
1.818757982830281605e+02
6.017895398884688518e+01
2.642158023489351990e+02
5.612803612955286070e+01
2.036952046714677635e+02
8.838937022248336461e+01
2.963915074681607393e+02
1.279200785988668372e+02
4.298616579143958916e+01
5.817984981855218507e+01
1.137551392028871788e+02
1.377304883150163164e+02
5.917076715783621665e+01
1.689481005592952272e+02
1.627135524651632892e+01
2.015452787538078780e+02
1.511766938778918927e+02
2.025802040537869004e+02
2.453973214395680031e+02
1.511590457134273322e+02
1.922707328678590954e+02
1.951223569163446427e+02
1.448834411437502183e+02
9.500708919298138255e+01
3.778161203019820391e+01
4.564987930442003261e+01
1.063931756709702370e+02
1.500371156311765333e+02
7.022585145742645807e+01
1.198601083952158888e+02
1.918196835683592099e+02
6.903556294003955429e+01
2.083347924720092976e+02
1.938358506736699951e+02
1.804712862263959607e+02
3.008112547455878882e+01
1.159871277691841129e+02
1.920776408705263520e+02
1.828282738815877053e+02
1.962974002506106501e+02
1.188360117567858367e+02
1.327892349329273429e+02
5.295169620896404439e+01
1.970638208062652836e+02
1.610196472464803321e+02
6.092075151578967507e+01
2.291248236416413135e+02
4.556771436266812003e+01
3.914954615282881889e+01
1.928675787176230187e+02
9.069068100574159530e+01
1.663756172604456367e+02
4.844992659102256738e+01
4.026197511886963554e+01
1.169822413515869357e+02
3.987316093614747814e+01
1.303058285527821738e+02
2.210042541216533323e+02
3.148226807680504535e+01
2.469457879085616625e+01
3.443357922582926562e+02
1.731051049330054639e+02
2.122978303603261168e+02
5.843568292348200544e+01
1.492128501865036583e+02
1.625387038137751006e+01
2.128859003994419936e+02
1.561944831878403193e+02
1.097232234855227659e+02
1.289419312794171333e+02
4.644142465045606372e+01
1.849541775536833654e+02
3.499884587309638846e+02
1.146560499771284753e+02
5.202193238944113673e+00
3.128534320133296092e+02
7.681011344798072571e+01
2.822688424935481066e+02
8.963759392422906558e+01
1.002959559087758805e+02
8.518877869166689720e+01
3.368008477089895791e+01
1.754136886203732502e+02
1.781521499931587869e+02
1.222549094434451007e+02
2.353806324318974674e+01
1.075963654113239443e+02
1.707373620133521115e+02
1.952424389483751099e+02
8.466968843457789262e+01
1.207136686909300067e+02
7.321994071311311814e+01
3.291604916364732958e+02
1.480440378124511369e+02
4.514198468493185601e+01
5.130325181242595534e+01
2.442326855175889193e+02
1.003612253560268925e+02
4.362812765850418373e+01
2.125950620425095039e+01
2.989632742799711309e+02
7.517673140617458216e+01
2.817278070828741647e+02
1.244293384513435257e+02
8.655435550310427573e+01
9.766791962622441758e+00
2.392668685206228929e+02
2.116959986409068506e+02
3.828246987933029573e+02
1.932777964635715193e+02
4.306314004612415403e+01
2.691741036377362661e+02
5.040471644289984710e+01
1.299003946605892850e+02
4.704112974541870074e+01
1.587431237279905361e+02
2.063797825415238947e+02
1.240891061485254170e+02
2.452064918580655615e+02
1.999072252950642508e+02
2.102910524030639579e+02
7.367713008453664258e+01
1.878107289851889448e+02
5.549868674622109666e+01
1.720811491115192382e+02
4.395398074613713391e+01
1.821677212935910291e+02
1.013888062074800729e+02
1.600115774192691376e+01
8.029647023542288764e+01
1.922119766801715102e+01
1.810267744289813550e+02
1.953083550813070985e+02
2.996530799942539858e+01
1.596992012679604613e+02
5.078775845399077582e+01
1.899195122006617851e+02
5.203732497397417234e+01
1.915540605966483554e+02
3.478808911101944545e+02
1.217550306688039115e+02
1.448328035588499461e+02
1.556830462081026951e+02
1.719047435412004887e+01
4.281117543785639867e+01
4.477708640580289767e+01
1.497521493078299102e+02
5.368397274659030671e+01
2.022377752389321870e+02
2.972085782823166369e+02
2.108918656854891083e+02
1.523607959578983753e+02
5.788760137577183684e+01
5.036072857840014194e+01
2.011783745087506077e+02
1.017825262702334044e+02
1.795298311216647562e+02
2.040587691020901389e+02
1.671837371541390382e+02
3.001259377014719121e+02
7.791671887242667083e+01
9.906093095525197612e+01
4.403851204372895012e+01
1.896004151922726351e+02
2.024019652701942675e+02
1.136962942790548681e+02
8.011829256887901352e+01
7.855640571588457988e+01
2.199749987015539148e+02
4.530387640851169806e+01
2.030225697337764359e+02
2.139781003975455178e+02
3.383605373742779676e+01
3.062476933767222675e+01
5.074544865838718266e+01
4.340840234905520134e+01
1.175530975432134824e+02
3.998560614693464288e+01
1.051987547441320174e+02
6.752127318622336816e+01
4.269877528339238637e+01
1.953410400933680648e+02
1.458119386601055112e+02
1.258412900925035558e+02
1.511944184008760885e+02
1.723688143822001280e+02
5.681978846143228878e+01
9.111005647990627665e+01
1.896527094041564965e+02
8.689173851313359620e+00
6.862861636464212722e+01
2.734902172520704084e+02
1.102585686615596785e+02
4.564985472736687910e+01
8.965873950883289467e+01
1.832105973972392974e+02
3.950658300684983715e+02
4.447528981282340510e+01
2.056775477777849517e+02
7.949546882587317498e+01
9.249968538441582666e+01
7.732205041772265020e+01
4.507796099676686197e+01
1.470470043323396965e+02
1.925244870762266771e+02
5.128044410111456841e+00
5.620340206748560519e+01
1.466978433764591614e+02
1.303052209810392981e+02
1.386055100893915721e+02
7.272873235851463392e+01
3.245741378875686109e+02
6.783185660396637218e+01
1.846108696199567589e+02
1.795930495895053696e+02
1.042256228050695341e+02
1.423640075182371731e+02
1.000958389990654922e+02
1.540633159731455919e+02
1.709924622695342009e+02
8.393064933916444659e+01
3.477086773108739237e+01
7.135040549118339470e+01
4.600182655640631424e+01
2.226823944991297424e+02
5.990016059992850472e+01
1.838626274574448303e+02
1.363167657788354177e+02
1.839094433807578355e+02
7.210663404338981763e+01
1.628598216330782407e+02
1.974507791463262834e+02
7.892814672188984559e+01
2.058882969846060860e+02
1.599036777590963254e+02
1.391683733095100024e+02
4.523564372748194273e+01
6.100652411616359672e+01
1.212154382722818298e+02
1.626713690539833124e+02
2.127971651543915357e+02
3.647784392517162910e+00
1.672487211477039750e+02
2.289160590431985440e+02
3.060185909927470220e+02
3.479747948260355628e+01
2.092740918974239719e+02
3.601187570323303362e+02
2.489193762585490219e+02
1.978175519513208371e+02
2.352874308411123820e+02
1.484267107713178007e+02
4.394084424228606167e+01
1.977385278775188908e+02
7.603371357472012448e+01
3.558730472244400858e+02
3.231205977460118106e+02
1.366426514031273882e+02
1.813596395178872100e+01
3.415622446568602300e+02
1.952283895766337594e+02
1.370498506470149209e+02
4.565587161519844273e+01
2.481922890032354587e+02
2.725301023465224830e+02
1.975279868716328906e+02
1.367018321018076961e+02
1.663148766607329776e+02
1.321667950052703588e+02
1.578342387848078090e+02
1.763851473963686658e+02
1.809853428447969463e+02
2.034255617395729416e+02
1.995345021227709879e+02
7.663660628580169032e+01
1.069784377821058712e+02
4.014325748005028061e+01
1.930209650388907221e+02
4.388700249372216433e+01
2.081133740280999689e+02
1.488922675712386194e+02
1.846928493644609546e+02
1.072374665313935083e+02
1.122757525330619472e+02
2.071233052669502399e+02
2.282336511542400217e+02
1.940123367263121281e+02
2.116806925926908036e+02
1.306938665674523179e+02
2.390488387338218956e+02
4.474560329653892410e+01
3.653465173908460173e+01
2.069047239112688175e+01
3.450133676054239800e+02
7.723716198510571473e+01
2.253112991710433164e+02
2.037521728714659446e+02
2.020370062330776761e+02
1.089667691231180697e+02
9.813142332460199668e+01
7.491505283236634227e+01
3.901602727172391951e+02
9.673346559714499904e+01
7.002279529229458888e+01
1.365884587316236605e+02
2.109917715493331229e+02
2.905077663984408218e+02
4.873110567782682523e+01
1.937840847957710650e+02
2.246334895547177553e+02
6.614925456561573469e+01
3.136977087618340079e+02
2.013438468114368902e+02
2.398388530251138775e+02
5.768346803623441588e+01
2.666253248792589261e+02
1.156177152004768232e+02
1.830743449548707815e+02
3.053393644511952516e+02
1.961252936255335442e+02
1.619415659707053834e+01
1.850595872833478666e+02
7.258189143680210975e+01
4.726681988316956051e+01
3.060260444375268776e+02
1.955431743733583971e+02
1.844093462705332911e+02
1.991031301605797523e+02
1.437961431817857942e+02
2.962609123778782987e+02
6.332605645126206895e+01
1.599688679137190945e+02
2.580241799541494530e+01
1.665791795984982286e+02
9.529022684329973458e+01
1.041940935513915036e+02
1.215231611711458868e+02
1.997000561093402951e+02
2.327227866375774283e+02
4.645480995563411142e+01
1.738428620305893446e+02
9.017995495800404626e+01
2.712922238493115401e+02
2.248414464592858906e+02
4.471989528464742136e+01
1.507173705652751039e+02
2.089561674791993937e+02
2.105362942588057820e+02
1.319235231720406318e+02
4.530168203150458339e+01
5.783870472235945925e+01
1.715837223654410479e+02
1.023742626353860459e+02
1.849476316799094775e+02
6.690028148709758682e+01
1.068343219553918573e+02
2.001614507199107607e+02
2.720305593096864172e+01
1.598844532251993087e+02
6.820594259067718212e+01
9.985099873190884523e+01
3.020440629888782951e+02
7.442423333827230181e+01
1.928485470144394469e+02
1.655447409549610995e+02
4.472019670380996814e+01
4.565156755651633347e+01
3.779295339644480691e+02
2.473716548878067556e+01
7.251632337807518525e+01
4.484633522114071269e+01
2.022858871219165167e+02
8.083394357474108460e+01
1.967153044083418081e+02
1.746015999690595208e+02
1.801651229328600152e+02
4.521298557986927591e+01
6.747102393630713379e+01
1.751566995115780117e+02
3.811604660263569855e+01
1.256931777713813325e+01
4.872087343821047511e+01
2.076877456647438862e+02
2.166865547423073792e+02
1.442506824166456703e+01
4.675816033261828153e+01
1.085034745630251933e+02
8.576087672833583042e+01
1.781078128961501648e+02
1.028599383805307497e+02
4.416414551110054276e+01
1.857214979147310032e+02
2.383604997816996445e+02
1.128571506662974286e+02
8.537342157029917189e+01
1.803846951673055798e+01
1.143117459614051228e+02
2.495184523265032510e+02
1.224534225486644203e+02
1.348987776248529258e+02
2.849446721084196952e+02
1.635146931730972852e+01
3.623543709180274845e+02
3.611806801293852942e+01
1.805559731034600901e+01
2.285684761070467630e+02
2.877302535221980975e+02
8.733174941346449316e+01
2.233337303633331317e+02
8.036182458164883258e+01
4.946798155942445163e+01
1.884709362743957968e+02
3.897598082108903839e+01
6.863084929050774008e+01
7.996731402361693597e+01
1.777628936843482848e+02
6.892924208537392872e+01
4.623471620187883246e+01
7.797176444321262068e+01
8.470714133113010291e+01
1.895099211298046953e+02
2.148164234642753740e+02
3.774952672338623074e+02
1.123884419098375389e+02
1.958607713568225108e+02
1.015855959891699598e+02
1.958847799802556722e+02
4.888896805911864618e+01
2.257433685521730808e+02
2.795872989768690076e+01
7.006619400163424416e+01
1.403921523764421408e+02
2.896709758615198211e+02
8.090611324473368882e+01
3.467598223524654344e+01
5.725158365156584495e+01
1.985866651224520183e+02
2.042214051396278762e+02
1.959362816459748444e+02
4.684107612275976606e+01
1.460974042040369341e+02
1.799574739732346700e+02
2.543327995984373331e+02
2.843256245986655273e+01
2.030907004495091712e+02
1.908093199820015400e+02
2.106368473711887930e+02
1.689750289220521609e+02
8.859248246367451429e+01
5.014410431003653201e+01
2.005101863121849988e+02
8.910326063909172944e+01
1.866445784877490155e+02
1.978599647710585145e+02
1.038613883874853627e+02
2.264119461181661563e+02
3.469252218194008037e+02
1.310391679490584806e+02
4.760223067828464849e+01
2.054167177081315003e+02
2.936544569532686637e+02
2.048945218841244582e+02
2.026818384273046547e+02
3.564085866288139641e+02
2.403710932987545590e+01
1.046662767071889419e+02
3.192361068073491310e+02
3.098916936808348055e+01
1.789030324458916823e+02
1.402139882998198459e+02
1.860287856046950026e+02
2.777971355075783677e+01
3.291341736240090654e+02
2.049929883733682345e+02
1.397012019998697099e+02
7.255493535654386150e+00
3.364561432548421180e+02
1.987683043051701191e+02
1.346821742942736044e+01
2.166412204748920445e+01
2.431470322360400758e+02
3.248466851537015199e+00
4.495571353185166430e+01
1.920802211306819913e+02
2.138213181510668335e+02
1.585820574188705905e+02
1.540589156768044710e+01
1.493155372260906120e+02
1.881011923949572520e+02
2.101957975538985295e+02
3.133221785504360355e+02
8.561532547008452809e+01
1.502875412620471884e+01
1.719831355864836269e+02
1.161981900950552955e+02
8.922859168957172926e+01
1.825778086741723598e+02
2.855317845353529265e+02
3.837585067816841189e+01
1.266272479427530868e+02
1.337939001373708834e+02
1.897302614386226196e+02
9.906039566544592390e+01
4.339297347983199415e+01
1.267671462886419391e+02
3.942169606954413297e+01
2.769563213674435360e+02
1.922572466465776699e+02
1.669426139156339417e+01
2.158529336478857488e+02
6.140010896744276181e+01
1.967224503735535279e+02
6.236221298067164298e+00
6.740774278198911418e+01
1.854057990091572208e+02
1.891494503457218457e+02
1.680438157276581137e+02
1.812939911775227415e+02
1.747016337326170543e+01
9.146913968312752274e+01
2.135872964335558208e+02
1.407858144301249936e+01
6.022488078819358037e+01
4.086149632688840683e+01
1.722683571246379870e+02
1.078084265358305771e+01
4.746558131650546386e+01
1.926069098472991072e+02
8.633896080325264677e+01
1.928374390356168533e+02
2.143428957198321427e+02
6.442393518102684880e+01
4.349821988431366471e+00
2.210104537649718850e+02
7.002284617305049608e+01
4.612010976439743359e+01
2.190193626727001401e+02
4.427555556693386052e+01
1.800277488932524648e+02
6.280048841699967710e+01
1.692634757588506602e+02
3.357758044757101175e+02
1.326026560103549059e+02
4.665766757178947444e+01
1.743598509756031945e+02
1.478523128383856999e+02
1.608982739551983911e+02
1.244921584546111859e+02
4.581521478073258180e+01
1.804880258317373318e+02
4.642789887126236437e+01
4.435347868574833541e+01
1.225898342006272230e+02
1.946808924161114192e+02
4.844079033288419112e+01
1.167623324559265825e+02
3.073518474070108937e+02
2.129890700251293651e+02
3.535620871872737325e+02
1.271434156301535694e+02
1.960763063525387224e+02
1.491064448632597532e+02
1.094716222394920777e+02
1.929432296607927526e+02
2.338242013079386368e+02
4.267063167185521877e+01
4.528642638011906740e+01
1.838181765763833937e+02
1.022361621488513919e+02
1.307345132513021611e+02
1.842622883534290281e+02
3.884979264615913763e+01
2.018113206432071252e+02
1.472233512938314277e+02
2.027451120346240998e+02
2.806436472350780491e+02
9.545529505921928148e+01
1.920663625923274367e+02
1.227773401557614079e+02
8.651809306420121004e+01
2.204044695670257568e+02
2.919174099906281867e+02
2.495697533046875094e+02
1.784007879915051262e+02
1.221144724950330982e+02
2.344744732678644539e+01
2.064997901474371531e+02
2.546536581184808767e+01
1.057236678275919388e+02
2.009922972993218480e+02
5.873735768526191947e+01
6.879439595027071164e+01
7.515210170533318035e+01
9.229810460970632846e+01
2.124045063720361384e+02
4.614729191508742190e+01
9.810720095446423272e+01
2.816118192673120575e+02
8.666984258427302734e+01
1.562605850008046673e+02
6.279377960486035448e+01
4.881315696413022920e+01
8.825225241325786385e+01
1.125103777059285903e+02
4.460248405488967194e+01
3.948269280992166728e+02
2.075860508055554021e+02
2.678312675431891421e+02
2.628782723063166316e+01
1.501998268853790819e+02
2.690652057682335112e+02
3.226662523180175413e+02
3.413910715884161391e+02
1.118448713766584035e+02
3.315981348831680293e+02
3.602403305692594149e+00
2.451158939863743456e+02
1.758183122890712582e+02
9.916124869673268449e+01
1.533142805760284944e+02
1.034619427313311348e+02
2.516862115427023525e+02
1.994430040028683848e+01
1.590562992147835253e+01
5.969251512083531708e+01
9.021342023729164339e+01
1.703762398171414532e+02
4.528320540349413648e+01
3.154203198444200495e+01
9.672789351874514807e+01
9.901739007467135423e+01
1.910171057580249396e+02
2.773980641585038143e+02
4.377026822311320586e+01
1.292049873410775263e+02
8.497424761486550437e+01
7.072738892494719209e+01
9.252492989252618827e+01
2.871802372030110746e+02
6.668650414993921061e+01
1.448073234658530168e+02
2.111280702008324113e+02
4.583257641496197721e+01
4.269795444433133014e+01
1.250368244786382093e+02
2.104304248627806828e+02
2.784678275165387049e+02
4.405855113986643090e+01
7.756754554525677747e+01
8.534128701141786166e+01
1.706697378251070418e+01
2.738185047810392234e+02
1.856630142487089472e+02
4.458846753826600917e+01
9.922909967007998944e+01
1.891544886933313592e+02
1.522984657322330122e+02
1.851745966358369913e+02
4.377743685901786108e+01
5.033658642924811488e+01
1.795310311641158023e+02
1.791720007610460641e+01
1.626282072334912812e+02
2.042854686199674745e+02
2.185904810134301499e+02
1.829113261817612397e+02
1.486526856888411032e+02
5.063027990593857197e+01
2.141007191204354569e+02
1.621421738621659756e+02
4.646019977635030074e+01
4.376370978191448557e+01
1.840608171540002900e+02
1.933473954000866399e+02
2.810923934754919173e+02
2.002142156410256462e+02
2.072797472777355665e+02
6.359599383950875051e+01
2.672471975322613389e+02
6.749740233553256985e+01
1.167417857003085260e+02
3.590078138798348846e+02
7.718067927528871053e+01
5.386423659870832381e+01
6.557315951703604640e+01
2.090415031447622880e+02
2.089128004670998848e+02
4.426500123061274650e+01
2.133979787105359947e+02
1.629009747314143510e+02
1.216197468774524424e+02
3.766866839510844898e+02
1.610696406448614937e+02
1.972253079015716253e+02
7.045795413171333621e+01
6.856068688164539537e+01
2.657527666261070181e+02
3.528668651427712888e+01
2.191254624871021406e+02
4.274307425870426158e+01
1.845000703502202839e+02
2.063105593990366344e+02
7.949967441220945830e+01
7.705748349873201164e+01
9.450071694681516021e+01
5.613558213020239407e+01
2.078790561527253260e+02
1.452665548962413027e+02
3.739225193901634015e+01
3.483608725212759509e+02
1.777515791306809092e+02
6.805300080198568935e+01
1.849359371443783289e+02
2.253318370576453447e+02
2.326537989742102468e+02
1.929742743278874286e+02
1.174057324227886170e+02
2.175887242966875590e+02
7.129244428155671187e+01
1.980499626954202768e+02
1.855438876022391810e+02
6.767651458502621153e+01
1.855883529535096841e+02
1.734350335776972543e+02
3.333776329209469509e+02
1.100967719500875006e+02
1.032580374250494089e+02
1.631178542309845056e+02
5.477211833358014559e+01
1.927597228393024693e+02
3.987599134902789899e+01
2.797845336388093642e+02
2.790265258337856835e+02
4.446951882140014334e+01
2.481008354294151843e+02
1.116260178928183251e+02
4.335143112054051784e+01
2.122414643002343553e+02
3.416365256418002616e+01
3.740308127239061520e+01
2.579868184629438588e+02
1.210904730038002981e+02
1.980541163132301108e+02
2.181981169329828276e+02
4.358089300798481958e+01
2.350787850968246744e+02
9.001825103805613537e+01
6.331541199148698240e+01
4.423052705049879307e+01
9.519842543448896777e+01
1.810874597621246096e+01
1.558602250895617942e+02
1.678012186252088043e+02
1.586394070300488011e+02
2.072418652950304931e+02
2.061528975948829725e+02
2.479851443213596838e+02
2.279895589459425764e+02
3.481973463832146649e+02
2.018747615684702055e+02
6.368498965503439990e+01
1.734931731654073133e+02
3.347329665330800594e+02
2.592707727201359376e+02
1.034259445170187206e+02
6.304928234481727856e+01
1.405569661368654408e+02
3.592127350735030973e+02
2.115786342437215524e+02
1.566406546313530725e+02
8.540921454986832373e+01
3.527128174836092285e+02
1.284484396283222054e+02
1.036088038639486655e+02
1.955541998807557036e+02
1.124243085100971484e+02
1.923595128743893952e+02
1.711431592350058963e+02
1.014229753285053732e+02
4.424519713818520472e+01
2.068530435682743303e+02
2.547874079053943888e+02
1.912772547247416526e+02
2.002558269113000620e+02
7.637615109580785600e+01
1.734442140751608008e+02
1.406796266613366129e+02
3.281256849197197312e+01
9.698100785032730187e+01
4.294820441501559571e+01
5.360439168439946833e+00
3.136609645107739652e+02
9.500227091890783981e+01
1.980439182818914787e+02
9.879980489077496486e+01
2.594819650154779538e+02
3.230121954217743507e+01
1.712771572159872449e+02
1.849018083527688816e+02
3.299982627921792755e+02
1.645271747647958307e+02
3.990278515897691136e+01
2.385809870924667848e+02
2.574953765679766207e+02
2.005743750177081210e+02
1.954097707870020884e+02
1.953984322235436935e+02
5.326510219126622303e+01
2.728999458248251813e+02
2.621900024754194760e+02
1.217481641318463943e+02
1.176640902357844141e+02
2.538322794539937490e+02
2.251096138190335978e+02
4.854075612909834803e+01
1.215971956507106455e+02
8.869878164761020400e+01
1.508072670914797015e+02
4.646073587549980033e+01
2.046838251754789439e+02
2.415490888229188826e+01
5.790095149392131901e+01
1.976189707127191753e+02
1.521062436366949555e+02
1.560385267982154858e+02
1.021154214154669688e+02
1.104047542679145835e+02
1.504104313647449658e+02
1.090018302885322328e+02
4.315096103519699255e+01
9.659213846658420266e+01
2.724965842212079536e+01
5.283448363866659037e+01
1.665317893565253016e+01
1.395540062988003172e+02
6.813979058149020318e+01
7.436149428676570494e+01
1.013352841462941569e+02
2.169013747930329430e+02
2.199466681401854657e+02
8.861084359743870209e+01
5.644881802755252664e+01
2.002842546232206473e+02
2.624213529717104052e+02
6.254129878587401947e+01
4.602599139513586124e+01
1.718894949487510928e+02
1.264685472608943542e+02
3.023133482079911687e+02
1.219694470314068724e+02
4.451748907154426149e+01
2.152837640502521310e+02
8.561212090982174061e+01
9.758287061986294475e+01
2.461960608230048990e+02
1.210356929905684069e+02
1.804686797768164865e+02
1.609300032096485040e+02
2.046190319038450411e+02
2.078864022221537198e+02
4.232486601392363212e+01
1.697426072729955138e+02
5.365411027026542712e+00
7.612147094225332467e+01
2.498180206050999459e+02
1.595128127350626457e+01
1.266994757607571529e+02
2.597809980337686397e+02
4.086072083471962912e+01
2.035288249810309935e+02
3.625122421973643441e+02
1.588946774462908138e+02
1.534533054325089836e+02
1.976940313393940585e+02
6.661285127379370863e+01
4.956860342749445181e+01
2.010650811647124385e+02
4.508239445239147614e+01
1.110201122123748547e+02
1.993177920578585542e+02
4.741363481654011025e+01
7.598805787888269947e+01
8.500230855712176492e+01
1.865623313200007942e+02
4.506968036678358658e+01
3.843941844712984448e+02
2.589056103937547704e+01
1.403787062499461626e+02
6.969158772031467208e+01
1.372911958619273207e+02
2.327459449839883519e+02
2.078595470417141371e+02
6.331139810404679480e+01
2.031730738964018030e+02
1.553831762942523085e+02
2.883244819959721781e+02
2.886848499796104193e+02
3.123380628098185525e+02
6.845936298817402132e+01
7.022849130947108165e+00
1.835708045488944720e+02
5.894744007052334211e+01
8.417664478801454209e+01
8.124442117802853147e+01
5.701705834336196688e+01
1.002264000168402447e+02
2.134337339094415995e+02
1.184409038360289799e+02
1.852906256398111680e+02
1.580667956158383731e+02
1.283846310340872776e+02
1.718405225169781261e+02
4.632473936919850388e+01
1.459932267796486656e+02
1.406016555373513199e+02
1.478262341173838195e+02
1.998695117429569734e+02
1.933203907548484040e+02
2.072376841913226713e+02
2.033763667119391414e+02
7.869601839475264171e+01
2.047107313853306039e+02
1.772664081596629444e+02
1.364025163483925098e+02
7.683915020991631195e+01
1.467379921641756084e+02
2.744950378835459333e+02
1.875018557180226253e+02
6.838033430344988517e+01
7.929165009608614412e+01
7.129952616367762630e+01
2.032721661572719825e+02
2.092034696058601639e+02
2.621727871660938263e+02
2.900670510997269957e+02
3.560531111092597598e+02
4.602978908594685947e+01
1.249677442043520017e+02
2.835887494211747821e+02
1.068336781296946612e+02
4.457804139077430250e+01
4.473576258891173296e+01
1.859205460724448074e+02
1.327538223640958677e+02
1.393594494605718239e+02
4.482006951225123714e+01
1.005447100098661082e+02
7.386413307797721473e+01
3.367381377076117701e+02
6.828402517566408392e+01
1.218539126061992164e+02
5.903271492428415002e+01
9.852898769555095271e+01
1.346735176804214120e+02
1.311361660269000140e+02
1.265664042095403090e+02
2.008818407530165189e+02
1.631099080027519790e+02
1.282087062290177641e+02
2.989122034655654261e+02
8.070495667076126267e+01
5.991772565896069658e+00
8.210376715664862957e+01
5.016758550714097709e+01
7.522503351450367859e+01
1.817418489406610718e+02
1.265749046549677246e+02
6.178802331176860463e+01
1.118291910804868117e+01
5.143073448970920936e+01
3.049095546291355774e+01
3.510172737191945203e+02
4.285492897569393733e+01
2.064425585709255415e+02
1.821401347357119604e+01
1.229308983208613739e+02
1.754671728559922030e+02
9.337307181145078516e+01
1.446656857549488109e+02
4.409254598891097743e+01
1.746840863340778469e+02
2.075088563560320836e+02
1.547983673836437220e+02
1.801979015715338619e+02
4.216329855221580658e+01
2.178089696879443125e+02
3.354583441641685795e+02
8.718292889412686009e+01
2.953912454063955124e+02
1.294531958832550878e+01
1.870295070112508711e+02
2.244059419899082002e+02
9.479507617659258756e+01
1.153036390552847479e+02
1.486005840131942364e+02
9.412306200082632301e+01
4.815425867401246052e+01
1.695176188646022979e+02
4.472885738459407889e+01
3.534194300225667007e+02
8.627287552507773682e+01
1.992481598840262222e+02
1.904610095627973010e+02
1.944143157172831593e+01
1.310051722400977496e+02
1.095779037820745856e+02
1.103393758640066551e+02
3.597862720883298948e+02
1.326289471348806615e+02
2.494689821624971842e+02
1.919917835405601636e+02
8.599876188609711392e+01
2.200972432593008818e+02
2.918956561699963004e+02
3.636484411433767860e+01
1.758385538064233344e+02
2.209547416694066158e+02
1.831094469552181465e+02
3.070816263495091647e+01
2.146695450492575219e+02
4.972290978247585969e+01
1.056688321548882499e+02
5.990892213403542854e+01
2.966395109642511443e+02
1.038730224724900211e+02
1.699954973556440336e+02
1.179992024251866525e+02
1.310609453453341473e+02
4.326097522936763085e+01
2.676703796100645718e+02
7.671541472315136900e+01
2.089339959821762420e+02
1.914009081674430774e+02
1.505205671133512055e+02
6.158222574398643445e+01
1.960384171184597051e+02
1.214553198765118367e+02
2.545255226478851966e+02
1.536284926535957993e+02
3.011043710540795928e+02
5.435835702850693707e+01
2.326306884672847843e+02
1.435392491381905984e+02
2.516012778116626407e+02
1.888489812836889996e+02
1.998794789326902617e+02
4.995134333241508529e+01
4.503256835612218367e+01
6.164340478989984717e+01
1.640897885904430780e+02
9.882687907495823154e+00
9.720713834647899887e+01
5.176417676461605311e+01
2.067132177316717332e+02
1.748940529808001827e+02
8.113831423517551400e+01
1.150018253126689842e+02
2.072935704678079105e+02
1.708521090398575382e+02
7.537677006256438972e+01
1.907467704252364058e+02
9.267142660300680745e+01
3.293972946722294637e+02
5.764284542436634950e+01
6.640707296693882711e+01
2.984468694016047721e+02
2.239427399050616430e+02
2.783796288253217313e+02
1.424563601513047786e+02
1.448220740727940665e+02
1.377851532674244197e+02
4.410477480053659605e+01
7.342225331844363723e+01
1.850198729587567641e+02
4.326445131084656737e+01
4.490144566847829566e+01
2.116767343849613781e+02
1.886926723981633245e+02
1.265706412483837262e+01
1.108765408328230251e+02
6.713002198519296826e+01
6.530259946904904211e+01
2.130096696785377333e+02
7.211357734309945045e+01
1.625143487685115247e+02
1.193843594922906988e+02
8.773765136795209685e+01
8.425660883510707322e+01
9.978686765046231244e+01
2.525163683373580170e+01
3.010464527465873630e+02
9.402547516787848281e+01
1.838224913802376648e+02
8.345518207537111266e+01
1.608021843226105432e+02
1.867593130040053495e+02
1.409711152124686464e+02
4.706522588798949869e+01
1.047054268557123606e+02
2.012006041575641291e+02
1.224412249574716043e+02
1.202812235428241365e+02
2.090852507411258614e+02
9.225260473428635066e+01
1.898454937938085720e+02
1.607964883049880882e+02
1.587471369513213801e+02
2.349506636757111551e+02
1.701170582703979903e+02
1.971788497712068988e+02
2.402610356172622375e+01
7.953283078670939688e+01
1.653616675700835117e+02
1.576078315985687084e+02
8.315209762851974062e+01
2.122980991211912567e+02
4.618087306838221906e+01
1.311767984246623939e+02
1.844972087645607246e+02
1.372912162681344910e+02
3.479740794619677899e+02
4.306023342895036166e+01
3.147703132987654229e+01
1.200484307104726724e+02
1.851410016563679619e+02
9.536405068302693167e+01
2.069620466916660462e+01
1.879198610146260933e+02
1.971148726890344278e+02
1.132421627271027376e+02
1.592633798686917146e+02
3.020189567814776410e+02
2.016612840508410613e+02
1.094602514365132322e+02
7.334976274496864335e+01
1.008351093496495139e+02
1.976836600030337650e+02
1.703219206103485419e+02
2.782080110576198990e+02
1.977467858220250321e+02
8.245938621353656117e+01
3.592529378094179719e+02
5.504603870078791061e+01
4.476137388672587747e+01
3.080759248922262827e+01
1.429927453970949784e+02
6.098444696874908999e+01
1.584014490184432304e+02
2.284210971991428778e+02
5.655764179806474345e+01
2.194575401153764176e+02
5.438800728591940725e+01
1.410558000903264428e+02
7.275632833173182235e+01
2.648804997302032689e+02
1.803751703884308597e+02
9.575434558889124048e+01
3.883028071972453290e+02
4.239093988460891183e+01
3.048268482366920011e+02
8.596446819514233084e+01
2.333858207200151114e+01
1.306860033909584331e+02
2.036147896990134427e+02
1.550061779725054123e+02
2.705950216122129746e+02
1.922169844110444501e+02
2.436735967339333513e+02
9.939484736402772569e+01
2.061355544562302384e+02
1.046635963910460134e+02
6.956603980908758444e+01
1.176911031037721642e+02
1.180877913485335426e+02
1.881659172537326583e+02
1.330334780351287236e+02
1.347412748498625490e+02
1.274942572838336616e+02
9.211016822171337992e+01
1.978159657828826141e+02
1.604618347026217577e+02
1.774721299915970008e+02
1.559305388160624091e+02
3.529305753345490615e+01
1.992771469060955667e+02
1.937094347292621705e+02
9.643852881307567770e+01
3.516335226831324690e+02
4.844163850075693034e+01
1.105990526016514224e+02
5.303835772149972883e+01
1.633739017542222882e+01
2.105367503360317301e+02
1.149892645426420472e+02
1.017450284147210340e+02
2.198330531602634039e+02
2.623453468883838582e+02
3.276490086279988532e+02
4.915017535446730790e+01
2.900560569641309172e+01
1.717240286578112318e+02
4.141925168771498278e+01
1.266150556396421365e+02
2.150078283803701424e+02
8.422243577020503835e+01
4.689154261197566598e+01
2.463194805959396660e+02
6.553337979116489009e+01
4.686123445278062150e+01
1.150426954895414866e+02
1.913675108968560608e+02
2.133434407578608898e+02
1.511669726396990825e+02
1.216623868331121940e+02
2.006173969041754788e+02
3.787770265573495863e+02
1.910737246171798063e+02
4.760196305517447257e+01
9.044069769213550103e+01
3.205908582030419751e+01
2.018646044193349383e+02
1.267458645934130317e+02
3.246950585392195308e+02
1.586556225914277434e+02
1.256397985208707411e+02
3.415875907367817632e+01
8.186180533506895074e+01
6.699063516528963191e+01
2.146685452229671398e+02
1.502089680147449258e+02
1.777058937216192902e+01
2.469679370705039787e+02
2.168513620253315253e+02
8.651551216913149744e+01
3.570568562522768730e+01
1.857427935401422872e+02
8.461660516192441150e+01
1.446816587729813932e+02
7.583966687244426907e+01
3.845874293655392080e+02
1.726641432484372558e+02
3.307406439807422061e+01
2.688743331378661949e+01
1.792727841156599311e+02
2.083882910295321267e+02
3.438850767993998403e+01
1.590221184459657593e+02
2.884867826407511870e+02
7.229123945734566803e+01
3.124956188614074790e+02
2.707128984703344940e+02
1.997915025290419919e+02
1.838651514015249120e+02
1.945562627621122829e+02
2.559761573713576510e+01
2.130805417578674223e+02
1.694194833910167404e+02
2.549893299440095404e+02
1.255133329577196122e+02
1.849274973222644860e+02
8.412200365411668201e+01
1.971985992204409968e+02
1.180014494277802868e+02
2.403820959929522303e+02
1.874473863310817023e+02
2.145473885240623702e+02
1.582205732890314778e+02
1.015837736137888214e+01
4.316419095523513505e+01
7.857495563873609967e+01
4.597302044461353887e+01
2.251477841304117078e+02
8.661479039835080584e+01
5.376659747411935086e+01
1.371199316431348905e+02
1.772172474069686530e+02
1.995972525616155622e+02
1.860237118105704042e+02
6.267474936981871991e+01
7.598789418390006745e+01
1.506209340085283372e+02
4.537261251579619170e+01
1.562811242579587940e+02
1.938849344726701815e+02
1.894751042990107806e+02
1.028034667786461398e+02
3.462234488147017686e+01
2.040339869934281012e+02
2.000801060592851570e+02
4.560597766463056502e+01
1.425015837207945708e+02
2.349555472095703692e+02
1.311634668269533393e+02
1.013765092939992485e+02
4.048105309542118846e+01
4.783302756023015689e+01
1.840106910934055406e+02
7.501007335256191766e+01
1.942997640317541652e+02
8.681570806514922367e+01
3.118209201792797813e+01
1.266492909509897089e+02
1.450194294953490157e+02
1.456428167697687286e+02
2.070583973316354331e+02
1.984199863659570440e+02
5.619497515589142012e+01
1.805854516969254462e+02
3.756144953336240064e+02
1.799292212683098313e+01
1.727192205251638200e+02
1.227936721931573771e+02
2.199165351776322836e+02
1.748260606191535942e+02
1.545887574726593243e+02
1.073844874138445107e+02
2.056506182357640284e+02
2.019145111417347778e+02
7.131317532682719218e+01
1.402140058471367468e+02
2.534112563049734490e+02
1.156510229713389180e+02
1.532088155588008362e+02
2.494328260076473214e+02
1.695930977801343431e+02
1.306971271148073299e+02
1.752865164013491608e+02
2.809142421804467631e+02
7.296838146236673595e+01
1.942871536826113186e+02
2.494219191428996965e+02
1.759309986737837335e+02
3.027853888813556082e+01
9.171206204618358981e+01
4.975987520175813472e+01
8.730633628761988518e+01
1.401927611579263555e+02
6.209228110699066860e+01
1.697886517703821596e+02
4.190174168784724174e+01
2.971142607370206790e+01
1.612339770810134780e+02
1.303818514587997868e+02
3.829141018546931150e+02
3.256933010256853436e+02
2.040920231730687249e+02
8.253781812807629592e+01
2.003202362302023403e+02
4.614939427402030248e+01
9.698147878301305980e+00
5.175201326884246100e+01
2.338586492916020916e+02
8.679571677810262997e+01
5.733807818981195226e+01
1.972410036846315791e+02
2.169534925949982949e+02
1.854614207469606413e+02
2.010057069192259291e+02
4.332302169082967680e+01
1.375647394946669806e+02
4.370039644836461434e+01
1.164442587008679197e+02
2.175555848449111807e+02
7.360306421051623715e+01
8.698559478606891560e+01
4.337926657782743689e+01
9.014515679614433452e+01
9.016366338022382365e+01
1.676505794834590972e+02
1.106467684900377719e+02
3.251128306833181227e+02
1.212915009036846499e+02
1.820607309748090756e+02
4.264249661435107441e+01
4.223697712643125612e+01
6.737491068575934605e+01
1.890364585904454771e+02
7.195984546011180782e+01
1.736852339879813769e+02
1.193914085995612169e+02
1.723630430851729045e+02
1.734320848936389439e+02
9.373545218905482557e+01
7.156360925589945055e+01
1.412151743218280444e+02
1.004064059634971073e+02
1.589417317839858299e+02
1.501717611164455661e+02
1.881204481319024637e+02
9.414733201486473035e+01
1.671524204367571542e+02
1.375087958845039395e+02
2.795923339601217776e+02
6.781034992954948848e+01
1.849154989516021317e+02
1.142349931658451396e+02
1.064527310506935294e+02
3.479878748112659537e+02
8.467407129983621417e+01
1.802715849380477664e+02
7.128193777006366361e+01
2.065366299509242864e+01
1.135586185055867503e+02
1.436341747372410396e+02
2.077124904723338261e+02
2.356965478438161483e+02
1.970603779874023473e+02
1.978279280913403113e+02
3.592103484144619188e+02
2.628670059390386200e+02
1.914863075972950242e+02
3.579373719756673609e+02
1.630420749144505237e+02
8.547820659960521539e+01
4.690137308546595563e+01
4.646355575217446443e+01
9.250200568609967888e+01
1.934893701108986761e+02
2.003187980823113890e+02
5.662646768523697460e+01
1.944237836551632768e+02
1.785669614198750139e+02
5.501025426030741272e+01
1.984145204489703360e+02
2.101164712744299266e+02
1.114473469125530301e+02
1.959402612199058638e+02
4.237614954567709447e+01
3.282954287214909073e+02
7.647705666640241873e+01
2.331788922517441733e+02
2.359878862771655292e+02
7.548394367231169610e+01
1.311195486676044482e+02
3.038861931908296015e+02
1.361836934382287154e+02
2.703020359134789601e+02
1.266452539979680267e+02
2.152629633877511850e+01
4.476503774817368253e+01
1.777633086621712550e+02
1.671070509573649758e+02
4.333012856593391859e+01
6.572838197117899028e+01
1.878803837386251985e+02
1.972752040118601542e+02
2.680645425169967311e+01
3.517086781615674909e+02
7.846995523751520807e+01
1.105148943956448164e+02
1.359942042864765597e+02
3.277027368865603876e+02
8.150645703336797965e+01
3.775611296814221163e+01
9.782841377914326131e+01
2.497744439428788894e+02
2.113336936175118126e+02
2.072840283463822857e+02
1.943792208859632353e+02
4.683515034282786615e+01
5.999555265834703732e+01
1.357475124062533922e+01
3.521489529962785809e+02
1.916225122643322720e+02
3.484614651479981262e+01
6.581196603061140138e+01
1.509810775246152446e+02
2.005975897281397238e+02
1.418026155473240237e+02
2.017961277206863429e+02
1.067024673363134752e+02
2.172688062024519127e+02
1.947091637259569268e+02
4.626428257196553773e+01
9.228733462564190404e+01
1.640358148079417333e+02
2.771411245461662247e+02
1.255637116020008364e+02
9.583167575422770312e+01
1.940154116602422505e+02
1.952412145625490894e+02
2.595560213663657692e+02
7.599245831904795523e+01
2.470945379015887795e+02
1.928641420534990800e+02
1.512401556782149896e+02
3.573534635101643886e+01
1.228820741395788190e+02
6.877223231621330513e+01
1.865254356812273215e+02
1.397811050832308695e+02
1.970326296329787965e+02
2.446932617518632753e+02
1.922270565811193421e+02
3.447819829133423042e+01
4.860382826920320554e+01
4.146753480390061952e+01
1.783876829087197677e+02
4.510471270451076720e+01
3.911766077032073952e+01
3.030709770223152191e+02
1.947209306744674677e+02
8.421654914163988792e+01
1.694309059325084945e+02
2.230900031672198338e+02
2.604486409398853652e+01
1.999086217167685504e+02
8.229110135973299123e+01
7.070715440448690003e+01
3.318275536269650843e+02
2.030537711595339090e+02
1.901642938494771045e+02
2.834407391400509013e+01
1.768434985659657244e+01
1.943132775360679716e+02
1.370859926155910387e+02
1.773101674714839930e+02
2.194121822996362141e+02
1.026767621350087154e+02
4.524213610972652333e+01
1.697202418424680843e+02
6.353664802213796037e+01
9.289679683568800783e+01
2.000326546174220539e+02
1.794624015944459359e+02
8.660728713346517793e+01
2.663350576474006175e+02
1.829361822940165609e+02
1.344243334810756494e+02
5.989646027072769385e+01
2.069086631877939624e+02
3.753803535481170002e+02
1.063087662837868379e+02
1.400543623723663131e+02
1.376687171868751136e+02
1.011208583835064019e+02
2.030034212984722330e+02
1.306756414660435155e+02
1.309850352108680340e+02
4.614332858298308082e+01
3.463085850250183739e+01
1.035602878715735287e+01
3.981984914640840856e+01
2.061896385430799796e+02
8.739250952762236579e+01
2.102315821178283386e+02
2.751861156039367984e+02
5.066123538475682864e+01
2.687504355711037647e+02
2.071702882488092143e+02
4.468696477984279625e+01
1.407210293149466906e+02
4.183150421988014500e+01
2.944098764702373927e+01
1.303438568275500700e+02
3.679705508802869645e+02
2.755378104967874151e+02
2.389513555621239504e+02
1.918085605168485586e+02
1.160337374649309439e+01
4.352181918320325593e+01
3.684221099306408291e+02
2.118274586506574906e+02
3.141950439313861807e+02
8.744994788013228515e+01
1.882485647687472294e+02
2.142450021821330211e+02
8.732823076559374442e+01
2.039609358532798637e+02
1.980030577540617003e+02
2.030464674805711240e+02
1.677497913350226497e+02
1.110035872483110779e+02
5.969527518352642659e+01
1.224110712990568430e+02
4.618922997705796263e+01
2.009579605457697653e+02
1.540348390518301471e+02
1.141573178254585628e+02
1.239409655667962653e+02
9.391716605427352249e+01
1.375473852099502494e+02
4.417059034450290511e+01
1.055659255740595057e+02
1.144326279730658200e+02
6.491611724177437281e+01
1.211883246544579862e+02
7.744949302071036357e+01
1.101766495387576583e+02
1.357369248319344308e+02
8.791384935318480132e+01
1.421577754952486714e+02
8.677977979767521788e+01
3.041539494942388799e+01
2.627993380004631376e+02
3.558622108788516414e+01
3.651676357265382649e+02
6.876844310851858211e+01
2.094444678200387244e+01
8.553985674169325648e+01
2.806156590080101978e+02
4.627513865236030455e+01
1.661731871912361953e+02
8.861823551993714432e+01
1.127515833270737033e+02
1.855404889319843846e+02
1.946018545172291283e+02
9.672565464307375294e+01
6.129700391503777013e+01
1.798508843962491142e+02
1.483063923252997256e+02
3.441017187086434319e+02
9.417462844093122953e+01
4.706798226970133214e+01
2.138476530908057214e+02
1.083458392397657661e+02
1.462144554098932190e+02
2.438386121719655009e+01
2.282946815588838163e+01
3.038879640177208330e+02
1.995264340228566198e+02
4.741211363033912818e+01
1.910904129310732458e+02
3.086885685862571904e+02
2.647892957125939120e+02
1.359823552779169518e+02
5.789437326897089520e+01
8.438162040603249636e+01
1.981349250410881382e+02
2.466482750571683482e+02
5.842525065825770270e+01
1.414433607150865271e+02
5.032092267657716889e+01
2.742330756836913110e+02
1.901550391493746872e+02
1.945053688963517402e+02
1.944395029118044249e+02
1.625938289239713015e+02
1.925612774742134548e+02
4.584566198159077288e+01
9.523594331685998782e+01
2.535654208900609206e+02
8.778774860076308073e+01
1.808854333981895479e+02
5.128000200935036190e+01
2.170621942083008378e+02
9.058721848109918540e+01
1.995998346470109084e+02
4.426296879737784451e+01
1.907975947588838608e+02
5.141711719486110610e+01
2.312231663196507156e+02
4.409676648689500666e+01
4.591645445785986368e+01
1.425990363510535133e+02
2.767126427702999649e+02
4.474145033080744582e+01
3.603762486289582512e+01
4.792152484598548057e+01
6.887482363980207367e+01
4.706733614386501330e+01
1.969305520703550769e+02
1.233182095529153344e+02
1.881406804121446612e+02
1.909591654018903171e+02
3.071963220832045138e+01
2.376594055776377559e+02
4.717457581810898404e+01
2.510528550920394650e+02
1.520477336650016014e+02
6.964398237285138293e+01
4.416483818179548848e+01
1.785200343052353276e+02
1.306451282122650355e+02
5.815921046663525118e+01
3.091874504572522397e+01
1.526958497005466882e+02
2.965783444338300114e+02
2.083206703414481638e+02
1.927857609769089891e+02
2.138591880891370920e+02
1.881241769267242034e+02
1.774085738158460686e+02
1.320638270045022864e+02
2.787430851335502524e+01
3.239629518784589663e+02
4.519708787202392841e+01
2.662403283690543390e+02
2.119464719070890908e+02
9.095526641493147224e+01
5.738648104356240509e+01
1.308331026186326085e+02
2.141935064138049256e+02
1.239735868859079062e+02
2.129118020294240239e+02
1.063259998576007881e+01
1.707499594058043328e+02
2.050022112210688761e+02
2.063210076880925499e+02
5.684936105662480088e+01
4.595481074942140509e+01
2.548007551568580880e+02
2.341869982486688286e+02
3.616218907869330224e+02
2.025091874005787531e+02
4.454782450361927459e+01
1.602740258200551864e+02
2.559753164833420556e+02
5.482661195907994767e+01
2.303004842839708317e+02
1.435232269303117789e+02
1.144193350150819022e+01
5.059350290361881974e+01
2.188858233853279103e+02
2.078965139638271467e+02
8.726920625349038119e+01
4.010322413876044578e+01
2.358400271767619074e+02
1.256602223199340784e+02
1.886398192407525016e+02
3.949188078782450617e+01
6.517631524878939331e+01
2.063357899774308635e+02
3.992356848088122945e+01
2.032645745204315517e+02
2.122926377138169869e+02
3.042002721104173588e+02
2.011490378715595000e+02
1.202399533574496502e+02
3.830124168921850583e+02
2.075641266658936246e+01
2.080793868725239975e+02
1.922119155300610771e+02
3.586220694878952031e+01
1.196826303132079516e+02
1.397578965670469131e+02
1.448047329045568574e+02
6.585777957112910030e+01
1.803033293135317479e+02
4.419581101381478305e+01
1.471391925243108574e+02
2.207067724928166967e+02
1.945551116079622318e+02
2.353935183301354073e+01
1.135299354590107157e+02
1.238083275661862075e+02
3.318931778060137958e+02
4.501162394077161366e+01
4.822632080357173123e+01
1.727227503411090481e+02
1.466056566738429865e+02
3.722169368106048637e+02
1.323016717124072557e+02
1.277458177761390630e+02
4.430865177199471816e+01
2.106789394188515416e+02
4.189250677321199134e+01
1.362333055577740311e+02
2.838107765872586583e+02
2.434684019403491391e+02
1.413224750828210006e+02
6.296481557028042886e+01
6.805110813804981262e+01
1.014814144972342831e+02
1.891779699242117658e+02
1.442083172132987841e+02
3.066033185016758367e+01
2.059063794246793009e+02
1.858347836209316597e+02
1.008167589892909461e+02
7.749121324233131247e+01
2.241626603957185466e+02
2.060938723079110275e+02
9.258485303027210023e+01
4.078083516435371081e+01
1.102642964966979946e+02
1.473952034905244091e+02
1.150877391387007123e+02
8.032475761167899009e+01
6.259997868003581800e+01
1.099977860518609951e+01
5.579732862898124779e+01
2.409186078606007584e+02
9.239267280916125458e+01
9.971231798542660840e+01
4.245731288334957299e+01
2.639141812400623053e+02
8.942359048789901976e+01
1.977428589018655600e+02
5.770396333960072610e+01
3.105354500467118939e+01
1.221785681666982413e+02
1.268926668086399161e+02
9.764432518238274383e+01
8.895997008027536879e+01
1.567010990086189679e+02
1.927646570449753938e+02
1.490933329682900137e+02
1.928176995434869525e+02
2.745465012386056003e+01
5.741273398679184226e+01
3.099325044648680887e+02
8.506511133514935352e+01
3.817049547783007029e+02
2.476470474762525953e+02
1.247418642891437628e+02
2.691521156025605706e+02
7.866990352901500216e+01
1.501398118602627108e+02
5.137919872654863696e+01
4.484673804608605963e+01
1.070902398827312254e+02
1.718524567816417061e+02
3.617035466500017264e+02
8.371315457559403228e+01
2.251823115323826414e+02
2.128375435943276557e+02
1.580330302346478675e+02
1.196205754341658434e+02
4.019791506738044262e+01
2.356229599581866694e+02
1.781271552807037324e+02
8.065909086222499980e+01
8.891253691364548217e+01
2.074701494135050268e+02
1.924115766257525593e+02
2.085203859301161344e+02
4.667968257768212226e+01
4.004532653282237931e+01
6.624964358953481280e+01
1.490043141787089098e+02
2.198185180845149489e+02
1.189679698437354034e+02
3.826981271275091672e+02
3.155840779570459063e+02
2.065728330525084289e+01
1.950550140314707050e+02
8.174740878044252668e+01
1.405242390117233811e+02
9.165768789318144627e+01
2.462000766922019181e+02
2.361902096147473884e+01
2.097203821771037155e+02
1.967401194324780533e+02
1.135584543292848565e+02
1.236861701328319043e+02
3.323154757611607124e+02
6.951646649900014552e+01
4.847326379075236957e+01
4.585259889310142256e+01
1.039530109439742631e+02
1.025424307639907369e+02
3.481201837390788256e+01
7.138239450792026730e+01
2.913955484158597642e+02
2.091381835346782054e+02
1.279421724033311563e+02
4.611262667116382374e+01
2.838150600583742289e+02
6.409336657035181872e+01
7.725571567272957907e+01
1.361405635755558592e+02
4.291978372586672918e+01
6.968577084581795589e+01
2.327137517459104004e+02
1.073161189362066068e+02
1.977413262358847703e+02
4.014479922386395572e+01
8.867156882042968391e+01
1.070365361471469612e+02
1.244183720233352517e+02
4.566587831024563116e+01
2.630132041359776736e+02
5.662122745795949896e+01
4.388567698643261394e+01
2.061919114195105749e+02
1.494901462999179955e+02
1.403027336608873270e+02
8.462182711357294806e+01
1.429298841369597710e+02
1.243962990887249305e+02
2.412115443837856503e+02
1.185335841438802476e+02
1.979486591638166715e+02
1.500823237857674997e+02
8.266693184290656404e+01
1.307545333276832764e+02
1.718296269826738865e+02
1.388631959986492177e+02
2.642505477281528101e+02
4.408923337795732778e+01
1.272423003218373481e+02
2.713433112155416325e+02
4.333374581730061692e+01
1.275133630000831744e+02
2.117595701175069109e+02
4.705355470669892526e+01
4.391957138591029519e+01
2.325391526136637310e+01
1.856887549953775647e+02
1.300743498688557054e+02
1.082408066331478125e+02
2.126627867773510445e+02
3.007141020345653146e+02
2.361749470888631564e+01
1.870233109390052277e+02
1.219391441388733313e+02
2.490998751402178968e+01
2.055575247988724357e+02
7.920602050375566705e+01
1.109403858960609313e+02
2.103985217214443821e+02
1.668233257552645910e+02
1.626480362084885201e+02
2.431830862190945464e+00
2.110790155260930874e+02
6.937361107701623553e+01
1.189126592937629994e+02
1.023752218487876888e+02
4.129115432531662577e+01
2.739928860708715774e+02
1.511417636651022463e+02
2.001538708362760701e+02
1.977423043721761928e+02
5.760407670572300276e+01
2.080547501249376410e+02
2.324677748131079511e+02
4.420915296879511658e+01
1.461249227216420365e+02
1.399391514194564579e+01
2.181385223723665376e+02
6.944344993997452775e+01
1.770421478454403825e+02
1.081708329409801621e+02
4.559954597723098857e+01
4.236338556089234686e+01
7.627618416024645853e+01
1.803047465866300456e+02
1.633998933826135271e+02
2.275848936392093549e+02
1.284595743469667184e+02
1.241874991839360973e+02
5.763688257974992268e+01
1.694646737894379669e+02
1.685918889784989290e+02
1.410853549149018349e+01
9.973057687755392919e+01
1.444683698080970942e+02
1.443273370285311046e+02
2.715928519850224916e+02
4.318097563343621204e+01
1.267421341644340487e+02
1.920898044598266097e+02
3.142152027487964006e+02
8.777511594013496676e+01
1.216677891596742285e+02
1.514316785033471149e+02
4.935275084090147857e+01
2.481495830184665152e+01
1.162897714675082455e+02
1.719496949178820557e+02
2.060362602616577590e+02
1.237130614827961210e+02
3.548173856124819281e+01
6.373974024192612831e+00
1.333838424849697617e+02
4.130897719188413220e+01
2.272324274082626800e+02
2.358459419186692685e+02
2.862252096547954494e+01
6.519337307113661950e+01
1.040560044595039670e+02
5.731425794149959785e+01
4.945256828100954039e+01
2.483333726260791821e+02
4.752653777318290906e+01
2.033043447234963992e+02
2.204303352196425863e+02
1.771900634251512940e+02
3.231586525535080057e+01
2.240629951080368869e+02
1.557269509009816488e+02
4.546615488877365152e+01
2.452373671201101502e+02
3.455123261208929080e+02
1.694381014977448672e+02
7.480901916708324961e+01
9.992219375559790251e+01
2.054692237049124230e+02
2.829504232802342756e+01
1.725476090878267996e+02
8.853401840136510259e+01
1.515326648067321855e+02
1.444582647594220681e+01
6.327533689599558642e+01
2.080476313772823289e+02
4.615600585036385439e+01
