7.383763856379732715e+01
1.260062457087654053e+02
3.950882482253788197e+01
3.070189359455198641e+01
3.066181899248420564e+02
7.357384941788896526e+01
2.008563735320933006e+02
2.783494611296711696e+02
1.152248786695769525e+02
4.425788642550421059e+01
5.372117507534214553e+01
2.059503248648626368e+02
1.244873313550555451e+02
7.547915549764634591e+01
2.044422426300403401e+02
1.352220697302891779e+02
7.637057294683602038e+01
1.928672757835417144e+02
9.634754469843159086e+01
3.813062097276685449e+02
5.411440185835366634e+01
1.600276208902799056e+02
7.071966672920873975e+01
7.384184843030874390e+01
1.312566438644327036e+02
1.963939808638463660e+02
2.523934026488662710e+02
2.020832002552814970e+02
1.731321995440290493e+02
1.902052826941280728e+02
1.126279088298674367e+02
1.146754185212864030e+02
2.011307670496754838e+02
2.876429433796370176e+02
1.013953669790859067e+02
2.121474311965247637e+02
2.550310299616513134e+02
3.100867180390893623e+02
7.779821620642451308e+01
2.957811763059711438e+02
3.210416815624989795e+02
6.761756329022215084e+01
3.097296261324428883e+02
4.303683909866700219e+01
2.863143218067929183e+02
2.835389944765260566e+02
2.295084171238454189e+02
4.172888198191187570e+01
3.270344097603560485e+00
1.779120658687317302e+02
2.088904846238161213e+02
2.114039714181388661e+02
9.791478837354610221e+01
2.060893867044655110e+02
4.653987581300667387e+01
2.349848870343224689e+02
2.990160388229662658e+02
5.105149824682806070e+01
1.924597072733029677e+02
4.477991391470223448e+01
1.968210371514558119e+02
7.465810468286889545e+01
9.691727394543198670e+01
1.186652916100509714e+02
4.310550970547093641e+01
1.868991111485777594e+02
4.687232331408925745e+01
2.365247545573145089e+02
1.978527393384367201e+02
7.055232706488138206e+01
2.565516898576081530e+02
1.039468398298576375e+02
1.419377925250663282e+02
7.791968209988134220e+01
1.232970105022309895e+02
8.265039017264177801e+01
1.259469356014191703e+02
6.991553460669024389e+01
8.544218317329777790e+01
5.630675545167073892e+01
4.484574474075694894e+01
1.265790515653261110e+02
1.197351748744502942e+02
1.770919026802104668e+02
1.674245749138406154e+02
3.024610292975909829e+02
7.012271092093305924e+01
6.929818559934203392e+01
2.263018297445306928e+02
8.111610869235065024e+01
4.745754577182337641e+01
1.974978877527762791e+02
2.211474147491983615e+02
3.214108267580073743e+02
4.324402000808333213e+01
3.003324636028677332e+02
3.296690596156022366e+02
1.955285557538247758e+02
2.044183187681596223e+02
3.095765051899049354e+02
1.015029015079485788e+02
6.467235078642231372e+01
2.527481657106347654e+02
3.021331785087872390e+02
4.327506229888302158e+01
7.768683874501195419e+01
1.170757244797114538e+02
3.003164825644122971e+02
2.425451083661281189e+02
9.630081353398860244e+01
1.841795222007924338e+02
4.568165850371153169e+01
5.759718101542339497e+01
1.526619458495461288e+02
2.221809045080570399e+02
4.445730562847077039e+01
1.372824822543246910e+02
7.243121106579667412e+01
2.121560902436379479e+02
2.176511246895946101e+02
2.637704598433778642e+02
2.320099396064077837e+02
7.595497229037633247e+01
7.460020104080894043e+01
3.331670987085485649e+02
2.063605876330704234e+02
2.037489914223202447e+02
1.712217473693511067e+02
1.960166856695556703e+02
2.174933009519646703e+02
7.267318798025502247e+01
2.271987842768806161e+02
6.926287590913484848e+01
5.639593349727290672e+01
8.694133673967860432e+01
3.116681245013700732e+02
5.357348354778556399e+01
6.665561849858460164e+01
4.417481626592852706e+01
1.720177638083827389e+02
4.694984768884441451e+01
8.784664828356251576e+01
2.298920137887469934e+02
2.524794439824240726e+02
7.572749473882974769e+01
7.509143319645048109e+01
2.039311244771965903e+02
3.959121898037392384e+01
3.607900882345462037e+02
3.079144234082404523e+02
8.807189533197720266e+01
2.016065422655787529e+02
4.380522587649184629e+01
5.985540746245402488e+01
7.192037280378174557e+01
1.949003883250171896e+02
1.881247162710668590e+02
5.215338132704101781e+01
6.712834374719906805e+01
1.371526325232429677e+01
6.950235559045648870e+01
2.845654781156484887e+02
7.459092980536249229e+01
2.892279388179639454e+02
4.603946714194845669e+01
7.160674026293278871e+01
2.592014069669645551e+02
1.138473868978445864e+02
1.825619436789993415e+02
2.034876762691884267e+01
1.938861455534652123e+02
1.973085153682034445e+02
4.620479378064695908e+01
1.983230288049678336e+01
1.194399162845486586e+02
7.669334149992747030e+01
2.568044753155008380e+02
4.455692866680696795e+01
4.735832230621359429e+01
1.907757939328036798e+02
5.108040544491630897e+01
4.987659035096763205e+01
2.912796679871901233e+02
1.930110501106591130e+02
4.577043916463233586e+01
7.464862553265972167e+01
7.167667443557689921e+01
4.821778594028031506e+01
7.466549093883790533e+01
7.804366227025747094e+01
2.022541348584352363e+02
2.937075853490138684e+02
1.195586422560909057e+02
2.128858635517825348e+02
1.255265572804219545e+02
4.249507956288729815e+01
1.457692614977986807e+02
2.837272822325381298e+02
7.528945291615872293e+01
1.132459877645607236e+02
1.193778766997707095e+02
7.364521961701473174e+01
2.082333517791151110e+02
1.971782677175172012e+02
9.567378136065633498e+01
1.169313211948190343e+02
1.473605690287097332e+02
1.495743014820428129e+02
3.163253062434528928e+01
4.604808037563596912e+01
1.182907147542955215e+02
1.533110034498359653e+02
8.502674558803794014e+01
2.212051257369707713e+01
2.058112828665503855e+02
1.194722951429173605e+02
2.180149294291553588e+02
2.021002457530206016e+02
2.190908092056534144e+02
2.165793192064895436e+02
3.194589235537987406e+02
2.301911818466139152e+02
4.135840082907380832e+01
3.117134947520933110e+02
4.774891626171452685e+01
2.038125692165025384e+02
7.331813755749871575e+01
4.722841774702553863e+01
1.562026953267987608e+02
1.939974255588234655e+02
2.087664277822240777e+01
5.113259968879127371e+01
2.207076918853021539e+02
1.192606430963652144e+02
1.449803380025231263e+02
1.502919880205836876e+02
2.039851045983672009e+02
1.619210606373881376e+02
8.996086386679982638e+01
2.031208155935888442e+02
3.162647039214201641e+02
1.112156373842137214e+02
1.272652279863476821e+02
2.055015868813644602e+02
1.160393852626263822e+02
2.361751202267279837e+02
5.266829936824731817e+01
1.458721693714436753e+02
6.059817419681728268e+01
5.460118847278499032e+01
4.809080764359940474e+01
7.421377656795506539e+01
1.254964275512787566e+02
1.146562431737292513e+02
7.257968387193153603e+01
2.096877197366972325e+02
1.378358413934922311e+01
5.279209268887228035e+01
7.531328496876913903e+01
1.936226765250342794e+02
9.457916515547724146e+01
7.179702033017289864e+01
1.879340699877745635e+02
2.016428569038151011e+02
7.889872247622292889e+01
7.337551534509002238e+01
2.724352456506265980e+02
1.050166485544693131e+02
1.268735849934351876e+02
7.711653952062772532e+01
8.759526584588184051e+01
2.053651380293817397e+02
1.942635566429777896e+02
1.417521192180984428e+02
1.972703138201489139e+02
2.993100264551365512e+02
9.035565417885807449e+01
3.003087660269934531e+02
7.137535621441453770e+01
6.850321723348507419e+01
7.418435565144268651e+01
3.516646022300101748e+01
6.791344931255378015e+01
1.016474865160342205e+02
3.076883504812991532e+02
2.501599315505819163e+02
4.731801501590787495e+01
1.973525190254149493e+02
7.639035152812964213e+01
1.595596024189701723e+02
9.210915406277133854e+01
1.195485490829299806e+02
2.001297796548093970e+02
1.031886967596934568e+02
4.325202354371901237e+01
1.654373996794334971e+02
1.177140120732604487e+02
4.989444505219107384e+01
4.673658164163725814e+01
2.018914205599141667e+02
7.560566408283088435e+01
1.574199848047844625e+02
7.343502783868196104e+01
7.241957967926900608e+01
3.281038317517185305e+02
2.188762537807648130e+02
1.114315689947129897e+02
3.924450139388157055e+01
1.897085120807277860e+02
9.135422831672873656e+01
3.334610624725470984e+02
2.063004004171149859e+02
1.241402687840566585e+02
2.118087769666767599e+02
7.564845953145658086e+01
1.965612410152354812e+02
1.933906608138080117e+02
3.028276451136111405e+02
1.777682103036322872e+02
4.515350570625256665e+01
4.426721094498786613e+01
1.971934092853422555e+02
2.475323132176131935e+01
7.476593617398779656e+01
1.237861118087887746e+02
1.107093052860098794e+02
5.599472528179261133e+01
7.317659483457036629e+01
1.370065558586094880e+02
2.130668425039163481e+02
2.047027036725266100e+02
7.543517522502136785e+01
1.459573438320303751e+02
5.091833242652807456e+01
1.995021211222618547e+02
7.769497433909805295e+01
3.035219468685180573e+02
1.881459970657862755e+02
2.897317915453420483e+02
6.750767072599485630e+01
1.005046274886427540e+02
1.971061689606431457e+02
2.052038330246083717e+02
2.189126158075382875e+02
2.929555833776712461e+02
7.025484641956636267e+01
2.023588432505940489e+02
1.608167748059464088e+02
3.527335740548408438e+01
1.855031274252776257e+02
7.554950361476150533e+01
8.070898634038194075e+01
8.148429114882173963e+01
4.746116200766934412e+01
7.278623401565286599e+01
6.208015256776300816e+01
1.661488502389887287e+02
2.159575060581310311e+02
1.122081833366789425e+02
1.137068879117986882e+02
2.064065671218966429e+02
7.181256570738234757e+01
1.872516860861065595e+02
6.679861359974150048e+01
3.707122578757825977e+02
3.210870967652908803e+01
2.141041367345798676e+02
1.384583834824717314e+02
4.511639139328225667e+01
3.357531504661657351e+01
1.879417687287488832e+02
8.147409752058210586e+01
3.009789919984827407e+02
3.738773847549414597e+01
5.172270817592019654e+01
2.063547663760924706e+02
7.598089004803883029e+01
3.692776480824363148e+02
6.826007583945857959e+01
3.099793019284530828e+02
1.135505245383165374e+02
7.619549358301286190e+01
1.195693035468756449e+02
1.053566553865531148e+02
1.942813969339875939e+02
2.059808030177659361e+02
1.361430857375380583e+02
2.994382898829116471e+02
2.040556882110840036e+02
1.879850366376213344e+02
2.086676599838070558e+02
4.702869676919909381e+01
2.174847604156028353e+02
1.998841802247440853e+02
5.976773205794545163e+01
2.114276019201562917e+02
1.362325198361320417e+02
1.853550176570083252e+01
1.873374616699833268e+02
6.816754841999710379e+01
1.160473904054248919e+02
6.232730593294300547e+01
9.338429461270006016e+01
5.007206038500482492e+01
1.297468184732887835e+02
6.349985559797730161e+01
7.033448529713021458e+01
1.025488134197318146e+02
7.791864543224934891e+01
2.231623394256863833e+02
1.310132738861776431e+02
1.347749703026316581e+02
7.733673924290802404e+01
3.778961492009252083e+02
1.925061051533817817e+02
1.349980243499682331e+02
1.696957474230239598e+02
2.189951046353960606e+01
3.390216444765025585e+02
1.704545046270933426e+02
2.871654863746535398e+02
7.449349517353078909e+01
3.479839199783873482e+01
2.007683053728814002e+02
2.462247680524223199e+02
3.403724572495191580e+01
1.961927585241438976e+02
2.785373967391274164e+02
9.267587793696854703e+01
6.342953719865122508e+01
2.976152324816695796e+02
2.074361373307164627e+02
1.815583627365013228e+02
1.991466339434840620e+02
1.891838332705544303e+02
2.489330548092706579e+02
2.105978854372214641e+02
7.932333524355043153e+01
7.927800040401413639e+01
7.771916411363430655e+01
1.625369604848403071e+02
4.406441432306587558e+01
1.239480635949814200e+02
4.574791509689667635e+01
6.739184598265322279e+01
8.694796190315011586e+01
1.741806713388626520e+02
1.225800828990534654e+02
1.375932868664767454e+02
1.222311883705264393e+02
4.633143062114356070e+01
7.820709498420572459e+01
7.731009164969211156e+01
1.263499682957858425e+02
4.544499266548407945e+01
1.482593472548817886e+02
3.109215740421522014e+02
3.149494478700848958e+02
1.954239020480098930e+02
7.877982194026391483e+01
4.381103950588439488e+01
3.351444083394029150e+01
7.295133764507569651e+01
2.146110532265409745e+02
6.835921882067077604e+01
1.994085616991556549e+02
1.804272228494011472e+02
1.342792627594370742e+02
9.889257255295611060e+01
2.890235894557376355e+02
1.262186761158505703e+02
1.849700285784918776e+02
3.297599333680853988e+02
6.880220745622698075e+01
3.258880607488653709e+02
6.533818036153196829e+01
3.179831354323754908e+02
7.374022305210904449e+01
3.049058150887038892e+02
3.083201908618089959e+01
1.533876101235970282e+02
7.431488850315930961e+01
2.151809328198670528e+02
2.807436505744490205e+02
1.958022777328305608e+02
2.997243892678387169e+02
1.868896401048222913e+02
2.964044103310496325e+02
6.877847336596013861e+01
9.924039764855483270e+01
1.205373123677679246e+02
3.045694830285947319e+02
1.016420707362325828e+02
2.354254727508276517e+02
2.796810696030217969e+02
1.313032217088759239e+02
3.333997871231539989e+02
7.711804117326205699e+01
2.944803732015194555e+02
1.107605367861788537e+01
2.520164653037819846e+02
4.620598462413058627e+01
1.883170189413261255e+02
1.029386512529442825e+02
1.234507882157504355e+02
7.775094582774150354e+01
1.181640828153151261e+02
1.010706175869553505e+02
8.946986950558634533e+01
1.556710208682353596e+02
2.624378489981126563e+02
4.236679758532556406e+01
2.513807461999211768e+01
1.444390697556948453e+02
1.170215724631428458e+02
1.921947314953986563e+02
3.098620595957141859e+02
4.342504343814324841e+01
7.250097133281060735e+01
2.217682979801764134e+02
2.044547093436842431e+02
4.740605996990081650e+01
1.199646147912323499e+02
7.564532483248426331e+01
1.809182446278592806e+02
4.347505413903039084e+01
1.995257817436789480e+02
2.251200364730152899e+02
6.964079065991779771e+01
7.605193164075642187e+01
1.040101959710042649e+02
2.033077454826352266e+02
6.012146499307505820e+01
8.296534191801445957e+01
2.127434021268410618e+02
7.257299944078597775e+01
5.746641302721436517e+01
7.689104692390361606e+01
2.702974192085297886e+02
2.901501890264167827e+01
3.284718200386684543e+02
1.202148461560358470e+02
1.329518772246122751e+02
1.411017371686142781e+02
2.828586951230743693e+02
5.656660301228819776e+01
3.130203192907137009e+02
1.193993103106741671e+02
7.877105440947680393e+01
3.751114459235905940e+01
1.420989431145338528e+02
1.689434408681248669e+02
2.048349528204161061e+02
1.843328140077862258e+02
1.070675393480025122e+02
3.012138877479059147e+02
1.266642805824085372e+02
1.401150179843892261e+02
8.754490626381767981e+01
5.996133066895551167e+01
1.109870565951134580e+02
7.742203236928855858e+01
7.951921337611581464e+01
4.633043745653231582e+01
4.514542906904389241e+01
1.957395723379727315e+02
4.637234807314221996e+01
7.648962002669878757e+01
3.299686217674540245e+01
1.473161025537058890e+02
4.706744388320056061e+01
7.434440432767235052e+01
7.301651172218865327e+01
2.436756372841594498e+02
4.677737458267839799e+01
7.659107355879864087e+01
8.855634609683345815e+00
2.247188182774246172e+02
2.313848960203705190e+02
3.153978702651411936e+02
1.979105202005343642e+02
6.914828543125265981e+01
1.232238079393921595e+02
1.504075630999851398e+02
1.698247356745795287e+02
2.851243448878166191e+02
2.634885943621684987e+02
3.192488455279481059e+02
1.817855946162576117e+02
5.469707954562731800e+01
1.597602210791411039e+02
1.922108110273343584e+02
4.310099869949906548e+01
1.114611427098405301e+02
1.173491190831832682e+02
2.050139237517916797e+02
1.885194662722844328e+02
7.395632114847613536e+01
7.682169332200807332e+01
5.972654722720267984e+01
7.142414216304912600e+01
2.235916557032898879e+02
3.836640503383611644e+01
1.928579190478056091e+02
2.961424880550432590e+02
2.870924875399362008e+02
1.154646847170296837e+02
2.019822317454638778e+02
2.072996523716816455e+02
4.839922138675918717e+01
9.487135985049762610e+01
2.956628512597097824e+02
4.597709346834170674e+01
2.028163147718535697e+02
1.023339626539787446e+02
2.707374994945639628e+02
3.081276625603841239e+02
1.088381033479796400e+02
4.815425055373210483e+01
1.403600427940560280e+02
1.951545810097049980e+02
1.320421498953656112e+02
1.958275330566491164e+02
8.102088884895225362e+01
4.422208741019693434e+01
7.426875636078041509e+01
4.834066492701822426e+01
4.245932585329152431e+01
3.212264419237486095e+02
3.148799486503167486e+02
4.624803828823554852e+01
3.749860761131627100e+02
5.142896955824431160e+01
1.228190096738246524e+02
3.558787734280538757e+02
2.916695475983168535e+02
2.408678029918492882e+02
2.943127738110919154e+02
2.083783406803672165e+02
5.451468629355556317e+01
1.559881012652702168e+02
7.581824441188459218e+01
3.287857733783960157e+01
7.240230981438332947e+01
4.909236506486711704e+01
1.984625501048538752e+02
3.541117153613328696e+02
1.171014477827965408e+02
7.384781749595468625e+01
7.051271883131697393e+01
8.424204422355506949e+01
2.595021527273985740e+01
2.067845526687872280e+02
1.773023859130776145e+02
2.165205259081658937e+02
1.993158944797787342e+02
1.907910447673719148e+02
2.009719010766545466e+02
3.151809747874841605e+02
7.325471779004311657e+01
1.388124710730993456e+02
6.989739678250022337e+01
5.232840847934185291e+01
1.069315645455047274e+02
2.009474368844599326e+02
4.590970864759504622e+01
7.316878787299296505e+01
8.545162881029537516e+01
1.114608434413815843e+02
7.714798015527659913e+01
5.870411236649054842e+01
1.611679070504915217e+02
1.357980314164960944e+01
9.252027741182919840e+01
1.628562709712478807e+02
1.610444824209654939e+02
2.939696847532980541e+02
7.227942991260283634e+01
8.352380410761927010e+01
5.905789773087902716e+01
1.232526541640463478e+02
2.034427334302663724e+02
1.186086772973140455e+02
2.036444884750626727e+02
1.815117945384183429e+02
1.765095206626889137e+02
3.140946397685571583e+02
2.020676439054222442e+02
1.025466196115054771e+02
4.360344935605914429e+01
1.127384998977825887e+02
2.843855338301286224e+02
1.823026404354108365e+02
2.031005296126141104e+02
2.029960953586424068e+02
4.355056184959130405e+01
5.887641688933184980e+01
2.702123245148484330e+02
4.431405759481038587e+01
4.416385280138717206e+01
1.565084213780270943e+02
5.051130795909463700e+01
5.483967563436699066e+01
2.492695843134081315e+02
7.812277521583376938e+01
8.024242695949612880e+01
2.166781021463837931e+01
1.314016456097577930e+02
1.267224186450158925e+02
4.467032383254820616e+01
1.622800297867501342e+02
1.993141693207764717e+02
7.847500060677916167e+01
7.973466449020558855e+01
3.061232274616721725e+02
4.677939057644403675e+01
1.701049986485355987e+02
4.622821113961857264e+01
3.967274567128207536e+02
1.115638369608610816e+02
3.554283845348974182e+02
1.329125444927609294e+02
2.936835943684877179e+02
7.182882407822981463e+01
3.462121846631748667e+02
8.198072522316185484e+01
7.708380049328083317e+01
1.478114349162988503e+02
2.211291958604613797e+02
3.143260730468701354e+02
1.973899895659701258e+02
1.524229008914109045e+02
4.656043368735046784e+01
8.596203586058521751e+00
1.166588094510780707e+02
7.389175308631656947e+01
1.029724738921673151e+02
4.841244565296730684e+01
7.938422261483589182e+01
7.121155977092365674e+01
5.210108484941320484e+01
8.132938197111687373e+01
7.226651981762510957e+01
1.110627089488154127e+02
7.395789269984481962e+01
1.204180851438169526e+02
1.907022374909500400e+02
2.077761720855580663e+01
7.890395416513177906e+01
4.605727208092450553e+01
6.833836140254261693e+01
1.028134620222628541e+02
1.653157731258720560e+02
5.232296409053086705e+01
8.591081299601910359e+01
1.283362812283165511e+02
1.825261504780552286e+02
1.789720955626900718e+02
1.501621178237928973e+02
3.618526835561229404e+01
8.182791847529156826e+01
4.548225806866238941e+01
4.099802347348711606e+01
1.366936232210168498e+02
4.603158663774159010e+01
3.199540097728273125e+01
6.873694093358419366e+01
4.565576781768433534e+01
2.963946804150583603e+02
7.828534787595417299e+01
1.480396249486669831e+02
7.282921448483114091e+01
2.441245514248325676e+01
6.626304273195835037e+01
2.810737769892441520e+02
2.816009402992135620e+02
2.788542272477279766e+02
2.088701495051703887e+02
1.178419283593813134e+02
4.947032801354328768e+01
3.222014567755553003e+02
1.816995225946022856e+02
1.821848010716136059e+02
2.145546927304806957e+02
1.204880421455278565e+02
2.896230150197000626e+02
2.016087935852991677e+02
8.016225547791506756e+01
1.278253010279828317e+01
4.469680213819192005e+01
4.499224122967435591e+01
2.374928150039690991e+02
2.260075841211475733e+01
3.461566888638759565e+02
3.005287612882179928e+02
1.182142246749312449e+02
6.569058262898327882e+01
2.350772654277215565e+02
1.978183999013796210e+02
1.505884614301543536e+02
2.020916635033764237e+02
1.077718305245526409e+02
2.140485448361141891e+02
7.395175150433502154e+01
1.911786123468565677e+02
1.531123595128144075e+02
4.928975421651209388e+01
7.469996264376271711e+01
3.083083688066700461e+02
1.153267994103576939e+02
1.912138148028890612e+02
1.178222044056735029e+02
4.295626820877514263e+01
7.155929887326568917e+01
6.127250880579545367e+01
3.098974444375575104e+02
2.821202541159217958e+02
2.392474152933364735e+02
7.850141380577684913e+01
1.326965121498679707e+02
1.127464246489851689e+02
2.344039530903868069e+02
4.610295093912924358e+01
3.116743890652838900e+02
1.162708937931516289e+02
2.661587182943549124e+02
8.516215794297401942e+01
2.188881830217418383e+02
4.465146250430029085e+01
2.450435332777198312e+02
4.632287550794420383e+01
7.588447579244076735e+01
5.304060736239069485e+01
1.934484390141582821e+02
4.370180168698467327e+01
9.334389528968213767e+01
3.697192688403779925e+02
1.906729397723538852e+02
2.030138309007018051e+02
3.021707363827971449e+02
1.033961537116689868e+02
1.249384946783308266e+02
2.019712665803499476e+02
1.581980794701306081e+02
4.022158764520970919e+01
7.077142895947372381e+01
9.112510474078364098e+01
1.515915683897685255e+02
2.977053715975447403e+02
3.162443574697405779e+02
3.059833547456827318e+02
1.334554553904259819e+02
4.461983699085579502e+01
2.008469525708604806e+02
2.990136909511523413e+02
1.270016171543771151e+02
3.005522754242787187e+02
7.923016279717698751e+01
2.699897014191786297e+02
7.799289748148966339e+01
3.020600402221977561e+02
2.301607081463694158e+02
1.598869482475459449e+02
5.426609329573489759e+01
7.309269007594467382e+01
2.949273093356179061e+02
3.067450443166166565e+02
1.885251296848679772e+02
1.290280413431186162e+02
1.149393110739935651e+02
3.065003901237696482e+02
1.823536409408523795e+01
2.134054089735121522e+02
3.081850939152662363e+02
1.180884303969307609e+02
3.081555812879978618e+01
2.093210048801309711e+02
2.037532050966216275e+02
1.904855069391572613e+02
2.064294696834779472e+02
1.740185658557523993e+02
1.985830833847563497e+02
4.488862520684688917e+01
2.406369393182766885e+02
1.916351839801666586e+02
2.651945955812193461e+02
2.794979589109258313e+02
3.078137283847284493e+02
7.162697334447467767e+01
2.057442712706117334e+02
7.454354048769198471e+01
7.364312368682479359e+01
4.528624167019533786e+01
1.883812888160926775e+02
1.772304565195120745e+02
3.316882703295185593e+02
1.959290132313082609e+02
1.268549171813534002e+02
7.068350203133009302e+01
3.141330912038100109e+01
6.911706870844832906e+01
4.656548673867573740e+01
3.522829638604366664e+02
2.905319293201371806e+02
1.864604526551608501e+02
2.095754849258132140e+02
9.430313920677684791e+01
1.336975593486235994e+02
2.035673355933397204e+02
1.190059168467917772e+02
1.225525066566022616e+02
4.530825854886079185e+01
2.836216541407675891e+02
1.749532757178374709e+02
1.644840749035789145e+02
1.264321848238773782e+02
2.635620921537218919e+02
1.905010108998142755e+02
4.004345735468652379e+01
1.988504383425621711e+02
1.963776227447856115e+02
4.427087838058979230e+01
3.005954901121888838e+02
8.872386135002481922e+01
1.786730298526242393e+02
5.261647495314529976e+01
1.955934987108362009e+02
5.289283294928455348e+01
1.315580233338932032e+02
2.045947068600062266e+02
3.760363956305477018e+02
7.510229293369016546e+01
2.372716125664494200e+02
4.025527240407370044e+01
4.677183704479203641e+01
3.124958476921942179e+02
4.445834872747072808e+01
4.453246286070376669e+01
1.515695403328830366e+02
8.251569789738098848e+01
3.704255198514991321e+01
2.163012307100019171e+01
1.978585242658151913e+02
1.986950419485202701e+02
2.777561126457922001e+02
1.977593339540647150e+02
8.100417902817662252e+01
8.422666254180512624e+01
1.251978893141445610e+02
2.584638448641731756e+01
6.567125339606933210e+01
2.484004685620274984e+02
6.643446004976699726e+01
7.286144145611818601e+01
2.041969929319265589e+02
7.958142210422959550e+00
2.722518972522258878e+02
2.137976380786070933e+02
2.877140230282763014e+02
1.218493299264903982e+02
9.577310352648034097e+01
7.765353532611082699e+01
1.287295291090144076e+02
2.857878756755722804e+01
8.743851665860080402e+01
2.778562283244478408e+02
3.132317328588328564e+02
7.552096501325506495e+01
2.781873609810286325e+02
1.817302132338361105e+02
2.982035387339407748e+02
2.534195719027702012e+02
2.190852048945273225e+02
2.592929425214036883e+02
1.783603186732981101e+02
2.186802080426948862e+02
1.843914516931517085e+02
2.437253573353498268e+02
7.448715911611084550e+01
7.041771707246216749e+01
2.665290850296918848e+02
4.175825251176931374e+01
1.137127308910017973e+02
1.979862848077969204e+02
1.234718150744262601e+02
2.259823301948756580e+02
4.646284577566336083e+01
1.807705067186118981e+02
3.025656417104635239e+02
1.889451710383218312e+02
1.996559864197641332e+02
1.448232239339613159e+02
4.589152852162998641e+01
2.674953098902066131e+02
6.165530888231425877e+01
1.375343113144970744e+02
7.745995975600625627e+01
1.281369092478707330e+02
2.046251218671039567e+02
9.572001451269632355e+01
3.125893645741064688e+02
1.970788454466567146e+02
3.175242785293531256e+02
1.181898220759596541e+02
2.986771333516865923e+01
2.873842174413295538e+02
4.649863763028884733e+01
5.723846290085271704e+01
7.694371550029971729e+01
3.252557828989477002e+02
1.074757325315391938e+02
2.141464851460918908e+02
2.014691320330864812e+02
1.503846542053608459e+02
1.907114642941775458e+02
1.207688904638311413e+02
1.206030004061408789e+02
4.165947951785543069e+01
3.455418917045280409e+02
2.045025072998213602e+02
1.960092070183720807e+02
1.836781268309887878e+02
7.336822669368811489e+01
1.817799797998623035e+02
1.590507016395435187e+02
2.766557355309706168e+02
7.991384701059952533e+01
1.089038772097276819e+02
3.978088318457579362e+02
7.033512637143347490e+01
9.464776628014224968e+01
5.332808055415571857e+01
9.448619314680941272e+01
1.163725704983051799e+02
2.893489570042185051e+02
2.960559182646412069e+02
2.709103253522689769e+01
1.018354153072856292e+02
2.626492776991268556e+02
3.013973545938385428e+02
3.108451701339868123e+02
2.073196931454561422e+02
5.245497532694743370e+01
2.060076738116013644e+02
2.009877217073940869e+02
2.436227430723594694e+02
1.526316639192897640e+02
3.024304863054761654e+02
2.028228200357889932e+02
1.109865183731728848e+02
1.232101055925146085e+02
7.595564442288014106e+01
5.924813678547567974e+01
1.200398705361234590e+02
1.237267386694402518e+02
6.781727433907015268e+01
7.486416052140150157e+01
8.268737990817561467e+01
3.687545850015329734e+02
2.818402050422656089e+02
7.780310473296334806e+01
9.628011555566503432e+01
1.987920641048392838e+02
1.211392562667875268e+02
2.945030362868857878e+02
2.843148811291717379e+02
7.647369858872164627e+01
2.045614017916416856e+02
1.177131478137426086e+02
2.122644568649113808e+02
1.949929647765981997e+02
2.031813769293533198e+02
1.171791897377628118e+02
9.738327701077878373e+01
2.029877405893749085e+02
1.262992217380281090e+02
1.210702507637913357e+02
1.754556231499149703e+02
1.942228065096232399e+02
4.421898043039358583e+01
2.776271431206960756e+02
1.232376126691268468e+02
2.121299655466266643e+02
2.063375784541750306e+02
2.715723531496468581e+02
1.977238493040412379e+02
3.174159343728175600e+02
1.117740905221667731e+02
7.675329297199223788e+01
3.021995521623866807e+02
1.970958312025161092e+02
7.370432202945363542e+01
7.291668730565731948e+01
4.843816650896284415e+01
2.855656200517345837e+02
4.074450726667903666e+01
2.892756788557408640e+02
1.890687023497008283e+02
8.768249334443477494e+01
1.163830315693806057e+02
2.917042489078162930e+02
1.856621016292562842e+02
7.564183888492426888e+01
2.210636901680283017e+02
1.876285508792009296e+02
4.470605981831581488e+01
4.418955121977781175e+01
2.797517273758314218e+02
8.314246806445248694e+01
1.195364444522578964e+02
1.408287447389559475e+02
1.380429720833033116e+02
1.206484640831383786e+02
9.216616912998810562e+01
3.645099116683636566e+02
1.682916139951169612e+02
1.888200898902219080e+02
2.960283856226361081e+02
2.068716180282507651e+02
1.969031331123414077e+02
4.361392573722663002e+01
5.837605321053384699e+01
1.642678506594266139e+02
1.163651979812032522e+02
4.382891773065165353e+01
2.535058712848206710e+02
2.040631761220482474e+02
8.693541485823841697e+01
4.566822414764230587e+01
7.440074191807703130e+01
1.043524103148890276e+02
4.350698564813848179e+01
3.048946697263300507e+02
1.745191296923826485e+01
4.415427617164802854e+01
1.983261778562123538e+02
4.358238202703460473e+01
4.475389404014880768e+01
4.254579842099534659e+01
2.985455931895571098e+02
1.933431865277169379e+02
1.047629717530562630e+02
1.923721241387528949e+02
2.069617055331858069e+02
4.383747184214013970e+01
2.079269440961354292e+02
2.893980299927687270e+02
4.579564770874242186e+01
7.494644881257627844e+01
7.423456957268379597e+01
2.195752117398991174e+02
3.190351356002770444e+02
3.269712853344920518e+02
2.899902604610148273e+02
4.508008754384545824e+01
7.647385257693463245e+01
4.489658031711507391e+01
2.049298121927982947e+02
2.017132911634806476e+02
4.508855145442478829e+01
1.437618617459266943e+02
2.045169634853472473e+02
1.248465297734596504e+02
4.568161392760019623e+01
3.013274353166749506e+02
7.459492446602121163e+01
2.886925309928691945e+02
1.859430909972832637e+02
1.075731447963017757e+02
2.124864612494802998e+02
1.201021130411442357e+02
2.030054294118904181e+02
1.087847479448720236e+02
7.817258566379993567e+01
2.099226770557945656e+02
9.150102067984964549e+01
3.239341435541552983e+02
1.152696826184537144e+02
2.939288362763931559e+02
2.091093579212823954e+02
7.579851878379182040e+01
1.244891179339705047e+02
2.608558194883827355e+02
7.349120402822218523e+01
2.786782332047271211e+02
2.670893160820332923e+02
2.111479394900671878e+02
1.235486157646651577e+02
1.398084999277932639e+02
1.927418824961074222e+02
8.046310531975156266e+01
3.204657387118892302e+02
1.359630171940092396e+02
1.885032287358507403e+02
4.467007664419399759e+01
9.136802467060844535e+00
4.844553939064264370e+01
7.936226728438221301e+01
7.528456069917942273e+01
2.390398556502872509e+02
1.041977693063632842e+02
7.673885497513084886e+01
1.141418917873543535e+02
1.983170614946522505e+02
2.031887724288574191e+02
1.784565671077867819e+02
7.889364607222573511e+01
1.827359836173928542e+01
1.452384844931166583e+02
3.119727445371378280e+02
2.035353031793662524e+02
6.799852918926976031e+01
1.944632054070415563e+02
1.982091133734020900e+02
7.714290388366453044e+01
7.541583547566567347e+01
1.200974664462378456e+02
1.284350243439933479e+02
4.550684157410829300e+01
7.720021009688097990e+01
2.993916809434671222e+02
4.306620492506339559e+01
1.592578591613766648e+01
1.649968758529651609e+02
4.389904182361248530e+01
1.978611566084447588e+02
2.316616226179461080e+02
2.886183045621538099e+02
1.750301198379329151e+02
7.315315741995195253e+01
7.217653139060722367e+01
3.007424798818542513e+02
2.066770762936461949e+02
1.582997235371776128e+02
3.047724416310803122e+02
1.854616654830425944e+02
1.841207612222001728e+02
7.442225900619851586e+01
3.144381723520854166e+02
2.014699163254924485e+02
4.202052304140683958e+01
4.623286880875735960e+01
1.915376467711105306e+02
9.047316686289502741e+01
1.967065982068299945e+01
3.003779911242689309e+02
1.921917960398930347e+02
1.206162514234350596e+02
2.945456364613869482e+02
2.848463419591952288e+02
4.858848725864900331e+01
1.311455083512491058e+02
2.092796683636306625e+02
2.175772118031356399e+02
7.705922701194955948e+01
3.922870390758038184e+02
3.031729462553774965e+02
3.125475636592665865e+02
2.827801675796095537e+02
1.195994647205284878e+02
7.655901057442143554e+01
1.258144161092269968e+02
1.390861743916348416e+02
7.311804779624937112e+01
2.333985182192028276e+02
7.209663756460095385e+01
3.109854672163667146e+02
3.342872943981361686e+02
8.372744580748256737e+01
1.988343153466014712e+02
1.024782358156086275e+02
9.869671999894647740e+01
7.401854013070168037e+01
1.899524714376519512e+02
1.122404918830806935e+02
4.223462360146304917e+01
1.959214525904031348e+02
6.088322686718243659e+01
1.172922727234055316e+02
3.074350187135654551e+02
1.429741700883761268e+02
8.868110679340192348e+01
4.433049453630719228e+01
4.554407488273634641e+01
1.873572999142056119e+02
7.731648845712120988e+01
3.014733198163451107e+02
1.878399058412355487e+02
7.999680172967372016e+01
1.812122496509448411e+02
1.027377697503251852e+02
1.097241352482044192e+02
1.687266326376712300e+02
2.031277210400545243e+02
2.531604378959003654e+01
2.177018609170984575e+02
3.006457782496119648e+02
1.529684108916848970e+02
1.758414813038462512e+02
6.909226590417699754e+01
1.938009829764443452e+02
2.111164084679757593e+02
7.941701696599761817e+01
7.858007156315964892e+01
2.999705934588487253e+02
7.512649717416621797e+01
7.651526434984744185e+01
1.654965726278129239e+02
1.166352845043403335e+02
1.231260158291554347e+02
4.679864601398202950e+01
2.907358566899119978e+02
1.061080686999789080e+01
1.570001635603870227e+02
6.859569054450587089e+01
3.059479339240535296e+02
8.946495111502198938e+01
2.047120867688344674e+02
2.895407851668352919e+02
3.141508011886033955e+02
1.887980779681433603e+02
1.905669177552743463e+02
9.226366991762702696e+01
2.933252704822224928e+02
2.914867249029512095e+02
4.816941418025935207e+01
7.790695103873285632e+01
6.793431087476700725e+01
1.993641333221262073e+02
4.517051822961425245e+01
1.760226458457572676e+02
1.000223724604740312e+02
2.625240681356331507e+01
8.798445581946147342e+01
2.387734722183377016e+02
1.971485207554759427e+02
1.184164582012446090e+02
1.962668480315440718e+02
1.055923718483002318e+02
7.460112137093764773e+01
1.200645915558686170e+02
7.746791598380295341e+01
2.004940364241262216e+02
4.649022034234324963e+01
6.443692365191661509e+01
2.049869051402924924e+02
2.044873561268786943e+02
3.904644073706781882e+01
5.979308971091595737e+01
1.513913921707214740e+02
1.923454841182253858e+02
4.586234174641634098e+01
7.302520008275757846e+01
1.914346838558426498e+02
1.971385699512030385e+02
2.605166198233890995e+01
2.261858722750489505e+02
6.934424112662641448e+01
2.691089247500297006e+02
1.453204908853327879e+02
1.945364320985216864e+02
2.032726484307375969e+01
1.236523699780866536e+02
4.447590717452764864e+01
1.207158189222893867e+02
9.480981783073511338e+01
4.757012067961395729e+01
4.592473957087993597e+01
2.514931323473818168e+02
1.604869204421577820e+02
3.163223078755268034e+02
2.113734902552807284e+02
9.230554638270525913e+01
4.607638434122627302e+01
1.245656510935324093e+02
2.686072366400091482e+02
4.623600446775372319e+01
1.867493834547136657e+02
1.157728815042021324e+02
9.892855259965502057e+01
2.044259374619895482e+02
2.145099691151465038e+02
4.481955810820571884e+01
1.883236816959158659e+02
1.972552431659655667e+02
7.886862489824912359e+01
1.509971662388754510e+02
2.915418229638782464e+02
2.067594876255635370e+02
1.216304934666541868e+02
1.392005720587323196e+02
6.912747202288646520e+01
7.683905179408858999e+01
2.427708169180395359e+01
3.074751268436432383e+02
2.927955737671689462e+02
3.014791378127563917e+02
1.259534097091560909e+02
3.996125250417341590e+01
9.175513826698244202e+01
7.724866055452787350e+01
1.928195931560166230e+02
1.476619260245719545e+02
2.895366090274467865e+02
4.808720409052924794e+01
9.205333644648598579e+01
1.236004149712990738e+02
1.159729397042335961e+02
2.937660098957873060e+02
7.463574960371200007e+01
7.124564714813554644e+01
1.387126071363255733e+02
1.775531171649477926e+02
2.004363308999910203e+02
1.213595599832923142e+02
3.694734282516449184e+02
4.271432376888812144e+01
2.683309248359283288e+02
2.616317499441724976e+02
1.142114074227387874e+02
1.183470454261297107e+02
2.016818895265037668e+02
7.337621592781032120e+01
1.869971167315727030e+02
1.752611935592089196e+02
2.840362854996661213e+02
1.115542013534090984e+02
7.595317845621589470e+01
7.850346917359584609e+01
2.408040039833814205e+02
1.661636930247219368e+02
2.020527294143294910e+02
9.166806034611691700e+01
2.902618077146814244e+02
3.148971162199842411e+02
2.902516777180960617e+02
3.174892614457995705e+02
1.774647452190686465e+02
2.815271204250738037e+02
2.086058981243274673e+02
4.544968341425629887e+01
1.028319110192262258e+02
1.740047114003426145e+02
8.185660360786198453e+01
1.806191613628214441e+02
1.910623477978417952e+02
2.055202494107295195e+02
2.965182367166625568e+02
1.255372740438142642e+02
1.193203230781148534e+02
1.587222937789884369e+01
3.003883118336964344e+02
1.075055564447163619e+02
1.320519771339174042e+02
2.893473103085356684e+02
3.029242762322223825e+02
1.215090960092959449e+02
2.507789389623764578e+02
6.526479931230863940e+01
1.046173304740736398e+02
1.346817234137228070e+02
1.071523790021637978e+02
1.952738678234438510e+02
2.563753735097661206e+02
9.207185634614437220e+01
7.546907510499451632e+01
4.818448507333904018e+01
7.544928595954384321e+01
9.653823540362293443e+01
7.492407409769752746e+01
1.849003147498561077e+02
5.801000119285546219e+01
1.837687094550344966e+02
1.071941992966008428e+02
3.053112310719693596e+02
2.734085157980716190e+02
6.672314509159240004e+01
2.256312832140878584e+02
1.163924450209847947e+02
2.963421549145105587e+02
2.046309731568420602e+02
3.032950183150915677e+02
7.781462244426545283e+01
7.243591940971364807e+01
7.116623457527585117e+01
7.854202684604823048e+01
7.062161204631055966e+01
1.385964717891666851e+02
8.997799423385697537e+01
1.026613364206739760e+02
1.322780232644910825e+02
3.057642769401427927e+02
7.536717268601447017e+01
7.459077814098641568e+01
4.327286856782618685e+01
1.980319474577749759e+02
2.937558674225092545e+02
4.585562505154912571e+01
8.124167370969104240e+01
7.391734267370976852e+01
1.152015530676789581e+02
1.207509529115621945e+02
3.007407887781330942e+02
6.898470199862362051e+01
1.871700564369037636e+02
7.380053470695628448e+01
7.307626662225214176e+00
6.154519822048264643e+01
1.412628487291551380e+02
1.245704965918011276e+01
1.881854419362017552e+02
7.375726561135083159e+01
3.125839081988540329e+02
2.062670811851623967e+02
4.480951685121655714e+01
1.932034326866828167e+02
1.953998538660288773e+02
3.434552218462027326e+02
7.064108151904387967e+01
1.283539516327812464e+02
1.261445996955680897e+02
6.296188937376604144e+01
2.048702604039906419e+02
2.885529863050737731e+02
2.631542029887695548e+02
2.041169978604206960e+02
1.051779227600420796e+02
1.320941609861887400e+02
1.344249134339308966e+02
8.070102788132791716e+01
2.121305723735406730e+02
7.345260416777749413e+01
1.995036814215513346e+02
1.197231353991457041e+02
7.340199815045947673e+01
7.556850215514120350e+01
1.348481986767268666e+02
7.628732525424895528e+01
8.529651933625896731e+01
7.368681241609318988e+01
1.641300514949926992e+02
4.367096752904598134e+01
2.838986836321435590e+02
8.626882232086694557e+01
1.524783142118775743e+02
1.893829476697043503e+02
1.263055038665973910e+02
7.761187093788002755e+01
1.323281608007638965e+02
1.211972708979750166e+02
7.578517580018147726e+01
9.450656886848717875e+01
7.127306123025941531e+01
1.175074851524679360e+02
1.258337366835427105e+02
2.155825505395721109e+02
2.888914082793648390e+02
1.058009458979806254e+02
4.414696526587476200e+01
3.166686386651737735e+02
9.106984072962433174e+01
1.959572889812851031e+02
8.936036215443508013e+01
4.325504079498686139e+01
4.382797059440979837e+01
1.655035378003063613e+02
2.227119400333246801e+02
4.611660421348751271e+01
3.122137460398487292e+02
6.062556292141671577e+01
1.449961352884672863e+02
2.929299115679361307e+02
4.627616372467891637e+01
1.099981577470259708e+02
7.513226553997932911e+01
1.247814169898743728e+02
2.002879792954412608e+02
2.028506301486590360e+02
7.577450950303057198e+01
9.044736637143397218e+01
2.821352320396693472e+02
4.875101788083247101e+01
1.657608611781728314e+02
2.158697032287514048e+02
3.622901473333043754e+01
3.015151682059413361e+02
1.165096199062302702e+02
2.195200590447614530e+01
3.665647432342880307e+01
2.471529854133517006e+02
7.943109208783872077e+01
1.273093458312745270e+02
4.406901623946806978e+01
2.204338905502109753e+02
2.089828747524810737e+01
7.456096049345427446e+01
2.017815819816716498e+02
1.958894852582664896e+02
7.441571655309572009e+01
7.449547279146965195e+01
2.784213823968762540e+02
2.150381514784953083e+02
3.140092539680326240e+02
1.049202189392752445e+02
1.228558893785964017e+02
7.491860446019413189e+01
6.850768305815005021e+01
2.059007767083745364e+02
2.161194018862407802e+02
4.866488257590850708e+01
4.523276971113335065e+01
7.829573284688601120e+01
2.059394586984415980e+02
3.025871143213719847e+02
8.082063535569010071e+01
2.167446867853835784e+02
1.920654636069842525e+02
7.700517029924627366e+01
4.477499378716146339e+01
2.688408054410849601e+01
2.008395091528445846e+02
2.931781515667969984e+02
6.337602665463774798e+01
4.129632514284691780e+01
1.911416773965710547e+02
7.291886120288445738e+01
2.649959876141250561e+02
1.927268966076264007e+02
1.194777316360769959e+02
1.801429960881720262e+02
1.012915485207302595e+02
1.441368714107510698e+02
1.207628553706624643e+02
4.421948537119094880e+01
2.050061070952228022e+02
4.347690174916371575e+01
8.127293073182798366e+01
3.141479830848036841e+02
5.341965221099938788e+01
1.972395358584418261e+02
2.988877926462629375e+02
2.819912380509283025e+02
1.678544333839383285e+02
1.915198342624534007e+02
8.725835825573787474e+01
2.115104340128236515e+02
1.253709333782536390e+02
3.746019601513746267e+01
1.816461657418914797e+02
2.143515956946599772e+02
8.498599554035888559e+01
7.356049673041252390e+01
1.967911748244202670e+02
1.587659612769616615e+02
1.554138527761388104e+02
4.681645818496956224e+01
1.872575759135553710e+02
2.792671224823633906e+02
6.991512639601347701e+01
1.978670564617731316e+02
4.507641153280727053e+01
2.020933940820120256e+02
1.039244862533064691e+02
1.300231727322936308e+02
4.545140854821826792e+01
4.055240350002218719e+01
1.770728281053567628e+02
2.330480348599485012e+02
1.590260416450578589e+02
2.812623292639904662e+02
2.197344330920602431e+02
1.104587060960384406e+02
5.709368594051611012e+01
2.935923874498852228e+02
4.479630993759430169e+01
2.316796517665578392e+01
1.910015544579034099e+02
7.539773784704816251e+01
2.047175157333579136e+02
4.377071542157757733e+01
2.018772281642038990e+02
3.722377563815441448e+01
2.886081446174739540e+02
1.892528566334738684e+02
1.169724456678797253e+02
7.726325147266102533e+01
2.048687481111120690e+02
2.037306252919384235e+02
1.870956387211797676e+02
4.940971811507082379e+01
8.179175812339663310e+01
3.037611663116689442e+02
1.186553066450560721e+02
2.954077588646383035e+01
4.340557987119617422e+01
2.052453230402393274e+02
1.600639988068481330e+02
1.742873016974750442e+02
1.217262418879286656e+02
1.691551672380923605e+02
2.119995665997138303e+02
4.710095569337525490e+01
7.588932418341822483e+01
1.410230390248484298e+02
1.361937817988636539e+02
1.555108812047431002e+02
1.151739775230730629e+02
1.766385887945351385e+02
1.062564736216244796e+02
2.977431358354018585e+02
3.060664130911110306e+02
4.589162470685653261e+01
1.157435505961127831e+02
1.376473276971024688e+02
4.845813389570160723e+01
2.678504267808202144e+02
1.918888041073781210e+02
9.499517511253056057e+01
1.973582152606187776e+02
6.784779412634321716e+01
3.086562653984880740e+02
1.326397796718005395e+02
1.178891044251102187e+02
4.296623348373535833e+01
2.846161401997078997e+02
1.026186132938341444e+02
4.400606938117456934e+01
7.547573444389425390e+01
7.547444354112693077e+01
7.288534994695736202e+01
3.852337137468848738e+01
4.005372634411830290e+01
4.655523063332885414e+01
9.588170719596438119e+01
2.166288616158740012e+02
6.015192434501008023e+01
7.453781243115062694e+01
1.926867271886293906e+02
2.969259293540195586e+02
6.955752858443581488e+01
1.535704218911876069e+02
2.115459004580996236e+02
1.966559680145235802e+02
7.253862784319886714e+01
2.148119679081680999e+02
1.639663343181831578e+02
1.983221644602987226e+02
8.101638094170863269e+01
1.843077901343673659e+02
1.483018254832237517e+02
7.975146985057075710e+01
1.893363091255299082e+02
2.022323400589182825e+02
2.103445343750101415e+02
2.058077564828766413e+02
1.955606913167656273e+02
4.491067442357719131e+01
2.010399430765648958e+02
5.475674444107870897e+01
1.940394516275153194e+02
1.978894912981063783e+02
7.959494762157596881e+01
7.415497461966708670e+01
2.133018106572714601e+02
4.615449078067037902e+01
4.999742319593527640e+01
1.986717895146483670e+02
7.409133860663470728e+01
2.020870151327312101e+02
2.304119264394942377e+02
1.207804484049185021e+02
2.629118972306455362e+02
6.956469511430479713e+01
1.690550757402729971e+02
7.918078718480434475e+01
4.590824104394140903e+01
2.926519779980886256e+02
8.123115140533835188e+01
9.514579920104159783e+01
7.549015738869269398e+01
1.926124668504137674e+02
2.882570966623142681e+02
1.287000864233434925e+02
2.545459244291186565e+02
1.960189229672007514e+02
1.923841190489263226e+02
2.025808466406795674e+02
1.867911157723868882e+02
7.138046051632154843e+01
1.480905968720213650e+02
3.069806560293584994e+02
1.171203166207506428e+02
8.316273363332683743e+01
5.813509639084394820e+01
1.871109110094328116e+02
6.824926820052887422e+01
1.562263461386318113e+02
2.977817330779998883e+02
6.623085852185805322e+01
9.553752469623383092e+01
8.220135822704885697e+01
5.040342227479303716e+01
7.526744384526871556e+01
4.461477554326373252e+01
4.784718439380232269e+01
7.901709544115392703e+01
1.436551466391791223e+02
3.256504812871635579e+01
1.044388475138321155e+02
1.815946912800436337e+02
4.541242415617994510e+01
3.623548826668717311e+02
2.275033218810691835e+02
7.008242312810978092e+01
6.033501499849829486e+01
1.290147826075279056e+02
2.761550574614145717e+02
7.600579887973857751e+01
6.882615671787240785e+01
9.583846687330333225e+01
8.669455364682436027e+01
2.799593142410428754e+02
1.995168276156162506e+02
3.671573953155499908e+02
1.266201134388495007e+02
7.776255276710273279e+01
1.252881746530464113e+02
1.081452167678054508e+02
4.796677237146180772e+01
3.153601061169661079e+02
1.743660881437091916e+02
2.994641839313293303e+02
4.470156060872494663e+01
2.728280088912458723e+02
1.952229446082927495e+02
7.481228168810882551e+01
1.621834003126812433e+02
3.044864592271720127e+01
1.957765739408257275e+02
2.905221719060436385e+02
2.917671758784318286e+02
1.149458525105690967e+02
2.777444185636888960e+02
3.825720241026224500e+01
1.449981372986023871e+02
5.771213768487701401e+01
1.990879500226656091e+02
1.256651324279433766e+02
1.311196082079030418e+02
3.144391792733617876e+02
3.106545450017729308e+02
2.231178694146129544e+02
3.451541500093683794e+02
4.793507854117619615e+01
1.638697232919537043e+02
4.395464598859030758e+01
2.087141503617631599e+02
7.165656331130912804e+01
2.074347385813195785e+02
3.036546310943544995e+02
2.438776301740933263e+02
2.075457215940235187e+02
3.955801613823291518e+01
3.074448821225513484e+02
3.855802053971864751e+01
2.125142034153900283e+02
2.293412327603315362e+02
2.950500561403558208e+02
2.594668991901478989e+02
1.696003501821621171e+02
1.994613270703856642e+02
2.246888512474873494e+02
8.461588822694396583e+01
2.045050494374677044e+02
7.214373713016435374e+01
7.510240299991207280e+01
2.860675960394956974e+02
1.650133482650265933e+02
7.570692958254721816e+01
1.204169506375210403e+02
2.047772066797074615e+02
1.237409657946293038e+02
1.033133850767397206e+02
7.011012946648638433e+01
9.612111256365618317e+01
2.615454798972684785e+02
4.334704618406772880e+01
4.970496853213343513e+01
2.046267741646780678e+02
1.935723230297857071e+02
1.300470736013432429e+02
1.146083571517004742e+02
7.870452534661144739e+01
3.136279647357064277e+02
2.247537107365938880e+02
1.922243651111989777e+02
1.827867414051194146e+02
1.210088960907994675e+02
1.315301779338829817e+02
1.674725041901132840e+02
2.117456174765208630e+02
7.919321779350502766e+01
2.014027182998711112e+02
1.009899786247650724e+02
3.195333297674255277e+02
2.845945729618189830e+02
7.042979764510496921e+01
1.212905822525348185e+02
2.831211702982438396e+02
7.594058140388409583e+01
2.083976390354115438e+02
2.185535179718307290e+02
2.050044265634626015e+02
3.181041846405910292e+02
1.093245789156062813e+02
1.285009054330314200e+02
7.681940190598024287e+01
1.359286356729650720e+02
7.285009671234556095e+01
7.311775847572206999e+01
4.062918974711954689e+01
1.175281322964736859e+02
2.007480993312378530e+02
7.838766917647689070e+01
6.048002601423691971e+01
1.074933514247160957e+02
1.875773343655798726e+02
2.103215385003651363e+02
4.042349614821907267e+01
2.022701221326743735e+02
1.982426842072158308e+02
1.936333685090397978e+02
1.233282175790404835e+02
1.124964961931554228e+02
1.918261493530750954e+02
1.876519491787952063e+02
7.452909669429678274e+01
2.097802656271878448e+02
2.097050009916179647e+02
1.180394589909448797e+02
2.860855754573829586e+02
4.719061296553322649e+01
1.936324339804432668e+02
1.613792207241109224e+02
1.932786254452447281e+02
1.778576151163852899e+02
4.602459605681922028e+01
3.306111621546190236e+02
8.887948488722861384e+01
8.293791874077962234e+01
2.080666548433015635e+02
7.812843563106275724e+01
2.508635207233734832e+02
2.037427020904043218e+02
4.671663705388482413e+01
4.368401040862343621e+01
1.336550717938628168e+02
2.509794400503967040e+02
3.049011371956598282e+02
1.811936573878915340e+02
1.652200817153667458e+02
2.795785680310906400e+02
7.487850473090067283e+01
5.765707401886039207e+01
1.186569547639832365e+02
9.742944230190651922e+01
1.810678431539783730e+02
1.149049339047397638e+02
4.056631651846263509e+01
7.581744207774355004e+01
1.933037862200504549e+02
3.119621336498518005e+01
2.163562645206093009e+02
2.891493145153298769e+02
1.990235556924560001e+02
2.065888849102636016e+02
1.631291658668821185e+02
1.279844105682765161e+02
2.890562797865820244e+02
1.905649157563547362e+02
4.513738860160652422e+01
2.065726337602784497e+02
2.541969893776810636e+02
7.675354297583247387e+01
1.364474033010251617e+02
7.459782696497492793e+01
1.940408241552478046e+02
2.717535423406775408e+02
1.196867857525773786e+02
2.075778237200879346e+02
1.203976153306081471e+02
2.724196436978513134e+02
2.134029258603944754e+02
5.400243659959053133e+01
9.340596324529126093e+01
1.646916520336637006e+02
2.680337354358215975e+02
1.278328905926035475e+02
4.513246482270198356e+01
2.037744992732861817e+02
