2.788462437931009390e+02
1.550016424810528548e+01
2.209447779706064239e+02
1.205349365333995735e+02
4.298623073384976578e+01
2.123899568835347225e+02
8.676462420685740540e+01
9.332345023632454684e+01
2.304258655017365811e+02
7.717254414675254282e+01
1.099802203331963426e+02
1.510417547091291226e+02
2.166473439075396641e+02
7.625201299050382886e+01
8.217737175767936719e+01
6.901681425568165196e+01
3.157793838073929464e+02
1.978087005818217108e+02
7.870774650717467580e+01
2.113232773407825107e+02
4.374249934502094561e+01
1.076939718603379426e+01
1.259044066585518920e+02
8.674485713283370103e+01
1.793242909705016359e+02
1.659347351383673299e+02
7.952346385852355581e+01
2.072730532116773645e+02
1.675333647378005821e+02
2.863189935226745888e+02
1.873105345817310763e+02
2.910596504245299343e+02
7.070243529667934013e+01
7.402016929079478302e+01
6.378886236116828456e+01
8.874460709876596809e+01
3.058010710781126704e+02
2.188836268671649918e+02
7.461950971471246419e+01
1.142196562320707329e+02
7.666127391123046664e+01
1.714701628385952148e+01
1.901037027950379752e+02
1.710910775495297287e+02
1.178628946531616464e+02
2.032386264429325138e+02
7.709905030245140267e+01
3.827271688132852319e+02
5.882861314408421549e+01
4.797910325487067951e+01
2.009023910568926112e+02
1.158875976694643271e+02
1.470890153538715595e+02
1.907781427359155089e+02
3.660364701656468611e+01
7.830163395466939846e+01
5.855153410167993400e+01
8.699359086494906990e+01
8.583357196388044486e+01
7.841373817771595611e+01
1.719026462447563688e+02
2.739151804509852468e+02
1.286654637272639832e+02
4.681280959310281986e+01
4.200498049297212333e+01
4.678366154110023700e+01
2.352459285243797993e+01
4.921993113615930326e+01
7.249897998213035066e+01
1.138557615486321026e+02
1.940112908373632479e+02
2.295851762606476996e+02
1.225660236983424056e+02
2.495940399443969966e+02
1.979827632197873584e+02
1.043781954084847143e+02
1.157429550227264770e+02
1.194797878627240806e+02
7.141939563205977493e+01
1.994032159276059701e+02
4.521926784232883278e+01
1.100528773089370844e+02
2.161462362305786655e+02
2.835018807503508356e+02
8.343411986136686664e+01
1.774120593484991844e+02
1.924574271564544858e+02
3.088568426935079287e+02
9.002908628097780763e+01
1.168102786164732692e+02
2.995364679337100711e+02
5.717039701028779319e+01
2.095833538411110055e+02
1.238041015816905883e+02
4.046946201271831001e+01
2.084873151227481287e+02
6.755557494861859880e+01
1.920867075781529536e+02
5.010898978783188085e+01
8.021041043328565934e+01
2.140757983653074916e+02
3.139147870638016684e+02
6.092914971723737949e+01
3.606364434590624768e+01
6.008100938479790187e+01
1.150835755427455496e+02
2.129304893791624522e+02
1.141445557420324377e+02
2.812031971505135743e+02
5.083291055741620568e+01
3.841050377357797174e+01
7.546833328726597756e+01
1.765834488222553205e+02
1.496056187150898324e+02
7.050776483861268673e+01
2.846633504288456962e+01
3.022445919662460483e+02
1.181164517992569358e+02
6.457175752427832549e+01
2.137607036360588211e+02
2.327743698584614549e+02
1.664695850962683892e+02
1.185663224906011948e+02
2.881376191395125375e+02
7.913190970090003873e+01
2.416540129357755120e+02
4.487737601371052421e+01
3.062584851752721420e+02
2.914027782049790858e+02
2.877984768493395791e+02
2.001191802957144716e+02
1.694549728687726144e+02
1.206465890176897062e+02
1.606619097728883503e+02
4.511110744854000387e+01
1.208720006669968257e+02
2.117400702139412942e+02
3.125378935805776450e+02
7.422285981155073387e+01
1.498529729804162969e+02
4.655058275401343337e+01
7.018376369114498026e+00
4.718736352891854580e+01
3.300045801364369424e+01
2.981846218279754908e+02
1.437363886407273412e+02
1.419208990299117943e+02
7.712204460158091024e+01
3.060937240311095024e+02
1.186563797895223615e+02
3.002078100151742888e+02
6.344358460014530721e+01
1.492801745049779925e+02
2.681731951760672814e+02
7.401801132452104071e+01
7.529062580627845591e+01
7.847630265235552827e+01
2.225480974830214507e+02
7.980286036977138053e+01
2.367808958639678849e+02
1.920752136954905325e+02
7.286692335801625120e+01
1.698439627676335704e+02
1.120318996877382034e+02
4.417905868296844574e+01
1.037827846558240878e+02
8.145096045734322843e+01
1.944115050569914445e+02
7.024788431633307084e+01
6.974484948264579032e+01
8.373333986398333195e+01
3.214459977870554894e+02
6.310215834129990498e+01
1.217172107198060615e+02
7.214496012614256415e+01
2.043259856483273609e+02
4.504242700784003972e+01
2.071385388591252479e+02
9.049460553313942057e+01
3.127509330285701594e+02
2.603441188587174224e+02
2.787996203591318931e+02
7.515091137523762654e+01
4.469029860227437467e+01
2.202517817821120616e+02
2.237951967076413951e+02
2.485732863998320852e+02
2.783348671471732132e+02
2.028548514451474887e+02
8.981858347927654052e+01
3.211837309575864197e+02
7.467955293681950479e+01
1.514878391820094521e+02
4.464259907495357993e+01
7.646999942236027437e+01
1.293485204479094648e+02
1.112236061506970373e+02
4.566994718149880583e+01
2.528459717366047244e+02
9.293116685653764364e+01
3.067258239260837627e+02
8.125545943297798601e+01
7.382072882329137542e+01
3.054063423253701899e+02
2.772354383973065524e+02
1.207086864367453387e+02
3.044059053345915800e+02
4.318068431920451644e+01
7.620124085734246933e+01
4.252778292394741300e+01
4.487056175399384017e+01
7.867504336809018639e+01
7.373489148971971474e+01
8.138204100832460597e+01
7.883908728376259489e+01
2.070402060431022164e+02
4.804948733827736618e+01
1.869360541888303260e+02
3.006806522560352164e+02
4.637879356004426512e+01
1.653300944800931518e+02
4.826723347058664615e+01
2.961524827975696894e+02
3.072196107057284280e+02
3.074374414300852436e+02
2.217131528247035703e+02
8.039117470614542071e+01
4.562454827011461589e+01
2.019431385882126619e+02
1.180238089926389193e+02
1.071325383522896999e+02
3.011544919801829110e+02
4.841421239856940417e+01
2.727039567660539632e+01
2.062599608802646003e+02
2.405652377579254875e+01
1.120234325654494256e+02
2.086319627872648255e+02
7.560835353878829324e+01
1.987245850784244112e+02
1.840510326314712586e+02
7.478378498760729087e+01
3.157895833748569316e+02
7.112560314922882299e+01
3.042884902785824011e+02
9.229155038381476572e+01
3.232446790749570198e+01
7.369125364123020461e+01
7.788346038712023756e+01
2.856188185983769472e+02
7.070369247210545893e+01
1.475949398071535086e+02
1.974821648153801164e+02
6.577440944879333529e+01
2.261659702180627391e+02
4.596382955879231957e+01
1.291173910158750289e+02
4.825333085334487038e+01
1.779603402839715329e+02
2.827158296674195270e+01
1.663366217242701737e+02
6.935921976497583330e+01
2.936773334020721222e+02
4.891424440995269407e+01
1.810870679418461577e+02
2.109041209392988492e+02
2.025357979935079982e+02
2.880929511634585083e+02
9.747974533105437445e+01
1.237110493619091045e+02
2.848884771125773909e+02
1.934438435614142691e+02
1.221772567440795427e+02
1.757981827903382737e+02
1.083397009798883346e+02
2.497914650539572108e+02
2.012109221976063793e+02
2.900752672019620491e+02
1.709336557975074697e+02
5.351400526080564646e+01
1.305974874080041204e+01
3.308187676663213210e+02
2.998482468577822715e+02
1.811180579723204858e+02
1.900872425739279663e+02
3.632508335913253745e+02
4.637724529643365656e+01
2.756067794741161379e+02
2.564424304078359995e+01
2.417552685053909443e+02
1.830902176401539521e+02
1.295965853487246875e+02
7.227135213491439458e+01
2.251927696715282678e+01
6.973349693437292274e+01
1.661955312946556091e+02
1.605053547904997799e+02
2.696777196454384580e+02
2.359045016293382275e+02
2.988317157367196160e+02
1.970798656606903307e+02
1.105775217491727744e+02
1.177825627700299549e+02
7.635156537590196990e+01
1.560663753865030685e+02
7.364567357409165993e+01
3.794942220063543914e+02
6.408763214061487190e+01
1.368014749539523507e+02
1.552473303541342773e+02
2.273305749576064727e+02
8.736677765064078471e+01
7.343521151049208129e+01
7.293128082438370541e+01
1.085645033993118318e+02
3.061080474301659251e+02
1.985285400590251754e+02
1.327717886187141403e+02
1.164559733160206463e+02
2.013162254385194956e+02
7.582304928452983006e+01
2.738158732048139399e+01
5.749404505583657254e+01
1.354631480554007794e+02
1.221219389761437242e+02
7.250156161134438548e+01
1.250853503604532051e+02
1.287909142376204272e+02
2.887310502989940346e+02
1.981601751310896589e+02
2.463392104679307693e+02
1.143730443334049482e+02
1.971547988093885522e+02
1.748515479866398152e+02
7.880968251873999009e+01
2.969711112626419549e+02
7.545313174898815589e+01
7.521070344108314032e+01
1.291470287651269189e+02
4.363439060861154672e+01
7.572591162630976669e+01
2.045655871125937324e+02
7.145785254713641166e+01
3.385367718077562671e+01
5.200112469321159381e+01
3.051673049627768251e+02
4.774686293198683273e+01
7.506327777380731447e+01
2.043030643207545722e+02
1.987845306038062176e+02
7.050433787517440010e+01
6.084593904768529171e+01
1.684022982201466334e+02
7.034207486133531972e+01
9.768829617052556102e+01
1.273339368109236176e+02
1.243380123108841389e+02
2.665073031951134226e+02
1.411440966726540012e+02
1.724823039276840575e+02
4.368006607369742511e+01
3.186062828847259993e+02
1.119128258392832436e+02
1.836771239505016524e+02
2.046715469689817439e+02
1.112066704653165345e+02
6.056303841185434322e+01
1.620022397263376206e+02
4.372789822950808514e+01
7.244515146805224504e+01
1.207653358075675669e+02
7.282279267681748536e+01
4.248986964892861806e+01
1.977161812478703666e+02
2.879950389841895912e+02
3.057035082830143438e+02
6.934965113489084843e+01
2.011870002648633431e+02
2.154334592427581896e+01
4.410592783441008180e+01
5.410817627537827690e+00
1.158748347685131250e+02
1.059911792709112035e+02
1.107107781287081565e+02
2.117496867335003969e+02
9.856187488075667602e+01
1.236041148466842543e+02
3.169831072615093603e+02
2.116086817711480990e+02
7.587273773836751900e+01
1.784550887468577685e+02
2.277092877710473147e+02
7.719254640055766004e+01
2.103673877185787546e+02
4.596978054030464023e+01
2.952186956507613900e+02
1.500903304646431309e+02
1.369480387113049460e+02
7.184056333713292020e+01
1.101588034472827502e+02
2.890322772793485910e+02
1.490682282537199796e+02
2.920039796154014198e+02
2.903046887735047790e+02
6.901344219107841127e+01
1.172715026101897990e+02
1.336355094441319409e+02
2.080867026093691550e+02
1.801683900508910483e+02
5.748277532199112017e+01
2.115690104038593233e+02
3.149374473592634445e+02
1.958988917150676912e+02
7.422575243205055529e+01
2.050291434516663571e+02
1.057887806461331195e+02
6.269675783218252718e+01
2.243429468030823557e+02
4.274197324344545734e+01
1.144069198022827862e+02
1.830259920099192357e+02
6.972440755022682879e+01
3.306090278631870660e+02
2.709092874866692000e+02
4.426530335885249912e+01
3.148625840397540969e+02
2.046515452742659988e+02
1.621394673428559940e+02
2.110924977623982102e+02
1.850068884128739057e+02
4.804631776747170591e+01
2.384604656910787241e+02
1.203008089536165670e+02
7.092236948644399774e+01
1.236688392779490329e+02
2.003549745307904857e+02
4.500610962644157098e+01
2.668871085895257806e+02
1.222568598436943006e+02
1.380086822522799253e+02
2.068144501067504848e+02
6.035126009468670105e+01
1.083358459718408824e+02
1.858649134688643585e+02
1.732996621538831619e+02
2.034228426462567825e+02
1.759005651482629560e+02
1.542355910162264649e+02
1.151348963867506825e+02
7.517214617859288239e+01
2.102054014973465428e+02
1.782193425368371322e+02
2.257074340756514630e+02
7.213823566769018214e+01
3.239940190714431196e+02
2.594102546915939911e+02
1.960200602317098628e+02
1.062505887625736136e+02
7.848400264227095136e+01
3.396786118499111922e+02
2.884904688031821252e+02
1.992458910611512692e+02
4.320215752706485546e+01
1.888143273493411982e+02
2.056063323169391310e+02
8.533042753101041455e+01
9.392850610659333199e+01
9.729479973739807974e+01
1.844906977421042882e+01
4.628459456119604454e+01
2.850869953266420680e+02
1.346187168853198557e+02
1.221005420127502958e+02
3.225658668365650215e+02
1.173763937693317985e+02
3.312488398190476602e+01
1.211417847042594786e+02
2.123344963985557570e+02
7.503919746096815402e+01
1.283589505187033808e+02
3.023495088977801970e+02
1.181582978057053168e+02
2.535088459611544067e+02
2.038189839432303643e+02
5.681824881846554121e+01
1.184726814002015942e+02
7.389015749036229863e+01
1.516685672282305291e+02
2.269533076913673142e+02
3.491679303541533841e+02
5.957772192909627762e+01
2.080198306782428119e+02
4.175905473399788548e+01
6.795132331523335267e+01
7.565754866091273811e+01
5.916200007261451077e+01
2.004184439631254691e+02
1.322974867244583379e+02
1.683821261004093799e+02
1.254639121923511880e+02
7.539204803670439503e+01
6.343186463289874411e+01
1.491306771155591377e+02
4.832899436715047159e+01
1.041484813143054424e+02
1.870898604291841991e+02
7.263579044691073250e+01
3.136805734003186785e+02
9.665429583632483457e+01
3.132954242395235838e+02
1.229908595394197448e+02
9.600076560747388044e+01
2.840640980928318982e+02
1.313872457141908683e+02
1.998154287024549376e+02
1.264016194873430408e+02
6.696628915953584738e+01
7.457891057689312220e+01
1.122388020487202169e+02
1.908003021940132840e+02
9.766529658170490791e+01
3.346419591468992394e+02
1.142283149569157388e+02
2.297641554644205257e+02
2.118557125927817708e+02
1.505794886351234823e+02
7.290177871028697609e+01
1.194244933116765424e+02
4.664709953317707658e+01
4.306551047321515568e+01
1.025129099512912489e+02
7.640661125586758828e+01
6.810105445747959152e+01
1.826440053891993998e+01
3.144605583750705478e+02
4.098652990176896083e+01
2.005602071675203888e+02
7.654026758167056244e+01
1.553900704148148009e+02
3.032600102990535902e+02
2.049410445463151689e+02
7.608745784013780167e+01
1.916563334569245001e+02
1.258703552016228713e+02
8.418901949174993149e+01
3.423364014413823497e+01
1.978288311930468524e+02
2.785961985038426860e+02
1.234586911563678484e+02
7.338510946804531443e+01
6.903151715213002149e+01
2.387310928362972788e+02
8.008758741148469085e+01
2.084009554917574292e+02
1.850313260607678387e+02
2.767261572388571835e+02
7.681641774596495509e+01
7.604203785998382159e+01
2.103914654548979684e+02
2.122933022521402791e+02
7.667179100168566208e+01
1.822322089256900881e+02
1.949602010462004102e+02
5.097442265915898929e+01
2.380401851355480574e+02
3.016959793339295288e+02
2.064229461545672706e+01
2.067170319020236491e+02
7.445902018271799250e+01
1.829034073058510899e+02
1.885412307860239878e+02
4.053998103413050558e+01
7.504762334051255834e+01
2.007714353519524195e+02
2.336913055035748954e+01
2.874720604567096984e+02
7.130062637765230704e+01
3.107456072731520749e+02
7.354731773270215456e+01
1.439000292742772444e+02
4.476795769776124700e+01
1.180952811708014707e+02
3.001575678398288005e+02
5.659133100075240463e+01
2.775493731483744568e+02
1.256743338733415385e+02
1.855238739323335437e+02
3.229586662008429698e+02
1.973082008865025614e+02
5.101123345685071087e+01
2.021522610825462323e+02
8.926157694483333671e+01
1.386287061884713978e+02
1.113755891439267174e+02
1.214498022036605676e+02
1.167812748654689585e+02
1.467938346564188805e+02
1.992491706010210351e+02
3.144775771413093821e+02
7.536002697672061856e+01
1.158698039172322183e+02
1.657376941879327887e+02
6.824274085020867631e+01
1.910776511017799066e+02
3.876630119517314199e+01
2.207457840156434372e+02
2.782731257616258063e+02
1.921427697748609660e+02
3.045308351218180860e+02
1.948194740235097981e+02
1.234710206470779212e+02
7.685291275236828312e+01
2.099365710878629443e+02
1.922642060368306716e+02
2.325664356470626046e+02
7.588221447534873221e+01
7.531499085308178110e+01
1.278027916556862493e+02
2.102533653377651035e+02
7.574882443312206703e+01
4.577696553928768708e+01
4.293228410424389097e+01
2.046324841867388500e+02
1.059821169456653820e+02
1.130439670521455184e+02
1.757869514976776486e+02
1.416009124212372399e+02
6.937549201549899180e+01
8.308145139092933107e+01
3.996290505968069056e+02
1.393676504600070132e+02
8.231385188622091675e+01
3.719078771673292181e+02
7.442419355421870364e+01
7.651641926745845979e+01
7.515732584471500388e+01
1.907521942677358595e+02
7.817620022325755258e+01
1.996874989014827690e+02
4.496087105111447357e+01
3.948154453794914502e+02
7.614462272500557560e+01
2.489141160528491525e+01
5.516474691793113294e+01
1.979907534938859328e+02
1.731344811329095137e+02
7.827680433956142281e+01
9.245367019311835577e+01
1.844664930446282938e+02
1.400646833595725127e+02
5.946958035458686709e+01
2.062261531650592872e+02
6.364295664996792823e+01
1.334044622717770210e+02
1.990314953280959287e+02
7.758189044753557084e+01
2.021053310781514369e+02
7.579644431844951669e+01
7.543514425868492879e+01
2.946808146474864998e+02
3.750853195051251987e+01
1.711321353752731795e+02
2.075276150440189156e+02
4.727566667377696064e+01
1.616714675042453564e+02
2.903171251034126499e+02
1.232465932284258230e+02
4.503333548605798597e+01
9.217407177035352106e+01
4.568663889098149156e+01
3.240846544721883902e+02
1.005107702114111987e+02
1.294276872640807881e+02
1.681867584912368159e+02
2.954711532593053107e+02
4.965659449495735345e+01
7.532720113734167455e+01
3.112819175039498418e+02
7.513609230088830770e+01
2.017850143038928650e+02
1.977696946937263078e+02
8.597387414468958866e+01
2.019817226983975047e+02
3.516209545812256465e+02
2.254358975314201530e+02
1.872860299540227231e+02
7.704650854548069105e+01
2.321854611357508702e+02
1.245633755906967224e+02
2.440692354352152904e+02
1.990592255120539846e+02
3.281397752475364200e+02
1.952692969523332067e+02
2.008791351435429249e+02
9.543377318263243581e+01
2.058510657632006087e+02
2.366520977872162632e+02
1.950388132854056096e+02
3.090499437103001128e+02
9.109008370530791865e+01
2.486901578812938283e+02
3.412612494041089803e+02
3.341013328063868926e+02
4.139356733989096426e+01
1.197207690494501691e+02
2.018142321615304979e+02
7.236139780012061351e+01
1.171860434818834449e+02
4.373154893549720867e+01
3.058808352007242206e+02
1.979562446670508677e+02
2.039757982216183620e+02
2.075307703218061022e+02
1.447930817978906930e+02
5.345915382193579291e+01
7.274709161995740203e+01
1.664369897967677900e+02
8.966185154925057077e+01
1.195062095825621924e+02
1.937496568544571289e+02
2.758194020853058532e+02
1.569122842592133225e+02
7.425872957677248110e+01
1.912210001603746150e+02
6.255327954796534584e+01
4.569444662045100358e+01
5.901605337391978168e+01
6.127111888653259797e+01
1.031829215666835893e+02
1.476744400898157323e+02
3.638579233054584847e+02
4.867812821008305235e+01
2.165014735703162501e+02
4.211676537309964630e+01
1.999510284710985388e+02
1.082694642916246721e+02
1.925497030461545194e+02
4.214519439170031490e+01
4.732469440415764694e+01
1.535072993672790744e+02
1.595400736776046813e+02
5.299572423092942586e+01
2.013790064937830380e+02
1.354893848646738377e+02
4.495415195712587320e+01
1.857361670051130318e+02
2.798679156801662771e+02
5.543509775311991206e+01
4.587397265046318751e+01
1.272338440554023862e+02
2.857576233439919520e+02
1.034155529712881219e+02
3.594470492820809682e+01
4.125689237840141743e+01
1.965949182577676027e+02
7.520772572304970538e+01
4.291314886961365715e+01
1.016973389060951689e+02
3.026755083716607828e+02
2.018009488207793822e+02
2.873065868043005366e+02
2.039799493813765139e+02
7.520913752216128501e+01
4.175060108499232570e+01
7.339056423954038166e+01
1.754284208877021456e+02
9.990616248353479989e+01
1.996119691889379908e+02
1.498030414073221266e+02
2.091404282022110692e+02
1.269261470556554343e+02
2.809516143162678645e+02
1.285767797443599818e+02
2.011501885788073594e+02
4.686934453725937288e+01
1.000923642983773050e+02
7.365970337638603382e+01
1.886183574347686331e+01
9.558787410891964953e+01
2.957685127446628144e+02
4.374741514837205614e+01
1.941675904798707677e+02
2.481410682999938899e+02
2.009365913897284770e+02
7.254615789252248703e+01
3.145292972866827768e+02
3.156636874705791911e+02
7.415236766146423975e+01
4.412996387308032098e+01
7.953219910272234472e+01
4.492223878912802348e+01
7.613053107744191550e+01
2.943882542315013779e+02
7.108128336465124164e+01
2.953192022836516344e+02
7.152060917977560450e+01
2.077204795710246970e+02
3.879196749126666788e+01
2.230735188207519855e+02
1.259867629059062324e+02
7.439666779021415266e+01
1.198579703415008453e+02
2.886633322913774009e+02
3.035136143580102726e+02
3.135579180963478620e+02
4.630440411399166578e+01
3.110862242897380270e+02
7.555156579409126039e+01
4.853041713994777950e+01
1.985150877785896455e+02
4.492559076260911155e+01
1.960556856613164598e+02
2.207719885941739051e+02
5.819191352162896180e+01
1.925589417853723830e+02
1.935154387076075579e+02
4.549201166481498149e+01
1.355166270444053112e+02
8.136071971868699393e+01
1.900108748586067406e+02
7.670518531577890542e+01
4.726375432874056060e+01
6.038444273012116525e+01
5.607844500846488245e+01
7.653623563460817536e+01
2.013762245904351573e+02
9.693431048375249759e+01
1.987764679700502199e+02
2.739226347802619443e+02
7.317325538821009445e+01
3.609713777864839130e+02
6.542550105765006663e+01
2.151247048683768810e+02
2.926689280372286817e+02
7.895548960629521673e+01
6.564677034449017867e+01
4.620570896125324367e+01
1.073730836769171049e+02
1.157052470230357670e+02
7.588232908066407845e+01
3.108932741096020322e+02
2.079087589763911978e+02
3.644531007324981715e+02
7.044649457049332852e+01
7.866065578487184951e+01
3.964058493230365077e+00
1.194174347057178380e+02
2.273956632290799007e+02
1.185826985993268465e+02
4.594600764326838060e+01
1.594816573478892394e+02
1.555835065818695568e+02
2.549419152960330734e+02
1.715625334852749404e+02
3.907530450658351810e+02
4.884613280889011833e+01
1.253774801767588798e+02
1.107468994649538701e+02
2.892082951895075666e+02
2.141527159748394240e+02
1.957388626650619017e+02
7.402285141822176229e+01
1.233992316546904959e+02
3.744804847076001408e+01
7.664021162205790461e+01
1.964068001897110491e+02
2.051666545671152733e+02
1.545850398845551581e+02
3.028023123611190499e+02
3.220944328687810412e+02
2.435270445474784751e+01
7.809018648765842840e+01
4.556721846896356709e+01
2.020618249612238060e+02
5.502706197664396370e+01
1.266483839386037857e+02
1.369985561595951822e+02
1.966324773901488072e+02
1.799057855178999432e+02
5.203147313299516696e+01
1.191282887193410573e+02
3.136768280215654841e+02
1.161420239046463223e+02
1.967781463557334121e+02
1.840373695026084988e+02
4.082962603813548697e+01
1.709875325544259113e+02
7.864869293034442421e+01
4.704306278586643231e+01
7.578812416534718466e+01
2.002710832704657662e+02
4.724496312935870179e+01
1.954280287898749009e+02
1.143922210713049878e+02
3.502273330527356734e+02
3.644295008712155095e+02
2.928325283479268251e+02
1.917571624270250936e+02
7.747136598304565780e+01
2.115002965571949858e+02
1.094259229240717275e+02
2.050400105823723322e+02
3.227652685310542324e+02
2.973660827314761832e+02
8.580911216146218123e+01
1.323150124196208992e+02
4.627804234293904528e+01
7.432972432121626127e+01
2.161456937610267346e+02
7.291850287973922207e+01
2.911156029746418312e+02
1.813533418346096653e+02
2.637052417751231133e+02
7.502603491386172152e+01
3.054562838027901535e+02
1.966098665952070519e+02
1.872816105633445432e+02
4.495990641207295369e+01
2.494863550678166177e+02
1.218797668283482381e+02
2.845538243556463698e+01
7.633537608817772480e+01
3.796061953483538787e+01
7.822808480027855182e+01
1.572722907679186051e+02
2.897277653073493866e+02
4.491024386455350026e+01
6.888781941042391566e+01
3.598947891721704195e+01
6.240461518165145094e+01
1.025632071863695529e+02
7.376244017997726132e+01
1.279108237275446811e+02
2.858491949883724033e+02
8.551091959339704829e+01
1.650666322132013875e+02
5.264640793754792014e+01
4.448398471389050712e+01
4.671751025361827914e+01
2.234975293977132367e+02
3.051515524668103581e+02
9.922085038761426290e+01
3.023635887872969263e+01
1.226814162219115900e+02
1.933427651737619897e+02
1.793058830180585232e+02
2.005125061987803861e+02
1.970952665916684907e+02
2.398920420966894937e+02
7.725457232762956039e+01
6.359487794486935996e+01
1.108372341868738857e+02
1.308666828582638857e+02
1.779760694516902220e+01
9.649828424681351180e+01
1.086102133999712009e+02
4.719101486282783497e+01
1.255008760986957412e+02
1.178084365310333510e+02
1.326884235086137380e+02
3.105691575921098888e+02
2.096353513207134824e+02
2.122220317934979050e+02
2.626622156875149017e+01
5.810813556385575396e+01
1.649699855255248906e+02
1.682983087419223693e+02
1.840472791514937967e+02
2.019339945039075701e+02
4.500201074389156730e+01
1.980179010281554497e+02
8.204455987568782405e+01
9.113803443263897464e+01
2.181410571051927718e+02
2.042070726658392346e+02
4.493868392717643445e+01
4.188923223606807511e+01
2.081771433673907552e+02
2.229818527424670833e+02
2.131942765200036263e+02
1.563635494353511035e+02
4.168848826104849792e+01
3.154692591848905181e+01
4.814893886752585672e+01
1.247527591215790181e+02
7.065430989289090746e+01
2.904620675496664717e+02
5.851326142653124407e+01
2.503355071353606718e+02
4.178958574071385357e+01
9.090565741288337165e+01
4.515658304679902812e+01
3.588230992837336686e+01
1.766325831863216820e+02
3.885321327233316424e+01
4.144262080562535999e+01
8.034164847969523748e+01
4.536740703573970990e+01
2.087936762955681900e+02
7.792901110835910572e+01
2.018591327969605231e+02
1.261297115493522512e+02
4.635995264024262497e+01
1.836768617558572316e+02
1.803510080328439358e+01
1.997089877888079457e+02
1.182529398860626486e+02
1.011275913317396657e+02
1.206204723673224493e+02
1.219258707718137060e+02
1.150383973804190845e+02
3.204405089363087313e+02
1.127971528041013585e+02
1.437616575681734332e+02
2.935758507536191928e+02
1.744668387365770741e+02
7.366312966251197736e+01
7.669559040768726277e+01
1.858407014779980102e+02
7.451359485690267093e+01
1.948326459063793550e+02
1.861125683590586846e+02
2.341454635270808922e+02
1.334606326674394268e+02
2.032635240216266652e+02
1.882285275442058037e+02
1.011193661526255170e+02
8.077000293319254354e+01
3.262739268128209460e+02
6.398581387982694935e+01
7.990184423674550374e+01
1.184546786508130936e+02
4.698159428589590192e+01
1.640087387024143482e+02
7.243954966601832268e+01
4.436359970709851552e+01
3.233418069860632471e+01
1.176368272448736150e+02
3.517303297457635125e+01
1.218878566867135333e+02
1.779735027695618328e+02
2.974640914772868427e+02
3.067475352471749943e+02
2.034633235514447449e+02
1.354205491107645685e+02
7.622263531767808331e+01
1.191305290628909432e+02
2.995564595400487065e+02
7.964452774055811801e+01
4.319050703100631949e+01
2.127195036069626326e+02
2.089299304483735966e+02
2.170933623079418737e+02
2.819133180199227695e+02
1.633167167433351494e+02
2.025166557841917836e+02
1.183783133686635693e+02
1.154376050017223037e+02
2.136646248023119199e+02
3.016602437784418100e+01
2.022454390019799462e+02
1.975731117379536101e+02
7.436166652828433143e+01
7.656670708921916457e+01
3.207961947090451815e+01
8.281972644809764006e+01
7.135616561244484046e+01
2.140209578742247345e+02
3.237074356537841595e+02
1.016433863507534312e+02
1.785714622778384069e+02
9.496060526861099049e+01
9.819722527615550689e+01
1.976062115867304954e+02
7.537676697716069896e+01
1.211999094621292699e+02
2.139156068914016942e+02
1.279562105647504495e+02
2.048268432336065530e+02
2.068783821293914684e+02
2.749892411579068607e+02
7.829144377805012311e+01
5.444752674605454956e+01
1.978450248296253164e+02
1.829337304185745836e+02
4.352843506768368798e+01
2.002803517221087048e+01
3.179911331456386847e+02
4.808114782381715457e+01
1.450932969948433708e+02
7.356548083201515453e+01
6.600871762087206207e+01
1.876728626864110652e+02
7.491937745104439728e+01
2.552202417251180009e+02
7.353595693715685400e+01
2.371452702619088484e+02
5.461187677498896420e+01
1.134290881761835124e+02
1.642251223473004984e+02
2.854611746866169142e+02
4.669964531903205085e+01
2.273888900590665401e+02
1.920381685422266287e+02
1.029663439716619706e+02
1.680372741900949620e+02
1.587890907796989559e+01
9.222071521031493546e+01
7.455584102516799305e+01
6.243760402652437591e+01
4.639720082658477907e+01
7.588099809288502229e+01
1.177734713833415157e+02
7.765593449557097472e+01
3.063828984947136860e+02
7.630191843396252693e+01
6.619476068108738787e+01
4.544718670156938600e+01
3.150438995526354802e+02
1.927665092603049288e+02
4.337280612178325612e+01
9.174168078794318149e+01
2.096556855164802471e+02
1.478390257656219546e+02
1.215198519996672246e+02
7.517966452961059076e+01
1.879453111430689773e+02
4.828989342963919285e+01
1.800713524392788543e+02
1.883392829955927255e+02
1.064592108533191208e+02
3.396465082157684492e+02
4.373607634854079862e+01
2.054153461296097589e+02
7.731584383097937518e+01
4.553417988596126520e+01
2.906316373420281138e+02
4.595659867037624480e+01
2.584253797822926657e+01
7.527569441066809475e+01
1.370224588115791846e+02
1.447028435050031270e+01
1.029648347568523121e+02
7.296309442414386126e+01
2.423864688088357866e+02
2.598622402788689669e+02
4.576017876097218107e+01
2.973106665302084934e+02
6.829812285179920650e+01
2.162947122934545803e+02
3.152822363695854051e+02
1.074122052239754233e+01
1.732681278511727498e+02
7.643106141884942417e+01
6.967874819801187414e+01
2.935083154520127096e+02
1.024741076147680303e+02
1.805131534210031532e+02
1.752399202749725760e+02
1.012962569604308669e+02
7.159624705273779455e+01
4.586137160725584749e+01
2.923824755659323387e+02
1.347799663754345545e+02
1.246672771360982779e+02
1.544543750580281198e+02
2.007673043520108536e+02
1.722441470723385351e+02
6.142610432463402503e+01
1.985627830415419623e+02
3.181467080703870920e+02
1.938959093491767192e+02
1.985938637720486213e+02
7.454383801515098185e+01
7.878477877273859065e+01
2.388404203678592808e+02
7.713097882752667545e+01
2.009409631136967107e+02
4.731983342344261700e+01
1.206819561751898391e+02
4.227349201780903343e+01
1.946015801894195363e+02
7.590687686148319813e+01
1.237006868515954636e+02
4.818544281034307630e+01
7.389347377399110428e+01
1.972229235415043149e+02
8.416325132581742707e+01
1.163550814799786934e+02
1.794092923085346172e+02
2.959578260451102096e+02
4.601491346653106262e+01
4.404187115113386852e+01
2.713621190803568766e+02
1.231657906992806630e+02
2.274316852639243223e+02
2.008719914399052087e+01
1.808336701160135362e+02
7.102282812823882807e+01
4.483804225019005685e+01
3.271557226415445712e+02
2.253497498831480073e+02
3.290050660024517697e+02
1.158469276855528136e+02
7.493743798199147932e+01
7.500225887324056373e+01
1.710757339406861277e+01
1.828790479329293248e+02
2.041289648793426466e+02
3.132142139110459311e+02
3.734169510528905676e+02
3.049504596902067988e+02
7.181755217300252525e+01
3.289026763835065594e+02
7.047329692680976621e+01
9.249485890446993608e+01
7.700795864013012704e+01
4.433819003277376680e+01
7.251836794025301458e+01
1.267837943250777499e+02
1.505566220000099520e+02
7.839640274757931593e+01
4.298005716199452309e+01
2.052475400741959390e+02
7.621902515714727144e+01
6.530657553574950214e+01
7.587626837383126599e+01
2.031142580494942536e+02
1.243566161651531274e+02
4.240981503575289224e+01
4.212915873165746916e+01
1.643728289206039790e+02
3.199053274045749617e+02
6.258031535002858448e+01
8.752361559791108903e+01
3.131714112800989938e+02
2.853668815138759669e+02
8.846382784452264048e+01
5.767417480677616481e+01
1.893151763666444367e+02
9.344886188284037587e+01
1.553888778680956477e+02
1.743423931100468849e+02
1.760720096065557527e+02
7.962692752306847410e+01
3.190400342104566676e+02
2.835446001573981221e+02
3.276092671071989457e+02
4.418728717569878484e+01
2.717779806531995632e+02
8.490327572611928986e+01
4.856344499738546716e+01
2.133592463187239048e+02
1.899808821557259932e+02
7.546311113071718069e+01
6.733072095519244726e+01
1.255286831665326304e+02
1.191457624742532886e+02
8.358250039209595172e+01
5.000798768350681911e+01
3.330719958968016385e+02
3.976768828512608138e+02
1.968353644241698532e+02
2.179211807419998692e+01
1.135283580873503695e+02
1.467812529818674250e+02
4.380071645005496350e+01
4.605322701453075496e+01
1.667008466984506470e+02
1.022450437651231780e+01
1.169577904720977557e+02
4.304360334711559233e+01
3.191936199115165209e+02
2.933049673017199552e+02
9.405084248714982209e+01
7.874924787406733628e+01
3.936021074926222241e+01
6.717059692056970732e+01
2.808834156308228103e+02
2.965049952966934370e+02
1.888622089059122686e+02
2.974550482075354125e+02
2.906462238045527329e+02
7.004343794201857065e+01
1.917974695169208985e+02
1.317641226108576404e+02
8.828411559505434525e+01
2.939918230869919284e+02
1.038694758553588429e+02
2.128957381042122279e+02
6.010112853070531003e+01
1.740019149469099489e+02
3.016408448489193006e+02
1.107049191510131578e+02
1.270835351619699196e+02
1.189666603439499113e+02
1.825475147100285085e+02
7.551942770584149400e+01
4.481845439085972771e+01
4.549580118988357924e+01
3.259079732267697977e+02
6.328501244800913383e+01
4.404945161591779623e+01
4.638536698425138383e+01
4.452054690768357403e+01
6.375045642442670157e+01
2.822945776617424372e+02
3.073176143282059343e+02
1.959083784704992013e+02
2.071726694738107994e+02
2.994999691239648314e+02
2.111092036064663944e+02
7.638231733182267646e+01
9.908046982146762716e+00
2.312442838131402993e+02
2.127069600385548824e+02
2.404889500564233913e+02
1.510897024719016315e+02
2.008565581931130737e+02
4.261095954504074967e+01
1.216945977249991131e+02
1.913613284583298366e+02
3.177499176421395077e+02
2.366251917652700598e+01
1.031336081543812213e+02
7.217825179168781347e+01
4.330085006167139738e+01
7.806266211278678213e+01
2.789478360186872692e+02
2.908618445803570012e+02
7.565617466461105778e+01
2.328031670654802099e+02
3.076008889113469422e+02
3.258729041915415792e+02
1.275120964275958499e+02
3.136847521169354422e+02
1.701316868102881301e+02
1.427222211124349087e+02
4.388716810884462660e+01
1.083319424524672883e+02
2.911873265156937123e+02
9.838763870688726598e+00
2.802216788166115435e+01
2.987135077833180503e+02
3.026833575105466139e+02
1.835377700139777630e+02
2.037299050007977996e+02
8.029986244978682919e+01
1.868851629377249992e+02
2.120283689739788144e+02
1.861219001565042390e+02
4.744722215920702979e+01
1.220142525900034514e+02
1.694263250036902946e+02
3.379838892739096536e+02
1.077910155259590255e+02
7.571045371724042639e+01
1.386720709988406952e+02
9.095881292125361028e+01
2.784837415199884845e+02
3.147909067092780333e+02
2.026724352130967759e+02
7.386427436172027683e+01
2.855641074461494782e+02
3.026947380829057010e+02
7.317754117478521891e+01
1.963088052582147611e+02
1.084726370632333641e+02
6.237505747921949961e+01
1.935698957115068310e+02
7.366498753490606077e+01
1.585305071369079997e+02
2.877845315027522020e+02
3.090287392665668449e+02
7.890487600341465679e+01
1.935795171993180759e+02
6.274192001967630006e+01
9.010608433133231188e+01
7.123715721783881349e+01
7.490981328366711978e+01
2.926953050238435949e+01
2.074954177318960262e+02
2.219130439955468717e+02
7.610323214486753329e+01
1.983311797638479845e+02
5.744368580874184715e+01
2.016042897323293630e+02
4.833714194397759201e+01
2.096278658712215019e+02
2.935229031646634894e+02
1.269562262241832258e+02
1.133970859964393014e+02
7.375152431339958525e+01
4.687174215068731797e+01
8.025958025861444867e+01
3.262539893114898177e+02
5.342259080632459245e+01
7.678903540197184441e+01
2.865166184760828401e+02
1.073250052334449407e+02
3.108350859182843919e+02
1.238309902596576251e+02
3.704140101462622852e+02
1.004347030717465685e+02
5.742291239526612401e+01
1.835340044228192085e+02
3.184709291094673631e+02
2.535492221779891509e+02
1.661882058143130507e+02
1.500136913909351790e+02
9.676411263866127399e+01
1.768150147311138198e+02
1.697686590349126732e+02
5.394950191207654910e+01
7.256615819097973485e+01
1.997504121590966122e+02
8.012861560584892118e+01
1.183352413737563751e+02
8.880405459794209833e+01
3.020040098333553260e+02
7.366652985811761312e+01
2.854295036722672307e+02
4.620017308373434872e+01
7.462540353005705640e+01
1.976330454115439466e+02
3.126129699817619212e+02
7.645248422917070741e+01
2.323075574738070941e+02
7.879493033362894039e+01
2.090816919102237250e+02
8.523337702405765981e+01
7.243764463890208560e+01
7.467689866974083657e+01
1.992837194995800871e+02
2.011587965499551558e+02
2.089959460444135004e+02
1.937567423385794427e+02
2.446996185534526376e+02
1.991194775915288915e+02
2.233642517131082457e+02
2.051283183811322317e+02
2.024898494723107376e+02
4.533845286649747663e+01
4.582300943024479523e+01
1.987699550936621904e+02
1.616819568196581258e+02
7.864565451963061093e+01
1.994770991632718449e+02
4.297456319855993456e+01
4.867603971830838105e+01
8.233937548609961254e+01
2.665146305516133225e+02
4.339854159225366459e+01
7.306719620143599059e+01
3.398160837407331769e+01
1.444474832710308760e+02
2.477362641192944182e+02
2.965618068417308351e+01
1.812194256932197334e+02
1.989715469342967822e+02
7.811194476366799222e+01
2.190983999793267571e+02
1.042455679022544217e+02
7.015252576200771273e+01
1.878006397646360028e+02
2.144848405990250342e+02
7.081523940589723054e+01
4.723890471824807236e+01
3.196021155800690963e+02
7.456013926320392216e+01
2.930324954793057373e+02
4.612306906813257257e+01
2.632499504487400372e+02
9.030140520004567861e+01
4.372496900412999565e+01
2.793666153230218470e+02
3.053432096959585920e+02
7.663201969831692395e+01
3.197523448359899589e+01
7.283438585033013624e+01
1.196385675425653261e+02
1.206409609622072736e+02
2.056245069014057663e+02
2.112882603496211971e+02
1.920461607635091070e+02
1.969014241327071204e+02
3.048903722914963623e+02
7.426024797331599814e+01
2.004007221311615865e+02
1.743691420733046868e+02
3.207168488919749620e+02
2.083658055459789296e+02
2.422338609450508784e+01
2.001248263092512332e+02
7.138876255296007400e+01
1.310323266583466761e+02
2.111370009185349943e+02
6.576144817340450288e+01
7.616496630589023198e+01
1.961970697005207001e+02
9.250147558657529601e+01
7.475469553497116237e+01
7.836476233237166866e+01
7.804332806498241837e+01
2.026740289162104887e+02
1.997358543885019913e+02
1.922987762583269387e+02
1.301082337454560900e+02
3.155342310370085670e+02
8.093761209022693492e+01
1.188917684965155104e+02
1.313904163639159606e+02
7.264597853689363660e+01
5.401086738254753783e+01
5.881360922287096571e+01
3.157334414180155235e+01
3.265249088995144007e+02
1.416946233655866294e+01
1.776202050817839222e+02
2.729380634527112193e+02
1.905582885143431895e+02
3.914890384794897216e+01
4.845242143892041042e+01
1.941544649190208816e+02
1.192148628171599114e+02
1.572450006700069309e+02
4.337290855366068598e+01
3.018139030284122555e+02
4.559621873801872027e+01
2.009090958972513761e+02
1.013083609173827995e+02
1.080403151850698578e+02
1.268406497990168731e+02
7.965548466178972831e+01
6.080758206779064778e+01
7.477129940785611950e+01
1.921038284050199820e+02
8.920510810560742243e+01
1.974164036008584731e+02
6.757990537568572620e+01
7.962105633421805351e+01
2.961325126604954789e+02
3.058416018192262413e+02
6.396814373328920311e+01
8.193448148109689555e+01
1.835823489499361472e+02
4.371322050424841876e+01
2.954653425449209294e+02
2.495625893863871170e+02
1.326933552923146067e+02
3.113512628623778369e+02
8.293120733002596978e+01
1.287492773609726839e+02
4.626123181914152127e+01
1.998835971328741437e+02
1.526081557974810607e+02
1.924981158487819357e+02
2.896543748940446790e+02
4.702086558606166733e+01
3.009006483189544952e+02
4.515186735169070431e+01
1.902181693787162544e+02
2.463631332887314045e+02
1.199177459598110147e+02
2.923766601921115011e+02
2.528255235978205917e+02
3.005097338175386881e+02
2.523242962772309568e+02
6.061671397700425956e+01
1.755376224172637762e+02
3.557459359461451527e+02
1.722642842128924912e+01
3.194571730738924202e+02
1.016741798920747613e+02
1.590695043241132396e+02
4.351039419311846501e+01
9.506268734906820228e+00
1.919016785610241698e+02
8.653986144737442032e+01
4.685246354900551324e+01
2.182660879915187024e+02
5.543350228095362553e+01
6.484869087089599304e+01
1.659771792211478498e+02
1.796818518732713699e+02
8.967806200621176060e+01
2.111239596796674789e+02
4.459015190781304483e+01
7.688893863794496042e+01
1.179849591714021102e+02
7.943535939636630872e+01
6.774012990474440699e+01
4.479666542781222915e+01
2.160618722282907243e+02
6.394228415337109794e+01
7.553425560929458982e+01
1.688524049571528280e+02
2.722644249320274525e+02
1.997833006681971142e+02
9.403619689644391144e+01
1.791761952994976923e+02
3.110874043526642367e+02
4.563587224289500455e+01
8.785882718052944540e+01
2.526836200324303547e+02
1.709373317608151126e+02
4.554925271557154076e+01
6.891239277301690436e+01
2.937769464472146979e+02
7.302709412941439382e+01
1.912870235817536297e+02
2.279102602925365773e+02
2.322518830257320417e+02
1.078705776249873622e+02
5.169662408481237748e+01
4.209958255499780932e+01
4.540947818920728452e+01
1.271101633527478612e+02
7.894093732805819741e+01
4.530256105237274511e+01
2.790717894688783645e+02
2.772324751349966050e+02
1.246101365722043255e+02
1.674690029384050263e+02
3.517317677328775716e+01
8.988269199154231615e+01
8.012168502461769037e+01
3.225903730899138395e+02
8.548683751889817017e+01
8.933856694374152596e+01
7.502202051143359540e+01
3.152306769343065298e+02
7.846065617471619191e+01
2.121734982831543448e+02
1.650361343236166363e+02
2.848527163191849922e+02
7.585315938330838037e+01
1.988172278969580589e+02
7.652717865217873339e+01
8.698609591243668149e+01
3.115247573074777847e+02
7.524790597467642783e+01
1.205499988845031965e+02
3.013330603995037222e+02
6.786065263215010646e+01
1.442682665026332813e+02
1.960451733792158677e+02
3.103209363121541173e+02
1.202491050868093794e+02
1.083742076857697043e+02
2.919252973195125378e+02
4.930427138927537811e+01
1.434019676307769373e+02
1.329929992549634221e+02
9.994384577014729132e+01
2.027589985693173844e+02
4.291687582190394323e+01
2.704709788219748816e+02
1.366297863691787313e+02
1.480733900218872918e+02
7.415390237434826304e+01
1.280145047856956353e+02
1.187845687556898895e+02
3.310707866095848431e+02
7.614785122499975500e+01
1.107211569947487817e+02
6.663184157871721425e+01
1.222774201443597093e+02
2.145122698141719297e+02
1.972693117357380572e+02
1.983831768688125976e+02
9.312483375072109482e+01
7.775752143249039250e+01
3.373176609818209926e+01
3.117445021420880380e+02
1.988265779593060927e+02
2.164233596717096475e+02
7.935459691528961912e+01
1.399682771412913951e+02
2.070518538770026566e+02
1.170119649886157589e+02
2.340214395034917629e+02
5.952199396191980441e+01
3.230034348065092900e+02
3.039576058189405217e+02
4.445876714137896357e+01
7.246474140960116017e+01
4.373050943428030024e+01
1.925355300228056876e+02
2.016765059985756352e+02
7.624842569756724231e+01
9.186843166573689246e+01
2.914439553355217640e+02
2.066959038316931441e+01
1.825349520585674554e+02
7.795593672672445962e+01
1.012224357075242693e+02
2.562770479450241510e+02
4.918754241375243197e+01
7.371905387640732954e+01
2.441593999358260447e+01
3.189390998113082105e+02
1.521500109664773959e+02
9.513737152097587568e+01
1.917315945442495604e+02
2.411753449316745730e+02
4.857445117989415451e+01
4.431283153717888723e+01
4.669186186057935828e+01
1.533200327769458227e+02
2.961301199352398044e+02
1.598121871720503862e+02
1.603855810577893237e+02
7.209483751572392407e+01
4.615948175430637690e+01
4.782109178743209554e+01
7.460278048472028445e+01
4.321250930338753449e+01
2.053371426547381304e+02
7.375292179790690739e+01
2.683145475447742569e+02
6.419689815382952247e+01
2.818596662401384378e+02
7.038911706733829021e+01
2.753701711015690421e+02
1.700251585880771898e+01
6.861883567020821317e+01
1.984471705938424293e+02
2.009107321436976576e+02
7.335029393027333811e+01
6.801218428504493829e+01
5.266271621236017353e+01
7.636481191429994908e+01
3.003275321811133836e+02
7.638164318748300730e+01
4.940123784507982663e+01
1.040217552897365891e+02
1.118838472400521056e+02
2.987208827908135049e+02
5.427428073668448860e+01
2.016385124087730105e+02
7.569102273507670020e+01
2.120160155561106592e+02
7.303079724165982611e+01
1.850576173832146196e+02
1.251399840049219847e+02
4.605187760752795612e+01
3.543436814895167686e+02
2.827473404296813442e+02
2.010562704971295886e+02
1.154881847201676379e+02
6.740913095858989834e+01
7.484450782049900397e+01
7.145058766052748922e+01
9.820438745643112100e+01
7.895209151147939508e+01
1.216232828832041122e+02
2.030758201127334814e+02
1.729044249252764303e+02
1.920717434772391528e+02
9.150142893974721403e+01
3.042680237185413148e+02
4.305050302915826421e+01
7.504694936500898450e+01
1.938421159245382626e+02
2.062331198409702040e+02
4.319690288460569150e+01
7.392701850551821963e+01
2.751248173611296366e+01
7.341521837049386079e+01
1.826707697856952848e+02
1.913868461956675731e+02
4.707518243931361468e+01
1.164445718063819157e+02
1.946925284586093312e+02
2.756788372773271476e+02
1.872338947996375964e+02
1.485480465027688126e+02
2.312993933991615165e+02
1.216691111053663974e+02
1.856629669379332199e+02
2.140096214182810286e+02
6.756729320795400895e+01
4.552779681062566652e+01
2.886986344653498122e+02
7.613829336697095584e+01
1.202226113224551796e+02
2.915112702374192395e+02
9.294614075157626587e+01
7.136380791453304084e+01
1.918475881992706036e+02
1.224973944843349898e+02
1.259475604365936334e+02
1.193121866932003172e+02
2.094629939262338780e+02
1.856933518465946236e+02
2.036607627536460541e+02
1.945120981026768447e+02
7.619199836645972823e+01
2.699017232282866985e+02
3.201152025611869334e+01
1.116951027239806109e+02
7.595941408130350680e+01
1.984492249472392302e+02
2.622457976173301972e+02
7.896889460210050515e+01
2.016974828484675299e+02
1.095638408066919425e+02
2.953037460899066673e+02
1.208717028098405990e+02
7.521299681471951715e+01
1.746596114386530303e+02
1.369542094552577396e+02
3.048784572213231741e+02
9.751179499332071998e+01
1.950826740465300588e+02
2.958242781624397253e+02
1.458893721977293580e+02
4.472901913597518586e+01
1.136122584804785873e+02
2.159036382306946962e+02
4.435410645672271812e+01
1.850856245941936251e+01
7.565226292597120050e+01
3.024197208103753383e+02
6.638254520203430786e+01
1.105769596716911707e+02
1.195274844273330643e+02
1.175232885141541743e+02
2.618115940644009356e+02
4.262919450512180219e+01
2.388543535300674705e+02
3.053215553054666316e+02
7.123882089091398484e+01
7.746895848565402787e+01
2.028282983642402826e+02
7.139592330944628884e+01
1.142147734167695319e+02
2.325033821642884675e+02
8.412723163829517148e+01
7.618959893083693657e+01
5.845606306111664452e+01
4.627169937142367928e+01
4.121277622249653660e+01
3.159381008358830059e+02
1.104401027605380534e+02
2.039355355036080937e+02
1.366800152257150671e+02
2.663969434446439521e+01
8.421619251677687146e+01
1.428150653842200200e+02
2.647883927086694484e+02
2.011505596011146224e+02
1.034671216229633472e+02
7.284085315971805130e+01
1.398562882142999797e+02
1.832227006631304107e+02
1.152627264133765834e+02
1.941656811232875270e+02
2.998110118482224493e+02
2.857958990531944323e+02
1.020655521903873364e+02
1.935449346007441989e+02
1.407865737144162779e+02
4.496378996175611320e+01
3.833529739346337095e+01
7.533534561713494782e+01
2.080281289324446732e+02
2.019678220733561886e+02
1.031697882930957206e+02
7.313093162032764383e+01
1.214886220007786761e+02
3.503453669447000038e+02
7.177052992681996102e+01
1.327176245010954005e+02
1.111584310593168112e+02
1.007749571205311696e+02
4.032671126642988924e+01
7.691379017481605729e+01
4.273054540861651418e+01
2.267763125024274871e+02
3.136527412910201633e+02
2.888856497610018437e+01
2.673836156284311301e+02
1.278156080268233836e+02
1.151164780310868565e+02
1.552708580783014725e+02
1.956140251760646152e+02
2.837344103092689238e+02
1.239449627328739751e+02
3.033592038346237132e+02
6.173731888493276898e+01
6.863283075911908782e+01
2.748146444242734674e+02
7.528307757591599625e+01
1.498947611140954450e+02
3.312437916498335539e+02
7.187240398693425902e+01
7.559314395902190142e+01
2.174173717776037051e+02
3.249263707708502693e+02
6.696139908945241359e+01
7.288784604805618983e+01
1.216503832366761060e+02
1.987522257156620356e+02
7.448583857449810353e+01
1.315903417431315745e+02
3.235790638819335641e+02
1.023610137387666157e+02
1.912077694382675475e+02
6.992250276490868544e+01
7.297544646160446291e+01
8.905634193895430428e+01
1.680713972024210818e+02
1.212793933596118876e+02
1.422126505844168598e+01
2.605666545408666366e+02
7.420684822608761522e+01
1.163438006545603116e+02
1.531485255862081374e+02
2.145600985271934462e+02
1.997637050592658738e+02
4.340801287762133853e+01
1.940881103437496051e+02
3.010729583038363444e+01
7.982977079058383651e+01
2.134072962449525619e+02
2.055944232939405936e+02
2.992747447485693897e+02
1.151827050952182816e+02
4.511372055738899434e+01
3.118573426340784636e+02
1.740844988649558900e+02
3.111004889607677910e+02
2.219597070577914053e+02
1.277309607721547309e+02
1.473628068452280502e+02
2.488966157838905957e+01
1.232488815580282875e+02
2.180223390012033917e+02
2.045089007251264377e+02
3.040604186472717743e+02
6.216888841412391997e+01
1.161596526953807640e+01
7.482109070924745708e+01
1.260658117219764449e+02
4.274172486763858103e+01
3.655694630236945386e+02
5.145098760707676888e+01
1.310950826766110708e+02
7.579646235778263019e+01
9.542370485488928011e+01
1.683300788874575460e+02
7.662230900119287469e+01
1.173455680075180680e+02
4.300864708272300874e+01
6.242593474511515694e+01
3.097045667729607885e+02
6.938051412285862796e+01
2.027338038232515203e+02
2.713519560653292046e+02
1.788085964828478893e+02
2.992139027844646080e+02
1.462042702561320482e+02
7.784522532872931322e+01
4.144688911822826327e+01
1.123598162868260744e+02
2.011129083951802841e+02
1.515127561593055532e+02
7.761903028300083918e+01
1.011431895573206674e+02
4.748510354997324612e+01
5.051193653148143170e+01
1.033697591581909592e+02
7.367983460762657444e+01
2.518652943918389724e+02
2.083238333786752037e+02
7.138274057696791886e+01
3.132893803948556410e+02
7.552693834230751690e+01
6.636070431408407444e+01
2.700011796977462808e+01
1.662520101963181958e+02
2.985352712984889081e+02
1.986490591518197846e+02
2.073354303944563810e+02
2.090933725661136862e+02
2.074267202631515943e+02
1.691797087663163097e+02
3.470074792588208652e+02
1.509993964191345412e+02
2.229212231903670016e+01
3.181841536533549970e+02
2.968542521016326532e+02
1.519303164060361837e+02
7.167863448818597760e+01
1.709032859057848555e+02
7.349724273312114065e+01
7.413472870825901850e+01
7.724608169704387706e+01
