3.046565735644716142e+02
1.733538701008582166e+02
2.100674018053964573e+02
3.130940127176152146e+02
1.682151914314948442e+02
4.548055684785263963e+01
4.526437636753342986e+01
2.045648391903584979e+02
1.438745227873667432e+02
2.456887783720387972e+02
7.234588444421996201e+01
6.992943471799618749e+01
9.188247697391415159e+01
2.158042930034542337e+02
7.094030953177232846e+01
3.192925716065743131e+02
2.086873707206721917e+02
7.131548485686165861e+01
2.267701070603393703e+02
7.299238790659507004e+01
4.380271341731086210e+01
1.013249038212210564e+02
3.540802419758550741e+02
9.639602308328906588e+01
1.473483755706709530e+02
1.647617124526244652e+02
1.945405721790069720e+02
8.219965001200903032e+01
8.432332720234765588e+01
1.003595928236920543e+02
1.094019112565305250e+02
5.106822526039511700e+01
3.042984737068388768e+02
7.883706641843916429e+01
7.710999885599242987e+01
4.595496942037808452e+01
2.868763956105051989e+02
4.259315829243791285e+01
2.028865872680553366e+02
1.109739540028264031e+02
1.257682047416682707e+02
3.899775404775831475e+02
2.131933648012048650e+02
1.426686047188024986e+02
2.856387164234453167e+02
2.787119436436470323e+02
4.645137668058588076e+01
1.587378910439826711e+02
1.484928616638694336e+02
2.718879855415449924e+02
1.864307928574172024e+02
8.831912338936234619e+01
2.875501527102934460e+02
7.890604118901072184e+01
5.604721863177071839e+01
1.924343840172263640e+02
4.535457265313559105e+01
3.321958223927881448e+01
9.058304498096192958e+01
2.094302401950261299e+02
1.539161666444244361e+02
1.473725909396836471e+02
5.623407989637589566e+01
2.489605769236754043e+02
6.681502077665433603e+01
1.955601912700573735e+02
8.112748108657284263e+01
4.082864325525181215e+01
2.577654831127685497e+02
1.181719522836535390e+02
2.167722407597977110e+02
1.386243499958628718e+02
7.158053474407512340e+01
1.183365841363745687e+02
2.066568125252641721e+02
8.191266608105200930e+01
1.098234891537248927e+02
4.725183095893490304e+01
2.044276722067116623e+02
4.618577221912931918e+01
5.281418399004031983e+01
1.472463836797747661e+02
1.268380439097835080e+02
1.568922949193945442e+02
1.210953376052497390e+02
3.235959431558101187e+02
2.021409696580827813e+02
2.424285953443362303e+02
5.630381245194281803e+01
2.929476416340748415e+02
4.497839407588620730e+01
3.030571749767943288e+02
2.220195329669039452e+01
2.953158782615017230e+02
7.475665028531362566e+01
2.090931887490934855e+02
6.281720485814985722e+01
1.276206356150158001e+02
3.034209964433620712e+02
2.819866315961257897e+02
2.613367286177615867e+01
9.464257361190918516e+01
7.141957989134627383e+01
3.181956976327949178e+02
2.045630957660453646e+02
3.433447146557657561e+02
5.111533275308012492e+01
1.441393600161935638e+02
7.928108128551581046e+01
2.070733546041196576e+02
4.369081567074184846e+01
1.647706155549784341e+02
1.233712266973924585e+02
2.097972102036528099e+02
2.897661734890207867e+02
2.033666589004611467e+02
1.282475002686114181e+02
2.073027859251686493e+02
6.543229335135103497e+01
4.564839950686510406e+01
1.987463481689582920e+02
2.223103315546609622e+02
7.937248520420280329e+01
3.126502848684091873e+02
3.569494942309133734e+01
6.996474495417587036e+01
1.928451625842471344e+02
5.046617601689758459e+01
5.111738700750558451e+01
1.976471161624102137e+02
2.898502770218210003e+02
2.123858527300240837e+02
4.266737149187682121e+01
1.156323829543218977e+02
4.349018892348046705e+01
1.659713501160645421e+02
1.960194543664008791e+02
2.139317732632444802e+02
7.381325632938907688e+01
1.044757864357145394e+02
1.070311128755966195e+02
2.922476740677126941e+02
3.066989159142895573e+02
2.833407406183731041e+02
1.106916102985846493e+02
4.412200264130061811e+01
4.141622930644408740e+01
4.975388460624959919e+01
7.279175987588814678e+01
4.451284575805783561e+01
1.777879153452599894e+02
2.061947836142215067e+02
7.542748890180321553e+01
1.236795721034244480e+02
1.985610782003268753e+02
7.754583103345062511e+01
8.061592057900560349e+01
2.809003190148272324e+02
1.016512256828622185e+02
2.835647336668557728e+02
7.122501331806405744e+01
6.236521388797635979e+01
2.304194021934183638e+02
2.756211320816333341e+02
1.995245849492867762e+02
1.862725334524386653e+02
3.452847851501533505e+00
3.232741177203023426e+02
1.572196694354336159e+02
8.854555557799665166e+01
1.184280618867663719e+02
8.059842140195354432e+01
1.627628213561882475e+01
2.944064315836961327e+02
3.596432617659731790e+01
1.967426293875219017e+02
2.028529855788357565e+02
3.101952393710847105e+02
2.397642424600718414e+02
1.162844566710745084e+02
2.870031700085902457e+02
3.291678789434832311e+02
3.037121793948209643e+02
4.556360235488053689e+01
1.616927004969661823e+02
1.886229713150219993e+02
4.335796077469355225e+01
9.635835915382448036e+01
8.798387325451083996e+01
2.597539978260164730e+02
4.134720666329494776e+01
7.251831493501596526e+01
3.263339245277841769e+02
2.651702297538012090e+02
7.131617038619791060e+01
5.859145039715663472e+01
6.123502248712253504e+01
6.451299844272979556e+01
1.245520578386204420e+02
5.899485585512210406e+01
2.698691700537712563e+02
6.452524579151234718e+01
7.310037484591754264e+01
2.232478174706511140e+02
3.012437838928800602e+02
4.778846416741131975e+01
1.081661946758373176e+02
4.494172732616930688e+01
1.934280018513501034e+02
7.316683211537696252e+01
3.725457388935916470e+01
3.076912101821867509e+02
1.635202769107087590e+02
2.397236544365586894e+02
7.471801103267227973e+01
1.537632264402016631e+02
7.430952524937116266e+01
1.963630132750240875e+02
2.279771260322438664e+01
4.917291264618642543e+01
6.570546155219842888e+01
1.157331207787680825e+02
4.615003147744638312e+01
8.628814382190809340e+01
7.302225615040822504e+01
1.847713032749637705e+02
3.015052975375264737e+02
9.591155209998389353e+01
3.069733329555998012e+02
2.963759801107103726e+02
7.492224248555935162e+01
2.195120495151188038e+02
7.754127215170488796e+01
3.768814378573817692e+01
7.816456692049708010e+01
1.254489428692361344e+02
1.946679346458761586e+02
3.711058991214127900e+01
4.578975436497294993e+01
3.155443540076983595e+02
1.885937919171088595e+02
1.450412800176954704e+02
1.982554332989967349e+02
2.965789965631677205e+02
1.065933117981841036e+02
1.966638749361523821e+02
8.504771060638607594e+01
4.743514730274036140e+01
7.578009366691092907e+01
2.186695265443608491e+02
1.983078792671584551e+02
1.797204926174788397e+02
2.137486127344082263e+02
1.334592810590162628e+02
7.616484683449419890e+01
1.515776249441670309e+01
1.322736162778098503e+02
1.970675585861369541e+02
1.272960087642946121e+02
7.803378652520729020e+01
1.914514172413529138e+02
2.612171202527335936e+02
2.095397958376281338e+02
2.183783451607579877e+02
2.136256534985462281e+02
2.147532013506115902e+02
2.973353870104808152e+02
6.678345724010453921e+01
2.104411531452761608e+02
1.680088074390096722e+02
2.093314390097307864e+02
2.140662551585523374e+02
2.932565425003097630e+02
4.417183763837608979e+01
1.887645930847052682e+02
1.563368921852656968e+02
4.518328143097205896e+01
1.192439518945791548e+02
2.517421258381665439e+02
1.676535604914666351e+02
1.353602373617151500e+02
1.984002750106052417e+02
1.501749101505990325e+02
1.597460352427417831e+02
6.102979452359106460e+01
7.263221999046776034e+01
1.663045799115154182e+02
1.567408027433544930e+02
2.011632706454757340e+02
1.975353833584416066e+02
2.950571882944449840e+02
1.130916795141814362e+02
7.724113439309464013e+01
1.970952242458709236e+02
1.589459190564904816e+02
2.099488754358199856e+02
3.954351268589460489e+01
4.122313627369383937e+01
2.134553659237485874e+02
1.160339636418329121e+02
6.368309420399538112e+01
7.734964985417200012e+01
4.736754640932029048e+01
2.271510645954209338e+02
7.317909782694543708e+01
8.220649495219450387e+01
1.992618229306910678e+02
2.311020443711531414e+02
4.469230684266681664e+01
8.460146417578735623e+01
2.243964718051547038e+02
8.463062627116539716e+01
8.555728308023704187e+01
9.637252282950333893e+01
2.055095130087989048e+02
1.985488424418617797e+02
2.589056024679786105e+02
6.078904045624524599e+01
3.435791957488012827e+01
3.144556882619536964e+01
8.771800496028610894e+01
7.538566390532319872e+01
1.363843322974006469e+02
1.600520179585224412e+02
1.997469987913819409e+02
5.284555457649370425e+01
1.120376852745653764e+02
2.971186203036253914e+02
7.316584147543075289e+01
1.449380445767619392e+02
4.367491452072876967e+01
2.650774962577852421e+02
1.887001190206663637e+02
4.147538791488655363e+01
2.042124681766248671e+02
4.461767306476728123e+01
7.008953759869805822e+01
4.174889108143047167e+01
2.106720050447557071e+02
2.748150480970194280e+02
2.033506151798164865e+02
7.187165335132036148e+01
7.212139026606575953e+01
1.698185757206109372e+02
2.174602200735690758e+02
2.947106263273380478e+02
1.152846867335690462e+02
3.238660511107328830e+02
2.194814126323110486e+02
2.113901903527831792e+02
7.882284440016434246e+01
5.014800443273880148e+01
7.460637824342421709e+01
4.200907808651813724e+01
2.090705205125445332e+02
4.437341210177446271e+01
1.847198614486667338e+02
2.795343064069846264e+02
7.757187677755555910e+01
2.999684636494459937e+02
7.517759353646607678e+01
2.587712712739714860e+01
4.345214698848288748e+01
7.812481045885341757e+01
1.767114655216610402e+02
2.019453361262323483e+02
2.788018530274848672e+02
3.053615535307212099e+02
3.119681680097293679e+02
7.590826577162887645e+01
7.815049150137416234e+01
1.186611125289539785e+02
1.747198763759131737e+02
2.126916480882852909e+02
5.990018596178463639e+01
3.673257118473856622e+02
7.527733647620847535e+01
1.985801563340901055e+02
1.069758741783874711e+02
4.572595247185049061e+01
5.671169890046801498e+01
2.011556949740866003e+02
3.309916516328993907e+02
2.267685178447680414e+02
9.818780444398717577e+01
1.223910743696294503e+02
1.868167406346707367e+02
1.559243791990855925e+02
3.150433378910047963e+02
1.015273451217585290e+02
1.984047071976538916e+02
7.505707852220565712e+01
7.901210675467251576e+01
2.136939743588334579e+02
7.863792002420287020e+01
1.952415105196983802e+02
1.342508399909617935e+02
1.980818139264425213e+02
4.630094225112500794e+01
3.980019733167873710e+02
2.126233990146218389e+02
1.480353359800225235e+02
1.545150064458988766e+02
2.169864933444354165e+02
2.602504190771153390e+02
4.907738630554655401e+01
3.139558648389158293e+02
9.427269656627264283e+01
1.374778121490763851e+02
3.606211546433785742e+01
1.976228041760698773e+02
8.943575220961810146e+01
1.219146307781559386e+02
7.444841741782202860e+01
2.006431857390760740e+02
2.056630192945684428e+02
1.280735394802925953e+02
1.021788896220533047e+02
4.774349207997992295e+01
3.010331345815622512e+02
6.182379998054907588e+01
8.107347188376643032e+01
2.031538944996068494e+02
2.037915438052526440e+02
3.004381267492668712e+02
1.263832358780955047e+02
3.841922001125583819e+01
7.855288211577304480e+01
1.976182891658039580e+02
2.606111134044209621e+02
3.270061735756825527e+01
1.310329476476962896e+02
1.154427979614084876e+02
1.191108183851461320e+02
1.964943930892571018e+02
3.450055375474837405e+01
7.698048565197593973e+01
8.162050013784107705e+01
3.238001024591898727e+02
1.980778824650154775e+02
2.093453213119799727e+02
2.059021833480884140e+02
4.561926589286272815e+01
5.595000483821790027e+01
3.312558098174385464e+02
5.608552541292699090e+01
7.822604989445697754e+01
4.557397202105885725e+01
7.224867057529593239e+01
1.552451425756003118e+02
3.348543683565764013e+02
4.089696446624206772e+01
6.011327855952917787e+01
8.460458282617643988e+01
4.452688185912992935e+01
1.204486830469269023e+02
2.257396602459420478e+02
1.087050586663754359e+02
6.546781088236092216e+01
1.621123131840050178e+02
1.250128365539429467e+02
7.003796049543925051e+01
4.722459085875763662e+01
1.205391162878932079e+02
1.485720374262998007e+02
1.188511476332461001e+02
2.199503809349079830e+01
3.025876590514079680e+02
4.387097531129960259e+01
9.922495505024845386e+01
2.081620799688786292e+02
9.717389584228391186e+01
8.913034243232351628e+01
2.172915605197519255e+02
2.621306380090758239e+02
6.830368074918698085e+01
5.816531173060344173e+01
2.104474154677116076e+02
1.243545244458965300e+02
2.104261860486578826e+02
7.223958320642573483e+01
1.761760317538042102e+02
2.360308642563102524e+02
1.121063941091412808e+01
2.802788066670185572e+02
4.879002301121709451e+01
1.023353511577715693e+02
2.003124761089959236e+02
2.814544213099152898e+02
7.372753031169099813e+01
1.994593733956923529e+02
7.497575321888001554e+01
7.057162849086741119e+01
7.403559558389849826e+01
3.950717744791673454e+02
9.718087231768214451e+01
1.345560711309814224e+02
2.001176276077424916e+02
7.500986031421936673e+01
2.679139242477781409e+02
7.825939162960656859e+01
7.574803699231256360e+01
1.396523457407881779e+02
2.035777785778489033e+02
1.688135104997934093e+02
1.192674224121648052e+02
7.843628036030541750e+01
2.448730731013675381e+02
1.160633537665696906e+02
1.469900951398444988e+02
1.522441395244634066e+02
7.008471784261384130e+01
2.068890748014010796e+02
3.093014227782256285e+02
1.766839286530143625e+02
2.000379297399063887e+02
3.638238230829882696e+02
1.452852146131602922e+02
2.063794222625059547e+02
2.960050113288852458e+02
2.031830919761674750e+02
4.803840005044245487e+01
5.863156151446359132e+01
8.835912506410504363e+01
6.891425910567824076e+01
1.655354695746947016e+02
1.617251276422167905e+02
3.193871059966702433e+02
2.555583837473055198e+01
2.967430705896746304e+02
1.628967434551692293e+02
2.974908454308215937e+02
2.085386077130430635e+02
2.607749962283708101e+02
1.684324170442883428e+02
1.276383650160342569e+02
2.979534921794078173e+01
1.194071125894656831e+02
7.528962833624316886e+01
2.067258932291641145e+02
9.354124503332427309e+01
1.588225533548557280e+02
4.793462901766481110e+01
3.219893267324629846e+02
3.288203680802032522e+02
1.202057450196181634e+02
7.565919418609657043e+01
2.162902674496988595e+02
1.201924210113294436e+02
7.362948433832588080e+01
1.306540219172742638e+02
2.034662450982896189e+02
1.260572097794886588e+02
6.665565273188205708e+01
1.821039407062370117e+02
3.338587370124877225e+02
1.643797808773408349e+02
1.897702200467762168e+02
4.394522551877821570e+01
3.957563524623042781e+02
2.229542109070476030e+01
5.499901565322097952e+01
1.565774725552085727e+02
4.633501330367899129e+01
3.380155482786706500e+01
2.092430632910581778e+02
1.162803749036532963e+02
1.196369879419413991e+02
8.319400870878520493e+01
1.276632291475990826e+02
7.562594382018056649e+01
1.589657682728994246e+02
8.471623062961597839e+01
1.942693492559338324e+02
3.963730601836277287e+02
2.008834646592133311e+01
1.942655808979469612e+02
4.182792847381730894e+01
8.199758455059024698e+01
7.339163865242238671e+01
4.485919029406402814e+01
1.980814309694834776e+02
1.991628406759846825e+02
3.117869514885029503e+02
1.930451449199161402e+02
1.309943413927609868e+02
1.635888030710731869e+02
9.074450633911290254e+01
3.149379101440301838e+02
3.539848338857224519e+01
1.455852093463750521e+02
7.246446647731222868e+01
2.137974382103592745e+02
1.006759025509654464e+02
6.317007957461795797e+01
9.732717208978772305e+01
1.192931363162225153e+02
2.500932121573123652e+02
1.819989578196828006e+02
7.554187192176206622e+01
1.082165721821895232e+02
1.208826900404375522e+02
7.330744502832655485e+01
2.462552053638682139e+02
7.466488134504669461e+01
5.415834849627113101e+01
8.160824724573363653e+01
3.195906488184488694e+02
1.204059882884554042e+02
1.545023120758420418e+02
1.976392056469395015e+02
3.535661181780628226e+02
2.639599416476944498e+02
1.205786508337720022e+02
1.919420805094402738e+02
2.873887603418434082e+02
1.243541250151661188e+02
7.526777014190693649e+01
9.707480258479189672e+01
1.702419862314683030e+02
3.124689425048117641e+02
1.396943207694851026e+02
1.225110085973827267e+02
1.981844482353694445e+02
1.767243137625415557e+02
1.663857474557418641e+02
1.897113273988829860e+02
1.234314115654757842e+02
2.041423523521456218e+02
7.256917949778450350e+01
7.633424849456362438e+01
3.193432380957094665e+02
7.344576747101662306e+01
2.635475886373191088e+02
2.336031778747411636e+01
3.368230600245628636e+01
2.029028816860707138e+02
3.732161289734829523e+01
2.057688308058168047e+02
8.497359551352700180e+01
2.124495706253795504e+02
7.179700590024873463e+01
1.752948459641482089e+02
2.918544896497090235e+02
7.433094579075627450e+01
2.838484477751981672e+02
3.082051556603575477e+02
4.770233729665000766e+01
2.094543173143684385e+02
2.776057552270168571e+02
2.605642335231024731e+02
1.867018106740055714e+02
7.416015066743067052e+01
3.022677711777254217e+02
1.940036014044525814e+02
1.094478471080593494e+02
1.960106494261397359e+02
1.212268635923858113e+02
1.427942513267203992e+02
4.769000202494790130e+01
9.212173745825182891e+01
2.065921144995174643e+02
1.926130085780474701e+02
3.135714204240404257e+01
7.549853713911099362e+01
5.340001601829469990e+01
3.254725418074337995e+02
2.118749742128686933e+02
1.136079925420252863e+02
4.353295391478692267e+01
2.794714850943694273e+02
1.111052819716906299e+02
1.193977437911666613e+02
1.294073433903419073e+02
7.631631857990312540e+01
8.065882292112249274e+01
1.251154137936581208e+02
3.038034358980046932e+02
2.508881067326245216e+02
7.169628639008901416e+01
5.032174575152582463e+01
6.437090065807022654e+01
7.840837082638040556e+01
2.077556473950751297e+02
1.079864658651623870e+02
2.174340329817165411e+02
2.283248277121244882e+02
4.627309897618536638e+01
7.144690896704567251e+01
4.239945998209415734e+01
7.585939220582858411e+01
3.036827659526099978e+02
1.706158611335490320e+02
2.408726456589394260e+01
8.500860529458735471e+01
8.812408604682816815e+01
3.300556321905025357e+02
2.465796948367674020e+02
2.092694936725777950e+02
1.163855875642713471e+02
3.129864697180208282e+02
3.955307054676835037e+02
7.331405986781017248e+01
1.982556315009447587e+02
4.749294516118515475e+01
9.254040828693040055e+01
3.213547827570676532e+02
1.516439276493549357e+02
1.890177385325342811e+02
1.868245559218756853e+02
3.809419300734861054e+02
2.775683195717833200e+02
4.272766119236015925e+01
3.073754351950091177e+02
6.558360513283089688e+01
1.138999274354846563e+02
1.992761585644265665e+02
1.902789566751592645e+02
2.812451445574044442e+02
1.610674065538662489e+02
1.526961122704490208e+02
1.949117260493049457e+02
1.948400451809880281e+02
1.811890260595120594e+02
1.820625865218953265e+02
2.156658748847465290e+02
2.965987352595957987e+02
3.348368449275525904e+01
7.256013490778964581e+01
1.499837416052777712e+02
1.196497115957003388e+02
3.905393051088402956e+01
7.486493651855710141e+01
6.765223282890167411e+01
7.552498792688535900e+01
1.217946286958098057e+02
2.520089033072619884e+02
1.053593664020814735e+01
1.156687633837854037e+02
2.879531442149115605e+01
1.374811698602487411e+02
2.883711063720539300e+02
1.431526112929793157e+02
1.615012221975315185e+02
2.699830135721015267e+02
3.270947084739038360e+02
3.063513224378635869e+02
1.232215801482424524e+02
2.100629518498373898e+02
4.340484486555681087e+01
1.373222724058119013e+02
1.836540894429034267e+02
4.237519049382729008e+01
7.781652639155498719e+01
7.696052754862897416e+01
4.260213246864657322e+01
1.528043552860382022e+02
1.681511985291384406e+02
2.085271818213259110e+02
2.049684663093586039e+02
7.421334528685919452e+01
2.117230352431591882e+02
1.284102370981735532e+02
1.092411179462910127e+02
2.008151582185335542e+02
3.262806702926581011e+02
2.734424472007402755e+02
2.008301195637351100e+02
7.767707315914067578e+01
1.987477654180196680e+02
1.882353172011795550e+02
1.423702854565593441e+02
2.077931921070830867e+02
5.889024255578063105e+01
1.868923305095920000e+02
1.977598628712705988e+02
1.920155840192012136e+02
1.931158600559413969e+02
8.841217301976705301e+01
2.072296520466024674e+02
1.959575254905037127e+02
1.537773002130521149e+02
7.450703773853182099e+01
1.525380722780542726e+02
2.156181685460822450e+01
7.820600122431298473e+01
2.934842808149734310e+02
7.132980581545663767e+01
1.279568583986042825e+02
1.160950629856602347e+02
2.000720571658136180e+02
1.341146609767336884e+02
4.507741041164906903e+01
7.511182293955815226e+01
2.003364831348288533e+02
1.141614421833795490e+02
2.236332964415765616e+02
1.849582153279529564e+02
4.717646745233079741e+01
8.924043332769035430e+01
2.783058604205803590e+02
9.374194188673908457e+01
1.872170634008799652e+02
9.374677666581429492e+01
1.473017606522982135e+02
1.095058570001306038e+02
8.460199916035418255e+01
5.088986034342468656e+01
4.336871668761678222e+01
2.890156780692341272e+02
1.444355064993026474e+02
7.949523550281716666e+01
9.573677617077717628e+01
4.373587436914252891e+01
1.832345448803554859e+02
1.372602871654607384e+02
1.593082181759366733e+02
1.189036567944738465e+02
6.958467801733094404e+01
1.846174593369533454e+02
1.191295674721295654e+02
3.078717996864957058e+02
2.093321245775418618e+02
1.740067183878836659e+02
2.090577661654298254e+02
2.010784671603684046e+02
3.170719195547043228e+02
2.940563335442736275e+02
3.078036104341431951e+02
1.134466809584087912e+02
7.738598227067865309e+01
8.102042002947915478e+01
7.189849379953635378e+01
3.161347163371942202e+02
3.181537418001189508e+02
5.352904101321988861e+01
2.693212890870577212e+02
7.555056055906985080e+01
2.320498112150096119e+02
7.814998588049967054e+01
7.509271119395353367e+01
2.930820774653926719e+02
4.618178835642697777e+01
3.096145195042150817e+02
1.923865282079086967e+02
1.923381743842234926e+02
6.601232906176004178e+01
1.901492836274698277e+02
3.205685941862852815e+02
7.187468436595048615e+01
2.393629446614328913e+02
9.157340646538941087e+01
6.728851077542793746e+01
7.579740650177261330e+01
9.170910088603433508e+01
2.064837721431142086e+02
2.272240038752638327e+02
4.492710856666734998e+01
7.653192914530495727e+01
7.657214037473926282e+01
2.901306667954655722e+02
1.797521322276832620e+02
2.449257792853254898e+02
6.931057650687233718e+01
3.729971775400161960e+01
1.195476945851554831e+02
7.826240980076650544e+01
1.029233371815241185e+02
1.597101926482760348e+02
1.270207132503470149e+02
4.430783004936137104e+01
4.222382588269895365e+01
1.164414855942017510e+02
3.063677341035192967e+02
1.891261163377381251e+02
2.162980147053013411e+02
2.050126466825862792e+02
3.085482715765717217e+02
1.859977590253119786e+02
1.983938448665363694e+02
1.970574637228737913e+02
1.885025098414234037e+02
1.953633113350329324e+02
1.542426720794955486e+02
3.184199189644927515e+02
2.014085199495441145e+02
1.705082098108389914e+02
1.201030394321628876e+02
9.497895529908034007e+01
2.040615765604872820e+02
2.091651016634459666e+02
2.069731832660915813e+02
4.500743965619052034e+01
3.266897031275289578e+02
2.785876776818290068e+02
5.328681781649918747e+01
1.875573379861642707e+02
7.653056997056611976e+01
1.958040772114214576e+02
7.426513794368321442e+01
1.246402421162217706e+02
2.084281782824734819e+02
2.303722675342741013e+02
1.030639010656179266e+02
1.917312887713997611e+02
2.535516087929823925e+02
7.516546620002726797e+01
2.095316509030946577e+02
1.859171700714454403e+02
3.877448445645947572e+01
2.052853054692550359e+02
2.074651020485618176e+02
1.684974577268483245e+02
2.378148738453133717e+02
2.102181311148181351e+02
1.018249503066964792e+02
1.211500124812410206e+02
1.228324329007669604e+02
1.195936105441026172e+02
3.164555518796258866e+02
4.357586454845706214e+01
1.636017753411109368e+02
1.269249833574736357e+02
1.065304098312934968e+02
1.996902759106444023e+02
7.318547900164662678e+01
2.704257023439062095e+02
5.055149759896357153e+01
2.773707772879924960e+02
4.982311086950894463e+01
4.660782341067548629e+01
1.920338834595691253e+02
1.101533532230647410e+02
2.039846652937614806e+02
1.938123302360687603e+02
2.018324496231246030e+02
9.040874472000754736e+01
2.858627283793911147e+02
1.779405233013667669e+02
1.239897858733153768e+01
3.097976475892907047e+02
7.235464936188930096e+01
4.532927130968078444e+01
2.123620379373265052e+02
1.170146538343549736e+02
3.287181145904054347e+02
3.037324141167454172e+02
1.220091936675810729e+02
7.304854051928280967e+01
3.331035172444566115e+02
3.094320689465438363e+02
1.308398683670602054e+02
1.155203882368486603e+02
7.587646294382646772e+01
2.087525967064717349e+02
7.233598225977523555e+01
7.858790220855156861e+01
6.304743431646504348e+01
4.721649994361946767e+01
7.803069342421211729e+01
7.249407171162266650e+01
1.144486202007086462e+02
2.937907593977436136e+02
2.059890850509373479e+02
1.353638455947330783e+02
3.610636627251253117e+01
3.086937220761769254e+02
2.926761493885997538e+02
3.042862089292209475e+02
1.899685331735300053e+02
1.190163595959745777e+02
7.375567356623346882e+01
6.984165773924188159e+01
1.534006515969555551e+02
2.488302009935835812e+01
1.880372660918663144e+02
4.631669329062669505e+01
3.048554510974928462e+02
3.066365971225769158e+02
1.416505883321441672e+01
2.229765889857150114e+02
4.714043285427585772e+01
1.380492917897277891e+02
1.350410418364581631e+02
1.954572557990616417e+02
4.496054535332392277e+01
2.063636221136390532e+02
1.172051240790923003e+02
6.161754783767060673e+01
3.088174792688268440e+02
4.690176258748392968e+01
3.814054743522353306e+02
2.171466855080737730e+02
2.004355495213060578e+02
1.932691300874781462e+02
7.416080482807646490e+01
3.997464012203359829e+01
1.300390815674185490e+02
1.484593342917957273e+02
2.886507585299715970e+02
2.107823810852632107e+02
1.977572860121120470e+02
7.058639282171860430e+01
8.492634126613995704e+01
7.649914078439331888e+01
7.316616621644816121e+01
3.527973802074706100e+02
8.091160720582810484e+01
7.802132047813522320e+01
9.343874808739590776e+01
1.207998673079131891e+02
3.487914185840091363e+02
6.953887699475569661e+01
2.546835847429430544e+02
5.939365243478484757e+01
1.213016704071651759e+02
2.954412646870716230e+02
9.170069871949986862e+01
1.725992188715836164e+02
1.270825649145258041e+02
2.844588062897719283e+02
2.894866859132740160e+02
1.982316079078117070e+02
3.024530162041039603e+02
1.935499155289186604e+02
7.363047840418677481e+01
2.278816917885014846e+02
8.219660225011769228e+01
5.647068542491284404e+01
3.033705679705063289e+02
3.712552603693978313e+02
1.940965996000329881e+02
1.442661447048120067e+02
7.385700763865712304e+01
2.808436927780317660e+02
1.171735940556655180e+02
1.050536531598032184e+02
2.098229598016319741e+01
1.862576818807251584e+02
1.966832239761232586e+02
1.384934253349520077e+02
2.254516801535485797e+02
7.286106176932074163e+01
3.720651471442997149e+02
1.837360647108596652e+02
1.959319880101215006e+02
4.681307954080937606e+01
4.232195469178897440e+01
8.994535219736994236e+01
3.111150694584243297e+02
5.009015075847582921e+01
4.033578930985414956e+01
3.005520762871638567e+02
3.309179444135547215e+02
3.149907875148759828e+01
8.161602100645166047e+01
1.255366949376660131e+02
7.609878856838516015e+01
2.419454246101279580e+02
3.043961243339389853e+02
2.971030061527916928e+02
1.031331532625232938e+02
1.303608458871718483e+02
2.021411060831056545e+02
4.543597072381773216e+01
2.783352049271563828e+02
2.003266697687479052e+02
3.075379238440533527e+02
5.166128086793680296e+01
1.237068179762990354e+02
1.258740459408044501e+02
7.413187200617629458e+01
3.066268988268991507e+02
2.246248680169568104e+02
7.585487429518400404e+01
1.965084300075876342e+02
2.188605137577588664e+02
2.478279087056134529e+02
2.032177606138996850e+02
7.658029879342301172e+01
2.031815001404800967e+02
7.616661548065526688e+01
2.695986494211915669e+02
1.336161393679608622e+01
8.577553383423088462e+01
1.075291039711983245e+02
3.003082711309660340e+02
7.307248962043691165e+01
3.467433298911825545e+02
2.033581317289533104e+02
1.154610482621288838e+02
5.848574961868928312e+01
1.237421099756557794e+02
7.611759359280988235e+01
1.995898932474816831e+02
2.899860828982334624e+02
2.891114151360645224e+02
2.068720514673281912e+02
3.068027278222990049e+02
3.758327962335462757e+01
1.153518459919166759e+02
1.126829837552153037e+02
8.007487104825533208e+01
1.290972059387715660e+02
8.639721485450876060e+01
1.433966848590535506e+02
3.044363506996338060e+02
3.093905553040347058e+02
7.348537861200026100e+01
1.420170727839802112e+02
3.253692089860732608e+02
1.998331814519889917e+02
1.901282515769777888e+02
1.911146617361065978e+02
1.559125536189114030e+02
7.535173048787150663e+01
3.019707060866876986e+02
7.822173429149296453e+01
6.064692069736100422e+01
2.069144390684566588e+02
4.150721140496322192e+01
7.355679731807545352e+01
1.303887263031469104e+02
7.521100931982657301e+01
7.450303114506718316e+01
4.236319741662523342e+01
2.994120144613624461e+02
2.745511546002162717e+01
1.381611508038771774e+02
1.904734977713232809e+02
2.993342158950763405e+02
7.246254706867050288e+01
3.024398970045384658e+02
6.379237751349975127e+01
2.989534145139359680e+02
9.341873127785640918e+01
4.687985290807370120e+01
3.049811010085184648e+02
1.091011517525028296e+02
1.143386640890573887e+02
2.930565162290894818e+02
1.304541548668836128e+02
2.009835173720469754e+02
2.401597759076008742e+01
1.244664950676821178e+02
4.279329716054316890e+01
9.376254014333849796e+01
2.191447810072120319e+02
1.135896844973591868e+02
2.358440809579442714e+02
2.787245827205870228e+02
4.460679547680123136e+01
2.978695613447453070e+02
3.121884849983823642e+02
2.849764817340578134e+02
1.071476789315223073e+02
5.660168906201848671e+01
1.031512859838488936e+02
4.686010460892852336e+01
1.394473409167676721e+02
2.082063530947015408e+02
6.161911327291430496e+01
3.089869284484076388e+02
1.771152520052786628e+01
3.018657327170813005e+02
2.088746488878684886e+02
2.818654723342489206e+02
2.001444979057785361e+02
4.230938587543315066e+01
1.895848387629532397e+02
4.579322800909429958e+01
1.467163831444578932e+02
6.668090056400474452e+01
2.036064677790564303e+02
7.454374465815079986e+01
1.228255337883332601e+02
2.445627417948179811e+02
7.100963329661928469e+01
4.521788631798264646e+01
1.514102940547881246e+02
3.099445100420347785e+02
2.054153800735490734e+02
4.031399913729251239e+01
1.786282594697603372e+02
1.163324157012511648e+02
2.116100751222127201e+02
2.871206267629240187e+02
3.086902999784549024e+02
4.204378282826237978e+01
1.701838307060597799e+02
8.395832000162583597e+01
2.673681393118727811e+01
2.759230610264427241e+02
3.140418028200012373e+02
4.332850486039511395e+01
2.879455473417364715e+02
9.585828903606152096e+01
9.199080853630250942e+01
8.608642884588532240e+01
1.334032887359085464e+02
7.854675757594468166e+01
1.219047928366004498e+02
6.633279289175193583e+01
2.100585388601886905e+02
1.041163845760877393e+02
2.644484218409423804e+01
2.998210216747366417e+02
3.099891642101898697e+02
2.845956307749519851e+02
7.138421439629917131e+01
1.499128988582447732e+02
7.198983170512825325e+01
2.512805927184554946e+02
2.141711726385546228e+02
2.728882685123720648e+02
7.710731463026878885e+01
8.731012299840716651e+01
5.221679860812754725e+01
7.797814417887256866e+01
4.621859720100626845e+01
2.491807283344968482e+02
7.318231581258193330e+01
7.693504917540145982e+01
4.644844583086669587e+01
2.789314506449846220e+01
3.014451876202340941e+02
1.226132692523834464e+02
3.036645777631064220e+02
2.588395240231096039e+01
3.075016650256608841e+02
2.070239895684850637e+02
1.964755789186749269e+02
2.086796809606783256e+02
4.464943167113172251e+01
3.094052317236406680e+01
2.299367984918626178e+02
1.274286999785885541e+02
2.451063665011748753e+02
9.415990203414435200e+01
8.752387698108866232e+01
2.144292913791020112e+02
1.981816069894256032e+02
7.659692000835497616e+00
6.455595610277140395e+01
1.863323760834580014e+02
1.222005979887296689e+02
2.041535477144951756e+02
2.202855567653741389e+02
5.755296573490228695e+01
3.328960572473480966e+02
1.104201600209922987e+02
2.065334097148314925e+02
2.765608035005724901e+02
4.466194037372179793e+01
1.994778525908044173e+02
1.300153581163812078e+02
1.161097060696844210e+02
2.847601147339605063e+02
4.503991942767710555e+01
2.020964801331535057e+02
1.843257286573860938e+02
3.117031328376789929e+02
3.671261074643685873e+01
2.055696625497909622e+02
7.193379475641087595e+01
1.733996875977604759e+02
5.122371077893117075e+01
2.014414199958280562e+02
1.917466688553270728e+02
1.166613051291342344e+02
7.195045079890340389e+01
2.176279104721076294e+02
1.163367955564920493e+02
2.254288444322427551e+02
5.794485431897400218e+01
3.020461237758711377e+02
7.298393242694419314e+01
1.794462923545764568e+02
1.272826026063059857e+02
1.136633969191449154e+02
2.048455304264346353e+02
4.385063200821078766e+01
1.189414664028262081e+02
2.341904255196374436e+02
8.383677471586929641e+01
7.291605289371322840e+01
7.317906902178388862e+01
7.134232825612369311e+01
2.120173884561002922e+02
2.040908603300603943e+02
2.289096398442531495e+02
6.598331936383199547e+01
7.997048760378327792e+00
1.546964816890329075e+02
2.033104854551044127e+02
7.644874425109094318e+01
3.141446817918520651e+02
1.854733648792713723e+02
3.995987986732263835e+02
1.289274905778384550e+02
3.473820334048576797e+01
4.322988394476587359e+01
2.418796173803424097e+02
1.257295959350957446e+02
2.636829042057160564e+02
1.084606297384240463e+02
9.304926425233196596e+01
4.570881553790856344e+01
2.086122859407287677e+01
4.524522489794297542e+01
1.251555521421792889e+02
2.452096599097189653e+02
2.969919958151475612e+02
2.787080740387591504e+02
7.319325438306078979e+01
7.358698027016555443e+01
7.114181729069620985e+01
2.121116586435340423e+02
2.231566184250284266e+02
2.168199756177536983e+02
2.048548793573791045e+02
2.009979325109628689e+02
4.637150292848685496e+01
1.292189322004794576e+02
1.528193491868547369e+02
4.844063346028433870e+01
2.800988408047002736e+02
1.994112763152772345e+02
2.027937486211230578e+02
2.676299962707204259e+02
3.487920418680349144e+01
3.933854929788316213e+01
7.708005874756217679e+01
1.158078612021761558e+02
7.563807464185993013e+01
2.019488556989500125e+02
1.075177400659492122e+02
1.528270346265203727e+02
2.066633262613367208e+02
2.195248039441933656e+02
6.202213935372783737e+01
2.328794569416502611e+02
2.158448548135397402e+02
7.954852571448157050e+01
1.051045163674995564e+02
3.293399830834553086e+02
2.094185068298653221e+02
7.430201753676820431e+01
4.141904980782966561e+01
1.898398022252902138e+02
1.941238281934082295e+02
3.074366190902281346e+02
2.405977235686312667e+02
2.969133185096085299e+02
7.613197017612824880e+01
1.105370854098841846e+02
4.701964135335190775e+01
2.151718044413462962e+02
3.861001149771804535e+02
1.288100844841670209e+02
3.899361500368770521e+02
1.852339142932441405e+02
2.094293957067758640e+02
1.220256390156294088e+02
1.952545942866838118e+02
2.907720318912033690e+02
9.803067539886706072e+01
2.065637011909524290e+02
6.957922374653966813e+01
3.072965109423052468e+02
3.795492524475251628e+01
1.027427270686293213e+02
2.029976810709206632e+02
1.156223356043535659e+02
6.344707076975729620e+01
2.472689153589359634e+01
2.055212560971304185e+02
1.496029360861785165e+02
8.027272598107424528e+01
2.103207077987284492e+02
3.440655392423216199e+02
7.290923360357081151e+01
4.601050994117317572e+01
2.037279333807593673e+02
1.485723475178028821e+02
2.259537264158628602e+02
1.324565043366899602e+02
2.090034030558005540e+01
2.058685242380122418e+02
1.180210369866375260e+02
1.842510699343223379e+01
1.150439604634599959e+02
1.210414165806979838e+02
8.488873330254168081e+01
1.117912771342152922e+02
1.472650300765097029e+02
1.973500182541430945e+02
7.537172407540549557e+01
1.180807797815565863e+02
2.896140381781563065e+02
2.355019982331895676e+02
5.733508459417218006e+01
5.465062555776501085e+01
4.458654037284397731e+01
1.955878276022027649e+02
7.476183038811517179e+01
6.264103791676622990e+01
1.082781044447588954e+02
1.228489711143750895e+02
4.454613497116290688e+01
2.053685547254788162e+02
1.092476076087066730e+02
2.410927290134477801e+02
8.319313205669698164e+01
7.433547420048967069e+01
2.929291919588015389e+02
1.931672795254656592e+02
1.980220052900635892e+02
3.065139098112626925e+02
1.753720319324198442e+02
7.932326251550967378e+00
4.403821122911910635e+01
4.492531625598818579e+01
2.581175790315016911e+02
2.182207359812219920e+02
1.655093039757063025e+02
1.721384406007228733e+02
1.204950355594609448e+02
7.418182199032189317e+01
2.711775256420310711e+02
7.747978887627229483e+01
8.328214119173736663e+01
6.734232304841266625e+01
2.917207419946544746e+02
2.348441229830539498e+02
4.478286078468198639e+01
3.100391958503010414e+02
1.684648191875130578e+02
1.809169913654058632e+02
7.445085068827908970e+01
1.793783767092945141e+02
1.317707035860476878e+02
2.133355258741563603e+02
2.206317362257670993e+02
1.197561676399501920e+02
1.609224204217406964e+02
1.140853906988359370e+02
2.371467361298161336e+02
1.386083553796595709e+02
8.078251101463656880e+01
2.004866398056024934e+02
1.820017455478927388e+02
1.342857264477716512e+02
7.415438517245958394e+01
7.686311670885622505e+01
1.144336919604702416e+02
1.201278687858857381e+02
3.259438540529262127e+02
3.089743599364267013e+01
7.389139761430148212e+01
8.948995680860507207e+01
1.422065843511247181e+02
1.241329002935609225e+02
2.067701912959537083e+02
8.513870512442649385e+01
1.941423562845710080e+02
2.614537147925465206e+02
6.442019289468417753e+01
7.906643882387531619e+01
7.451104934244330025e+01
2.265364500483140020e+01
1.300077109233194790e+02
3.164941505215122675e+02
2.802505362643517515e+02
4.165116553573567160e+01
2.578625152272717855e+02
2.397935236942002746e+02
7.401511418294249722e+01
4.357221061763425496e+01
1.750657894503441412e+02
3.699486602886710784e+01
4.618572318229791307e+01
2.990529566778287744e+02
4.035152551674074317e+01
7.698211296725786212e+01
5.958110110145910454e+01
1.503362929143711995e+02
7.209253726797687989e+01
2.031516288356780819e+02
3.268653441454343920e+02
6.784798495416073649e+01
1.226668070121932317e+02
7.883914263296726688e+01
1.181348861950559979e+02
7.180619321031726088e+01
4.871108207105520194e+01
2.242251684537836454e+01
4.548524125445501909e+01
5.891124617219254844e+01
1.276476234310578661e+02
7.894062279279407335e+01
7.734367290518748916e+01
3.001825301705662241e+02
1.609376861025177448e+02
2.297403683404316439e+02
2.171852355855822054e+02
7.755810023374398554e+01
1.782024664099645577e+02
2.942396124015871806e+02
3.147652456865495765e+02
2.728585855927246371e+02
2.835350353170587141e+02
2.971988907817009249e+02
4.373376378693514965e+01
1.198650510653321248e+02
8.488557419353649891e+01
5.095463497690604981e+01
2.856812673826869400e+02
7.906133918249815906e+01
6.929607832862444639e+01
7.926864571686252248e+01
4.673494919600873487e+01
2.974984172793320454e+02
7.867323365501317767e+01
1.242902114329639431e+02
1.467912467613354579e+02
1.196873634718857318e+02
2.406923484620826343e+02
4.148501169697515678e+01
1.577826193388563922e+02
7.595105084407045126e+01
1.316083220325141383e+02
2.159324693655776173e+02
2.643794819888026382e+02
7.829355967784556469e+01
1.990265870424208856e+02
1.465512271813011012e+02
3.568409138244700216e+02
4.397792262004028885e+01
1.791617389999577199e+02
1.583617314123831648e+02
4.317147926607703567e+01
2.073010429601861304e+01
1.893998932616499076e+02
3.116629093339946053e+02
2.086129430202276751e+02
1.881234970464633989e+02
9.403530372604829779e+01
7.833349298512180781e+01
7.570217780217632253e+01
1.640632327870658571e+02
3.143293971179488722e+02
1.967717721448410089e+02
1.963086102063142846e+02
1.947086722734516684e+02
1.981456500616821756e+02
2.592703043075627534e+02
6.622954351926028949e+01
6.800672143296957017e+01
1.954426117066264510e+02
1.940483048336523666e+02
7.561145260091720388e+01
2.069281640237548743e+02
8.830923664580026866e+01
7.781759360292244310e+01
6.621829815936959562e+01
7.446090511130385892e+01
1.868932157517597545e+02
3.005177601915574428e+02
6.319229335890832999e+01
1.002338925895754329e+02
2.039420549698150751e+02
4.538683243150495628e+01
1.393052302873225585e+02
1.947610741295181924e+02
7.542503887672776841e+01
2.970520700785181702e+02
8.076568145304106849e+01
1.901806579887910686e+02
7.396677500857458654e+01
4.038494403006031774e+01
4.393503973535470664e+01
1.973165566174008632e+02
1.979865851084180122e+02
1.827516783184269400e+02
1.982622999079098634e+02
1.258136054760873321e+02
3.015798157886483182e+02
1.558755429995684096e+02
4.348952675648951072e+01
1.975687841906719768e+02
2.848448186196973779e+02
7.266325701630469780e+01
2.795711535140277419e+02
2.411326562585261115e+02
1.114516103013619812e+02
1.007545072713451475e+02
3.718284239528102120e+01
2.045848306549179654e+02
3.556151923485846851e+02
7.605510834214599925e+01
1.580611596896782771e+02
9.827402752628533733e+01
1.939412456379810692e+02
3.125309740048505205e+02
6.900243732211913539e+01
2.025136452417310977e+02
2.756977554973269662e+02
1.095500951183435063e+02
2.117252933211581478e+02
4.377437122058041297e+01
4.924680142481526701e+01
7.533386579936743033e+01
1.191209717300843067e+02
7.109475531911382973e+01
9.882635610269346671e+01
2.286947467394461739e+02
4.659535421279531420e+01
1.259418977693966042e+02
2.898650869678347135e+02
7.757021275044925801e+01
7.559572975808188744e+01
4.923181410628922805e+01
2.021721683541407799e+02
7.479406077988059565e+01
2.623185242329681159e+02
4.287215623465486658e+01
9.994566306959451651e+01
1.184678766601290221e+02
7.690076259004344195e+01
1.957444675527613924e+02
7.376407060898810641e+01
1.426590152859066905e+02
2.003735447628434940e+02
5.639702064562759887e+01
1.445066952798898114e+02
2.174367456744270157e+02
7.387620225774067251e+01
1.578430793195771003e+02
4.601986999245030319e+01
2.151002713478791577e+02
4.657248559757131545e+01
3.129224578809508444e+02
2.938581155155446822e+02
6.584953694731891005e+01
2.150393484527434111e+02
3.350743405650128466e+02
2.094229830721145902e+02
2.003557739281083911e+02
2.930567906580315594e+02
7.657381895200090582e+01
7.351983030110217499e+01
7.249812478839915286e+01
1.051277908363635589e+02
2.028036808240353821e+02
3.204109158703828086e+01
2.910371448494345827e+02
2.101149318483981006e+02
1.233950807080956906e+02
7.364349198182040368e+01
5.744298876282493183e+01
3.104577402549450653e+02
2.940801478579526815e+02
7.319369598549361911e+01
1.046236590236924968e+02
3.051261104711504117e+02
2.935346841250773764e+02
1.876975100260205807e+02
1.765037338235317748e+02
1.208076949735138896e+02
1.961368427630095539e+02
4.775682414083555472e+01
2.082871066477860893e+02
3.967889184631147259e+01
4.835988608953032752e+01
1.297353185370517110e+02
2.915415268322079783e+02
6.931752118015081976e+01
2.051868211535973501e+02
1.687359958526005528e+02
1.095808718459553006e+02
4.016219201140106065e+01
7.702996364854151068e+01
6.378329063196171944e+01
7.404844593298723510e+01
1.027902413665968169e+02
2.152710755826366267e+02
3.249030649044971710e+02
9.586283596662418915e+01
1.196059961329618346e+02
7.747051899428933552e+01
8.501085773760735265e+01
7.520144199295492626e+01
2.046119171568041963e+02
7.664644262177317557e+01
4.771792259096285704e+01
1.338233399431836972e+02
4.653704951091142306e+01
1.986543187757840201e+02
1.993262084537267924e+02
1.072442422915650866e+02
2.962369946134453471e+02
1.183463812524348953e+02
2.147965871580424846e+02
9.501146987700759894e+01
2.998674699389686111e+02
4.434435721275963971e+01
1.224409276800595876e+02
1.606740212411364155e+02
3.077118545249344379e+02
2.204305598114909515e+02
1.355834918871640866e+02
6.246668797405896356e+01
3.232090143165128211e+02
3.023540035747203660e+02
7.624299650622043600e+01
1.500909210327417327e+02
1.893865567922543107e+02
1.465933950636008092e+02
5.658204423107540038e+01
1.367814074649471650e+02
9.796722556825625361e+01
2.606423699834805916e+02
4.420794653556204423e+01
1.961067569698040529e+02
1.381321586329351021e+02
4.945505125102063460e+01
4.631225549853665768e+01
6.534127652626204963e+01
7.586254055873649804e+01
3.799090667617409736e+02
2.724908885401177372e+01
3.901159322078074183e+02
9.700068962794723859e+00
1.120778913151594480e+02
2.004921847333958453e+02
1.356834241752410435e+02
1.963488570874534105e+02
1.526335795528963502e+02
2.284002078902258575e+02
4.268528660336833980e+01
5.226283511674805737e+01
3.116387724441249247e+02
3.359436015575276429e+02
4.740433177186568514e+01
5.456337983203904685e+01
3.111455421495435303e+02
7.559615534063917153e+01
1.276590977563920859e+02
1.439432760438191963e+02
4.346606209416219713e+01
3.081056036944672201e+02
1.681214395952323670e+01
2.832179892137448860e+02
2.042688940400448416e+02
6.965027172113646259e+01
2.140450663047909927e+02
2.315414267777255191e+02
9.932868388162476947e+01
1.850275013664841310e+02
2.970136347571842066e+02
2.053805526825457548e+02
3.904603220753002688e+02
1.224467436787032995e+02
1.554523872558291089e+02
1.261537151049477323e+01
7.354817600089666030e+01
1.571497929628272345e+02
2.728401159876287352e+02
7.740150126518254581e+01
3.163996552749899251e+02
2.016527521486518992e+02
4.844365847548266402e+01
2.782768725106646457e+01
1.215178157418127824e+02
1.722772209160362138e+02
4.154581357013488940e+01
7.500517379041444599e+01
7.417598854951710052e+01
3.099310340294871935e+02
1.183254183408718347e+02
9.711809324625829731e+01
1.549832366819726417e+02
4.436401127102061537e+01
1.195198653498960795e+02
6.350638771417690975e+01
2.074120358555441328e+02
1.269091810539225804e+02
2.122562523265431480e+02
2.007811759831420204e+02
1.974331266371881100e+02
1.225552514780124937e+02
1.639833644047830603e+02
4.649505029676008405e+01
4.287955150889737155e+01
1.931769631185218543e+02
6.084048495915489951e+01
4.838041156995308967e+01
3.052373368370861684e+01
4.993838647886081361e+01
2.822657476755256312e+02
7.319014729208134895e+01
1.888652309222204053e+02
7.487765545928064626e+01
2.205836634803443701e+02
6.485266897723583668e+01
1.427785293461099627e+02
8.246497259794182355e+01
1.989148508386761307e+02
1.980750013218494132e+02
1.220691882169841307e+02
1.213319913184769376e+02
1.963505567388742179e+02
4.738870286663095754e+01
2.328963194952305855e+02
2.919412825802310749e+02
1.545768791373922966e+02
2.026512793014720160e+02
6.024661679935260850e+01
1.571638615876034635e+02
1.793492176116715200e+02
7.892094263810311361e+01
1.733413033600225219e+02
5.914928942201719053e+01
2.000957247766992850e+02
1.228189150827042937e+02
1.133622229676719826e+02
3.688280783989472411e+01
1.080143961212227310e+02
4.845934906832961531e+01
1.992368745537193320e+02
4.308428237938453265e+01
1.350810244814984742e+02
2.971918330310265901e+02
7.142377881098137493e+01
1.346468731098391629e+02
1.891117197835555999e+02
6.355368309481776379e+01
1.906410875695523828e+02
1.578672785983958420e+02
7.763367658730906840e+01
1.960458521937388525e+02
1.646214399050655004e+02
1.641664937112863925e+02
7.170571420684309771e+01
2.462004524965244912e+02
4.797971226936948597e+01
3.199198877141378716e+02
2.012172321320476840e+02
5.798151881145292208e+01
1.139329447486362739e+02
8.841573111699074161e+01
1.176727989791189657e+02
1.851497840498128653e+02
2.928871612743403148e+02
3.208173142136983103e+01
2.416785392582770271e+02
2.857008621543440086e+02
1.952862396922594996e+02
7.550203650308436920e+01
2.616177000769684469e+01
3.154715426005993208e+02
1.662321011012836038e+02
1.091082637013266776e+02
1.389534700743371900e+02
1.533322212822230028e+02
1.057825466144057742e+02
2.006111205823051193e+02
5.821741978398056006e+01
8.310833058268356410e+01
1.580422366764757953e+02
2.054253822290790197e+02
1.540491905061078057e+02
3.119053000858694418e+02
1.665985185066190297e+02
2.850177704603759139e+02
3.545072442738787544e+01
2.049333644830076651e+02
2.245785668600377392e+02
4.325379330329766248e+01
7.597020181940563077e+01
1.988203728279784173e+02
6.593826985732658841e+01
2.909281979734282686e+02
1.839048075936992177e+02
7.628668673434461311e+01
8.941204048469360544e+01
2.011650647488980610e+02
4.595047608182584753e+01
7.403019544589291456e+01
3.254465574111850970e+02
4.588168510483864537e+01
1.894322007915033339e+02
7.321498585102763457e+01
1.772652130031534909e+02
4.558968767546593881e+01
5.056691351435051018e+01
6.046371184379483310e+01
4.541917569868272153e+01
4.460082480067222832e+01
7.150753402524233593e+01
8.503847510533574905e+01
2.258688793362645413e+02
1.772292697390352885e+02
1.945104858434590653e+02
1.651628035318288426e+02
2.706192014241199217e+02
5.440077528796896900e+01
9.781047015921016907e+01
2.588658354386885208e+02
2.078775950016072045e+02
1.048610553116822643e+02
4.228749838461604327e+01
2.210100941786681403e+02
2.005045900638469902e+02
7.128077203467000800e+01
6.284001401699061518e+01
2.284129045748983060e+02
3.577216966353012140e+02
1.173750255832053995e+02
4.651798012262488413e+01
3.097943763444160936e+02
6.326864932504468442e+01
7.363975957133673944e+01
7.252081580710216713e+01
1.103878520248657793e+02
1.189120290408352361e+02
1.742978391889426177e+02
1.199147892272390123e+02
1.118245266081482612e+02
1.875705976478135710e+02
3.058657582249226152e+02
1.788399043600343248e+02
4.576736395645654909e+01
1.959737640996322909e+02
1.860701529019720795e+02
1.289037505368449672e+02
9.565495453530871828e+01
1.335313154008531455e+02
2.993724405960268768e+02
1.939335613526149018e+02
3.975589625344458256e+01
3.001922731178539152e+02
2.014773762803706063e+02
1.489566636394353338e+02
7.818997389029095757e+01
1.223282893408396319e+02
7.692129731531551329e+01
1.593425669727544118e+02
2.190955387655694722e+02
1.300442216039486709e+02
1.974305541046619226e+02
2.345408544340588435e+02
6.569087219887626361e+01
7.413234846796474642e+01
2.056206291002198725e+02
7.139582077658455717e+01
4.676755542305827618e+01
2.425700118344144585e+02
3.947994339134990582e+01
1.194254506365712274e+02
1.135082428236295726e+02
3.517075277236708644e+02
4.573388400535765186e+01
1.099407994510007285e+02
6.921756601600891656e+01
2.221792147832775299e+02
4.670728005663239912e+01
1.312662237467692989e+02
2.282482967595148295e+02
4.574376908143343456e+01
1.677764541285355619e+02
1.017219168326515728e+02
3.394072054978757080e+01
5.611575129705641274e+01
1.360235473589640947e+02
7.980442728225040128e+01
4.294780713484973234e+01
1.321944490756673076e+02
4.699815252164408008e+01
2.279904634233899685e+02
3.204777312328641869e+02
2.183541549463768661e+02
1.029200119620320208e+02
3.295733710349354624e+02
2.389701236155320032e+02
7.064453623142928507e+01
2.560457581418624500e+02
1.980852228920699929e+02
2.090098874102165283e+01
1.984254202856935763e+02
1.488682191773355328e+02
7.140183308149121899e+01
1.927600954370489319e+02
4.371293925284246740e+01
2.890538155704346650e+02
4.669326606517596190e+01
5.228927763245552995e+01
1.165413020049253987e+02
7.520431850464015611e+01
