1.947872312271930184e+02
9.684201055381060996e+01
7.518631967023570439e+01
2.229692068366406659e+02
3.574627813487823573e+02
4.380134149832826296e+01
1.946291122624641332e+02
1.444603240280586647e+02
1.291748827587931601e+02
8.666305396189422083e+01
1.527719135604085920e+02
3.003284722274387946e+02
1.911308183465819965e+01
1.235528553897133008e+02
2.182952031240526765e+02
7.664700390687916354e+01
2.611978188496862003e+02
1.297740709485362061e+02
1.962266619305028996e+02
6.240880199523580529e+01
7.292755387166070591e+01
2.119039681467169771e+02
1.397379145464509236e+02
8.101555825213432627e+01
1.137775477295119799e+02
1.868617567851259196e+02
7.649855961088594825e+01
7.372258140394610848e+01
2.854624330590543195e+02
4.499160176190132177e+01
3.066814573988318102e+02
2.017399233854064278e+02
1.794668897018627547e+02
7.850834548197998686e+01
1.648898129887639925e+02
1.858727253449189902e+02
4.452744028105698959e+01
7.337629753911133434e+01
1.380028980788657833e+01
7.523899608848356024e+01
2.346901051460595511e+02
2.395151742013960927e+02
2.978263168555695302e+02
7.988316532733010433e+01
3.656127351527783276e+01
5.291562274161653079e+01
1.315728000753100275e+02
7.605673728935595079e+01
2.554717022413814220e+02
1.961422729816992785e+02
7.826266973718766451e+01
2.947628375062858481e+02
2.867981857859303432e+02
9.506127851408319884e+01
5.374210261272539668e+01
2.644031498924587140e+02
3.004827080132823767e+02
2.115705190015090409e+02
1.298699699146815476e+02
1.118144498326789034e+02
1.707467240961172195e+02
6.888363706783241014e+01
6.034402195415805892e+01
3.250824360378456959e+02
1.572315248863652926e+02
2.087226678184185005e+02
2.502928483869959564e+02
1.950233383082592695e+02
3.082107392115639186e+02
2.263315210681202529e+02
2.964875893666345519e+02
9.143408364936088617e+01
1.944995327798177129e+02
7.179985203772659474e+01
4.823688170169452860e+01
1.644742903475734153e+01
7.460949443544056692e+01
3.110267988393514429e+02
2.500890795218384142e+02
1.223680711009722444e+02
1.807694354673627970e+02
1.220507938696053429e+02
1.359166032655303979e+02
1.297565813950493521e+02
4.211306138498873253e+01
9.771344743027925972e+01
7.884268514896986346e+01
4.354190563503366462e+01
2.714085285187198906e+02
1.004673753351658831e+02
7.527991537483259776e+01
7.329996747539767910e+01
2.285963615771781576e+02
5.941681149463352085e+01
2.837751511814931860e+02
2.079286996198974862e+02
7.382449694017792297e+01
2.252440710178622112e+02
3.395298697358281714e+01
1.150157137176478699e+02
1.658036415482727932e+02
1.206727855601551198e+02
3.212563494888161699e+02
7.566398381243301685e+01
1.168660951398006347e+02
7.879479407058340712e+01
6.984889005345175406e+01
1.028602948131762815e+02
7.689483360163174552e+01
3.230884890329235759e+02
3.196181883250285978e+02
2.578026101799433718e+02
7.659957769446600651e+01
2.932129238644865268e+02
3.165360887200859565e+02
1.979758083357791349e+02
1.237544897294197028e+02
2.816151871467282604e+02
2.866303774754945835e+02
1.243482607057188289e+02
2.059977318835277629e+02
7.880802989816633897e+01
2.003830697912940195e+02
2.887719146283585587e+02
7.551973457068001494e+01
2.825836779865318249e+02
3.537630292910402545e+02
1.218547545896499855e+02
7.367206655528690362e+01
2.221083007055471796e+02
3.192966525284709078e+01
3.054602171364679748e+02
5.401528699340812523e+01
2.097971035717221184e+02
7.377723254094402705e+01
7.566030254056390447e+01
2.743931029227342719e+02
2.897074393935156422e+02
1.829185801272018068e+02
3.132094850395158119e+02
2.671952700973146761e+02
4.679960557104428887e+01
9.567187656436668419e+01
1.915898535372113543e+02
2.002568701658352950e+02
1.216436689537890032e+02
1.158850230318900429e+02
2.047851874439242081e+01
7.440934051616592626e+01
3.062037429226216290e+01
9.779216639253543519e+01
4.265468931564801380e+01
7.977665189638993581e+01
3.480921620450084220e+02
1.923761946686209399e+02
5.032979146485163824e+01
8.750456111335404330e+01
2.099352749935062548e+02
1.942567038149832399e+02
4.411972418671145135e+01
2.501331554775873371e+02
2.902335986559631920e+02
1.543821685372430181e+02
1.747154330804694666e+02
2.022407989710445122e+02
1.129656675652735061e+02
4.177678476776669925e+01
7.328076625329485694e+01
1.537185530692000839e+02
9.569273705720397061e+01
2.046144215721745638e+02
2.514809006359079291e+01
9.929829328486985673e+01
1.922606102618115642e+02
2.707876426574123343e+02
2.552266535667243090e+02
2.919812864903705076e+02
2.922206239393494442e+01
2.712369821697276961e+02
7.333361277103114162e+01
7.674444585654492812e+01
4.974430875659881934e+01
2.814875105154567336e+02
5.663530028806155769e+01
1.644639972626037761e+01
1.219922450914181553e+02
2.831812011231792212e+02
1.423866095573268638e+02
1.306136159065278264e+02
7.675957535420565137e+01
2.988093153934938755e+02
1.958017986184235610e+02
1.880352836165182282e+02
1.035757233923986860e+02
1.526020885715306576e+02
4.295286575766217396e+01
9.230188029953895068e+01
7.215876895676370850e+01
1.141914311958708197e+02
5.482212412846387650e+01
4.669146000332201396e+01
1.991454268415267563e+02
1.905078264897262272e+02
4.295189311610932492e+01
1.803930435793556910e+02
4.011920142483450746e+01
2.053572219883433831e+02
3.124732909990850089e+02
2.861865640985243431e+02
3.008070005672215075e+02
4.643282527563808060e+01
6.839769263848104686e+01
3.631101861394905654e+02
2.639690590148360911e+02
2.990128386643424392e+02
6.778658406688104776e+01
1.197641702425690795e+02
3.339983749038683527e+02
2.007657037980271468e+02
3.090086294311547590e+02
1.626258062908933368e+02
2.069040254868222348e+02
7.747922228784790377e+01
7.288957233021226045e+01
1.895899877819012715e+02
3.068755281883004571e+01
7.945650994651224153e+01
2.055893138830916769e+02
3.102047856891485722e+01
4.507646465212357612e+01
7.293421493064543881e+01
2.068194207478990734e+02
7.607570890254912399e+01
4.570937130594445108e+01
7.217042143983847780e+01
4.422320719834119274e+01
2.032789239428489054e+02
4.501130790463983544e+01
7.119528012418363971e+01
4.274098831053030523e+01
7.192287793462722334e+01
2.100497349847790645e+02
1.732783826322068137e+02
1.752746622877401990e+02
7.166701725618048613e+01
1.760657237765424270e+02
1.324846867876453302e+02
4.957862464211434883e+01
1.578563505245499812e+02
1.838943032213819038e+02
3.469924676897443874e+02
4.419706780996498452e+01
6.906086415286647195e+01
1.396246407755521091e+02
2.007910492109058680e+02
2.012983391887163407e+02
1.328626940807557162e+02
1.956422684592758117e+02
7.638932422189000704e+01
1.872379327128307978e+02
2.930885896723953010e+02
1.342535600786277143e+02
1.562722919612749024e+02
1.918382812565469351e+02
3.017224625497223087e+02
2.482165052221061217e+02
2.899040627868954516e+02
1.967315700551212956e+02
1.761004376010704391e+02
3.694751256469501755e+01
9.238382604051734859e+01
1.777660277649698060e+02
3.636655733041781673e+02
6.892917212876807298e+01
7.444056046197691501e+01
1.206337950443848115e+02
4.448977935488711921e+01
9.391069687200740645e+01
7.401549590640421172e+01
2.870535713615434474e+02
1.216036628511196511e+02
8.349065507988582624e+01
1.929807471613993641e+02
2.083568956620279380e+02
2.561123275231119010e+02
8.197638397388652720e+01
4.639382577577003275e+01
5.482982184363491029e+01
2.029193813589115223e+02
3.014714244412455741e+02
2.245539517379862957e+02
9.932007043062905893e+01
2.192818389086880586e+02
2.447888154391231126e+02
1.215420215600415048e+02
3.062832683646334999e+02
4.261476703726497561e+01
7.698298510898440838e+01
1.862981091385009051e+02
2.019431158260046004e+02
4.683614987556538978e+01
6.399244720078331028e+01
1.744996211850575492e+02
2.057998835858246593e+02
5.537233723600282786e+01
1.201391608972709975e+02
3.029039150209196123e+02
1.500436026427535978e+02
1.025176700910754448e+02
7.260528727486696710e+01
2.001118451625067109e+02
6.221841530485308169e+01
1.083637518270101907e+02
7.774799980855898696e+01
4.595561491060585979e+01
3.201713479797756463e+02
1.347685371088809347e+02
1.921996134577764792e+02
7.353263801763202423e+01
2.058250722592703710e+02
4.590469557520094668e+01
7.544418862810778137e+01
2.100011070736919123e+02
1.226068076084255978e+02
2.088239166957720272e+02
2.025955095471273353e+02
2.149919222207520022e+02
7.639629471523193160e+01
1.850900684251695623e+02
4.517682917420359701e+01
1.228800814519526341e+02
3.058721483960688943e+02
8.215500055355852282e+01
3.674699673014612245e+01
1.561048392302953971e+02
2.094633611486366931e+02
1.014139353893899909e+02
1.322134722010571579e+02
5.282306134390663033e+01
1.546701997686276115e+02
6.143573072772951349e+01
4.809879340411342241e+01
6.730834056828436474e+01
1.226338826700569768e+02
7.510519562144864381e+01
2.829710198898587805e+02
1.937680588299849660e+02
2.850845614390132710e+02
1.254459514254145063e+02
8.007589927566770882e+01
3.022449537927026313e+02
2.343680257044446336e+01
4.134870296768259834e+01
4.855611245044384816e+01
2.033562299448229282e+02
6.138636408169590908e+01
8.015526935733430491e+01
7.830515650103606617e+01
5.049163745625473609e+01
4.282906354762082657e+01
8.050438170934383209e+01
1.161946821677655350e+02
3.156001867017542395e+02
2.161545497293428184e+02
5.006961404490918000e+01
3.461976966164044143e+02
5.960769014464421645e+01
2.774385292945390802e+02
3.014441964979207000e+02
7.183830743670232266e+01
5.747877874447040369e+01
2.472134581405799167e+02
1.129630673694226743e+02
9.309453053281788470e+01
3.401350108321017274e+02
1.220382980717497787e+02
4.652830105559237239e+01
4.659475606506296685e+01
1.208004486686033516e+02
9.193784440040710138e+01
1.483201875890784720e+02
1.705011798929317308e+02
1.643489722820941097e+02
7.701252629785608406e+01
4.132252165146783796e+01
5.068999929067032184e+01
1.930121127852796121e+02
1.019042275154481558e+02
2.511553742782771508e+02
9.849405603749001159e+01
6.627130038850079075e+01
1.609187762558738370e+02
1.833351622361581121e+02
4.545229098035311921e+01
2.278968460641400213e+02
1.172039094044236123e+02
1.846258760697448409e+01
2.203414526895932966e+02
2.077385430610678441e+02
1.504495778368661263e+02
4.882936971474315868e+01
1.924519978965208793e+02
7.051011468311335761e+01
1.390599459709001735e+02
1.586471024182746419e+02
1.171386004948527955e+02
7.362813347610644144e+01
2.853107758024269174e+02
1.218608321206992287e+02
9.495650942977091802e+01
4.779635650045119633e+01
2.089609725492171606e+02
7.430673096865872651e+01
1.910795468247610529e+02
2.093266253308430294e+02
7.847040432714636893e+01
1.500097008668066678e+02
2.087615673588042853e+02
8.971683563929710559e+00
1.083615324069607908e+02
2.164919404978313082e+02
7.360579476677638411e+01
7.452018874248020097e+01
2.951326222525835874e+02
2.120266418205637535e+02
1.864757683450071966e+02
5.902245515132808151e+01
1.221622262546824516e+02
1.835035329417306400e+02
1.242738939679337875e+02
1.663813047270920435e+02
3.105998814820965777e+02
5.510353869386555203e+01
4.200993183912898843e+01
2.962388838295071309e+02
1.940518650978323763e+02
1.782823791396669719e+02
2.793988352399009756e+01
2.466019300275103490e+02
2.894648297395004306e+02
2.210104829042798258e+02
8.134077338080354025e+01
7.365516814260764988e+01
4.338142121685078934e+01
4.708084398993162267e+01
4.301936941440590090e+01
1.358964338945035166e+01
1.494443859155035170e+02
2.998128437519797558e+02
1.911919687889253225e+02
1.256276079388325115e+02
3.087610694907906463e+02
1.947356127238749082e+02
9.609795573180072381e+01
3.258426262438801757e+01
7.956558181589929291e+01
1.963831006610603254e+02
2.063877509726261223e+02
4.425972528360177449e+01
2.903534870141273814e+02
8.277780212107488467e+01
2.020953720146837043e+02
2.071087052446440566e+02
5.106092187010158057e+01
2.101971149584629757e+02
1.851912771202456156e+02
2.030934947488310343e+02
7.471972437315351101e+01
1.214520605895703795e+02
1.219337995031288671e+02
1.880428241009214219e+02
1.972752648304638967e+02
5.159107618338171619e+01
1.866524415926120923e+02
7.738091980273109982e+01
2.126750227820096200e+02
1.991313430167545846e+02
2.986251439712267484e+02
1.189804834482143860e+02
2.015713502668700414e+02
2.515681784836559416e+02
1.737394267780057078e+02
6.553819176412946490e+01
2.695860734948285398e+01
5.795543999943362934e+01
2.130405433928971490e+02
6.994163748488148258e+01
3.989108360715076174e+01
1.391119626921885413e+02
1.985705868418903037e+02
8.278744840272874228e+01
2.034275116090817619e+02
2.208416210572710554e+02
1.536990223481523969e+02
3.157256745961175284e+02
1.564922904112975459e+02
4.418916721070367259e+01
3.056724936329391653e+02
2.309862175165378915e+02
2.499440780720654232e+02
1.033378378580759005e+02
3.147045859416309099e+02
1.273268471107992212e+02
2.838403538414337959e+02
2.630821902512424799e+02
3.345961311876990294e+02
1.495949406379367019e+02
1.846190357849112900e+02
2.903167297929401798e+02
2.287139092891328289e+02
3.085869544129151336e+02
1.795693232310153462e+02
1.495075236848616100e+02
1.795113397771868904e+02
7.262074919026673570e+01
7.283242807906609073e+01
1.392098666621473910e+02
2.736169700333035166e+02
2.157468378280763659e+02
2.714136524122336596e+02
1.239528574081125640e+02
2.288653053950507399e+02
1.202924993721094040e+02
7.729569436518325176e+01
2.056056343234492942e+02
6.192592911885915186e+01
4.041204227124220694e+01
1.990552563543742792e+02
1.228988234449358430e+02
1.708031510271962361e+02
1.120412295973719097e+02
8.817462734647133971e+01
4.671479764828738013e+01
6.932325333876724471e+01
4.343585031679747743e+01
7.570898678593462705e+01
7.347224314883560226e+01
1.398045983848789433e+02
3.054075826410126524e+02
2.928686119330159841e+02
3.040529461043278729e+02
2.097687206933809421e+02
4.560534196667906315e+01
1.208513531864360289e+02
6.179978871560951603e+01
6.249875127573957911e+01
4.142257915426507964e+01
4.691150393861531853e+01
1.981366355261726255e+02
4.526689162537538635e+01
1.956382243920802750e+02
3.163698722601290001e+02
1.424163152602768605e+02
4.521012667133064866e+01
2.127423517762154006e+02
3.263541661223751476e+02
1.820809313495614674e+02
1.921115619130665095e+02
2.493708403970297738e+01
7.905644746689490887e+01
1.241910151830594629e+02
3.256710115782240109e+02
8.065489527821416971e+01
1.892108156592950365e+02
1.541100820188449063e+02
1.242170087442026301e+02
4.575616960452757098e+01
2.101279587701951073e+02
1.777125751188607694e+02
1.056275385270366911e+02
5.439857666473000108e+01
8.776845687262807871e+01
2.175031879776651067e+02
3.127282645697957264e+02
2.091934401396418366e+02
1.869866269410982795e+02
7.020676255841598845e+01
1.580440495998315384e+02
1.143820370458670936e+02
3.362534857344639363e+02
4.255827177288363572e+01
4.795747923062707940e+01
1.653881753779992891e+01
7.541331727865510004e+01
1.237499189888923894e+02
2.963530770158212704e+02
2.364709148535244196e+02
1.737832200799984435e+02
9.527247094331376331e+01
4.339056115346274112e+01
4.442925124508561652e+01
3.146285420368557766e+02
1.334756090209841375e+02
7.574637056421710213e+01
2.985106504703845189e+02
1.922820117769864510e+02
2.085073206565263604e+01
7.505924239577115031e+01
1.836828743715659868e+02
2.916456509470904166e+02
2.673391216052227719e+02
4.258977966112198743e+01
2.150979294185185609e+02
6.851604951233910867e+01
2.097095331359302008e+02
4.562452259070151683e+01
4.156120240048090153e+01
2.943660096723813808e+02
3.320088604464838511e+01
7.724030109195132354e+01
3.072406469589677727e+02
1.599311872697640240e+02
2.985726956096901290e+02
4.357865471560475612e+01
7.587291009657488416e+01
7.361752128596798173e+01
9.457354056176508550e+01
1.846345804561361774e+02
3.599389843816088330e+01
1.379309624606801776e+02
1.271988765311357241e+02
1.052662232872449835e+02
5.836481912691813534e+01
4.619104340158172306e+01
1.862178356715899668e+02
9.788894028078753706e+01
3.194516325260847793e+02
8.487901283733565094e+01
7.505022892382105226e+01
2.997299009881658662e+02
1.313013794875258782e+02
1.191594329040634506e+02
2.872002741946341189e+02
1.224549754240106409e+02
1.326274585211721728e+02
7.577098249841230881e+01
4.484315979438544275e+01
2.899228183358850970e+02
1.012883499577725530e+02
2.000980581093091928e+02
3.302161947648136220e+01
3.925909951409229848e+02
4.777798426565664158e+01
2.487641173729782906e+01
2.890273197640472631e+02
1.960086884069504265e+02
7.525913521177130860e+01
1.920275800262791677e+02
7.897273523678630625e+01
9.775188623371579411e+01
2.724316261065221738e+02
2.003155231958330376e+02
1.208674998339799203e+02
1.858784936969829005e+02
2.107823614984514791e+02
2.244967635859293011e+02
1.321016377142706801e+02
5.335460445095226589e+01
7.204208700771572182e+01
3.211480321165793725e+02
2.847004253137573073e+02
1.028826551930286826e+02
7.790632419571049638e+01
4.497281041981563021e+01
3.994476915956070684e+01
2.014607431083949223e+02
1.217385533768871539e+02
1.956215973825227081e+02
4.441153570370068593e+01
2.340657708588631749e+02
2.047632401222230669e+02
4.354999936022962714e+01
1.939216266728192863e+02
2.055244146621863308e+02
2.046164298810670630e+02
2.748596560351156199e+02
4.275417155275414416e+01
7.558904502725449959e+01
2.129146872823584999e+02
1.990966204565000623e+02
1.644679842023349465e+02
7.256598573867604784e+01
6.033001145387173381e+01
2.216543124266235054e+02
2.649565386401793603e+02
2.064117187871248973e+02
1.951153215492910533e+02
2.118727402737200123e+02
1.122672623207905644e+02
4.540983548003102044e+01
1.957473926750601549e+02
1.960402447509000865e+02
2.908065888735305293e+02
2.096378890457347950e+02
7.081269562022085040e+01
1.698100332574013862e+02
7.309432375324551856e+01
1.928494027805283793e+02
4.496654073440416255e+01
2.803701426701314290e+02
3.946623041998725512e+01
6.384532369340156777e+01
2.813022502420778892e+02
7.621980029023966097e+01
1.268492839856752994e+02
2.838585486513831597e+02
2.008735609939994049e+02
2.773501206604202025e+02
2.347444349480356891e+02
4.609975473533582857e+01
4.567591442342712327e+01
3.462518279542733239e+02
2.228088781351731598e+02
2.271806548037170046e+02
1.796268845357201656e+02
2.186680101096149897e+01
1.378761527567988878e+02
7.162435805106343878e+01
5.982214996386419159e+01
7.819731742105034300e+01
3.204212661879735151e+02
2.129612510182745382e+02
1.998673893403179420e+02
1.994740183644921103e+02
1.094434096377347458e+02
8.676552464953509514e+01
1.933767176995156944e+02
9.963115088033825373e+01
1.435508053014008567e+02
1.289970830310249426e+02
1.250037090784635438e+02
1.450125429103439672e+02
3.068180649841692116e+02
7.266440948651963083e+01
3.087237812818984821e+02
1.223012841572533063e+02
9.753028509143956626e+01
4.217749857355635612e+01
1.561449701123004843e+02
1.165557611544689394e+02
4.629663229666950741e+01
1.126077124614696601e+02
7.376955352742172067e+01
4.711998645801951824e+01
1.038241589688083053e+02
4.410311751044721973e+01
2.609629659214583626e+02
1.689518014647557607e+02
5.930011671659241301e+01
4.331480624929805145e+01
1.793159390360278564e+02
1.058641431935505608e+02
7.106845981461336237e+01
7.317019104417278186e+01
1.403572020864469323e+02
9.084530240418885683e+01
7.420899125770471016e+01
7.827562809091236318e+01
1.912225909396177883e+02
7.035871873962189227e+01
2.762152654450408562e+01
4.688230526943933540e+01
1.875898649536511869e+02
2.726236831507187048e+02
1.133838507723792333e+02
2.349394460965110341e+02
4.937640546110950623e+01
3.298778199415328061e+01
8.330243049010188372e+01
7.555237726413670885e+01
1.155512560893092058e+02
7.343701141615697736e+01
2.091031188052130005e+02
1.999638067787556395e+02
3.109589639538727965e+02
1.601841555318871428e+02
2.802658726715553712e+02
7.725498855523278507e+01
1.767097945307835971e+02
1.431500703700799875e+02
3.746900185602432032e+01
7.352111749114781958e+01
1.570565887250056960e+02
1.999773088147128135e+02
7.500934191782397420e+01
4.982507877390033002e+01
2.681043555652498611e+01
1.868703458286099419e+02
2.106274935385878280e+02
1.507739011845122548e+02
1.125048880902814972e+02
8.707631547199186173e+01
2.913687168949402349e+02
1.897142053142298721e+02
1.890619081354314233e+02
1.226872818347595739e+02
7.116832604659258266e+01
7.121494575967830087e+01
6.072721471609435184e+01
3.773034611925964441e+02
2.957507275345146240e+02
4.596080435025184840e+01
1.932413491106634353e+02
5.427154232281448998e+01
2.175893984380133759e+02
7.431901118064824630e+01
1.280246065633992885e+02
1.186689928695452068e+02
3.823192580140677421e+01
4.863400791947075419e+01
1.145097031166664436e+02
1.293484633468910943e+02
1.357843730612085551e+02
2.842062781068077584e+02
7.737584424261675053e+01
8.728867114076818723e+01
1.090445699400604269e+02
3.435962450638542691e+02
1.226350268894090476e+02
6.577479346017830153e+01
7.421779383362478200e+01
7.639481491223932608e+01
9.450521510525646818e+01
2.053875003157506001e+02
3.641335938606121658e+01
8.311395759942222128e+01
8.082523985601325478e+01
9.735329113344307927e+01
3.030958389492370202e+02
1.971424078543828387e+02
1.512955407749860228e+02
7.566527590515809720e+01
2.034400812510893104e+02
8.113594546163534460e+01
2.187425074100534346e+02
7.544122508918968606e+01
6.962207739040873378e+01
4.682399918776772552e+01
2.966262879456641599e+02
9.582574834258659280e+01
2.198619850915698066e+02
5.442584923572660927e+01
1.972011532224921666e+02
2.857486072295488952e+02
1.257493359579624155e+02
3.074751843991307965e+02
1.944293024304737116e+02
2.018568012032992556e+02
2.983248461090392993e+02
4.257927528048404042e+01
6.580823583738094840e+01
4.657471344886262443e+01
2.572410421996546006e+02
3.970463338352080740e+01
2.644511862721495845e+02
1.478343378564685224e+02
9.742029761403757959e+01
1.258397206585921708e+02
4.544685362593050115e+01
8.129669684300917254e+01
1.999713860814878501e+02
6.924047736379789342e+01
4.436735915633706639e+01
2.965219621178941338e+02
2.226554789738354145e+02
5.685396259337321112e+01
2.032386583503285351e+02
1.969943477451006686e+02
1.418904289803450922e+02
7.635815816981236992e+01
2.711159000049369752e+02
1.952758632705448747e+02
1.030979729902224449e+02
2.057895329890688174e+02
6.132040181963593284e+01
2.736608868183423056e+02
2.179034781515692742e+01
8.714742196581499911e+01
1.890895521977622877e+02
2.106487227202160568e+02
1.378535615259078497e+02
7.267397442038712541e+01
9.243576318675241055e+01
4.372699500739505396e+01
3.045792801723695788e+02
7.431543815439395928e+01
2.449469043369886947e+02
2.109376042908529882e+02
2.011442859258460203e+02
2.530122064038850738e+02
3.412736418307706003e+02
2.547571464295569967e+02
8.207260917267643663e+01
4.304719254499917014e+01
7.649806097155752127e+01
1.527754519789569940e+02
2.121984183992209410e+02
2.098925401691520563e+02
1.358588309105949747e+02
1.898024117459364959e+02
1.550625962147757946e+02
2.161243848351577697e+02
1.218865767193827452e+02
2.077684552786364520e+02
8.390971720846820858e+01
1.865879958961182581e+02
1.893742146159666788e+02
1.211370570899443635e+02
2.156703785217159179e+02
2.921580689505167925e+02
2.292671862436743879e+02
1.256122841996940309e+02
7.785161815656465478e+01
2.381677342392883361e+02
1.571765288403410921e+02
2.949871523662196751e+02
6.690195398065276322e+01
1.181687456024366298e+02
2.322981516211667099e+02
2.399827441906815295e+02
2.540477094853268909e+02
2.864719096864690755e+02
2.186051460479991135e+02
1.628618651744341150e+02
3.175687837564599363e+02
4.508714980110062953e+01
6.364401810777571455e+01
2.827540825366443187e+02
5.685472161949334691e+01
1.962081722118461471e+02
2.047880912957232624e+02
1.204669301912715866e+02
2.377659923582124577e+02
2.628551270738477115e+02
3.079428250120418511e+02
3.280194051415385843e+02
5.400205189551007123e+01
4.440253126061452349e+01
7.744428971884109103e+01
2.863658368306629995e+02
2.025093042153063436e+02
1.872163304795785734e+02
4.514507994631415499e+01
9.569152043779789452e+00
6.768427542002351061e+01
6.094255229155121611e+01
1.252240744480998558e+02
1.466220803784601401e+02
7.848913042031989562e+01
1.106379597927236773e+02
3.051762172505628428e+02
1.170731988921864115e+02
7.266522313539282152e+01
5.530543125883308875e+01
2.905864800021229257e+02
8.076370873589981159e+01
3.324837125146596577e+02
2.309548640554135943e+02
1.976523117143252080e+02
4.341415246440597286e+01
3.897451557227343528e+02
8.959724566644057120e+01
2.044080652457698761e+02
1.108052894281899370e+02
1.063659403003159127e+02
4.538194647056257480e+01
7.243534113219338622e+01
2.745801663416438032e+02
7.475656667147376311e+01
6.128461668845952914e+01
2.122090288885408427e+02
1.980419311106965381e+02
1.139765898742642634e+02
1.340894112172030361e+02
1.080497304597479626e+02
1.941472654960518014e+02
1.996883150596738972e+02
2.349067886281929987e+02
2.720074816257582597e+02
3.076467800397440442e+02
1.893987043683505078e+02
3.301191808364375788e+02
1.928894380531396848e+02
1.164712118700309560e+02
7.248430820078161219e+01
1.622343158977779751e+02
1.358437207844716283e+02
8.016264905386901773e+01
2.688829788830594794e+02
3.111737771304929083e+02
3.595624756024382691e+02
1.871134805477682335e+02
1.758328213639366879e+02
4.827659451377341782e+01
7.303850481844264664e+01
3.172977260054214526e+02
1.372607756192111310e+02
1.232438532694911686e+02
5.188881229106281978e+01
7.271219203891951111e+01
1.476553243763534908e+02
3.800672522244999385e+01
1.133764843907431299e+02
1.417367575101488342e+02
1.252107086091889840e+02
8.597664549167683390e+01
2.465579328436509741e+02
7.539298669811681464e+01
2.958539780822123930e+02
3.243212616730849049e+02
2.015021118053625742e+02
2.940427739503368798e+02
2.087659849218913450e+02
3.646021027820989957e+02
1.915407730495207375e+02
1.072012314894901692e+02
3.768982786420215803e+02
3.371159365799441048e+02
2.069250826686225651e+02
1.914397551188195052e+02
7.449235329905246772e+01
1.005273530735772880e+02
4.179674871112493406e+01
6.561515749228796324e+01
1.270147974738790708e+02
2.011304018920334329e+02
7.703688563422156221e+01
3.091188958934951643e+02
4.647149505594391883e+01
2.104041374006260696e+02
7.502223227278575735e+01
3.844976608354837566e+01
9.515774919012476118e+01
5.022494149646959016e+01
2.052394282282493236e+02
6.753446356896922964e+01
2.080053077664919385e+02
7.629079181361996120e+01
2.367438793418468492e+02
2.116493339176961115e+02
1.165651601906258890e+02
4.894874403483319014e+01
1.632132046525411226e+02
7.782540778461174114e+01
1.363127497581906198e+02
4.401891559494072936e+01
7.445468502684147438e+01
7.592038085955707061e+01
2.077131140765377495e+02
1.503095139775107896e+02
7.053552154085109294e+01
1.982832658976216749e+02
8.291398141219333695e+01
4.497809766587699443e+01
1.023904170438140255e+02
7.665862878911603673e+01
2.060039176298664927e+02
4.515709119305959263e+01
2.218535147857782306e+02
4.526012874981594791e+01
2.113196978312581393e+02
4.175189066510920810e+01
1.880486865884599013e+02
7.498968604196329579e+01
7.869403122673617190e+01
1.174111392637762492e+02
2.078625848456061362e+02
9.350219142850177434e+01
3.032312513237561120e+02
2.980502692982265103e+02
4.884995282123693272e+01
7.553142314537001312e+01
1.620020189696766124e+02
2.889190847666292257e+02
7.116597639349970450e+01
1.926574784283443478e+02
2.083717512515753185e+02
1.671686023662528839e+02
2.441417244659941446e+02
1.202834108367430019e+02
1.984655525002964680e+02
9.198605728637718926e+01
4.477635465691303551e+01
4.474604569827167921e+01
4.345093336730079869e+01
5.544109263993708936e+01
1.848939283222316305e+02
3.122231703551696000e+02
2.701907271859599291e+02
2.040859039855403125e+02
2.755742883280900060e+02
1.605972601456147686e+02
1.289055914643368510e+02
9.692303211728398082e+01
2.269896946976295453e+02
2.142471259841725271e+02
2.128494233422772766e+02
1.877780086950497775e+02
2.674029708761710822e+02
2.046595735337230906e+02
8.059416592996419126e+01
1.206053828285380689e+02
3.092189915218767169e+02
2.061865563572481221e+02
6.702916404509599602e+01
2.186996728506649390e+02
2.012910425317224110e+02
7.271059831378765637e+01
2.175987457507418412e+02
1.265551339612072042e+02
1.900817158978085430e+01
4.171192153415970694e+01
7.678131761978431769e+01
1.350215158086489851e+02
3.273089433728666222e+02
7.393226201643025775e+01
2.074449315334513955e+01
2.641489320236791514e+02
7.823372678294728644e+01
3.113853907648874610e+02
1.510610755812281241e+02
2.109382816721789879e+02
3.013816831071175670e+02
2.018057062417917678e+02
1.145408022923998459e+02
3.044912370740473193e+02
4.294102535721204816e+01
1.963226006022829040e+02
2.520559782936281863e+02
1.989427803661628502e+02
5.197190999112525134e+01
5.974580427539898153e+00
4.833683807846789193e+01
8.866830485405972695e+01
4.436843518357904514e+01
7.262782683333826128e+01
1.191583657363965330e+02
6.283243669182263602e+01
3.244571777431171995e+02
7.006118401451280420e+01
3.438538554525803903e+01
2.062785172058973444e+02
2.051072204433527304e+02
1.569514312683760693e+02
4.593767776243056034e+01
1.206183849414406097e+02
1.951989584787883700e+02
8.810827625607980451e+01
7.740560658562610286e+01
5.511379868502287138e+01
1.160484122806245892e+02
2.109542053779777007e+02
7.756763978700043083e+01
2.743253079693403720e+02
2.032609962538641355e+02
4.370859396604924285e+01
1.806113025127061178e+02
1.994732075138425671e+02
1.540569931185563064e+02
1.263998483899393648e+02
1.896963651983654984e+02
1.979616867911211031e+01
7.503934681833234777e+01
1.569378545913706944e+02
1.995442467372857038e+02
2.286491454771389158e+02
1.012036047164528298e+02
1.213422174674072949e+02
1.258470863757716245e+02
1.463451410201695069e+02
2.118834960314527507e+02
3.915557494154182905e+02
1.874813290382037678e+02
1.329518561869531368e+02
1.599267615642724536e+02
8.025006758496259351e+01
1.182547563118813372e+02
3.018425839798118773e+02
1.771631019287925426e+02
4.633561119030179754e+01
4.093499204104364253e+01
9.296392039495832194e+01
1.074259017577352608e+02
7.553415931495925406e+01
2.084407932990037580e+02
1.037543877083504498e+02
8.814763838708074672e+01
3.331506210491139655e+02
2.066554297949064392e+02
1.188005628252798260e+02
7.426975512992748918e+01
3.161366948009650741e+02
3.063287160409018952e+02
1.054147335692815517e+02
3.028245658892139431e+02
7.015724403042170820e+01
4.593150377800882467e+01
7.885288160918005929e+01
1.583679532896549631e+02
4.387695724551484489e+01
1.186741660021338873e+02
1.604445292649030819e+02
2.705477289546256543e+02
4.683602047540659896e+01
7.806124767566537059e+01
3.025399287081614830e+02
1.209126704726751456e+02
6.807960520346172473e+01
2.025412514099255077e+02
2.583142800772560932e+01
1.993698993522409921e+02
2.044895932043148150e+02
4.681756122319062996e+01
2.145805360102010297e+02
7.484858540295377338e+01
2.583940862503486073e+02
2.113586375001330850e+02
2.117095429625512963e+02
2.497736128509577611e+02
1.895909263978191177e+02
1.181574528862732336e+02
2.873643647519698447e+02
3.448898789024069629e+02
1.791919071952815727e+02
1.945837411900302527e+02
2.111007024821007008e+02
1.190412373493795144e+02
1.230083797973308037e+02
1.882018251572052350e+02
2.983147008927504658e+02
1.462688341545500066e+02
2.298642998521434606e+02
1.088082271687444660e+02
6.014061368121206641e+01
6.957852540675806097e+01
1.779217192308749418e+02
1.374546219630940982e+02
7.317883310817495612e+01
2.958229522312523727e+02
2.027196366203051525e+01
1.356197757507393931e+02
2.014533236310179234e+02
2.882299836948049006e+02
1.767335271521879747e+02
1.530367348816562298e+02
4.538305290383626556e+01
4.698452455280620654e+01
1.195072857070415751e+02
3.184029058395012726e+02
7.402137671604910452e+01
8.190645446649990902e+01
6.815917187619557183e+01
4.526263650529127602e+01
1.865212358187180541e+02
1.872517065307895905e+02
1.065482202482097591e+02
2.956946498741393157e+02
1.201874299646822379e+02
1.398473849138325420e+02
1.900371876852487389e+02
1.986298038274909175e+02
1.170556503610042824e+02
1.939940450795341746e+02
3.099255803424524629e+02
2.036431675494569618e+02
7.110991498632105845e+01
2.047424846380367001e+02
5.726091187361193846e+01
7.549349160275643555e+01
1.202635492655662546e+02
2.089316504885863424e+02
4.388255047852090485e+01
2.962865491533399904e+02
3.239064272231870234e+01
2.268096863493751698e+02
1.906651098034764118e+02
2.916841007421336371e+02
1.215827225335522570e+02
1.922895898242254731e+01
3.962750168456120292e+01
8.293240462279588598e+01
4.136214619252933744e+01
1.751294861186334231e+02
7.330195970264094285e+01
7.675823374142815680e+01
1.000555727208738546e+02
2.776438635382011739e+02
2.021062745295488412e+02
1.185284353872445280e+02
1.226065396401707943e+02
1.922118792960368410e+02
1.929883793310845022e+02
3.811976464543284493e+01
1.193686141520806956e+02
7.388113945459591037e+01
3.654550290071520635e+01
1.554239434422988779e+02
8.185980930713269288e+01
1.248716872829933067e+02
1.665082720423319529e+02
1.094136314417320932e+02
1.656396763201369424e+02
2.053257434169426006e+02
3.167201024614111589e+02
1.010121730497469912e+02
6.595689291059136394e+01
1.944706507974995588e+02
2.036634545953170061e+02
2.121487079467903527e+02
2.576029996911793774e+02
2.693564780856222285e+01
1.830561555293048741e+02
7.591590085695847279e+01
7.333450787798579995e+01
1.815098241443615166e+02
7.334692772588444143e+01
2.978873630786590638e+02
4.456325738215569032e+01
1.581257398203949904e+01
1.882231430479849905e+02
4.031831246404066604e+01
8.043485394862280202e+01
9.528927481697115809e+01
3.060181783846003327e+02
6.740120565984187806e+01
2.750036820941616043e+02
1.473371213224731093e+02
1.906242253361435246e+02
4.832658525497938484e+01
9.205217449546945829e+01
7.620858938315558362e+01
7.140028844294424459e+01
1.945772424977042192e+02
1.403377098210173699e+02
2.600458092503421312e+02
1.908867856763112059e+02
2.892095882113960101e+02
3.763384961230242709e+01
7.997973787571720550e+01
4.426785780373730006e+01
3.133829073148643261e+02
1.493647941556566821e+02
2.904938831759177447e+02
4.415354304905629590e+01
1.077595348043936099e+02
1.891936016397228286e+02
6.617435816735999765e+01
4.569407620040164630e+01
4.464611789740102665e+01
4.685619913662891634e+01
3.276446111919329951e+01
6.938351847485873236e+01
2.064906232372014756e+02
2.153012955354323879e+02
1.732748841839469662e+02
2.038463383028785643e+02
1.763298572940542499e+02
2.222508797653054273e+02
6.906951465122271827e+01
2.088767204511802049e+02
2.040912653195878761e+02
1.952598099186468161e+01
1.918840096895281988e+02
2.848088457626910781e+02
1.962651494668399721e+02
7.428133957079997174e+01
7.668584399455119183e+01
1.654911232375382042e+02
7.310734399007064610e+01
3.048366168517262054e+02
1.149051201767387909e+02
7.331783606187474334e+01
1.200822150584391323e+02
1.164130269727342863e+02
1.248802539177326310e+02
1.389586501026915357e+02
8.494894525282404629e+01
3.274080568150181989e+02
3.087332502358675015e+02
1.851129514951269073e+02
2.730719302269384912e+02
6.095718171714346312e+01
8.603219593089475836e+01
2.065177501355184120e+02
4.652345680092194158e+01
1.874886193913953036e+02
2.129604453306486107e+02
1.235898467635609279e+02
8.120670295514779014e+01
2.157377108893263937e+02
1.246052090176683862e+02
1.979836263251753223e+02
3.865418769268645605e+01
4.159622084440512424e+01
1.846938418652875100e+02
3.289420883644488072e+02
1.085931853949360431e+02
6.901207151880662138e+01
3.194955030390909201e+02
1.298362151499611343e+02
1.876625734615588783e+02
3.877751680751692902e+02
1.009132272847777188e+02
4.431342464442550266e+01
7.287332346371171354e+01
4.922397535334462049e+01
7.385289390448313895e+01
1.026254633450388241e+02
2.884573821265991000e+02
1.163407301899383413e+02
2.937820155151484869e+02
9.592434899431270878e+01
3.008232081403625671e+02
3.137931971793610728e+02
1.238345401149129543e+02
1.212166684881692333e+02
3.986496977814554299e+01
4.599736358121099045e+01
7.202725798655943379e+01
1.729130762210148475e+02
3.909020449494924776e+01
8.914807483871653915e+01
3.172684041335031679e+01
1.970607141780828613e+02
4.725936485700209744e+01
2.018192886882919197e+02
1.240518017080497089e+02
1.606118061245464332e+02
7.675326356914331427e+01
4.379597079222357081e+01
6.353208962143256855e+01
3.182214419460076442e+02
2.017816718206521784e+02
6.973813953571409741e+01
1.790811340743439359e+02
3.114424187762963925e+02
7.237637061656575099e+01
2.809244628684015197e+02
1.213687720007847588e+02
8.471018830718583104e+01
4.603857302068229984e+01
7.656173026721926078e+01
9.013603894185845888e+01
2.105218003053688562e+02
7.672147484312054644e+01
7.743519566862691761e+01
1.883073122234088714e+02
1.269360692912487565e+02
1.257958998360389415e+02
4.394616802200340544e+01
1.908141048612011161e+02
4.001990788580523173e+01
1.930568483567651867e+02
1.974953952204926395e+02
6.057525802474554411e+01
1.295657046593022415e+02
1.046746533772773375e+02
4.374303291051656117e+01
2.806720634524309048e+02
4.674298709123004159e+01
4.434775003259463233e+01
7.188724637266375339e+01
1.215421717712498406e+02
4.796396221823612649e+01
2.194763855657392924e+02
1.899322602939454043e+02
3.116536787922745475e+02
4.464077757026751669e+01
9.867855068668708896e+01
4.352102817536125912e+01
1.500057122020157863e+02
4.414278223374428478e+01
1.299074921340677804e+02
7.185451285431641111e+01
2.026721421185598615e+02
7.338249452269307938e+01
2.828886198607647771e+02
1.302311599385512011e+02
2.038776548023805901e+02
3.444624168782651736e+02
6.985451507165710439e+01
2.759619972239595995e+02
1.096953158618740076e+02
1.038913980559860022e+02
2.181511906370952261e+02
6.911665849473916978e+01
1.165683838725919372e+02
1.965386851896799669e+02
4.590365051935355467e+01
4.330136143619819933e+01
2.965932481693548084e+02
1.418237283372925788e+02
4.779113846752450456e+01
1.647171784428356887e+02
7.859261031794541452e+01
1.036852544136195888e+02
1.860462212062836329e+02
7.981944972744295796e+01
1.535398399692285238e+02
1.355753635962717283e+02
8.558221292053589480e+01
7.525146565296456913e+01
1.416297509282738361e+02
1.259783471511653090e+02
1.919736014294815902e+02
1.266949069794373912e+02
6.875995388907740846e+01
1.903596747720996802e+02
7.079276808941567367e+01
2.902947065309091386e+02
1.599316421284108571e+02
1.798646936840790715e+02
7.662187643295001749e+01
9.112157609683617920e+01
1.945461190652443690e+02
1.231462462571045506e+02
3.112296857249767186e+02
4.403911536229700374e+01
2.080351525954771716e+02
2.889886172681208905e+02
9.024452303388802932e+01
3.008701184314823251e+01
1.238787859886526945e+02
1.764745493274801618e+02
4.793589403866182153e+01
1.975998451875787794e+02
7.148869056473343164e+01
1.320389912220902886e+02
7.494451206223675399e+01
5.299171704960944851e+01
1.201682384679151596e+02
7.548305537078704219e+01
7.636430931542111011e+01
2.939831995740250363e+02
1.809322118120576306e+02
7.776870468034397277e+01
1.527485085045384139e+01
2.064351973254815107e+02
1.432420348987762679e+02
1.380836543575726694e+02
3.089322936949955647e+02
1.128777502743959360e+02
1.462555785386045670e+02
1.750855681512034323e+02
3.257826626659941098e+02
8.764611470874028498e+01
1.089110559431144480e+02
1.596804707804360532e+02
1.805936053283907370e+02
1.360220464099020887e+02
3.235537564020455648e+01
1.889259207517456218e+02
5.335236663030920568e+01
2.634915016844131515e+02
5.182670198156809249e+01
2.086601015698051640e+02
2.329005182505056837e+02
2.681491917137594783e+02
7.366979925399928675e+01
7.072604994748716933e+01
2.598189366730648544e+02
1.367030127279239196e+02
3.113348820999333952e+02
3.114784868695491014e+02
2.900386956720547573e+02
1.753790147106292636e+02
7.742563109324235882e+01
7.661494900647470274e+01
1.221298980414141653e+02
1.848635573228389433e+02
1.231562574511389698e+02
3.075441546269022979e+02
4.700245158154563541e+01
2.064459763540494919e+02
1.293638826019146109e+02
1.239461535680750330e+02
4.004998347150428373e+01
3.449268793399937039e+01
9.496747569891904561e+01
9.570479244941189734e+01
1.556086342183961619e+02
2.909120432009830779e+02
1.702459199231030880e+02
4.348674142283319100e+01
3.192042723365405550e+02
5.134304386060352954e+01
3.104234801181343073e+02
2.020977637933190749e+02
8.483790175182400617e+01
4.349570982342060432e+01
1.291537326347787484e+02
5.759023977979769882e+01
2.250245596392421419e+02
1.977061948256403241e+02
4.509863481982054623e+01
5.383621052242997962e+01
5.889448507551598055e+01
4.437175776309443620e+01
6.844483050636689825e+01
2.618688234829243129e+02
4.606234390846849180e+01
7.821780195572469552e+01
4.675805394830797468e+01
2.172668709971626697e+02
1.263959496984107886e+02
2.404056808292328924e+02
1.022478121405468983e+02
2.121208530797557330e+02
1.793757302105937299e+02
3.067923251888850587e+02
3.065330528754317925e+02
7.501821357189480466e+01
1.127644260794239415e+02
7.412432146049532378e+01
4.718202058480251537e+01
2.983099289437276411e+02
6.976331260305559567e+01
8.961255057765795584e+01
1.013047971220189112e+02
1.487898142504078578e+02
3.239869236691810670e+02
1.948413798873013718e+02
2.564918953464364790e+02
2.111510710981771979e+02
7.338878982416235885e+01
7.479702996852870456e+01
4.136191237582107050e+01
1.172084937635114130e+02
1.897912547472137419e+02
2.032810662542798639e+02
3.367741426714847819e+01
4.548827162109500932e+01
7.300255787540504571e+01
3.526939898099786319e+02
4.781200260619314690e+01
2.422625863225076444e+02
2.667043964037902128e+02
1.966909832821934856e+02
7.883638189355653481e+01
9.384346042539210941e+01
2.836833547906367698e+02
7.665785027150522524e+01
4.381371117040085750e+01
1.088704612153323552e+02
7.539763132485464325e+01
8.504128450883004575e+01
1.349790184170900886e+02
4.468979265557309333e+01
9.663861615642439062e+01
1.213881022067059661e+02
8.845218668710255372e+01
2.061797119974880559e+02
9.413749600116004501e+01
1.529052708237681770e+02
2.786065470120560121e+02
1.340450213993953810e+02
3.165205632188548535e+01
7.580015085124412622e+01
7.191482506911209782e+01
2.905300439352738522e+02
2.752764188564076449e+02
1.654943358808907306e+02
2.041810763994784281e+02
1.692371465187197828e+02
2.083875385177775570e+02
7.827267113308334956e+01
7.492624953090999895e+01
2.340150763118908515e+02
3.898004445896080483e+01
5.868790708663070887e+01
2.784239558558479075e+02
5.558140602560529686e+01
9.138272382798024296e+01
1.540470950053648096e+02
6.834899848798693256e+01
7.081418106299423698e+01
2.105614921329273841e+02
4.617957379641631377e+01
3.776497521689419301e+01
7.044565244255620939e+01
3.102420511865452113e+02
6.976744500646195490e+01
1.881881771961932870e+01
7.579243852261586767e+01
1.440314334250814454e+02
1.232521872738620488e+02
7.360818645526309467e+01
4.450309910202700081e+01
2.464730220335322315e+02
2.924463488813544814e+02
1.968347361328083309e+02
1.016909494873224418e+02
7.841507130703223538e+01
2.949238563804233877e+02
5.739738069556280919e+01
1.567942375965922963e+02
7.140467155488428830e+01
3.442459855826517696e+02
1.171123605625267459e+02
7.805097160948824353e+01
7.876709460320158485e+01
1.511786864484107298e+02
3.073817510253817318e+02
1.784424019001126567e+02
4.484238609658521568e+01
3.015956408334411094e+02
1.177259218924041306e+02
1.296726718494099941e+02
6.995975063288891249e+01
4.575292499992928441e+01
7.015787010970851156e+01
1.454886751743253228e+02
3.121859468449580959e+02
2.084808183334386342e+02
1.348751825189422959e+02
1.394236393330661770e+02
9.548537021385890000e+01
2.032832589252335254e+02
3.088538050767430718e+02
7.833078833630942484e+01
7.548021493554570327e+01
1.499695447910577286e+02
7.694331973067495767e+01
3.136915758868898365e+02
2.043604356754811420e+02
1.465677330127147684e+02
2.665286061793103727e+02
7.843041701378197672e+01
1.914042918660734642e+02
2.751909534389018290e+02
8.085240419665061040e+01
7.424021148534579595e+01
2.678132944723731725e+02
6.820798680004450887e+01
2.072752998537427871e+01
1.967688625370192312e+02
1.264236154159152363e+02
7.674244294843789760e+01
4.502113422779656560e+01
3.567944558551160981e+02
7.380127107661596142e+01
2.957219243552323178e+02
1.931514057856661566e+02
8.982463144266422717e+01
9.094711228294654859e+01
4.410198246176641845e+01
7.514901440020267387e+01
3.261126971889987658e+02
1.712926573220744615e+02
2.065157639188677479e+02
1.957947344757425583e+02
1.856231235710053511e+02
2.751635359729798438e+02
5.082887454827199036e+01
7.976258923916451238e+01
1.894645157770902699e+02
2.284328520020695237e+02
7.628653326707240012e+01
3.129192286518996866e+02
3.495735249893338903e+01
3.272897816483565521e+02
1.558696135755896819e+02
2.008532794824052985e+02
7.394816954348502236e+01
1.691185116079137174e+02
8.516479927272803252e+01
1.184499077416988086e+02
1.763087415657873294e+02
3.008859323365336422e+02
1.227101582968925975e+01
3.205471285580746894e+02
7.078695795722819639e+01
1.434998372290843349e+02
1.479988231516667270e+02
2.067345384067710370e+02
4.537285469217273715e+01
2.802495833895932265e+02
1.930705795912031135e+02
1.646916556443607647e+02
1.185645051096605016e+02
1.500103607334341689e+02
8.748262881098028743e+01
8.270629948469421322e+01
1.560659742149278770e+02
2.847366005604388874e+02
4.425709781772491169e+01
3.020853079948166169e+02
2.935470702012684114e+02
1.975594660013368582e+02
2.050337364422552753e+02
5.985327213202079832e+01
3.057641152213743680e+02
2.902594452032626009e+02
1.559455093108779806e+02
2.273065120527874114e+02
1.800719883650205304e+02
1.638160896979096037e+02
1.680303491817359074e+01
1.986816037614624406e+02
3.001813434667344040e+02
3.767072838330269064e+02
2.763052770506452589e+02
3.023212382495760266e+02
1.417461975941587013e+02
1.873345810158010352e+02
1.011413902447007302e+02
8.999182297538364139e+01
1.367601781037633089e+02
8.930557641209468045e+01
2.091976902220580143e+02
1.990399421877746704e+02
1.953975368804353820e+02
1.988001373111538612e+02
8.211556447880060716e+01
2.268862261473661306e+02
2.041464431883505597e+02
8.460845867237154039e+01
8.905359432670030628e+01
1.211551487297749787e+02
2.213161123861937654e+02
1.267199715536881257e+02
6.932144414314207381e+01
1.701589418785676457e+02
2.994279248153293338e+02
4.496060409232958932e+01
9.215823345880526318e+00
1.988005032107791124e+02
3.579087907035572584e+02
8.506686714069699917e+01
2.007700815223251709e+02
4.653000722571143655e+01
5.231710228308729427e+01
4.256095901728976116e+01
7.353571327521414958e+01
6.569923705537388514e+01
5.738770856842779011e+01
1.436450466250929594e+02
1.095142658161963141e+02
1.239584468865867137e+02
1.503259940548936413e+02
3.084731713031294476e+02
9.912036097394633316e+01
1.044522942139449242e+02
7.818895015623040479e+01
8.233597467668161585e+01
8.015921125192394925e+01
4.451316761763463603e+01
3.118685500386380909e+02
7.422106229524200671e+01
4.506047637879209589e+01
1.447520642464982643e+02
1.956555943224032603e+02
5.114185565919754595e+01
2.096868804378133007e+02
2.856452965746868600e+01
7.427207056046708544e+01
1.565108162628351067e+02
9.507786699980434264e+01
7.322103894196013130e+01
2.403634631304054210e+02
3.098842145122045508e+02
2.914009318160754347e+01
1.212959688730845755e+02
4.255880723830313173e+01
2.050775906733645115e+02
1.724448349479341118e+02
1.313680213740543365e+02
1.754876889375013604e+02
1.274021312766128062e+02
9.482717577968655576e+01
2.897072057644402321e+02
2.878987347008594497e+02
8.029485549124481736e+01
1.203764307581498088e+02
2.008831223292370112e+02
2.611570412158435062e+01
3.307415746063205120e+02
1.822562968144912361e+02
1.348710862030669375e+02
3.494448882758064769e+02
6.747951780909309605e+01
2.830798882654275985e+02
1.184982614010564816e+02
7.159254845067422934e+01
1.782388792108875464e+02
1.197169589219631831e+02
2.942783533711219093e+02
1.321771713463837443e+02
2.314266589443018631e+02
3.427670382166098761e+02
4.532768470487922485e+01
2.922922062143254038e+02
1.539363998427999434e+02
1.472147354750611328e+02
1.515114999255613100e+02
2.007489752033505965e+02
4.150275556898590423e+01
6.357964696563116291e+01
2.129489416795136094e+02
6.810703772048124449e+01
1.075848660578045468e+02
2.528165217704584506e+02
1.810095083381444567e+02
2.215678195828082764e+01
3.066931990403028863e+02
2.280107351445391473e+01
1.141379566764473168e+02
4.299920640654715953e+01
4.606306373380514430e+01
3.167476145240702863e+02
8.276576499416783861e+01
7.480541125447088291e+01
2.778494479812357554e+02
1.256234961327093913e+02
3.305987047239112826e+02
2.499775079081644265e+02
6.184312764921774885e+01
4.637328025710599633e+01
1.474564837961171406e+02
2.214733742222588546e+02
1.877105630174203270e+02
2.752541455403735426e+02
6.992016654433133738e+01
7.208047972736204656e+01
3.816686732183233630e+02
7.312079184569071799e+01
3.638503543611441415e+01
1.943084450264576901e+02
4.463444223312621517e+01
2.355837624882737487e+02
2.855393656312725525e+01
1.239747071678974066e+02
4.006113067443465070e+01
2.866774376211308208e+02
3.541678633831437537e+02
4.569157644477463265e+01
1.883808710452869946e+02
2.188174427047775339e+02
7.501533186226207306e+01
1.143845805175652686e+02
4.246620531272988330e+01
1.230366600826541941e+02
7.364021460009492159e+01
9.320267906110998979e+01
1.419461597051487445e+02
2.152696870401015303e+02
1.581101699517857355e+02
4.412282581597052200e+01
5.934288834445531080e+01
1.257925139007873554e+02
4.681034512264140801e+01
1.760154658665132388e+01
1.924449885342765469e+02
7.213373195546871841e+01
1.099368273098696420e+02
7.205305289202318875e+01
3.587627239609269054e+02
2.925476503445986154e+01
1.216184662326129597e+02
3.282625074460835322e+02
4.672545374451551226e+01
1.293132466097120243e+02
1.201438295385665072e+02
7.384873803039090490e+01
2.105110688831396999e+02
1.002794099350595900e+02
1.502175740377069530e+02
3.071834482517884624e+01
6.767852423671334350e+01
1.589943721028587049e+02
2.570250796030956622e+02
8.149972075854142872e+01
2.927990215138196959e+02
1.039815177954575915e+02
7.817906843542844797e+01
7.515437710556508932e+01
1.746048717126925283e+02
7.339408438187375339e+01
3.092232821676220738e+02
1.587295129722714648e+02
7.078945903560078534e+01
4.676959071322447414e+01
2.105612725062833022e+02
2.667309512324719663e+02
1.932123015228407610e+02
8.952892985561344119e+01
3.478416359149505155e+01
2.859907668271898160e+02
1.037390659764926966e+02
4.352024611206603311e+01
5.182219905738313770e+01
7.176807258448454263e+01
4.552948420164075571e+01
2.061066096690729239e+02
2.820468720291720501e+02
2.017368395353096275e+02
1.039229416680881855e+02
2.646059345046968474e+02
1.528936416254153698e+02
1.804337679376370716e+02
