4.523784370328188942e+01
4.694444072025672909e+01
2.272991714029662802e+01
8.449626211201979231e+01
7.754274513925268764e+01
2.868875570558258801e+02
7.903652484061994699e+01
2.604068202129766405e+02
7.295082818517198575e+01
4.647363422991435300e+01
3.259227781923893872e+02
4.745218121178116633e+01
2.138055675649997625e+02
4.700229100936375914e+01
7.392535629930324603e+01
6.946982743125957427e+01
1.990503338699459448e+02
1.228105976676738464e+02
2.552244763424083089e+02
1.583673476516240726e+02
9.522593548260172724e+01
1.994220294684223518e+02
1.252314771738240751e+02
1.009558667270857484e+02
2.942740409580663936e+02
2.779154052263340873e+02
7.215356760545346049e+01
7.288232846384701702e+01
2.443876167404679052e+02
2.113353407132259747e+02
1.276874755119906979e+02
1.132246488474311548e+02
9.900777202362557716e+01
1.809932080813892981e+02
1.243566354072004856e+02
1.229739377864492695e+02
2.168712058797767099e+02
7.334054732465889970e+01
2.598950350073806135e+02
7.600735253567165728e+01
2.027000665079760608e+02
1.836421796298258471e+02
7.110194186797890836e+01
2.165771743186847971e+02
1.122619955137382419e+02
1.982284477689673565e+02
7.247637396481802341e+01
1.261965101992829688e+02
1.642559225394016309e+01
2.102262059685243401e+02
3.096645581848225106e+02
1.143521992179756097e+01
1.222398044626566360e+02
8.531387373251540396e+01
1.389261995326723991e+02
3.021825201246793426e+02
8.659864467267203736e+01
3.988991794537567159e+01
2.327415734095473852e+02
8.835494512892580588e+01
2.085418199392176462e+02
1.191840994293979890e+02
4.340310966914432811e+01
5.812004406818179802e+01
2.771593444646030662e+02
4.497689483936839139e+01
3.840082418000549751e+02
1.230495190816956494e+02
9.660263348504277303e+01
1.137878284081999425e+02
6.846648410953851283e+01
2.889421082217350545e+02
4.322744875923284980e+01
4.502661066667570111e+01
2.888553220019695686e+02
6.322835263086653157e+01
1.865329011070554941e+02
4.613607882443960762e+01
5.124055415298992244e+01
2.377722743114509001e+02
2.089282686622209155e+02
2.785270402539794645e+02
1.673912190399911992e+02
5.000864450255652827e+01
7.869857216616313167e+01
7.482513752949796526e+01
2.969069704833979699e+02
2.029688096554041294e+02
2.090374903771097479e+02
7.595638967991187940e+01
1.584078449465125402e+02
1.074536267820656406e+02
4.326966922037153296e+01
7.145123710686625884e+01
5.298509655390651574e+01
6.845671008705900817e+01
4.342224765169790146e+01
2.927559486771488650e+02
4.525869892723998333e+01
1.206060969597079406e+02
4.488782157289667651e+01
1.578826508939897337e+02
2.255908806808436111e+02
2.715593387147837348e+02
7.728404330810276690e+01
2.027228100770058745e+02
4.946975600059607814e+01
1.466122485352687477e+02
1.179063060143355557e+02
1.659047490740623232e+02
1.896420865086942626e+02
2.068135555957201177e+02
1.161806457166094617e+02
7.524551383899168400e+01
1.263680574331324635e+02
2.186757527386784545e+02
1.531945436687678352e+02
1.172078990522938398e+02
1.392781613657247988e+02
2.078910636988468639e+02
3.082802685969529080e+02
2.079120364995980594e+02
1.887282412047445632e+02
2.000352019100596692e+02
1.112303190769501953e+02
2.020754694449290412e+02
1.879178181577652822e+02
1.992586765197176248e+02
1.901955760339418759e+02
6.217829313059444019e+01
3.414491768187063485e+02
1.932548937626418137e+02
1.855215183290754908e+02
8.493453462433953405e+01
1.181763745201361786e+02
4.362704340864127772e+01
2.217259775827160126e+02
4.552917036309390397e+01
1.800301362647145993e+02
7.463196225974937192e+01
8.940989156084545186e+01
2.253212051197019434e+02
4.476211198202967978e+01
1.934259631030325863e+02
1.119078440012656550e+01
1.188800120846566557e+02
2.839377345797803400e+02
1.641721232249397815e+02
3.343747601612849962e+01
4.741353913472000414e+01
4.010312379989007781e+01
7.369320570761566103e+01
4.468703559105027523e+01
2.863515739682726462e+02
1.863273976078427552e+02
1.383937984432634494e+02
1.756072275569190708e+02
7.747846978045292587e+01
2.162948696002017712e+01
1.988270383488558082e+02
4.701707637747787061e+01
1.416437228108428883e+02
1.310161583396192952e+02
1.476971494951629893e+02
3.409663645906053375e+02
6.297292133961788352e+01
2.040255459738987724e+02
3.168715559287141303e+01
1.973568991343251753e+02
5.708021213049646292e+01
4.113230352195763118e+01
4.467781382964727754e+01
1.871905248165228670e+02
1.692574569854014328e+02
7.659703143588340879e+01
2.078833171857718582e+02
3.039917437348263434e+02
7.964794107660074474e+01
7.673615540876825492e+01
7.870462950304330718e+01
1.194423735008116978e+02
2.970360470316864507e+02
3.696367524348577263e+02
2.089487172936056538e+02
1.216381559783824855e+02
4.262350779314034810e+01
1.183821579051256805e+02
1.445824851991464186e+02
7.833919471202106877e+01
1.925243047192981578e+02
2.901775903209408511e+02
2.811578114993058080e+02
2.058886881391591430e+02
1.941760838536099811e+02
1.121158853598598597e+02
2.181699283517096433e+02
2.042845133490446301e+02
7.447831646700733188e+01
8.053192701485899363e+01
2.844752347525353571e+02
7.483055362729798787e+01
7.449141459184636460e+01
2.756040855232739659e+02
7.945885652989665004e+01
1.150877660978710253e+02
3.132929665168029487e+02
1.051581232701646087e+02
4.363398679598182639e+01
2.165690833102883346e+02
7.609633461053870462e+01
6.965546851189260735e+01
2.198766528823855424e+02
1.390796917992233546e+02
1.499535406703336662e+02
2.959144427667570767e+02
7.570042068072912400e+01
1.203099572069631478e+02
1.810799079252363413e+02
1.274616979469545299e+02
7.242586586817455441e+01
4.727115069158215732e+01
2.851995011300614351e+02
1.835156761097514675e+02
1.005672326973380137e+02
2.013024816911841413e+02
3.113165052446244658e+02
1.639858291742867209e+02
1.086173915370230958e+02
1.660691763535666325e+02
2.131361103921977644e+02
6.991316269475498757e+01
8.716930243312584992e+01
2.947544183697838207e+02
5.175227899412787735e+01
1.226455769764384769e+02
2.125128796627880945e+02
2.024814759528207446e+02
1.355120317139634381e+02
3.636929221248918509e+01
1.154815482570037517e+02
4.302611458924616272e+01
7.170562284677282605e+01
1.829135561826823846e+02
6.244600538855622318e+01
2.648726775804549334e+02
2.863237327328301376e+02
3.071834354787618508e+02
8.280711333750096514e+01
1.441567868393357514e+02
1.948545236732729791e+02
1.034610757099793261e+02
4.494185519317009891e+01
1.604785986734402456e+02
4.828587854009131775e+01
1.359676661435210860e+02
3.018592547547928007e+02
2.074831987125169803e+02
7.170840204076664293e+01
2.957458134643713379e+02
3.134257921278071422e+02
6.398373101067289070e+01
1.934435553436246380e+02
1.742659942062221887e+02
1.214278771594931072e+02
6.331242639925666538e+01
2.088791916955479735e+02
1.274177592702553170e+02
2.978916640185013875e+02
3.595563206039070678e+02
1.340907549216044572e+02
1.008900849127220170e+02
2.987341094069897736e+02
7.560592425297984676e+01
1.859806821272015043e+02
1.368826152339022428e+02
4.278528358089909744e+01
2.366082321141840339e+02
2.220009977898569105e+02
8.470016650538491376e+01
1.712368347123705519e+02
7.818260514994490507e+01
5.230466042181628694e+01
7.804268345796840478e+00
4.281481881766379871e+01
1.987636240668550158e+02
1.140450068964897667e+02
1.060559354116116992e+02
1.886152724513110854e+02
2.932705839736358939e+02
2.689869989641091479e+02
3.378140577936259348e+01
1.173731032306054658e+02
3.653119028250340961e+01
6.291859075491866804e+01
2.955362215487481308e+02
7.547685846867082660e+01
7.930685732827778622e+01
3.086439206176207790e+02
2.972578377199870303e+01
2.963295220239963896e+02
1.896847315512951013e+02
4.958702664760149048e+01
1.239848482076890548e+02
7.862122707040539638e+01
2.005480782379310085e+02
2.843162970940974787e+02
4.121941468025804056e+01
1.968625115550240707e+02
4.329482176702381224e+01
1.327974711884280339e+02
2.135376527970917948e+02
1.972438712413444648e+02
3.385527043480040987e+01
1.863380488500868353e+02
7.679121512657589221e+01
4.441351327615955569e+01
2.397745405267238823e+02
1.626671443380934932e+02
1.204210993448657518e+02
2.852199147541178377e+02
2.091184561636008539e+02
7.347031433005544443e+01
5.366688163348921137e+01
2.582501239782411631e+02
3.003357841983481080e+02
2.163386555374320608e+02
4.020282683928943612e+01
7.341317123372695619e+01
7.993305373130021962e+01
2.525645503087096984e+02
2.896682086829977152e+02
2.090915404335781318e+02
2.832715038529443632e+02
1.687763124598844797e+02
3.782368516885977527e+01
2.395347553222610770e+02
1.930887247535052893e+02
1.982413386948005893e+02
7.374994928800526850e+01
7.892547962755762114e+01
3.015536859852911675e+02
7.378746346344016160e+01
2.065336580733742835e+02
7.431505150459538811e+01
7.620641211956368011e+01
6.764906306086362520e+01
7.317435480800631353e+01
1.185681697364037177e+02
2.686472018915615934e+01
7.625742106885221006e+01
7.739925730884800714e+01
3.839774873218981810e+01
1.449474301516716537e+02
1.416105004377290584e+02
6.985473387566266013e+01
5.178213240999362910e+01
7.664400425278016371e+01
1.419816822261897755e+02
4.793451073909033511e+01
1.918493378576498856e+02
1.980834885127390876e+01
3.187355874290581710e+02
3.034257182673760553e+02
4.461692685682125870e+01
1.709818448598691418e+02
1.930683464162447365e+02
9.638719028412288026e+01
7.151258524353931989e+01
4.947094448103449338e+01
3.036657526915241192e+02
1.835433025698951610e+02
9.778344670301102326e+01
7.190474870738665913e+01
3.162299656088243296e+02
2.339610525131050451e+02
1.037949320301763692e+02
4.112527969422097129e+01
1.976583965253576309e+02
7.270114179763129414e+01
1.292907651342153201e+02
2.062921142887241786e+02
7.517174366778222350e+01
4.615423341924397249e+01
3.221514996936488728e+02
4.800056651245875372e+01
1.843412413100994343e+02
7.431131933247785071e+01
7.729222326757370354e+01
2.540760913046543976e+02
2.960452905089911724e+02
9.109405802409352759e+01
4.184270153362037092e+01
1.970608447109688370e+02
2.968093248927653462e+02
4.065034418220750467e+01
1.932462626768055713e+02
4.629933573677639203e+01
2.789690466033048324e+02
2.156575457343128335e+02
1.576271275339624367e+02
7.299666635279331217e+01
2.866448929092372282e+02
1.738671303477936192e+02
2.743395066933157977e+02
2.056464634013026398e+02
1.161731959247702122e+02
1.233176629400398028e+01
1.282155203619176689e+02
4.458171323535628261e+01
1.744812106109470449e+02
1.117231477668395314e+02
3.010317640229511085e+02
1.925921816233026505e+02
1.966820306583184959e+02
7.220630320442751326e+01
1.294682639813423179e+02
9.317603778972723205e+01
7.855832821234858443e+01
1.455446141625970995e+02
3.064794386065451022e+02
9.601321864078217061e+01
8.068797887393428425e+01
2.052035710612199466e+02
1.962619474023645125e+02
2.195090614372970208e+02
7.068618308336003508e+01
1.864777011554598118e+02
6.879055115712438351e+01
4.597776390032804272e+01
6.527807766529362254e+01
1.877839097135860129e+02
1.247109086904554545e+02
3.037976737094439272e+02
3.585126491916339546e+02
1.235679159344701361e+02
8.088080948038721374e+01
1.657048663079382322e+02
4.163638380422451490e+01
3.002137445096415149e+02
2.066904962628182716e+02
3.243689663168224229e+02
1.953353166231267153e+02
4.426144948363628373e+01
1.911873021936525845e+02
3.858422108141206053e+01
3.045216866023694706e+02
7.197572497392741298e+01
1.205287448335302543e+02
1.052240263541005731e+02
4.347861898417568227e+01
7.373210299379161370e+01
4.450307401690479736e+01
3.659624615982676232e+02
1.174238783386619787e+02
8.434046707917810082e+00
1.106903392281789849e+02
7.345302297587682006e+01
2.041910138697683692e+02
7.462924548825154147e+01
3.580563290071090137e+02
1.001757848176305998e+02
1.432952266211124197e+02
7.487749540025333772e+01
1.805647986291400287e+02
1.967589374187011515e+02
7.333234196882474976e+01
2.723000824812808105e+02
2.107446452445178124e+02
2.092551658492690763e+02
3.153156431422505079e+02
1.063666252147530145e+02
2.000988214831276366e+02
7.082623872236013085e+01
3.171546003116816905e+02
4.524846967576694823e+01
2.954117887852146964e+02
1.851786224307627293e+01
2.825713519266065887e+01
3.126551195366235447e+02
1.230573100942880842e+02
2.008856412802999216e+02
1.949293655297150849e+02
1.170393682737822729e+02
3.059335685385739225e+02
1.986324192731169660e+02
3.118982588424242408e+02
5.435634455317663338e+01
2.089265255371690557e+02
1.937858385911372920e+02
1.011240639206362459e+02
2.821183634296855871e+02
5.545420114754275431e+01
2.059971407862720412e+02
2.782943449194311256e+02
5.135898057606658540e+01
4.532184125840760203e+01
2.930760897789387514e+02
7.432113720199411944e+01
7.516430873443442806e+01
2.083050806500204715e+02
1.898850543763981875e+02
2.210239239025912639e+02
2.206806783231797908e+01
2.028691521461099256e+01
8.037082505877641836e+01
3.015433428915320633e+02
1.122133841355232988e+02
3.300330805753482082e+02
1.202714777241370427e+02
3.073263234428969781e+02
1.820749571082701266e+02
1.264680692248269054e+02
2.029492831961241848e+02
4.546414858147011984e+01
4.469245003948749684e+01
2.723707102315961492e+02
7.689507108221272347e+01
2.812531453747748742e+02
7.465189979060863834e+01
2.143893398104808341e+02
1.858305883581186606e+02
7.583744777239824941e+01
3.345718656456764961e+01
9.337888652789781929e+01
2.287619367914267343e+02
1.140345053627868310e+02
7.529243152661241822e+01
2.217575623286700193e+01
3.037286811918480680e+02
1.394109546424575115e+02
1.274986820100811400e+02
2.001815929387462631e+02
4.702282234519166337e+01
7.581639843026347592e+01
1.936865167403151133e+02
3.735734420965741265e+01
7.334323377240198738e+01
3.009499266868653535e+02
1.702294955356004493e+02
7.444388428906671606e+01
7.939478726961297639e+01
2.058726727447012763e+02
8.183529548724783353e+01
1.267917187169626771e+02
4.862294578360477715e+01
1.319952894183401781e+02
4.613386319029249449e+01
1.925105164514950218e+02
1.839829307888022356e+02
1.073129597511256179e+02
9.007634663835004574e+01
1.912443229715759969e+02
1.492726401559781664e+02
1.291848089381267073e+02
8.269212000154468001e+01
1.208793226223201032e+02
1.262920034301028807e+02
2.060360314261351675e+02
1.950296865742783723e+02
1.244352141718538007e+02
1.445507202842049033e+01
1.426804392814609059e+02
1.432969345924452398e+02
7.184396921651632795e+01
1.210260879315466838e+02
1.929060738528650631e+02
7.797349309530437722e+01
2.546926011816897528e+02
2.911344534225297025e+02
1.019919606694491279e+02
1.871979160415300782e+02
9.473337265551272424e+01
7.878224223338233401e+01
1.687629539402856267e+02
7.802901399068176147e+01
3.160847696901332711e+02
3.272350993873737224e+01
3.207581752811592537e+02
1.084066535256994257e+02
2.183244237213143322e+02
7.705301073620694297e+01
1.986982236808075015e+02
1.245205992616518387e+02
4.262107767666959290e+01
1.981786969817848103e+02
1.471166417535105779e+02
1.108418284786616113e+02
1.218857856456984905e+02
3.646101282894967426e+02
3.054781665402596786e+02
1.178053887089207592e+02
1.181949308751790397e+02
1.513084159639244604e+02
2.594807464594569524e+02
3.043033163127684588e+02
7.732184685822583958e+01
9.940198495029423498e+01
1.998141612949938803e+02
2.425670421097306644e+02
7.465781570787261501e+01
3.060022800074077622e+02
1.790673850796291617e+02
2.086139017245261300e+02
4.493542402159399529e+01
1.910330085840249126e+02
9.393811305906750420e+01
1.731230243422981516e+02
7.203775618508231560e+01
7.504020341797927074e+01
7.568152754471734056e+01
6.659508613866537985e+01
1.083249323018577712e+02
1.115420077165406099e+02
3.185966518045358953e+01
1.924232756289729878e+02
7.021202503418503227e+01
1.143692504204675657e+02
7.512575383302365140e+01
2.056488721391032470e+02
1.934264123988045583e+02
1.985398621634856511e+02
2.893093342212265497e+02
1.433625868431781782e+02
7.712506425872962268e+01
1.187918885111725160e+02
1.698489107724239204e+02
2.102741898610539408e+02
4.146960460997554776e+01
2.781946633553750416e+02
2.920299597372988387e+02
1.151484944034777698e+02
7.726948501080106269e+01
1.390956066760186900e+02
4.433747992714539521e+01
2.508948049695754534e+01
2.866826412215664845e+02
6.287762040373809214e+01
3.149926283138599956e+02
1.855660685129432181e+02
1.231889271215167270e+02
6.671330608294466913e+01
1.187238018553664034e+02
7.332438583523267539e+01
1.244424763513374614e+02
4.206390425600230287e+01
2.331496217406528046e+02
7.349601192561299001e+01
3.917669625114690746e+01
7.727166553453483289e+01
7.641312246449975021e+01
7.895127575596812619e+01
3.927930052916610748e+01
7.779392557437363109e+01
2.161284198781550572e+02
3.805284576156427079e+02
1.414745751362345949e+01
1.423393974982293173e+02
7.443210273723224191e+01
1.818164600570135008e+02
7.823971987632198477e+01
1.050665542692931922e+02
2.039661306828617739e+02
2.130746922257260962e+02
4.249503001178445771e+01
2.018448251043059258e+02
4.608909885293328301e+01
2.047995742662698433e+02
2.770995403486800228e+02
1.031799878153499463e+02
1.371050262252441030e+02
9.636047929521895128e+01
1.211370249186757206e+02
2.988953156830782518e+02
2.047914581005614139e+02
4.618093246724679801e+01
3.023780770094290347e+02
3.013697199350505684e+02
2.929964348199435449e+02
2.089962071824109273e+02
1.731269605658102080e+02
1.122076782017094985e+02
4.540108058345705899e+01
1.236380291488660816e+02
3.662053877131823043e+01
7.728229464722102193e+01
1.027906892791179700e+02
4.845332622680495405e+01
1.838755134833569116e+02
1.187669381402914013e+02
2.211770789516548916e+02
2.473602910327206672e+01
7.701573346611466775e+01
4.926458188656786774e+01
1.893067386955088125e+02
6.551882295206551987e+01
2.453829489585515375e+02
7.850062314042045841e+01
2.232887950477125401e+02
6.081150052361221015e+01
3.625985608961077560e+02
5.910726266015733898e+01
7.363122011717952375e+01
1.247333746919640163e+02
7.361313367007255692e+01
1.164257166093630929e+02
1.816670488552643690e+02
7.337096190607265100e+01
3.003434028655460679e+02
7.180278911641326545e+01
2.945009004299935285e+01
2.846062266798804217e+02
2.244313474037329001e+02
2.268577870443253062e+02
7.912906185435936379e+01
7.529692714574133561e+01
1.889943075732306283e+02
1.489428156107031214e+02
7.450069914376091162e+01
1.239839011895907248e+02
1.537430178398790019e+02
2.876530078519468248e+02
1.401763154713897279e+02
9.383505139121254501e+01
2.117389870087078805e+02
7.291051347118572323e+01
2.839934080595173214e+02
1.443912149671547809e+02
2.052122618890550427e+02
7.717496331417395083e+01
2.147340826152332625e+02
1.200075604973390568e+02
1.843443580822557237e+02
6.167346008057037920e+01
4.208197563180021206e+01
4.734757087088738103e+01
2.182723260178554483e+02
1.600253016702149012e+02
4.744830702976634029e+01
5.640496156835681063e+01
7.406057624356047597e+01
9.238277748867974992e+01
9.004377146200424420e+01
1.451082060782694896e+02
1.085060593286126931e+02
2.029343446853116006e+02
3.001539916497926583e+02
1.642424081395969893e+01
1.751824930137229899e+02
4.898188006017044671e+01
3.246363211377682205e+02
2.043169490692219199e+02
1.371983193476876011e+02
2.087000150946124961e+02
4.648511397095095532e+01
3.540682410079730289e+02
1.887039008657172872e+02
1.085021470404308701e+02
1.244870845082779311e+02
4.697768773504460427e+01
7.941832065678572405e+01
2.006144537594888106e+02
2.607019903331134287e+02
6.540974112006598773e+01
1.829312629647635902e+02
4.483428520827880703e+01
1.391602586898271170e+02
2.125603342471452208e+02
7.472832562927079891e+01
1.205159181840517846e+02
7.274246237994238129e+01
7.649796411228685145e+01
1.573218301440309972e+02
1.435673652434375924e+02
2.802394659914889417e+02
9.608861359099230981e+01
2.102953742633887089e+02
1.823325461164315300e+02
3.122616039370205385e+02
4.182840941058065454e+01
2.291897723497070558e+02
2.051565592273225320e+02
3.504542621524303172e+02
3.121973161454737919e+02
2.373874340803667167e+02
7.514299137756405855e+01
1.950773304417936913e+02
3.192268913397138590e+02
4.374888143984230027e+01
1.477091961831984577e+02
9.520443853512266230e+01
5.345066029051677958e+01
1.793007567067555215e+02
6.684600631778413060e+01
1.597394222503836545e+02
6.389121542976687351e+01
2.642486623613516485e+02
1.160202904258824645e+02
6.719539261930196972e+01
1.997514924537024399e+02
1.012248153483452882e+02
4.514143049670708052e+01
3.488825925553774141e+02
2.148327690704286113e+02
7.451795704163686196e+01
1.060522699527302137e+02
3.818808624563840226e+02
1.869842721332868791e+02
1.222014709961351997e+02
1.990165545777206830e+02
4.610521524743128197e+01
6.374529237138757054e+01
3.347171774575994050e+02
1.620500946428559530e+02
1.171768255662646396e+02
3.730422181250694393e+02
2.116974250723783939e+02
3.194488877108633460e+02
1.183556192709247767e+02
1.145457018016752784e+02
2.100395944373775308e+02
1.258791797855729016e+02
1.163927484739552796e+02
1.864506279326427034e+02
3.002839665147485562e+02
3.090299245121715543e+01
8.762363158901824534e+01
7.655000826033274564e+01
8.034032801368063303e+01
7.499038677563250133e+01
4.712723751464675814e+01
1.728823862080515994e+02
1.950633239158455865e+02
1.117227661631364981e+02
4.650765392529154951e+01
7.363372416010886923e+01
2.767583494722753699e+02
7.791469637106258972e+01
1.177708551613689991e+02
1.185001493607682477e+02
1.217910837117342595e+02
2.560285576592847860e+02
4.631699588714461413e+01
6.098119185053756297e+01
4.492359074837098376e+01
6.703549480927597415e+01
2.174050015128626114e+02
3.197730421313406168e+02
1.598885365418820186e+02
7.857975351616127568e+01
2.870678453525457030e+02
1.393071001194056180e+02
2.927638853309225624e+02
8.249487995290286335e+01
1.507388059732286365e+02
4.362710467197023689e+01
1.278708401936872008e+02
1.283408759558448082e+02
3.110193304735378774e+02
1.275549797047963523e+02
1.736203834845620406e+02
1.263504604362361761e+02
4.179813129992557208e+01
1.341403037111777792e+02
1.078400712991303294e+02
1.537286195503071724e+02
2.926255491185681876e+02
9.221606797368680475e+01
3.034911474090773140e+02
2.028930107353404821e+02
1.252084258463697211e+02
2.643989856902983320e+02
2.941238163785228608e+02
7.137726719809533904e+01
5.938781977942608137e+01
2.729012982831802105e+02
8.075832716450004511e+01
1.821884751152992123e+02
4.659277751591367434e+01
3.201100910756973690e+02
1.935407030770902281e+02
7.746370100991187257e+01
2.738904830028283186e+02
8.104393990059396913e+01
2.128423490652205601e+02
2.144226482411684458e+02
2.495796112782425098e+02
2.259520887992342182e+02
2.573187934096903291e+02
1.845808912051995776e+02
8.348912223666197008e+01
4.600092064797863856e+01
7.550633219489850489e+01
1.719306013176970964e+02
1.570346287321535215e+02
1.667399845587049185e+02
9.330465940535792413e+01
2.052983087883928306e+02
7.422163379808266370e+01
3.374962087418569467e+01
9.598055862231238677e+01
4.719229513540998511e+01
1.167619634218100373e+02
7.562577695472982953e+01
1.877740603735496450e+02
1.227053648090004572e+02
9.339159615151798732e+01
1.198885569788467507e+02
1.201213326246099200e+02
2.440917327581213669e+02
6.022594380530690472e+01
4.301357457561864805e+01
8.039742611478476420e+01
2.100262712704392527e+02
3.389764343681048899e+02
2.731116145397569994e+02
3.969768761038787375e+01
4.575717316185765782e+01
4.782012991545175140e+01
7.788530197348758577e+01
1.808505516478131199e+02
1.290401289161503087e+02
3.009526917259534571e+02
2.950654758591695099e+02
7.493531259251129484e+01
2.063890192264741188e+02
2.891870310405512328e+02
1.957655271023179466e+02
1.328741455707915406e+02
4.187085076758420854e+01
2.028242832129520821e+02
1.205225705799190763e+02
1.467550708950373632e+02
1.553028509800115842e+02
4.392678387386566641e+01
3.026480122216987638e+02
1.142919811988076475e+02
1.287631270915907180e+02
7.569466845980622338e+01
7.812650866903271663e+01
1.056255331623375184e+02
1.725469114550341203e+02
4.646854500297874324e+01
2.104396466300199222e+02
2.317233473595405258e+02
3.130142331426032456e+02
2.795162339426670997e+02
1.969886536917379942e+02
3.203765866841169441e+02
7.703891622857405252e+01
1.222331693677461857e+02
1.675437351920986657e+02
4.489305224305000053e+01
8.504426597042422031e+01
4.454187929973734583e+01
1.914705208548954829e+02
3.133675004212167892e+02
7.445322124256938423e+01
1.532382931808749333e+02
4.460042774305103563e+01
1.533981891085205689e+02
3.200958458266139814e+02
2.005001466899234117e+02
4.625914156691735002e+01
5.478416419548005933e+01
2.899871643749712575e+02
4.546195463860993158e+01
2.425587845339488808e+02
2.412993317303074434e+02
1.234827570708431352e+02
2.014599456075310684e+02
4.499261046876025461e+01
1.871020840951625246e+02
3.593939583891346388e+02
1.448835089667167324e+02
7.219102323922164999e+01
7.820594159273547064e+01
2.875656923358489507e+02
8.542310318973001415e+01
1.703628070630824993e+02
1.290877503190496327e+02
2.031931324111429262e+02
9.562741744017618828e+01
1.870512343967075708e+02
1.878730872803349712e+02
8.600075896868530378e+01
7.995228727435609528e+01
1.485206446336835882e+02
1.933732876576888771e+02
2.968881306295938316e+02
4.494079516861302892e+01
2.010609405431433743e+02
2.060985927631943184e+02
1.238296696558271321e+02
1.243581831927839829e+02
6.071536047813386716e+01
1.228194489462620425e+02
4.688722521458561943e+01
4.758723747072436794e+01
1.901202787057865464e+02
2.050009238518194934e+02
9.684261118178137906e+01
1.826510302281589588e+02
1.008006786350391906e+02
2.056268991868351179e+02
2.053878014043885685e+02
1.149977735834538208e+02
7.070963348062029752e+01
1.258318551083205108e+02
1.994742696963343178e+02
1.905970269729698430e+02
9.998900001005684146e+01
7.427028328774238730e+01
3.051027990812806365e+02
7.074707477819612222e+01
1.925815495125967800e+02
1.899078284616849146e+02
2.190993127755600653e+02
7.696264174792030133e+01
2.247372062283944842e+02
6.454750546430719282e+01
6.463236378811110683e+01
1.147348882498827862e+02
2.904113225551292317e+02
1.542807919335598221e+01
7.697702101278221676e+01
7.821668069927888212e+01
7.439562089072799722e+01
1.433027798379920341e+02
2.036623166196069974e+02
5.091253516939539736e+01
2.422300525338915520e+02
7.184685234736379300e+01
6.173156270626220987e+01
1.904260744651571429e+02
4.570695883439790919e+01
3.009664635198396923e+02
7.915760956474791499e+01
7.725068705954883796e+01
3.267611237117449718e+02
2.003844590238528269e+02
1.097801882057435279e+02
1.851163191546304176e+02
7.585646941476922223e+01
4.698633459844784710e+01
6.652521595870679505e+01
3.103344711300895824e+02
2.935363217984830442e+01
2.040954071046569993e+02
4.557477516244705384e+01
2.616928218967213482e+01
8.250033876445588987e+01
7.707793343505528583e+01
1.040698270187890984e+02
7.902041337172404667e+01
1.833654594409204890e+02
2.012368830672459410e+02
1.682855133194042025e+02
3.787771694327339134e+01
3.354067031422112564e+02
4.483634068769871561e+01
1.935433404429341522e+02
1.339241101661386892e+02
1.757767043598905445e+02
1.764517282226621830e+02
1.746041251479006178e+02
1.986177908108608676e+02
2.878964125622908341e+02
9.051650676407147955e+01
4.424211760670998927e+01
1.112911313795834616e+02
1.790882307753930718e+02
4.971898087477987360e+01
1.925534000099572722e+02
1.002042874063118489e+02
7.032062977909728829e+01
4.578166294650512924e+01
1.803143203758623940e+02
1.174406161543034841e+02
2.950628648167921710e+02
4.475159746711774744e+01
1.219475592717357983e+02
4.424814032057228275e+01
1.191873026484140894e+02
1.935179294946504172e+02
7.739944520368388226e+01
3.453916818236356789e+01
7.535951009728141514e+01
1.530730334636083683e+02
1.219605801008868724e+02
2.516293873605853264e+02
3.019909420189147795e+02
1.510361391114308560e+02
5.118016028717475763e+01
1.063348726712091121e+02
3.009417984431112814e+02
7.126999323181405543e+01
4.544570835732250913e+01
1.892854515148417818e+02
1.361948767109553557e+02
2.845761106565860814e+02
2.238412204701474195e+02
1.799087931497877264e+02
2.241507632419166498e+02
4.300172704752426966e+01
7.601050094521360734e+01
4.192273766633097409e+01
7.500020274394090336e+01
7.095593841930473822e+00
3.913968370964118435e+02
7.418114382084716851e+01
2.079557858472037140e+02
7.761105781643023249e+01
7.944337350061806546e+01
7.633837260133414304e+01
3.884435721195083033e+02
7.445032685121931593e+01
9.646477584203758227e+01
1.019252999979964756e+02
1.861664014652530454e+02
3.785904031396984806e+02
3.034703045739279332e+02
3.465525974597332493e+02
1.170224170366279282e+02
1.538642263987957222e+02
7.342545195473439890e+01
2.941409549022402530e+02
2.137946667635818585e+02
7.508256105549968140e+01
3.019267032127573316e+02
7.590809569093116238e+01
1.251369929809474684e+02
7.574711507068880678e+01
1.200166620061291098e+02
6.282213627249092269e+00
4.506168928266390594e+01
2.886953730301246424e+02
7.091022123078570871e+01
4.616041274527798066e+01
1.209976849458135035e+02
1.010916771434930581e+02
2.237064359707251811e+02
6.994841847766898013e+01
1.977855495366783600e+01
4.255382789857312531e+01
2.434973371653719028e+02
1.215766683977368956e+02
2.524153928178216404e+02
2.073097151616563849e+02
2.627744695784946316e+02
8.397107808342374824e+01
7.806752440483383282e+01
1.209720848918714040e+02
4.086893274744588922e+01
2.865470999657393349e+02
1.037541281999025387e+02
1.143549260889102896e+02
7.434110332137242949e+01
1.293363965945144116e+02
4.650246424733230555e+01
1.974059851850612404e+02
7.238402204455536548e+01
6.812211851511024463e+01
2.012994606736370713e+02
8.100780108712407923e+01
2.890397649352264011e+02
7.397088084755502280e+01
1.961093442978446149e+02
4.554773464283545792e+01
7.520126821929085281e+01
2.107499678967607508e+02
3.004784209255824408e+02
1.607184905675796074e+02
1.647698232293167280e+02
2.577182474720255527e+02
2.105829599915274741e+02
2.616707327069718758e+02
1.245556953438496919e+02
2.188590237583011060e+02
4.767533668660973944e+01
6.962439947867383694e+01
1.321251720930788451e+02
7.194828040981445838e+01
2.022155582901613684e+02
1.352610646602713302e+02
2.145593670811592801e+02
2.044261131744378304e+02
9.312314236098862352e+01
3.645777247775845922e+02
2.027293891330171505e+02
3.501603844219024495e+02
3.544802960200104280e+01
7.252593690426236606e+01
2.975244376700765656e+02
2.795423182948820795e+02
8.456955316546689971e+01
8.473453631185519441e+01
2.173093553512298683e+02
2.056785278730484094e+02
4.389300884729912866e+01
2.641583184084073537e+02
1.255730899635664173e+02
2.076404346175934563e+02
1.039282019340957675e+02
2.771806058535545958e+02
8.172276860326097392e+01
7.533302935412508816e+01
2.147811597793372584e+02
2.000663853643020786e+02
1.210483522586833089e+02
2.767690986117774514e+02
1.266137130353419593e+02
3.959769249545077940e+01
1.901453515090560984e+02
2.123659678042619987e+02
2.432133886600785502e+02
1.771178458326810983e+02
2.693597549544769620e+01
1.947877899121303642e+02
2.129844697954529522e+02
7.455836054631136278e+01
1.980280665578274579e+02
1.915522142967558921e+02
2.179393334254653212e+02
4.383334390121699897e+01
1.220438136264025104e+02
7.441258460909311623e+01
8.229901100611732545e+01
5.819911009960512160e+01
7.629980823220569164e+01
4.732620725224203539e+01
4.501735117396592045e+01
3.856834359701554149e+01
4.321790194242893790e+01
2.631005877962863906e+02
9.126982751436783303e+01
1.947045870071185902e+02
9.003191248110742606e+01
2.930112481046966764e+02
1.840568645760548350e+02
2.773066818940653206e+02
7.646211991530675789e+01
7.367407451126743467e+01
1.979966147816120383e+02
1.919836873330631306e+02
2.761818198621420493e+02
1.945033337764697876e+02
2.982215506865446173e+02
1.897245931179720628e+02
2.102403960036789954e+02
1.955331498514702844e+02
7.860684136750118967e+01
8.580191266508755632e+01
2.832960055787169722e+02
2.188019557837133107e+02
3.019811740656171537e+02
7.993466658154169124e+01
7.553885812826078450e+01
4.152438239749023552e+01
4.670910389320412293e+01
1.895441272230825973e+02
2.794323649586979172e+02
7.245364031493114965e+01
1.028013192436023928e+02
2.035889098234310950e+02
1.102243593705612028e+02
1.985746066256293716e+02
1.931463905055780117e+02
4.704408231375376204e+01
2.154418077921483530e+02
8.449954543147438812e+01
4.686594888518989421e+01
2.346057133749809509e+02
1.276248177300910100e+02
7.648148686429104259e+01
3.852116618143074334e+01
7.860703470329590914e+01
7.078766096746139169e+01
7.662898918250154168e+01
2.005533882243774713e+02
2.893532510341813691e+02
4.532861525918247736e+01
4.493166653157881285e+01
3.116469561822337937e+02
7.452250544930804210e+01
3.580137721011136591e+02
1.888599192529127322e+02
1.392064412093895100e+02
2.631004651116294895e+02
2.259957030809745504e+02
1.960626668540321873e+02
2.181925005995658466e+02
6.366531566171823187e+01
6.611357832244092947e+01
3.089741916943917772e+02
2.996261453525054890e+02
2.463547545259870617e+02
1.297004105128986282e+02
7.955547751224960962e+01
3.120088697026698199e+01
1.445569944250400738e+02
1.087864095554280084e+02
2.036088125634831556e+02
4.537370759574768186e+01
4.689946617642920756e+01
9.921468133313339877e+01
7.448952591367461196e+01
1.111029144376096838e+02
2.184214083888087146e+02
3.974617055916917963e+01
1.283759951515940259e+02
1.012055293437269938e+02
1.385201652632217417e+02
2.417237389852229512e+02
1.508180688479106379e+02
1.729285260968929947e+02
1.849215046767372996e+02
7.712467626126201026e+01
7.630676993828998889e+01
7.650495730136766781e+01
1.232106602848346171e+02
1.503284718261757575e+02
7.497288406290914509e+01
1.743247787739102250e+02
1.943489057899979287e+02
7.708786320145367199e+01
9.688087292674214268e+01
3.460701186816616826e+01
4.547508553135882181e+01
5.679879255622911671e+01
7.477863585131704838e+01
7.493336655569834193e+01
3.637962080917850471e+01
2.784893138581218750e+02
1.438292042118563927e+02
1.080409695518855386e+02
7.503736690267241727e+01
2.502384816806508638e+02
2.602057548021930415e+02
3.714155374457834000e+02
8.605687780640327844e+01
1.908293066049453728e+02
1.720118552787409385e+02
1.951531091336574377e+02
3.219303706488231001e+02
1.244656152740299007e+02
7.132789180231320358e+01
4.556542780717169450e+01
1.106306090435060980e+02
1.937601147314910008e+02
4.457663668393933420e+01
1.890253762049558475e+02
7.342615458006758900e+01
1.095747962147600987e+02
1.734355127655656759e+02
2.709783035347213058e+02
3.242828431188289642e+02
1.116550950883223834e+02
1.134847195955224066e+02
2.647191801973932002e+02
7.902701604935528223e+01
9.433048447955121674e+01
2.612535707739668283e+02
7.495298678672087078e+01
1.997168264596583640e+02
2.660553907514948833e+02
8.045801384031079806e+01
7.523962082925655181e+01
6.742577431588250647e+01
4.476626079992039564e+01
2.926779496723856369e+02
8.241399995101758691e+01
2.123521682119292961e+02
2.840947318595924003e+02
2.368716317753653016e+02
1.693102712263763294e+02
4.766405391659989021e+01
2.048386729314306649e+02
4.506429484326678647e+01
2.901806049168582717e+02
2.728632118996922031e+02
2.818235781553036645e+02
5.810817420104412889e+01
5.446773667724208678e+01
1.113513359521511745e+02
2.111657868334011425e+02
3.008657276076144171e+02
4.508987202919688997e+01
3.058888322066096066e+02
4.752673934478439577e+01
8.425890137352092779e+01
2.020991234484109214e+02
8.121644913724848891e+01
1.144012954416201353e+02
1.894725889904537155e+02
4.551343949590970794e+01
1.431856819510288403e+02
2.941975860566863048e+02
4.336272689995229257e+01
1.979291081242049870e+02
2.115313273450842644e+02
4.826558247880601726e+01
1.216716976853489740e+02
3.027432877681084733e+02
1.831377233185908437e+02
2.070595278475955183e+02
2.637347527020043572e+02
1.926581329255534456e+02
2.965320206144439226e+02
1.955326412433580074e+01
1.988686366931853229e+02
1.400246294656009240e+02
1.617587393411343157e+02
3.050174145063403444e+02
1.147764112010229098e+02
7.391479236640118700e+01
1.247495751465240375e+02
2.536452007592696418e+02
2.229207737990206510e+02
8.633532057467290599e+01
2.051661231761125350e+02
5.081127438658169382e+01
1.959017717071653522e+02
3.559239971814440739e+00
8.382475691556601305e+01
2.131785659782619859e+02
2.023649597919699659e+02
7.903449306436829147e+01
2.940028110096630485e+02
2.087492725230322890e+02
5.588020510730780188e+01
3.383541682665926942e+01
1.186175639014369523e+02
1.248759037884066458e+02
2.559056027112624747e+02
1.588715538383499961e+02
1.178695262562744119e+02
7.148845157792486305e+01
1.884227303085961012e+02
3.547633326906641287e+02
1.835228201579234053e+02
2.254061318039084654e+02
8.125812596931963583e+01
2.394715925501473350e+02
7.450589076876742922e+01
1.710344264877013529e+02
1.311669752357036316e+02
1.987492860291423256e+02
2.003645180790332461e+02
1.894485800021732871e+02
4.478306154681128248e+01
1.232255207013839566e+02
4.277315528078001705e+01
2.163672929629660189e+02
7.079233891221896613e+01
1.706878150776290965e+02
1.957206454069929862e+02
2.043769582332520827e+02
3.087595260679443072e+02
1.565186806821211576e+02
9.469334912732951182e+01
2.229151351949530806e+02
5.010063645229863027e+01
2.232814107457560340e+02
1.144729417890702905e+02
3.297742195535906262e+02
1.007371274467035960e+02
1.215480995000876732e+02
1.963997920862400406e+02
2.157685665743649395e+02
1.148985295849042814e+02
6.626475271615926488e+01
2.242901334123698973e+02
7.790204058237857510e+01
5.474350005908576833e+01
7.169856024349179791e+01
2.367122609948491743e+02
3.510329441480473065e+02
2.363251361530388408e+02
3.098232438570898921e+02
7.737732681116895606e+01
7.470208398862284582e+01
2.099089165477651875e+02
7.489126137551298257e+01
1.993184529244545615e+02
7.605916797245076566e+01
7.284452732154556998e+01
7.771146348996870756e+01
7.462096634970215803e+01
1.257162809357596842e+02
7.975420442792213294e+01
4.589163376727518084e+01
7.358023596943118605e+01
4.273948827194777067e+01
2.719027205511980583e+02
2.091239926465539725e+02
7.831920890069825703e+01
7.425464150019053022e+01
1.018650826445378357e+02
1.911208859104405064e+02
1.446326034937595182e+02
1.961684793687112176e+02
3.129600067362646882e+02
2.258380411155827119e+02
2.415759634631915631e+01
1.820064098621204778e+02
1.197563401001147554e+02
9.903540319886842269e+01
1.985494026108917467e+02
4.395242757147713064e+01
4.427802328505588036e+01
7.788478439937367170e+01
1.658926435234411940e+02
5.787143639419587515e+01
1.188831747013817477e+02
8.791461613754918858e+01
2.699670478139175884e+02
2.030573087996130823e+02
1.521588391763195318e+02
3.319789837855030328e+02
2.080422431847823361e+02
7.549600858786808999e+01
1.201277058673716027e+02
1.982735903405707347e+02
2.214464877683535349e+02
3.142477206451235929e+02
3.102333318678635692e+02
7.409128013685518965e+01
7.680228595521161594e+01
4.401333783661731047e+01
1.152442393247718115e+02
2.175871264035272645e+02
1.344544947128854062e+02
2.806394602388667181e+02
1.207913774973696945e+02
1.102281822243367060e+02
1.708776851235947092e+01
8.939082425796958375e+01
3.869585932871319756e+02
1.128537462892787460e+02
6.908335739254538055e+01
1.985649171579015047e+02
2.662514529876544884e+02
2.334622953840494688e+02
1.916649693482293628e+02
1.442850667087338081e+02
3.106673666027153331e+02
7.693512500160615275e+01
3.147580192635173830e+02
4.364485174103015908e+01
4.240588514588112901e+01
8.808919932543543041e+01
7.644195562316942016e+01
3.094057975221992152e+01
7.734328726849442148e+01
2.745195077115953382e+02
1.994952481575561762e+02
1.868317059192178817e+02
1.939378133739082273e+02
1.925309828561267693e+02
2.991111209231265775e+02
3.287315123153191507e+02
2.700232586719255323e+01
2.532019646952989547e+02
1.311155366134948110e+02
1.843666987962446626e+02
7.501650227598082665e+01
2.219552455895885714e+02
1.234798402759522276e+02
1.653528795007588030e+02
2.240945033569776683e+02
2.106890233940065968e+02
1.969609995658758521e+02
1.423277261729170107e+02
2.066906503834496220e+02
6.933175118697664630e+01
7.234472790822552213e+01
2.343907503291425485e+02
1.917136138912870820e+02
2.796223382794763097e+02
9.623883986728327500e+01
7.411151198616343549e+01
7.043109858001949419e+01
2.050010140788245394e+02
7.044389139649918263e+01
2.057421265904802112e+02
4.581728910736980964e+01
3.333919101713331656e+02
7.457231157526474874e+01
7.520321976841361789e+01
7.834413415211577103e+01
4.376654234726904491e+01
1.538271789292552683e+02
1.222536342564603871e+02
1.614928842672902647e+02
2.970258429434482537e+02
8.756496822228037047e+01
1.218667175679745185e+02
1.478543777517433000e+02
3.362469539431479149e+01
2.889491033523007673e+02
1.888912076912592966e+02
1.833352652760781893e+02
1.513549067463515314e+02
1.478629035606138018e+02
2.146175689890889657e+02
2.916418021404331853e+02
2.511074911595426613e+02
2.686377608605357068e+02
2.229322093506876570e+02
3.100410333669910870e+02
1.846886547368606557e+02
2.607837048193892997e+02
2.137145062870501420e+02
4.367661382892230648e+01
7.532961040669125907e+01
7.547708230509618943e+01
7.252229824300191297e+01
2.714870463512859260e+02
3.028055901623457657e+02
4.600681718914935203e+01
4.319875693348181755e+01
3.811315129160601600e+02
1.373900766914395035e+02
2.551891795788271793e+02
4.018350716447349669e+01
1.573041468251693118e+02
6.078342667607475391e+01
2.085847438065570998e+02
1.831367109399416506e+02
1.946111814443210051e+02
2.942033830700621522e+01
8.265020124390436251e+01
2.918085674163932026e+02
1.841632587659622402e+02
2.050395724351168099e+02
2.035382124725245205e+02
3.855201905635639150e+02
1.038867152223447619e+02
8.091363291089049881e+01
3.831202715990024785e+02
3.037697751716972903e+02
7.531321981209360672e+01
1.217254130288928167e+02
2.032583559862758023e+02
7.574826477206758568e+01
1.989532669904335478e+02
7.810703461802198433e+01
1.371554469208531088e+02
2.966228131673940425e+02
4.281607624218352015e+01
9.053869664897432301e+01
7.167529730788128006e+01
2.985621854853683317e+02
4.905363087492364826e+01
7.371129766226897573e+01
7.506716216202353564e+01
1.380902841951666744e+02
2.070784445906131452e+02
2.055936081833239371e+02
2.063332839163275025e+02
7.247083899612593427e+01
2.914787008000949413e+02
4.762544725520005784e+01
2.027264564618468512e+02
7.492335764362327666e+01
1.136735914604554409e+02
3.126790431296408315e+02
7.169018060450154906e+01
4.111935366443796624e+01
7.441729009336069112e+01
4.577985710281920717e+01
3.167280323093853553e+02
3.101570300259346880e+01
7.259479437644077393e+01
3.104854287975655325e+02
8.075546348640683902e+01
7.588666629184842805e+01
7.119157774892529744e+01
1.398827890125026556e+02
4.324873220476754199e+01
3.126039303337914816e+02
7.305904916342662148e+01
7.239596909374128586e+01
7.230316271894838565e+01
4.395800924849459079e+01
1.920842811655132039e+02
3.226106475872928172e+02
1.177200207474906364e+02
1.898847181103638491e+02
3.570642910171762310e+02
2.883947991860921434e+02
4.879738668202582375e+01
7.464016673530944956e+01
1.978796015064701237e+02
1.168614788314613833e+02
1.283593574817639364e+02
8.563622139669941191e+01
5.397286105563756564e+01
4.313553597860104105e+01
3.215016676716282973e+02
7.369606323068492770e+01
1.024102867388882174e+02
7.597761082696432311e+01
7.575923325501904060e+01
8.650574803481556785e+01
1.919089255723647511e+02
3.734903472252501899e+01
1.137319426794421275e+02
4.333258834773937451e+01
4.591094651973303087e+01
4.697873256656283303e+01
3.258064624134264022e+02
7.597229154916603022e+01
1.976598539705280757e+02
8.098028878177733247e+01
7.045549452134844159e+01
1.205480451515367264e+02
1.921236337705364861e+02
5.887814068674293111e+01
1.569854045039345749e+02
1.601595488073011211e+02
3.615770745436236666e+01
1.605509279972577872e+02
1.466308849303835018e+02
2.139060147967080923e+02
1.061611424284431706e+02
7.803088035596854866e+01
7.158618539729000929e+01
1.888360303843861345e+02
1.999230689776091197e+02
1.988666063457501423e+02
6.489337748557865382e+01
2.806083238922115584e+02
3.538092158944799621e+02
8.589566827915997749e+01
4.462287268683733998e+01
7.209608917368726111e+01
2.128498436990975051e+02
1.877858357412911801e+02
4.277605030656462048e+01
1.883978723309905661e+02
4.884082438953024763e+01
1.062716192393070287e+02
1.951145079434695901e+02
2.091740885301585990e+02
8.711248951752122593e+01
2.535870747927984894e+02
1.734541680333940405e+02
2.009045037056474712e+02
8.883527992888198810e+01
1.161655320797506334e+02
1.623126323766564383e+01
2.319666986964192574e+02
2.931416193973952886e+02
4.502076141513733631e+01
1.183109945381548727e+02
5.239499486400067241e+01
1.193641610560212456e+02
3.008958531128625964e+02
4.533902946246416832e+01
1.169796963295327572e+02
1.526589404144097841e+02
3.189826636746038275e+02
2.827940697247962021e+02
1.934114790371745016e+02
1.293458067187297331e+02
7.937801997237859553e+01
1.982859614149953700e+02
5.847285082046370519e+01
7.666153301705077183e+01
1.047067690170530483e+02
1.839037233109729925e+02
6.820526292779815947e+01
2.852865653906367243e+02
2.133328265217729722e+02
7.834044703611370153e+01
1.619866129101783372e+02
2.420599713178612831e+02
5.581626329484335258e+01
6.073025886523763006e+01
1.938780845759085594e+02
8.691216689420670605e+01
2.674279981730455233e+02
1.295570341924274942e+02
2.091544044268813138e+02
8.340050714602828918e+01
7.383655665711235372e+01
1.112263076508042730e+02
3.172043115033039129e+01
3.024994011655186910e+02
2.965739850868622511e+02
2.003947923203163555e+02
5.434735086122398684e+01
2.223941238734361718e+02
6.309964207912423717e+01
7.495776789252896322e+01
1.913831293044111135e+02
2.184813922941090709e+02
6.974900535888279762e+01
7.490427247063455241e+01
1.163434720906802227e+02
1.850283644645539027e+02
7.608604529480646761e+01
5.405793704249415299e+01
1.187877800080233612e+02
1.556517159677269433e+02
1.356971987723046027e+02
2.130463584102257641e+02
5.171870597440716466e+01
6.075439518410238549e+01
1.342067097704513969e+02
1.631144497833047353e+02
1.355791026403029207e+02
3.073394039863486569e+02
1.453827427777254115e+02
6.682126525693435326e+01
2.801138690792973307e+02
2.919888957581068212e+02
1.816223653909092945e+02
1.597722077504363938e+02
1.169937231091449235e+02
4.579914575061151538e+01
4.630816871043852956e+01
2.104024931706525479e+02
1.708425434897393416e+02
7.561015033454518175e+01
4.469157501744022198e+01
1.441965788099212773e+02
2.859124915923865728e+02
1.532306313732406977e+02
1.859524270462714242e+02
1.478733831463858053e+02
3.125309488817163697e+02
1.990924381767173372e+02
9.088102868822311109e+01
2.818547573423413155e+02
1.852881448593047935e+02
1.622037006555610503e+02
2.184248442182655197e+02
2.670337418737416897e+02
1.605954721844646826e+02
7.599584113956431963e+01
3.252260537489519976e+01
1.990669379399035392e+02
7.696064015928850210e+01
8.032107707048088230e+01
7.668211430013502650e+01
7.265635802204684524e+01
2.998142303023491309e+02
4.422713305454946209e+01
4.830090752664289511e+01
1.962873667898111307e+02
2.224223885994122440e+02
2.110314315836016306e+02
7.295593053851995080e+01
7.375155863834278591e+01
2.238878278134233426e+02
3.625843134474099116e+01
7.913399587787564826e+01
4.630481653983384405e+01
1.206171838534583003e+02
9.480935521532656196e+01
2.155597009047596089e+02
5.306137816787972383e+01
2.327052370270761230e+02
1.860107000103390362e+02
2.924141325031139900e+02
4.569352532565716984e+01
7.398129201543173394e+01
4.449460569037805868e+01
7.604272674156082701e+01
4.528244705369035472e+01
7.386751161934699894e+01
6.361620585307959175e+01
3.162919626545739220e+02
2.739315989009866712e+02
1.963967412048482402e+02
9.465457823267624349e+01
7.940356083914910812e+01
4.434120884176764577e+01
7.200737414201859110e+01
2.036022398117560215e+02
7.425391729566872812e+01
8.860738044982242911e+01
4.670487433827108958e+01
8.075140224927022814e+01
1.875131267390975722e+02
6.029999460565246494e+01
4.756781013674200409e+01
4.316382355704752882e+01
5.578216845153197312e+01
1.935323500357322075e+02
1.064350719376354988e+02
2.285240685913229299e+02
2.027975699201209920e+02
2.038066845801986346e+02
1.220046671700398946e+02
2.927782750627058022e+02
4.600397053497979272e+01
4.140927236489280006e+01
2.787550096559619206e+01
7.172418213839262080e+01
1.225693457769738046e+02
2.571765698380643812e+02
1.216189367535047836e+02
1.918683076828312437e+02
1.847504287022629228e+02
2.024393793855631429e+02
7.800641561388174239e+01
2.648176594228118574e+02
2.127279293710067236e+02
4.340883091066056210e+01
6.943977314766104314e+01
1.225559431580680041e+02
2.728995019849196524e+02
1.012318225315268165e+02
3.047378286188677521e+02
4.529110005810523631e+01
7.291918379061547739e+01
1.196169916041816919e+02
1.777861553202266407e+02
4.506531399914101854e+01
8.660898969854116558e+01
7.938765933811106379e+01
1.200328461052359046e+02
1.826213740347814962e+02
1.673450654729951736e+02
1.447978589969966094e+02
4.560231823101662485e+01
4.502334672854323827e+01
7.640519158589751214e+01
7.550721182025722555e+01
2.873558621585364676e+02
7.016861747246892378e+01
1.245642180125591238e+02
2.688639737157516265e+02
1.954292180293194576e+02
1.960977463718708691e+02
2.968154705468047041e+02
1.559825687921040469e+02
3.951114915514853010e+02
1.368880710588824172e+02
4.735703944699105961e+01
7.454533035293715670e+01
2.772388261194852248e+02
7.906180191327311491e+01
7.392562635885978750e+01
1.951441074374785103e+02
4.703958164926340402e+01
1.094269154951812055e+02
8.145018439295306223e+01
2.073915096962985558e+02
1.185987078704686297e+02
2.432450317252756378e+01
4.251392887717209845e+01
1.936731115797975917e+02
4.632319481678641182e+01
3.150714387232484341e+02
3.035187433985462917e+02
1.694259253222716666e+02
4.905437974439124815e+01
1.858514818523899805e+02
1.950453772036528619e+02
8.930913198510661744e+01
2.150297229316065000e+02
1.117059583457209868e+02
8.840506024992484413e+01
9.951014090205745788e+01
1.461870608127551066e+02
4.707739538759236808e+01
1.207273833065881234e+02
7.413647042939996368e+01
2.901039905632651994e+02
1.519693434007053554e+02
3.697130285478727529e+01
1.860112790035618389e+02
2.143170411835252764e+02
5.831232901335197738e+01
1.155951333858646279e+02
1.990581871012194313e+02
3.012986197771284083e+02
2.403679283930277322e+01
5.036136790165249977e+01
4.555123260908307969e+01
2.719906190754294357e+02
1.327947248635480832e+02
1.912347075191130159e+02
4.593002688443977632e+01
2.120553271500974120e+02
8.258575177000720657e+01
1.734357455715964136e+02
1.922811004727925592e+02
3.541268578966889180e+01
3.913739107811556295e+01
7.651926467960123546e+01
1.872346559705580944e+02
1.846907607607419379e+02
7.344718878119341809e+01
2.048153743092550201e+02
1.938844184235595378e+02
