1.000000000000000021e-02 1.620067294882118247e+01
1.193776641714436315e-02 1.239725216862884594e+01
1.425102670302997795e-02 1.018488484886854373e+01
1.701254279852589327e-02 8.816381444909588083e+00
2.030917620904735751e-02 7.932299724239892491e+00
2.424462017082328405e-02 7.389728379389731039e+00
2.894266124716751709e-02 7.144534293915289602e+00
3.455107294592219686e-02 7.230518038053834751e+00
4.124626382901352278e-02 7.766192631069213093e+00
4.923882631706739260e-02 9.007158369582240809e+00
5.878016072274912240e-02 1.152753890532932779e+01
7.017038286703829175e-02 1.691187826787832549e+01
8.376776400682919843e-02 3.336614513321644893e+01
1.000000000000000056e-01 5.115068854580277957e+01
1.193776641714437009e-01 1.182005437805232084e+01
1.425102670302998420e-01 4.884523805864181334e+00
1.701254279852589257e-01 2.768241900162224045e+00
2.030917620904735821e-01 1.815911442781779739e+00
2.424462017082328336e-01 1.313093124714846294e+00
2.894266124716751709e-01 1.024161385430737869e+00
3.455107294592220102e-01 8.419665904461165473e-01
4.124626382901352417e-01 7.329075833036672316e-01
4.923882631706741342e-01 6.695865282527649898e-01
5.878016072274915294e-01 6.386126937539539083e-01
7.017038286703829453e-01 6.236100345252478805e-01
8.376776400682920398e-01 6.278757120809220771e-01
1.000000000000000000e+00 6.465191333630685433e-01
1.193776641714436870e+00 6.670796488853630857e-01
1.425102670302999197e+00 7.086573583267296028e-01
1.701254279852589146e+00 7.515090616341605356e-01
2.030917620904737042e+00 8.179552539863591543e-01
2.424462017082328114e+00 8.876217270311043128e-01
2.894266124716751598e+00 9.865124854959979039e-01
3.455107294592221656e+00 1.107059963035668115e+00
4.124626382901352528e+00 1.267239877258950376e+00
4.923882631706741897e+00 1.488234801318998324e+00
5.878016072274911963e+00 1.726832886541558976e+00
7.017038286703829897e+00 2.069877829334795027e+00
8.376776400682924617e+00 2.531695842415111031e+00
1.000000000000000000e+01 3.144333151234447232e+00
