3.162277660168379412e-01 3.479660826224316161e-01
3.665241237079627790e-01 2.384850769731568232e-01
4.248201698162611950e-01 1.643130566758445321e-01
4.923882631706739121e-01 1.212605770179968206e-01
5.707031326057167009e-01 9.537338513163298725e-02
6.614740641230149043e-01 7.876912299873334300e-02
7.666822074546214560e-01 6.666464406320195268e-02
8.886238162743402835e-01 5.828258267371429213e-02
1.029960365809989842e+00 6.201874912658741912e-02
1.193776641714436426e+00 5.763639900620196044e-02
1.383648068032459433e+00 5.487121464261338760e-02
1.603718743751330056e+00 5.778226979224747317e-02
1.858791891146563513e+00 6.219042051349989858e-02
2.154434690031883370e+00 6.780822800175262399e-02
2.497099786006540700e+00 7.390946696037742347e-02
2.894266124716750266e+00 8.035828634229233436e-02
3.354602185954043136e+00 8.713828133508717821e-02
3.888155180308087377e+00 9.447143148602869800e-02
4.506570337745473331e+00 1.023722528339420790e-01
5.223345074266840804e+00 1.114012974648345700e-01
6.054123584037268024e+00 1.222613991142980222e-01
7.017038286703826344e+00 1.356019084729566948e-01
8.133105582266926703e+00 1.520430288625289061e-01
9.426684551178849958e+00 1.721781443775535214e-01
1.092600861117377953e+01 1.965599419291101380e-01
1.266380173467402770e+01 2.256682365496476828e-01
1.467799267622068982e+01 2.599317445284872186e-01
1.701254279852588169e+01 2.997123590709939167e-01
1.971840556512641740e+01 3.454036019426864335e-01
2.285463864134989720e+01 3.975922994064086669e-01
2.648969287610526990e+01 4.572172562068645418e-01
3.070290629757848322e+01 5.258628751601519546e-01
3.558623573050965661e+01 6.059307129337323516e-01
4.124626382901347910e+01 7.008122321693357470e-01
4.780652533007380356e+01 8.150076989604181366e-01
5.541020330009492056e+01 9.542418962468781629e-01
6.422325422229356207e+01 1.125538519361378720e+00
7.443803013251681477e+01 1.337321262501792729e+00
8.627747685955866075e+01 1.598601524185876421e+00
1.000000000000000000e+02 1.916754732712413922e+00
