1.000000000000000021e-02 4.005279985792713404e+01
1.193776641714436315e-02 2.885356453546505762e+01
1.425102670302997795e-02 2.176269040022328483e+01
1.701254279852589327e-02 1.704885796205049076e+01
2.030917620904735751e-02 1.384048728095297953e+01
2.424462017082328405e-02 1.166546077727528896e+01
2.894266124716751709e-02 1.024379958346393060e+01
3.455107294592219686e-02 9.389535684017682016e+00
4.124626382901352278e-02 9.017028484806759892e+00
4.923882631706739260e-02 9.170683161709382247e+00
5.878016072274912240e-02 1.005041260523142554e+01
7.017038286703829175e-02 1.258593945932416780e+01
8.376776400682919843e-02 2.143498785364463188e+01
1.000000000000000056e-01 1.368375376847888845e+02
1.193776641714437009e-01 1.311362265791804589e+02
1.425102670302998420e-01 7.834421871037415031e+01
1.701254279852589257e-01 5.016118658186423573e+01
2.030917620904735821e-01 3.602952589511375692e+01
2.424462017082328336e-01 2.755056878061034098e+01
2.894266124716751709e-01 2.196061675518476619e+01
3.455107294592220102e-01 1.810056643434555568e+01
4.124626382901352417e-01 1.540189214181989108e+01
4.923882631706741342e-01 1.355693986056452616e+01
5.878016072274915294e-01 1.238946471703637009e+01
7.017038286703829453e-01 1.179971230939594484e+01
8.376776400682920398e-01 1.173563607802051578e+01
1.000000000000000000e+00 1.217302836044477310e+01
1.193776641714436870e+00 1.309949757439908602e+01
1.425102670302999197e+00 1.450472532773130219e+01
1.701254279852589146e+00 1.638179088644318426e+01
2.030917620904737042e+00 1.875221707768539403e+01
2.424462017082328114e+00 2.169435449601498789e+01
2.894266124716751598e+00 2.537236041811018339e+01
3.455107294592221656e+00 3.005401483706097565e+01
4.124626382901352528e+00 3.612634739694992447e+01
4.923882631706741897e+00 4.412903196068914724e+01
5.878016072274911963e+00 5.480616140445439299e+01
7.017038286703829897e+00 6.917747433605563856e+01
8.376776400682924617e+00 8.867270639221007400e+01
1.000000000000000000e+01 1.152756362675951749e+02
