1.000000000000000021e-02 5.570472950360990438e+01
1.193776641714436315e-02 4.309750427385177574e+01
1.425102670302997795e-02 3.567468570229780767e+01
1.701254279852589327e-02 3.124770402242212342e+01
2.030917620904735751e-02 2.877262787056269033e+01
2.424462017082328405e-02 2.770880812185892950e+01
2.894266124716751709e-02 2.784791887301972935e+01
3.455107294592219686e-02 2.942343625455489331e+01
4.124626382901352278e-02 3.288353408996397320e+01
4.923882631706739260e-02 3.915103941882148320e+01
5.878016072274912240e-02 5.043447485133035002e+01
7.017038286703829175e-02 7.350140388764422994e+01
8.376776400682919843e-02 1.351844075636961975e+02
1.000000000000000056e-01 1.323958209805456931e+02
1.193776641714437009e-01 2.262772689747425403e+01
1.425102670302998420e-01 1.029749981674980575e+01
1.701254279852589257e-01 6.453143995981236003e+00
2.030917620904735821e-01 4.700346623887212694e+00
2.424462017082328336e-01 3.751953089007584730e+00
2.894266124716751709e-01 3.182819906549382516e+00
3.455107294592220102e-01 2.826674447232124798e+00
4.124626382901352417e-01 2.562381889246445610e+00
4.923882631706741342e-01 2.418054856293013977e+00
5.878016072274915294e-01 2.303965561662261852e+00
7.017038286703829453e-01 2.252450104072383663e+00
8.376776400682920398e-01 2.259281035113936298e+00
1.000000000000000000e+00 2.316419466832077667e+00
1.193776641714436870e+00 2.432128059248815699e+00
1.425102670302999197e+00 3.256567961281346957e+00
1.701254279852589146e+00 2.850934216156802758e+00
2.030917620904737042e+00 3.191533124459220438e+00
2.424462017082328114e+00 3.622315744668020532e+00
2.894266124716751598e+00 4.170584500219073121e+00
3.455107294592221656e+00 4.916463235681806765e+00
4.124626382901352528e+00 5.909385358127106969e+00
4.923882631706741897e+00 7.251138383285898215e+00
5.878016072274911963e+00 9.021641954033741584e+00
7.017038286703829897e+00 1.141355193196821816e+01
8.376776400682924617e+00 1.469080700736415679e+01
1.000000000000000000e+01 1.918218114982321509e+01
