3.162277660168379134e-02 1.580648549087879662e+00
3.842513346254321227e-02 1.426588012431700747e+00
4.669074130371086984e-02 1.510841910701942403e+00
5.673435918225600005e-02 1.875416408191482809e+00
6.893845379073933188e-02 2.782549110739870102e+00
8.376776400682915680e-02 5.680350463579288522e+00
1.017869984146125700e-01 9.406191336207088582e+00
1.236823397292983878e-01 2.735453045071089218e+00
1.502875750260604659e-01 1.161330234819658802e+00
1.826158468270260848e-01 6.714342578116802018e-01
2.218982341458970720e-01 4.446313050500756980e-01
2.696306326783701746e-01 3.136226976533411093e-01
3.276307193627228664e-01 2.276004705999932487e-01
3.981071705534971472e-01 2.297669292621014492e+00
4.837437696757803662e-01 1.253209722469073861e-01
5.878016072274911963e-01 2.002132594387750153e+00
7.142432649639980369e-01 1.974425228393700493e+00
8.678837132695964574e-01 6.715544981015025838e-02
1.054573667973740303e+00 1.684873554858497435e+00
1.281422388944083446e+00 1.641610311897743424e+00
1.557068404753729984e+00 5.102815549333989537e-02
1.892008472772299665e+00 5.106988202567108032e-02
2.298997301668542992e+00 5.302418151206674674e-02
2.793533257985219453e+00 5.692156172450225926e-02
3.394448552769389948e+00 6.349070134351302019e-02
4.124626382901348087e+00 7.361453175615763345e-02
5.011872336272719330e+00 8.886781023564517545e-02
6.089973244419446985e+00 1.106183276097003343e-01
7.399983804321420777e+00 1.390057089991993955e-01
8.991789964660114265e+00 1.746585792299557294e-01
1.092600861117377953e+01 2.175217694649583811e-01
1.327629589221125350e+01 2.671818072932404253e-01
1.613215208683695323e+01 3.235742335133019454e-01
1.960232982646277122e+01 3.877385541463080898e-01
2.381897545702918961e+01 4.621750111639292280e-01
2.894266124716748934e+01 5.508680291651435468e-01
3.516850007169744430e+01 6.591729034491753403e-01
4.273357542109315688e+01 7.937501313123223046e-01
5.192596967591166646e+01 9.623420608439767765e-01
6.309573444801932851e+01 1.173401361450570723e+00
