1.000000000000000021e-02 1.736142409911111573e+00
1.266380173467403399e-02 1.236293998233977565e+00
1.603718743751330125e-02 9.864002862192873256e-01
2.030917620904735751e-02 8.500326328168525958e-01
2.571913809059344497e-02 7.795049531392014286e-01
3.257020655659782771e-02 7.673220858982564563e-01
4.124626382901352278e-02 8.321656420908357665e-01
5.223345074266843441e-02 1.035253192993598415e+00
6.614740641230149043e-02 1.562319142914198267e+00
8.376776400682915680e-02 3.567269930622240626e+00
1.060818355139448305e-01 4.172311941058240770e+00
1.343399332598900209e-01 6.415360021106234489e-01
1.701254279852589257e-01 2.769223000566422010e-01
2.154434690031883370e-01 1.539656684653484542e-01
2.728333376486767881e-01 9.710023620566310409e-02
3.455107294592218437e-01 2.187540078617856043e+00
4.375479375074184385e-01 5.058685148941115955e-02
5.541020330009491790e-01 3.998338801450251889e-02
7.017038286703826122e-01 3.315932171040588544e-02
8.886238162743402835e-01 2.976194505312746569e-02
1.125335582600764495e+00 2.834697900825716016e-02
1.425102670302997865e+00 2.607762734497646659e-02
1.804721766827170226e+00 2.650269096666058727e-02
2.285463864134990697e+00 2.672543307154648731e-02
2.894266124716751598e+00 2.928489034040552413e-02
3.665241237079626124e+00 3.020951704341432592e-02
4.641588833612777520e+00 3.313368645015783015e-02
5.878016072274911963e+00 3.723798925940136062e-02
7.443803013251688583e+00 4.285265287624303449e-02
9.426684551178853511e+00 5.100036723517246268e-02
1.193776641714435804e+01 6.268010850541452794e-02
1.511775070615661498e+01 7.941898169005079389e-02
1.914481976169957633e+01 1.040090840950840950e-01
2.424462017082328202e+01 1.406073549109272958e-01
3.070290629757849743e+01 1.963907380750775367e-01
3.888155180308085335e+01 2.824141081529074060e-01
4.923882631706736390e+01 4.074191018231481665e-01
6.235507341273912374e+01 5.800916770059193484e-01
7.896522868499724268e+01 8.104157608771341836e-01
1.000000000000000000e+02 1.105477567611117040e+00
