1.000000000000000021e-02 6.400192114917834374e+01
1.193776641714436315e-02 4.863146424196268924e+01
1.425102670302997795e-02 3.883211762976083747e+01
1.701254279852589327e-02 3.214266202985268706e+01
2.030917620904735751e-02 2.735254754476127914e+01
2.424462017082328405e-02 2.388352514887289502e+01
2.894266124716751709e-02 2.149341076602255640e+01
3.455107294592219686e-02 2.012691901347532308e+01
4.124626382901352278e-02 1.986809533856611409e+01
4.923882631706739260e-02 2.102909598702012062e+01
5.878016072274912240e-02 2.450263078565919983e+01
7.017038286703829175e-02 3.318502312383294850e+01
8.376776400682919843e-02 6.187190411705487492e+01
1.000000000000000056e-01 1.241336664367095182e+02
1.193776641714437009e-01 6.202730266999628839e+01
1.425102670302998420e-01 2.874316084059708487e+01
1.701254279852589257e-01 1.832685975595349603e+01
2.030917620904735821e-01 1.366298896877801816e+01
2.424462017082328336e-01 1.129177064906266814e+01
2.894266124716751709e-01 1.003764044864297844e+01
3.455107294592220102e-01 9.365424005340843294e+00
4.124626382901352417e-01 9.015138822942592611e+00
4.923882631706741342e-01 8.860164025825124412e+00
5.878016072274915294e-01 8.843185557372114758e+00
7.017038286703829453e-01 8.946540085119661256e+00
8.376776400682920398e-01 9.176214130475001340e+00
1.000000000000000000e+00 9.551843382530703863e+00
1.193776641714436870e+00 1.010056730181969087e+01
1.425102670302999197e+00 1.085577139086611709e+01
1.701254279852589146e+00 1.185896653028115644e+01
2.030917620904737042e+00 1.317167140445308782e+01
2.424462017082328114e+00 1.488366664288916219e+01
2.894266124716751598e+00 1.712619048795744092e+01
3.455107294592221656e+00 2.008510918752813268e+01
4.124626382901352528e+00 2.401762485232537614e+01
4.923882631706741897e+00 2.928048236611418886e+01
5.878016072274911963e+00 3.636812948996648487e+01
7.017038286703829897e+00 4.596620727065462830e+01
8.376776400682924617e+00 5.903227936642934992e+01
1.000000000000000000e+01 7.691604421908246536e+01
