3.162277660168379412e-01 3.475292605439061489e-01
3.665241237079627790e-01 2.345720495729727295e-01
4.248201698162611950e-01 1.652689897704965882e-01
4.923882631706739121e-01 1.212509005308723409e-01
5.707031326057167009e-01 1.001329938000196096e-01
6.614740641230149043e-01 7.322017227360026748e-02
7.666822074546214560e-01 6.059922673135712673e-02
8.886238162743402835e-01 5.295809294676046691e-02
1.029960365809989842e+00 5.053817029396110577e-02
1.193776641714436426e+00 3.779519507873817241e-02
1.383648068032459433e+00 3.387798126509460050e-02
1.603718743751330056e+00 3.168529329650703052e-02
1.858791891146563513e+00 3.694523869240984304e-02
2.154434690031883370e+00 2.735022305841621620e-02
2.497099786006540700e+00 2.557500715225607263e-02
2.894266124716750266e+00 2.506660245986648203e-02
3.354602185954043136e+00 2.442145801748776823e-02
3.888155180308087377e+00 2.477359904289875778e-02
4.506570337745473331e+00 2.500241602928554574e-02
5.223345074266840804e+00 2.766597142618567109e-02
6.054123584037268024e+00 2.675552677628482284e-02
7.017038286703826344e+00 3.004043333082974387e-02
8.133105582266926703e+00 3.378053232915733534e-02
9.426684551178849958e+00 3.344428469290201822e-02
1.092600861117377953e+01 4.626145960951998093e-02
1.266380173467402770e+01 5.001617843433439625e-02
1.467799267622068982e+01 1.478822446681093083e+00
1.701254279852588169e+01 1.593083874525461630e+00
1.971840556512641740e+01 6.926890606669719452e-02
2.285463864134989720e+01 1.611688356152753743e+00
2.648969287610526990e+01 1.463480670480613144e+00
3.070290629757848322e+01 1.393166036221016313e+00
3.558623573050965661e+01 1.500718162741217387e+00
4.124626382901347910e+01 1.434225857970480855e-01
4.780652533007380356e+01 1.266715785902635005e+00
5.541020330009492056e+01 2.176150352125583720e-01
6.422325422229356207e+01 2.703122075109733458e-01
7.443803013251681477e+01 3.358908183969198102e-01
8.627747685955866075e+01 4.157047526230021606e-01
1.000000000000000000e+02 5.011487034537150942e-01
