3.162277660168379134e-02 1.654040868469061465e+01
3.665241237079627790e-02 1.382596679737013901e+01
4.248201698162612505e-02 1.235674801630590025e+01
4.923882631706739260e-02 1.184113805619742621e+01
5.707031326057167286e-02 1.223489802530401072e+01
6.614740641230149043e-02 1.392989786252570816e+01
7.666822074546214560e-02 1.855288642293261248e+01
8.886238162743402558e-02 3.639894677435128045e+01
1.029960365809989981e-01 1.561234987899071314e+02
1.193776641714436315e-01 1.386620633817313148e+02
1.383648068032459488e-01 8.401883572360456753e+01
1.603718743751330056e-01 5.173077389223590217e+01
1.858791891146563680e-01 3.606096657882413581e+01
2.154434690031883370e-01 2.717638024652299933e+01
2.497099786006540811e-01 2.164953951243227337e+01
2.894266124716750044e-01 1.799219619824036087e+01
3.354602185954043136e-01 1.546106779981558965e+01
3.888155180308087155e-01 1.365048152006596816e+01
4.506570337745472998e-01 1.232435360006889979e+01
5.223345074266840804e-01 1.134322622026613558e+01
6.054123584037268690e-01 1.062512739044579746e+01
7.017038286703826122e-01 1.012370487786224693e+01
8.133105582266927369e-01 9.814021403985307757e+00
9.426684551178848848e-01 9.682670455091413331e+00
1.092600861117377864e+00 9.721233672064437670e+00
1.266380173467402726e+00 9.922400509674261571e+00
1.467799267622069026e+00 1.027869564404280744e+01
1.701254279852588258e+00 1.078403382080729678e+01
1.971840556512642006e+00 1.143463815822255825e+01
2.285463864134989365e+00 1.223425434410125767e+01
2.648969287610527079e+00 1.319493015952462578e+01
3.070290629757848055e+00 1.433953918799177885e+01
3.558623573050965661e+00 1.570401219952196747e+01
4.124626382901348087e+00 1.734036091057330253e+01
4.780652533007380356e+00 1.932055806637439943e+01
5.541020330009492234e+00 2.174204239503452030e+01
6.422325422229356207e+00 2.473340828833878646e+01
7.443803013251680589e+00 2.846442204274315557e+01
8.627747685955865720e+00 3.315650242375496504e+01
1.000000000000000000e+01 3.909909839188627956e+01
