1.000000000000000021e-02 2.609062111188979216e+01
1.193776641714436315e-02 1.939005524743598130e+01
1.425102670302997795e-02 1.498932887143315895e+01
1.701254279852589327e-02 1.191176193672134254e+01
2.030917620904735751e-02 9.691345185090973757e+00
2.424462017082328405e-02 8.099638484739946520e+00
2.894266124716751709e-02 7.014961145318680202e+00
3.455107294592219686e-02 6.373709942068167322e+00
4.124626382901352278e-02 6.158788746136010239e+00
4.923882631706739260e-02 6.429771526998838027e+00
5.878016072274912240e-02 7.434420387755145576e+00
7.017038286703829175e-02 1.004257789857676109e+01
8.376776400682919843e-02 1.874695937668136381e+01
1.000000000000000056e-01 5.172235956111465072e+01
1.193776641714437009e-01 2.410580735031328103e+01
1.425102670302998420e-01 1.049622450473808222e+01
1.701254279852589257e-01 6.258035171428272037e+00
2.030917620904735821e-01 4.344590698270718754e+00
2.424462017082328336e-01 3.330509200895853450e+00
2.894266124716751709e-01 2.735339570857622249e+00
3.455107294592220102e-01 2.359026516924543238e+00
4.124626382901352417e-01 2.106309799347463318e+00
4.923882631706741342e-01 1.930790934605554732e+00
5.878016072274915294e-01 1.809810057820557594e+00
7.017038286703829453e-01 1.732845482729723940e+00
8.376776400682920398e-01 1.696219303733842887e+00
1.000000000000000000e+00 1.698537910194241052e+00
1.193776641714436870e+00 1.739049159266797595e+00
1.425102670302999197e+00 1.818600419323491257e+00
1.701254279852589146e+00 1.938624467800964979e+00
2.030917620904737042e+00 2.103303817533214382e+00
2.424462017082328114e+00 2.319618808712557989e+00
2.894266124716751598e+00 2.597407085745230493e+00
3.455107294592221656e+00 2.952464517224413498e+00
4.124626382901352528e+00 3.405261818572422161e+00
4.923882631706741897e+00 3.985705608507045472e+00
5.878016072274911963e+00 4.735712426839747913e+00
7.017038286703829897e+00 5.713311127719166826e+00
8.376776400682924617e+00 6.999872552832094641e+00
1.000000000000000000e+01 8.709811233281024911e+00
