1.000000000000000021e-02 4.675661019110238215e+01
1.193776641714436315e-02 3.291533139343320613e+01
1.425102670302997795e-02 2.501444515751983744e+01
1.701254279852589327e-02 2.032780228301806247e+01
2.030917620904735751e-02 1.753046428907012455e+01
2.424462017082328405e-02 1.587960057969331729e+01
2.894266124716751709e-02 1.498990235774097357e+01
3.455107294592219686e-02 1.465143011989979982e+01
4.124626382901352278e-02 1.479982884165771750e+01
4.923882631706739260e-02 1.551498596791097384e+01
5.878016072274912240e-02 1.722359226872174176e+01
7.017038286703829175e-02 2.134025069221168991e+01
8.376776400682919843e-02 3.527662429733585014e+01
1.000000000000000056e-01 1.365297072130180140e+02
1.193776641714437009e-01 1.202086506030601640e+02
1.425102670302998420e-01 5.991736656834476804e+01
1.701254279852589257e-01 3.999950338435753849e+01
2.030917620904735821e-01 3.022517400435198809e+01
2.424462017082328336e-01 2.455417212466358734e+01
2.894266124716751709e-01 2.096244542704859626e+01
3.455107294592220102e-01 1.857190195931706711e+01
4.124626382901352417e-01 1.694201414274010631e+01
4.923882631706741342e-01 1.584166487744452567e+01
5.878016072274915294e-01 1.515108286973169882e+01
7.017038286703829453e-01 1.481198445865983260e+01
8.376776400682920398e-01 1.479830021808955642e+01
1.000000000000000000e+00 1.509877965524614751e+01
1.193776641714436870e+00 1.570821185065434022e+01
1.425102670302999197e+00 1.662819129955132169e+01
1.701254279852589146e+00 1.787837826054525436e+01
2.030917620904737042e+00 1.951221914121572354e+01
2.424462017082328114e+00 2.163533137093273950e+01
2.894266124716751598e+00 2.441517726816197253e+01
3.455107294592221656e+00 2.809135116460006287e+01
4.124626382901352528e+00 3.299125430838547146e+01
4.923882631706741897e+00 3.956324651962606254e+01
5.878016072274911963e+00 4.841930339566945918e+01
7.017038286703829897e+00 6.040741180458744708e+01
8.376776400682924617e+00 7.670664147133062727e+01
1.000000000000000000e+01 9.897471100675690536e+01
