3.162277660168379134e-02 9.000066448690483556e-01
3.842513346254321227e-02 6.955212563809826110e-01
4.669074130371086984e-02 6.150757028313476038e-01
5.673435918225600005e-02 6.205096334493225285e-01
6.893845379073933188e-02 7.487259220389337333e-01
8.376776400682915680e-02 1.278461861073643568e+00
1.017869984146125700e-01 9.269290173960882839e+00
1.236823397292983878e-01 8.012753485528078201e+00
1.502875750260604659e-01 4.699404851673910422e+00
1.826158468270260848e-01 2.722779369009732164e+00
2.218982341458970720e-01 1.777420969076565882e+00
2.696306326783701746e-01 1.227330036062093344e+00
3.276307193627228664e-01 8.621448003010614425e-01
3.981071705534971472e-01 5.949878634016900758e-01
4.837437696757803662e-01 3.841298191186214850e-01
5.878016072274911963e-01 2.128330991036530562e-01
7.142432649639980369e-01 1.175641300948595119e-01
8.678837132695964574e-01 2.005828603295571000e+00
1.054573667973740303e+00 1.889797544183591027e+00
1.281422388944083446e+00 3.993465183404734664e-02
1.557068404753729984e+00 5.000858825717382494e+00
1.892008472772299665e+00 3.406528524646808276e-02
2.298997301668542992e+00 2.670633245605999462e-02
2.793533257985219453e+00 3.305743008279837802e-02
3.394448552769389948e+00 4.806472620476959001e+00
4.124626382901348087e+00 2.338936186232213471e-02
5.011872336272719330e+00 2.370106146069279884e-02
6.089973244419446985e+00 2.636118072699314765e-02
7.399983804321420777e+00 3.110726398718589164e-02
8.991789964660114265e+00 1.697825697063470196e+00
1.092600861117377953e+01 4.169666182608527255e-02
1.327629589221125350e+01 1.721362467890866554e+00
1.613215208683695323e+01 5.001618198565853379e-02
1.960232982646277122e+01 1.765426730272004585e+00
2.381897545702918961e+01 1.491599359267413938e+00
2.894266124716748934e+01 8.687948878914324158e-02
3.516850007169744430e+01 1.168227469197731377e-01
4.273357542109315688e+01 1.404069010790559568e-01
5.192596967591166646e+01 1.405999053427750001e+00
6.309573444801932851e+01 2.466644019298734336e-01
