1.000000000000000021e-02 2.613673573664102801e+00
1.266380173467403399e-02 1.745556438753035122e+00
1.603718743751330125e-02 1.236872315374298870e+00
2.030917620904735751e-02 9.289407195575272169e-01
2.571913809059344497e-02 7.579664296839941917e-01
3.257020655659782771e-02 6.954664077566254932e-01
4.124626382901352278e-02 7.453283939028395588e-01
5.223345074266843441e-02 9.696101651445551139e-01
6.614740641230149043e-02 1.596364740541229565e+00
8.376776400682915680e-02 3.914337787073230324e+00
1.060818355139448305e-01 3.822735973790482689e+00
1.343399332598900209e-01 5.954097871136649900e-01
1.701254279852589257e-01 2.752427389886489828e-01
2.154434690031883370e-01 1.682719572900060467e-01
2.728333376486767881e-01 2.441015237594422960e+00
3.455107294592218437e-01 9.369944966990864654e-02
4.375479375074184385e-01 1.860961152143647990e+00
5.541020330009491790e-01 5.603059559279686963e-02
7.017038286703826122e-01 1.499348902169288733e+00
8.886238162743402835e-01 3.801039564370899126e-02
1.125335582600764495e+00 3.571799872094673367e-02
1.425102670302997865e+00 3.619047837177274962e-02
1.804721766827170226e+00 3.547028506661449587e-02
2.285463864134990697e+00 3.799994250946303609e-02
2.894266124716751598e+00 4.305181095346995168e-02
3.665241237079626124e+00 5.143460078201343710e-02
4.641588833612777520e+00 6.504003398394921087e-02
5.878016072274911963e+00 8.700738820793292583e-02
7.443803013251688583e+00 1.196313208895761343e-01
9.426684551178853511e+00 1.626888989557213616e-01
1.193776641714435804e+01 2.161265280758075114e-01
1.511775070615661498e+01 2.792680018723771029e-01
1.914481976169957633e+01 3.527659108288127565e-01
2.424462017082328202e+01 4.400762094917403666e-01
3.070290629757849743e+01 5.478741003814422417e-01
3.888155180308085335e+01 6.856730451305539376e-01
4.923882631706736390e+01 8.656165006903834280e-01
6.235507341273912374e+01 1.101747268331138008e+00
7.896522868499724268e+01 1.408110634946088791e+00
1.000000000000000000e+02 1.791223373651567696e+00
