1.000000000000000021e-02 7.050808985764322756e+01
1.193776641714436315e-02 4.944886849353053293e+01
1.425102670302997795e-02 3.619381283783078374e+01
1.701254279852589327e-02 2.762014168974911499e+01
2.030917620904735751e-02 2.188416484723987665e+01
2.424462017082328405e-02 1.792038112844942432e+01
2.894266124716751709e-02 1.510991150056685051e+01
3.455107294592219686e-02 1.308662723642823700e+01
4.124626382901352278e-02 1.163510429526594869e+01
4.923882631706739260e-02 1.064187007592895462e+01
5.878016072274912240e-02 1.013360675251155207e+01
7.017038286703829175e-02 1.082461357087463405e+01
8.376776400682919843e-02 1.564405968327749541e+01
1.000000000000000056e-01 5.506069638829242763e+01
1.193776641714437009e-01 4.083310851200851488e+01
1.425102670302998420e-01 2.067040420787483157e+01
1.701254279852589257e-01 1.387835023256091915e+01
2.030917620904735821e-01 1.044951186947288058e+01
2.424462017082328336e-01 8.383854559983028309e+00
2.894266124716751709e-01 7.014512394407113938e+00
3.455107294592220102e-01 6.054203347752532771e+00
4.124626382901352417e-01 5.356168578597629626e+00
4.923882631706741342e-01 4.835591082907682470e+00
5.878016072274915294e-01 4.439397139038455897e+00
7.017038286703829453e-01 4.132751972057588041e+00
8.376776400682920398e-01 3.892307894819444058e+00
1.000000000000000000e+00 3.702342979332267081e+00
1.193776641714436870e+00 3.553188321619467960e+00
1.425102670302999197e+00 3.441199916970727912e+00
1.701254279852589146e+00 3.369321290462019558e+00
2.030917620904737042e+00 3.346990012834309081e+00
2.424462017082328114e+00 3.389153965544851488e+00
2.894266124716751598e+00 3.514869875293383128e+00
3.455107294592221656e+00 3.747653702694826006e+00
4.124626382901352528e+00 4.116403599465821017e+00
4.923882631706741897e+00 4.658656532297774433e+00
5.878016072274911963e+00 5.424458186279658811e+00
7.017038286703829897e+00 6.483093472228173226e+00
8.376776400682924617e+00 7.931491274980644768e+00
1.000000000000000000e+01 9.905165089190033356e+00
