1.000000000000000021e-02 3.047705112100385527e+00
1.266380173467403399e-02 2.138275874726713877e+00
1.603718743751330125e-02 1.624696699051698667e+00
2.030917620904735751e-02 1.302506355601185106e+00
2.571913809059344497e-02 1.093958076021931403e+00
3.257020655659782771e-02 9.746068831964923573e-01
4.124626382901352278e-02 9.461082498210074965e-01
5.223345074266843441e-02 1.040675249386441292e+00
6.614740641230149043e-02 1.396100051381153895e+00
8.376776400682915680e-02 2.936714156795008357e+00
1.060818355139448305e-01 5.725159004100198068e+00
1.343399332598900209e-01 1.579652431784237088e+00
1.701254279852589257e-01 7.708363572261972552e-01
2.154434690031883370e-01 4.708099429745689624e-01
2.728333376486767881e-01 3.121317868051849964e-01
3.455107294592218437e-01 2.103833549481623211e-01
4.375479375074184385e-01 1.423438521164150927e-01
5.541020330009491790e-01 1.016042625502181357e-01
7.017038286703826122e-01 7.449308068388464654e-02
8.886238162743402835e-01 6.144459049619778457e-02
1.125335582600764495e+00 1.802693992166958248e+00
1.425102670302997865e+00 6.072087606339142407e-02
1.804721766827170226e+00 6.360082085392794460e-02
2.285463864134990697e+00 7.252064253760330537e-02
2.894266124716751598e+00 8.223093848069938649e-02
3.665241237079626124e+00 9.252590752370694338e-02
4.641588833612777520e+00 1.037793599059595173e-01
5.878016072274911963e+00 1.183620135595130352e-01
7.443803013251688583e+00 1.388299284658085775e-01
9.426684551178853511e+00 1.675307744629164208e-01
1.193776641714435804e+01 2.066030647320776237e-01
1.511775070615661498e+01 2.578371851192413078e-01
1.914481976169957633e+01 3.226977649257031788e-01
2.424462017082328202e+01 4.031380796350187978e-01
3.070290629757849743e+01 5.032900144147947064e-01
3.888155180308085335e+01 6.316423352239232125e-01
4.923882631706736390e+01 8.027787822877885393e-01
6.235507341273912374e+01 1.038570558644914987e+00
7.896522868499724268e+01 1.369086279088713720e+00
1.000000000000000000e+02 1.827462299271728652e+00
