3.162277660168379134e-02 1.928614581005015038e+00
3.842513346254321227e-02 1.757245837212709771e+00
4.669074130371086984e-02 1.806069550576038463e+00
5.673435918225600005e-02 2.071745749616822785e+00
6.893845379073933188e-02 2.702557344459031174e+00
8.376776400682915680e-02 4.718476559943701076e+00
1.017869984146125700e-01 9.267401484683560398e+00
1.236823397292983878e-01 4.069771815293361072e+00
1.502875750260604659e-01 1.941788413850451311e+00
1.826158468270260848e-01 1.234910070340531574e+00
2.218982341458970720e-01 8.839643613201125794e-01
2.696306326783701746e-01 6.661490774476210852e-01
3.276307193627228664e-01 5.114595800371203316e-01
3.981071705534971472e-01 3.964920309495998940e-01
4.837437696757803662e-01 3.139108004381768180e-01
5.878016072274911963e-01 2.591415023918525740e-01
7.142432649639980369e-01 2.230444366963979796e-01
8.678837132695964574e-01 1.953587962580797810e-01
1.054573667973740303e+00 1.723721001995270063e-01
1.281422388944083446e+00 1.536773047181949348e-01
1.557068404753729984e+00 1.391158840183790435e-01
1.892008472772299665e+00 1.284982477540967671e-01
2.298997301668542992e+00 1.217056768250522614e-01
2.793533257985219453e+00 1.187042521758896602e-01
3.394448552769389948e+00 1.195360526634088733e-01
4.124626382901348087e+00 1.243185160863177902e-01
5.011872336272719330e+00 1.332258970814840515e-01
6.089973244419446985e+00 1.464610871287030380e-01
7.399983804321420777e+00 1.642395218382459998e-01
8.991789964660114265e+00 1.868406201025221147e-01
1.092600861117377953e+01 2.147547114819023939e-01
1.327629589221125350e+01 2.488936814025510535e-01
1.613215208683695323e+01 2.907040441681994491e-01
1.960232982646277122e+01 3.422499335004701160e-01
2.381897545702918961e+01 4.062003641252679986e-01
2.894266124716748934e+01 4.859592763477412758e-01
3.516850007169744430e+01 5.860023448915289146e-01
4.273357542109315688e+01 7.123699618774905762e-01
5.192596967591166646e+01 8.730030543655329378e-01
6.309573444801932851e+01 1.077460607871284282e+00
