1.000000000000000021e-02 1.724329133390712059e+02
1.193776641714436315e-02 1.228152743248758014e+02
1.425102670302997795e-02 9.212264240166307161e+01
1.701254279852589327e-02 7.287554823541718463e+01
2.030917620904735751e-02 6.068218939087329034e+01
2.424462017082328405e-02 5.302976332487146749e+01
2.894266124716751709e-02 4.849635336298072730e+01
3.455107294592219686e-02 4.629634058157707699e+01
4.124626382901352278e-02 4.609910211470985075e+01
4.923882631706739260e-02 4.806133444845270475e+01
5.878016072274912240e-02 5.331303892092548580e+01
7.017038286703829175e-02 6.604794809747416195e+01
8.376776400682919843e-02 1.082237634886086397e+02
1.000000000000000056e-01 1.321441130133160584e+02
1.193776641714437009e-01 4.537428167781677502e+01
1.425102670302998420e-01 2.545976218300580740e+01
1.701254279852589257e-01 1.898521183011992264e+01
2.030917620904735821e-01 1.555994560273208904e+01
2.424462017082328336e-01 1.332094017036879663e+01
2.894266124716751709e-01 1.174603567329086751e+01
3.455107294592220102e-01 1.063305353499451655e+01
4.124626382901352417e-01 9.883372744589111747e+00
4.923882631706741342e-01 9.433143849798732106e+00
5.878016072274915294e-01 9.231348133857041560e+00
7.017038286703829453e-01 9.235203852199507679e+00
8.376776400682920398e-01 9.410463293879978153e+00
1.000000000000000000e+00 9.731950680347191351e+00
1.193776641714436870e+00 1.018379529593453547e+01
1.425102670302999197e+00 1.076175223828269090e+01
1.701254279852589146e+00 1.147997404104659225e+01
2.030917620904737042e+00 1.237682249891198971e+01
2.424462017082328114e+00 1.352233379827115911e+01
2.894266124716751598e+00 1.501952934580806698e+01
3.455107294592221656e+00 1.700807160158786502e+01
4.124626382901352528e+00 1.967162645040895441e+01
4.923882631706741897e+00 2.325662620298035677e+01
5.878016072274911963e+00 2.809643971108145521e+01
7.017038286703829897e+00 3.464936129051599778e+01
8.376776400682924617e+00 4.355195194071167464e+01
1.000000000000000000e+01 5.569618708388546935e+01
