1.000000000000000021e-02 3.953828219184544679e+01
1.193776641714436315e-02 3.087014934135465793e+01
1.425102670302997795e-02 2.619961637830255086e+01
1.701254279852589327e-02 2.370730731813835135e+01
2.030917620904735751e-02 2.250989226498612084e+01
2.424462017082328405e-02 2.217163343360778782e+01
2.894266124716751709e-02 2.255806908676917288e+01
3.455107294592219686e-02 2.368029675856369209e+01
4.124626382901352278e-02 2.585678587586206234e+01
4.923882631706739260e-02 2.986423211776810760e+01
5.878016072274912240e-02 3.736672874697649860e+01
7.017038286703829175e-02 5.323282810945146082e+01
8.376776400682919843e-02 1.017746130665043296e+02
1.000000000000000056e-01 1.227620367776900423e+02
1.193776641714437009e-01 3.337327779250487936e+01
1.425102670302998420e-01 1.511150057776712607e+01
1.701254279852589257e-01 9.294276388580765769e+00
2.030917620904735821e-01 6.565417323359331370e+00
2.424462017082328336e-01 5.079908984993819487e+00
2.894266124716751709e-01 4.212422357791700378e+00
3.455107294592220102e-01 3.724000671176531885e+00
4.124626382901352417e-01 3.468066924737111201e+00
4.923882631706741342e-01 3.409441620763418168e+00
5.878016072274915294e-01 3.494845431335766417e+00
7.017038286703829453e-01 3.715041502620383795e+00
8.376776400682920398e-01 4.045865521698249978e+00
1.000000000000000000e+00 4.465912546590243615e+00
1.193776641714436870e+00 4.944235265236766708e+00
1.425102670302999197e+00 5.456938869682344873e+00
1.701254279852589146e+00 5.994207912390758786e+00
2.030917620904737042e+00 6.576332984118353764e+00
2.424462017082328114e+00 7.253579649948223462e+00
2.894266124716751598e+00 8.095677934527190089e+00
3.455107294592221656e+00 9.193543979683237666e+00
4.124626382901352528e+00 1.065760617666590804e+01
4.923882631706741897e+00 1.263222350436873498e+01
5.878016072274911963e+00 1.530588382846470985e+01
7.017038286703829897e+00 1.893973319598200433e+01
8.376776400682924617e+00 2.389019861271475165e+01
1.000000000000000000e+01 3.065870142382060948e+01
