3.162277660168379134e-02 2.233171010479218666e+01
3.665241237079627790e-02 1.952344506032665805e+01
4.248201698162612505e-02 1.812895117885785723e+01
4.923882631706739260e-02 1.798544817596559753e+01
5.707031326057167286e-02 1.906654709348882548e+01
6.614740641230149043e-02 2.205498441156942491e+01
7.666822074546214560e-02 2.957788327386179716e+01
8.886238162743402558e-02 5.787601459492144329e+01
1.029960365809989981e-01 1.473071525396019865e+02
1.193776641714436315e-01 1.186662092364255443e+02
1.383648068032459488e-01 5.696387799552878306e+01
1.603718743751330056e-01 3.529092788583120921e+01
1.858791891146563680e-01 2.475429938338114866e+01
2.154434690031883370e-01 1.877213066747533077e+01
2.497099786006540811e-01 1.505333237750495812e+01
2.894266124716750044e-01 1.260435264232611630e+01
3.354602185954043136e-01 1.093065281863981042e+01
3.888155180308087155e-01 9.762254137450554481e+00
4.506570337745472998e-01 8.940735744136262042e+00
5.223345074266840804e-01 8.368367210762288622e+00
6.054123584037268690e-01 7.981667293313099876e+00
7.017038286703826122e-01 7.737583104240236764e+00
8.133105582266927369e-01 7.605849322858719397e+00
9.426684551178848848e-01 7.564842456035153262e+00
1.092600861117377864e+00 7.599566218866000256e+00
1.266380173467402726e+00 7.700578351332457494e+00
1.467799267622069026e+00 7.863820348909350777e+00
1.701254279852588258e+00 8.090398569191945555e+00
1.971840556512642006e+00 8.386330396391375785e+00
2.285463864134989365e+00 8.761466299794188117e+00
2.648969287610527079e+00 9.230606874801875250e+00
3.070290629757848055e+00 9.813263858540482332e+00
3.558623573050965661e+00 1.053523197572046755e+01
4.124626382901348087e+00 1.143070184614117402e+01
4.780652533007380356e+00 1.254511242421072836e+01
5.541020330009492234e+00 1.393824688091259567e+01
6.422325422229356207e+00 1.568828547367755633e+01
7.443803013251680589e+00 1.789860115044349342e+01
8.627747685955865720e+00 2.070284678305688786e+01
1.000000000000000000e+01 2.427439708478444302e+01
