1.000000000000000021e-02 1.913060566160131870e+01
1.193776641714436315e-02 1.321768889021492299e+01
1.425102670302997795e-02 9.774193753781267091e+00
1.701254279852589327e-02 7.665468930567158168e+00
2.030917620904735751e-02 6.340739995949923546e+00
2.424462017082328405e-02 5.516446577352215108e+00
2.894266124716751709e-02 5.044394562174424834e+00
3.455107294592219686e-02 4.842185484289109887e+00
4.124626382901352278e-02 4.892914728164741156e+00
4.923882631706739260e-02 5.216834353940766000e+00
5.878016072274912240e-02 5.949223056861332459e+00
7.017038286703829175e-02 7.581863796490498686e+00
8.376776400682919843e-02 1.275031270299751718e+01
1.000000000000000056e-01 5.688609164578500810e+01
1.193776641714437009e-01 4.047676949385077450e+01
1.425102670302998420e-01 1.974401314984398326e+01
1.701254279852589257e-01 1.307595898220459496e+01
2.030917620904735821e-01 9.903281939766998221e+00
2.424462017082328336e-01 8.114238285301189180e+00
2.894266124716751709e-01 7.001398691489911563e+00
3.455107294592220102e-01 6.259303061112967193e+00
4.124626382901352417e-01 5.736544998974192566e+00
4.923882631706741342e-01 5.354137935536649628e+00
5.878016072274915294e-01 5.071010678829328100e+00
7.017038286703829453e-01 4.866229055046452423e+00
8.376776400682920398e-01 4.728653102324809510e+00
1.000000000000000000e+00 4.651170765648606320e+00
1.193776641714436870e+00 4.628220706354974290e+00
1.425102670302999197e+00 4.656070893632844765e+00
1.701254279852589146e+00 4.735017450820429019e+00
2.030917620904737042e+00 4.871978722820384355e+00
2.424462017082328114e+00 5.082132626182890967e+00
2.894266124716751598e+00 5.389531871814322805e+00
3.455107294592221656e+00 5.826912034197238910e+00
4.124626382901352528e+00 6.437545913971280065e+00
4.923882631706741897e+00 7.277869694720075167e+00
5.878016072274911963e+00 8.423227437751046764e+00
7.017038286703829897e+00 9.975839758122651446e+00
8.376776400682924617e+00 1.207637157975969266e+01
1.000000000000000000e+01 1.491997402449626797e+01
