3.162277660168379134e-02 1.818211594001138076e+00
3.842513346254321227e-02 1.567434916718428939e+00
4.669074130371086984e-02 1.505623297690654283e+00
5.673435918225600005e-02 1.629097420117522343e+00
6.893845379073933188e-02 2.084352949694434187e+00
8.376776400682915680e-02 3.792597831538117248e+00
1.017869984146125700e-01 9.460213337695483560e+00
1.236823397292983878e-01 3.965162920540438840e+00
1.502875750260604659e-01 1.601163997160886865e+00
1.826158468270260848e-01 8.353108578305223908e-01
2.218982341458970720e-01 4.848721427011062346e-01
2.696306326783701746e-01 2.973129913268360291e-01
3.276307193627228664e-01 1.901876177771348320e-01
3.981071705534971472e-01 2.653152402841754576e+00
4.837437696757803662e-01 2.384322070690473527e+00
5.878016072274911963e-01 2.181177953513169232e+00
7.142432649639980369e-01 5.509581012705940667e-02
8.678837132695964574e-01 1.853294058354206797e+00
1.054573667973740303e+00 1.701215349947496458e+00
1.281422388944083446e+00 1.622891480018045618e+00
1.557068404753729984e+00 4.552964941434495955e-02
1.892008472772299665e+00 5.006852221037599165e-02
2.298997301668542992e+00 5.672513629962470938e-02
2.793533257985219453e+00 6.448140913831326704e-02
3.394448552769389948e+00 7.308683639332065607e-02
4.124626382901348087e+00 8.284960167237362394e-02
5.011872336272719330e+00 9.414442648249081447e-02
6.089973244419446985e+00 1.078741743018441779e-01
7.399983804321420777e+00 1.254969832207698255e-01
8.991789964660114265e+00 1.483951294245612618e-01
1.092600861117377953e+01 1.778623786605373625e-01
1.327629589221125350e+01 2.150369750909022215e-01
1.613215208683695323e+01 2.608273536245066526e-01
1.960232982646277122e+01 3.160566621682168176e-01
2.381897545702918961e+01 3.818706881725918989e-01
2.894266124716748934e+01 4.604764171741549950e-01
3.516850007169744430e+01 5.559976790355692922e-01
4.273357542109315688e+01 6.751627631306793553e-01
5.192596967591166646e+01 8.279068542588555735e-01
6.309573444801932851e+01 1.027630426792893736e+00
