3.162277660168379412e-01 3.610423581319874287e-01
3.665241237079627790e-01 2.545952421497273410e-01
4.248201698162611950e-01 1.853144133332991494e-01
4.923882631706739121e-01 1.484104653120880968e-01
5.707031326057167009e-01 1.282147851414321971e-01
6.614740641230149043e-01 1.094094103640071286e-01
7.666822074546214560e-01 9.990988881697691892e-02
8.886238162743402835e-01 2.075255295619065965e+00
1.029960365809989842e+00 8.976626681805878472e-02
1.193776641714436426e+00 8.775884157467553348e-02
1.383648068032459433e+00 8.750371380653693132e-02
1.603718743751330056e+00 8.874614408765589546e-02
1.858791891146563513e+00 9.112660499805215475e-02
2.154434690031883370e+00 9.477981995983095209e-02
2.497099786006540700e+00 9.979038351470592705e-02
2.894266124716750266e+00 1.062772892874256359e-01
3.354602185954043136e+00 1.144588118098467805e-01
3.888155180308087377e+00 1.246576261462030294e-01
4.506570337745473331e+00 1.373225247433766949e-01
5.223345074266840804e+00 1.529763962199601757e-01
6.054123584037268024e+00 1.721801569227361106e-01
7.017038286703826344e+00 1.954723155761752262e-01
8.133105582266926703e+00 2.233084137681882186e-01
9.426684551178849958e+00 2.560081203015080464e-01
1.092600861117377953e+01 2.937792965551012658e-01
1.266380173467402770e+01 3.367560705249970088e-01
1.467799267622068982e+01 3.851379976215472678e-01
1.701254279852588169e+01 4.393703022519998558e-01
1.971840556512641740e+01 5.002445317453336759e-01
2.285463864134989720e+01 5.691706658204624958e-01
2.648969287610526990e+01 6.482301027087906675e-01
3.070290629757848322e+01 7.403430137883458828e-01
3.558623573050965661e+01 8.493506920659968928e-01
4.124626382901347910e+01 9.800337174876070367e-01
4.780652533007380356e+01 1.138020814097852496e+00
5.541020330009492056e+01 1.329476528781562861e+00
6.422325422229356207e+01 1.560785099483873450e+00
7.443803013251681477e+01 1.837389671058361706e+00
8.627747685955866075e+01 2.161981854607012643e+00
1.000000000000000000e+02 2.531094114818952967e+00
