1.000000000000000021e-02 2.226582822188043487e+00
1.266380173467403399e-02 1.418894373225990213e+00
1.603718743751330125e-02 1.029966337083220829e+00
2.030917620904735751e-02 8.357538052627284664e-01
2.571913809059344497e-02 7.397967165942994638e-01
3.257020655659782771e-02 7.006246644747020635e-01
4.124626382901352278e-02 7.046326874162612830e-01
5.223345074266843441e-02 7.588786835233111150e-01
6.614740641230149043e-02 9.284893838379867370e-01
8.376776400682915680e-02 1.675314939426413074e+00
1.060818355139448305e-01 6.415106017487267387e+00
1.343399332598900209e-01 3.313842939324127990e+00
1.701254279852589257e-01 1.784392633698122843e+00
2.154434690031883370e-01 1.169833924489052990e+00
2.728333376486767881e-01 8.182449080830067611e-01
3.455107294592218437e-01 5.801114905244040276e-01
4.375479375074184385e-01 4.130711185449529310e-01
5.541020330009491790e-01 3.059100360372997152e-01
7.017038286703826122e-01 2.474391503195359221e-01
8.886238162743402835e-01 2.121625394552354715e-01
1.125335582600764495e+00 1.856209132973781761e-01
1.425102670302997865e+00 1.648985555827521821e-01
1.804721766827170226e+00 1.493994212692162649e-01
2.285463864134990697e+00 1.391817912820452474e-01
2.894266124716751598e+00 1.344957120694953989e-01
3.665241237079626124e+00 1.356073851703340494e-01
4.641588833612777520e+00 1.427858867062731518e-01
5.878016072274911963e+00 1.563261779597386325e-01
7.443803013251688583e+00 1.765608170630305895e-01
9.426684551178853511e+00 2.039982943250486236e-01
1.193776641714435804e+01 2.397047108746751809e-01
1.511775070615661498e+01 2.857523166872947828e-01
1.914481976169957633e+01 3.454766226645502036e-01
2.424462017082328202e+01 4.234647068862464336e-01
3.070290629757849743e+01 5.258954627781716740e-01
3.888155180308085335e+01 6.614054148464380001e-01
4.923882631706736390e+01 8.423428231872748251e-01
6.235507341273912374e+01 1.084964518247997445e+00
7.896522868499724268e+01 1.406297092597961207e+00
1.000000000000000000e+02 1.813028971513465315e+00
