3.162277660168379412e-01 3.474586185686155404e-01
3.665241237079627790e-01 2.336307003530114779e-01
4.248201698162611950e-01 1.634378249911849212e-01
4.923882631706739121e-01 1.255526229544358108e-01
5.707031326057167009e-01 9.299106835681827943e-02
6.614740641230149043e-01 7.476714969175286829e-02
7.666822074546214560e-01 6.269388987938633029e-02
8.886238162743402835e-01 5.693429643689549430e-02
1.029960365809989842e+00 4.867649964942817598e-02
1.193776641714436426e+00 4.943627534399554213e-02
1.383648068032459433e+00 4.303449813388671857e-02
1.603718743751330056e+00 4.366039670710491344e-02
1.858791891146563513e+00 4.018004313352825652e-02
2.154434690031883370e+00 4.025890664217007114e-02
2.497099786006540700e+00 4.081471902550033726e-02
2.894266124716750266e+00 4.085016552405667384e-02
3.354602185954043136e+00 4.177010958162376275e-02
3.888155180308087377e+00 4.306086084004481090e-02
4.506570337745473331e+00 4.480634247756919847e-02
5.223345074266840804e+00 4.717275264423258230e-02
6.054123584037268024e+00 5.015788317594022105e-02
7.017038286703826344e+00 5.399066762211565673e-02
8.133105582266926703e+00 5.887526990394758436e-02
9.426684551178849958e+00 6.514339243432427928e-02
1.092600861117377953e+01 7.295584741840684118e-02
1.266380173467402770e+01 1.359245041944076693e+00
1.467799267622068982e+01 9.530116750740781628e-02
1.701254279852588169e+01 1.110739938289952849e-01
1.971840556512641740e+01 1.311776264165059602e-01
2.285463864134989720e+01 1.569116487382474223e-01
2.648969287610526990e+01 1.902072960984834971e-01
3.070290629757848322e+01 2.335930034076340311e-01
3.558623573050965661e+01 2.903456095648483393e-01
4.124626382901347910e+01 3.624403934169423414e-01
4.780652533007380356e+01 4.519114372198405061e-01
5.541020330009492056e+01 5.616487509757276397e-01
6.422325422229356207e+01 6.944747728416517107e-01
7.443803013251681477e+01 8.530127480058626865e-01
8.627747685955866075e+01 1.039494845671184997e+00
1.000000000000000000e+02 1.254595967501371589e+00
