3.162277660168379134e-02 2.947843713768062912e+01
3.665241237079627790e-02 2.714073425139975626e+01
4.248201698162612505e-02 2.685009997071879795e+01
4.923882631706739260e-02 2.835126237958491657e+01
5.707031326057167286e-02 3.185607822178396376e+01
6.614740641230149043e-02 3.849540523559039684e+01
7.666822074546214560e-02 5.269360947850088905e+01
8.886238162743402558e-02 1.023926033982772594e+02
1.029960365809989981e-01 1.407021178373473163e+02
1.193776641714436315e-01 8.091603148658217037e+01
1.383648068032459488e-01 4.140475293115487432e+01
1.603718743751330056e-01 2.766376317826705034e+01
1.858791891146563680e-01 2.102428350487200959e+01
2.154434690031883370e-01 1.725794617289410127e+01
2.497099786006540811e-01 1.489520447414250093e+01
2.894266124716750044e-01 1.329766508517230328e+01
3.354602185954043136e-01 1.214751423232304184e+01
3.888155180308087155e-01 1.127123849993174964e+01
4.506570337745472998e-01 1.057102841988086617e+01
5.223345074266840804e-01 9.990994368118856883e+00
6.054123584037268690e-01 9.499151984848314356e+00
7.017038286703826122e-01 9.077139731507196885e+00
8.133105582266927369e-01 8.714035149694238314e+00
9.426684551178848848e-01 8.402773703162200292e+00
1.092600861117377864e+00 8.138695649969800883e+00
1.266380173467402726e+00 7.919420889310366363e+00
1.467799267622069026e+00 7.745845649817536760e+00
1.701254279852588258e+00 7.623293187565039375e+00
1.971840556512642006e+00 7.562786887625791543e+00
2.285463864134989365e+00 7.580617154238678879e+00
2.648969287610527079e+00 7.699177382598485941e+00
3.070290629757848055e+00 7.946111347730926866e+00
3.558623573050965661e+00 8.354510573407806007e+00
4.124626382901348087e+00 8.963968844796079694e+00
4.780652533007380356e+00 9.822557626654853991e+00
5.541020330009492234e+00 1.099034120410669857e+01
6.422325422229356207e+00 1.254398683205330478e+01
7.443803013251680589e+00 1.458411145566136646e+01
8.627747685955865720e+00 1.724309822524387670e+01
1.000000000000000000e+01 2.069733835264309008e+01
