3.162277660168379134e-02 2.333366097467473477e+00
3.842513346254321227e-02 2.328084029494188023e+00
4.669074130371086984e-02 2.720796944375460491e+00
5.673435918225600005e-02 3.616517372270542818e+00
6.893845379073933188e-02 5.194884677545106300e+00
8.376776400682915680e-02 9.674895534199345448e+00
1.017869984146125700e-01 9.950129120066018018e+00
1.236823397292983878e-01 1.630399334455902904e+00
1.502875750260604659e-01 6.900171934616973202e-01
1.826158468270260848e-01 3.883685220464409005e-01
2.218982341458970720e-01 2.466863994553843697e-01
2.696306326783701746e-01 2.713607816965031727e+00
3.276307193627228664e-01 2.821190139244033723e+00
3.981071705534971472e-01 8.822121631849245971e-02
4.837437696757803662e-01 2.252135057981324628e+00
5.878016072274911963e-01 5.200948967262154082e-02
7.142432649639980369e-01 4.561963455656049826e-02
8.678837132695964574e-01 3.883450546999548531e-02
1.054573667973740303e+00 3.719109530537125646e-02
1.281422388944083446e+00 1.563428551817709788e+00
1.557068404753729984e+00 4.239911267575516285e-02
1.892008472772299665e+00 5.033725600643126213e-02
2.298997301668542992e+00 6.498889485307893232e-02
2.793533257985219453e+00 8.469034675617993779e-02
3.394448552769389948e+00 1.053720285050425975e-01
4.124626382901348087e+00 1.220542917905013125e-01
5.011872336272719330e+00 1.368579726892116266e-01
6.089973244419446985e+00 1.518633571858512277e-01
7.399983804321420777e+00 1.688464091651049881e-01
8.991789964660114265e+00 1.893872382048034375e-01
1.092600861117377953e+01 2.148599050757931395e-01
1.327629589221125350e+01 2.465058924837563170e-01
1.613215208683695323e+01 2.854363007804389119e-01
1.960232982646277122e+01 3.327792841130214896e-01
2.381897545702918961e+01 3.898885783579503217e-01
2.894266124716748934e+01 4.586628860780309624e-01
3.516850007169744430e+01 5.418926986400018908e-01
4.273357542109315688e+01 6.435008161754575129e-01
5.192596967591166646e+01 7.683708379342792938e-01
6.309573444801932851e+01 9.216503601808312407e-01
