1.000000000000000021e-02 1.906854524531891526e+00
1.266380173467403399e-02 1.245221343762481059e+00
1.603718743751330125e-02 8.769844949096593512e-01
2.030917620904735751e-02 6.609164113737473478e-01
2.571913809059344497e-02 5.308420317295960977e-01
3.257020655659782771e-02 4.596486017440610805e-01
4.124626382901352278e-02 4.576068851851692543e+00
5.223345074266843441e-02 4.508136131792019330e-01
6.614740641230149043e-02 5.446554267094793067e-01
8.376776400682915680e-02 1.019002224093109810e+00
1.060818355139448305e-01 6.431814229736122712e+00
1.343399332598900209e-01 4.415594411553149357e+00
1.701254279852589257e-01 2.260039686203126674e+00
2.154434690031883370e-01 1.385948815506307774e+00
2.728333376486767881e-01 8.830585519223129731e-01
3.455107294592218437e-01 5.397121249724610159e-01
4.375479375074184385e-01 2.330333709721570390e+00
5.541020330009491790e-01 2.232601473950141635e+00
7.017038286703826122e-01 2.137952091614928385e+00
8.886238162743402835e-01 6.021531996541868575e-02
1.125335582600764495e+00 4.757759326541762673e-02
1.425102670302997865e+00 4.113614282158484237e-02
1.804721766827170226e+00 3.801099715081991681e-02
2.285463864134990697e+00 3.671987397136391995e-02
2.894266124716751598e+00 3.761252461213040327e-02
3.665241237079626124e+00 4.095736901048079026e-02
4.641588833612777520e+00 1.367020546472631271e+00
5.878016072274911963e+00 4.893231501490059171e-02
7.443803013251688583e+00 5.523976183876500717e-02
9.426684551178853511e+00 6.255243502615374929e-02
1.193776641714435804e+01 7.084619235910902257e-02
1.511775070615661498e+01 8.040092547809045420e-02
1.914481976169957633e+01 9.172692591660194794e-02
2.424462017082328202e+01 1.060373994239957457e-01
3.070290629757849743e+01 1.255913567043140666e-01
3.888155180308085335e+01 1.538811429610277282e-01
4.923882631706736390e+01 1.970251614711904797e-01
6.235507341273912374e+01 2.646971950630896409e-01
7.896522868499724268e+01 3.753518555720432026e-01
1.000000000000000000e+02 5.621265327090644304e-01
