1.000000000000000021e-02 3.024470513846159037e+01
1.193776641714436315e-02 2.187199328483059801e+01
1.425102670302997795e-02 1.690626159123024408e+01
1.701254279852589327e-02 1.375837592917861585e+01
2.030917620904735751e-02 1.172752940921844278e+01
2.424462017082328405e-02 1.028720212525685085e+01
2.894266124716751709e-02 9.416054167338295144e+00
3.455107294592219686e-02 8.764458673287132129e+00
4.124626382901352278e-02 8.569896909779313177e+00
4.923882631706739260e-02 8.855942224124977002e+00
5.878016072274912240e-02 9.913287197020812513e+00
7.017038286703829175e-02 1.266550762204260572e+01
8.376776400682919843e-02 2.188209911390003271e+01
1.000000000000000056e-01 1.227394529300887172e+02
1.193776641714437009e-01 1.180640036911752588e+02
1.425102670302998420e-01 7.467995679233499118e+01
1.701254279852589257e-01 4.880389759424019758e+01
2.030917620904735821e-01 3.585281449792545772e+01
2.424462017082328336e-01 2.806216926455085670e+01
2.894266124716751709e-01 2.287209385646251647e+01
3.455107294592220102e-01 1.919293449121505191e+01
4.124626382901352417e-01 1.648219167867003421e+01
4.923882631706741342e-01 1.443542112808644085e+01
5.878016072274915294e-01 1.287156336970764059e+01
7.017038286703829453e-01 1.167817195859315405e+01
8.376776400682920398e-01 1.078369349494146689e+01
1.000000000000000000e+00 1.014256768334914582e+01
1.193776641714436870e+00 9.728346379288034029e+00
1.425102670302999197e+00 9.531953370191775576e+00
1.701254279852589146e+00 9.562791191227660192e+00
2.030917620904737042e+00 9.848125482283446530e+00
2.424462017082328114e+00 1.043607571523097022e+01
2.894266124716751598e+00 1.139622381623512481e+01
3.455107294592221656e+00 1.282718957536008375e+01
4.124626382901352528e+00 1.487399226498542859e+01
4.923882631706741897e+00 1.772898100544164279e+01
5.878016072274911963e+00 2.166199851566326373e+01
7.017038286703829897e+00 2.705639035582284890e+01
8.376776400682924617e+00 3.445038433757770235e+01
1.000000000000000000e+01 4.460844019182754039e+01
