3.162277660168379412e-01 3.479089390652342351e-01
3.665241237079627790e-01 2.337484627548576666e-01
4.248201698162611950e-01 1.655269439051916536e-01
4.923882631706739121e-01 1.259115491733854286e-01
5.707031326057167009e-01 9.609472543511486664e-02
6.614740641230149043e-01 7.765390585220252606e-02
7.666822074546214560e-01 6.629107940629773432e-02
8.886238162743402835e-01 5.826397817852220495e-02
1.029960365809989842e+00 5.457852452141515043e-02
1.193776641714436426e+00 5.058810475087680697e-02
1.383648068032459433e+00 9.159869219621104008e+00
1.603718743751330056e+00 4.875137061779370728e-02
1.858791891146563513e+00 4.995144915344189307e-02
2.154434690031883370e+00 5.177850291610448102e-02
2.497099786006540700e+00 5.507424965910433928e-02
2.894266124716750266e+00 5.969793108436199924e-02
3.354602185954043136e+00 6.611466321685605108e-02
3.888155180308087377e+00 7.479774862887265952e-02
4.506570337745473331e+00 8.646709977420487248e-02
5.223345074266840804e+00 1.020372956231383743e-01
6.054123584037268024e+00 1.216623848672202246e-01
7.017038286703826344e+00 1.452622179367825117e-01
8.133105582266926703e+00 1.731241050689831251e-01
9.426684551178849958e+00 2.052572789958060917e-01
1.092600861117377953e+01 2.414635088358849935e-01
1.266380173467402770e+01 2.814935205355645897e-01
1.467799267622068982e+01 3.252822525008302601e-01
1.701254279852588169e+01 3.731655242734088218e-01
1.971840556512641740e+01 4.259359998144114368e-01
2.285463864134989720e+01 4.849629207915356344e-01
2.648969287610526990e+01 5.520942440592279121e-01
3.070290629757848322e+01 6.296595386242863635e-01
3.558623573050965661e+01 7.204415359419833464e-01
4.124626382901347910e+01 8.276501595466089212e-01
4.780652533007380356e+01 9.548776623016946852e-01
5.541020330009492056e+01 1.105967858243874113e+00
6.422325422229356207e+01 1.284952656465141896e+00
7.443803013251681477e+01 1.495529013606114566e+00
8.627747685955866075e+01 1.740125975713632700e+00
1.000000000000000000e+02 2.017765131669726042e+00
