1.000000000000000021e-02 1.085035020242480925e+02
1.193776641714436315e-02 7.969820607558847314e+01
1.425102670302997795e-02 5.991105502115745196e+01
1.701254279852589327e-02 4.668962897238602494e+01
2.030917620904735751e-02 3.783172843842508826e+01
2.424462017082328405e-02 3.188406971794994504e+01
2.894266124716751709e-02 2.798334289746635051e+01
3.455107294592219686e-02 2.568524586048243918e+01
4.124626382901352278e-02 2.487927438009075942e+01
4.923882631706739260e-02 2.585967181691401606e+01
5.878016072274912240e-02 2.971630111463629831e+01
7.017038286703829175e-02 4.007478165591555097e+01
8.376776400682919843e-02 7.542039508073729337e+01
1.000000000000000056e-01 1.089617932474855309e+02
1.193776641714437009e-01 4.041226796578985159e+01
1.425102670302998420e-01 1.726083725486109799e+01
1.701254279852589257e-01 9.850640578742464015e+00
2.030917620904735821e-01 6.427960311262694404e+00
2.424462017082328336e-01 4.582967206225559309e+00
2.894266124716751709e-01 3.514578500489501156e+00
3.455107294592220102e-01 2.879315100947491768e+00
4.124626382901352417e-01 2.468367166451959971e+00
4.923882631706741342e-01 2.230311938528311444e+00
5.878016072274915294e-01 2.080885371721322041e+00
7.017038286703829453e-01 2.141587232540469010e+00
8.376776400682920398e-01 2.010893475653818374e+00
1.000000000000000000e+00 2.072453718968837677e+00
1.193776641714436870e+00 2.196041669821417130e+00
1.425102670302999197e+00 2.330186949534873708e+00
1.701254279852589146e+00 3.998339901145432584e+00
2.030917620904737042e+00 4.794577399863750422e+00
2.424462017082328114e+00 3.322787477364970155e+00
2.894266124716751598e+00 3.922007068320373158e+00
3.455107294592221656e+00 4.708091489002534935e+00
4.124626382901352528e+00 5.763518411033546229e+00
4.923882631706741897e+00 7.194507811413425991e+00
5.878016072274911963e+00 9.151752158861727438e+00
7.017038286703829897e+00 1.179129975979164691e+01
8.376776400682924617e+00 1.543295206353459115e+01
1.000000000000000000e+01 2.044819928011857613e+01
