1.000000000000000021e-02 4.873893699259421197e+01
1.193776641714436315e-02 3.451086080377427123e+01
1.425102670302997795e-02 2.577417436972670473e+01
1.701254279852589327e-02 2.040362429936964261e+01
2.030917620904735751e-02 1.718227606084424863e+01
2.424462017082328405e-02 1.544464332618223779e+01
2.894266124716751709e-02 1.484786335635797805e+01
3.455107294592219686e-02 1.525883219009257807e+01
4.124626382901352278e-02 1.672305782279272890e+01
4.923882631706739260e-02 1.954043048657646509e+01
5.878016072274912240e-02 2.461003654930567919e+01
7.017038286703829175e-02 3.488913540811645220e+01
8.376776400682919843e-02 5.241282520000364542e+01
1.000000000000000056e-01 4.996606730417104814e+01
1.193776641714437009e-01 5.300597163456856720e+00
1.425102670302998420e-01 2.381971082099958004e+00
1.701254279852589257e-01 1.470305958437972071e+00
2.030917620904735821e-01 1.049192271309476121e+00
2.424462017082328336e-01 8.122974026345568532e-01
2.894266124716751709e-01 6.797254416233516894e-01
3.455107294592220102e-01 5.858627903084391297e-01
4.124626382901352417e-01 5.543964529206809599e-01
4.923882631706741342e-01 5.112539689672452869e-01
5.878016072274915294e-01 5.098792777007825627e-01
7.017038286703829453e-01 5.212347741737337614e-01
8.376776400682920398e-01 5.729045791786543385e-01
1.000000000000000000e+00 6.106356699352253337e-01
1.193776641714436870e+00 6.956801599998683194e-01
1.425102670302999197e+00 8.129657556653095973e-01
1.701254279852589146e+00 9.703825044488781915e-01
2.030917620904737042e+00 1.184153963735808723e+00
2.424462017082328114e+00 1.465851946518990978e+00
2.894266124716751598e+00 1.834276366329848917e+00
3.455107294592221656e+00 2.307393890560868854e+00
4.124626382901352528e+00 2.915846567972466108e+00
4.923882631706741897e+00 3.694487294607365246e+00
5.878016072274911963e+00 4.695158813066679038e+00
7.017038286703829897e+00 5.991500298542494107e+00
8.376776400682924617e+00 7.678632205469893002e+00
1.000000000000000000e+01 9.896879668250857520e+00
