3.162277660168379134e-02 1.082627978811944391e+00
3.842513346254321227e-02 8.660608056473440008e-01
4.669074130371086984e-02 7.833713836356495097e-01
5.673435918225600005e-02 7.982519864628803141e-01
6.893845379073933188e-02 9.686287579885989318e-01
8.376776400682915680e-02 1.668535181471587858e+00
1.017869984146125700e-01 1.033784657987753874e+01
1.236823397292983878e-01 8.603036424627315881e+00
1.502875750260604659e-01 3.892250118605336429e+00
1.826158468270260848e-01 2.231723327268228196e+00
2.218982341458970720e-01 1.439694571052577698e+00
2.696306326783701746e-01 9.817241906362401682e-01
3.276307193627228664e-01 6.805460595501685583e-01
3.981071705534971472e-01 4.622405456501839649e-01
4.837437696757803662e-01 2.912038836576171241e-01
5.878016072274911963e-01 2.003617004904786114e+00
7.142432649639980369e-01 2.035481348429655668e+00
8.678837132695964574e-01 7.789669562656170720e-02
1.054573667973740303e+00 5.854024042021734736e-02
1.281422388944083446e+00 4.845647703122465261e-02
1.557068404753729984e+00 1.619860308862053566e+00
1.892008472772299665e+00 3.640946533039417926e-02
2.298997301668542992e+00 3.440443987147896732e-02
2.793533257985219453e+00 3.278446661844464094e-02
3.394448552769389948e+00 3.484717721012496605e-02
4.124626382901348087e+00 1.507300448847818997e+00
5.011872336272719330e+00 1.470526580448973553e+00
6.089973244419446985e+00 1.532721953742274934e+00
7.399983804321420777e+00 4.080767372395104065e-02
8.991789964660114265e+00 4.614532967692280829e-02
1.092600861117377953e+01 1.486234210925925669e+00
1.327629589221125350e+01 6.254082418928975928e-02
1.613215208683695323e+01 1.623374341999332948e+00
1.960232982646277122e+01 8.451088862849594208e-02
2.381897545702918961e+01 1.033299920347459239e-01
2.894266124716748934e+01 1.270486655813642951e-01
3.516850007169744430e+01 1.604146525130972778e-01
4.273357542109315688e+01 2.075072540297566159e-01
5.192596967591166646e+01 2.759455972109750577e-01
6.309573444801932851e+01 3.765639273686977040e-01
