3.162277660168379134e-02 1.367718008562835585e+01
3.665241237079627790e-02 1.127955392585502814e+01
4.248201698162612505e-02 9.996886730722907899e+00
4.923882631706739260e-02 9.266493472814044452e+00
5.707031326057167286e-02 9.588664218681627105e+00
6.614740641230149043e-02 1.081127430006028511e+01
7.666822074546214560e-02 1.427746479047515926e+01
8.886238162743402558e-02 2.776667363128554555e+01
1.029960365809989981e-01 1.403753439962652578e+02
1.193776641714436315e-01 1.256773439914862394e+02
1.383648068032459488e-01 1.003001671629636036e+02
1.603718743751330056e-01 6.196768549165251727e+01
1.858791891146563680e-01 4.328692019387010959e+01
2.154434690031883370e-01 3.261794030367392594e+01
2.497099786006540811e-01 2.589406295632809929e+01
2.894266124716750044e-01 2.134992693810573172e+01
3.354602185954043136e-01 1.810784273641331410e+01
3.888155180308087155e-01 1.569218106367434373e+01
4.506570337745472998e-01 1.382632242507153641e+01
5.223345074266840804e-01 1.234326970532447909e+01
6.054123584037268690e-01 1.113754535325609929e+01
7.017038286703826122e-01 1.013981377523578331e+01
8.133105582266927369e-01 9.302730781311494113e+00
9.426684551178848848e-01 8.593193077021956228e+00
1.092600861117377864e+00 7.989028507202365681e+00
1.266380173467402726e+00 7.477455431968702548e+00
1.467799267622069026e+00 7.054439797212944896e+00
1.701254279852588258e+00 6.723843094851837066e+00
1.971840556512642006e+00 6.494614070311746978e+00
2.285463864134989365e+00 6.380541969290982607e+00
2.648969287610527079e+00 6.398435474439502890e+00
3.070290629757848055e+00 6.567194711325176293e+00
3.558623573050965661e+00 6.909121554329679782e+00
4.124626382901348087e+00 7.451523982864117990e+00
4.780652533007380356e+00 8.229426408277157989e+00
5.541020330009492234e+00 9.289237613290131534e+00
6.422325422229356207e+00 1.069356182256940535e+01
7.443803013251680589e+00 1.252611840386509634e+01
8.627747685955865720e+00 1.490099349069153689e+01
1.000000000000000000e+01 1.797149018943355614e+01
