3.162277660168379134e-02 1.677942036917596136e+00
3.842513346254321227e-02 1.456681963570964244e+00
4.669074130371086984e-02 1.444191347559293126e+00
5.673435918225600005e-02 1.657908735076941253e+00
6.893845379073933188e-02 2.310524273156528086e+00
8.376776400682915680e-02 4.654322177835003238e+00
1.017869984146125700e-01 9.233662071689741069e+00
1.236823397292983878e-01 2.729611530681538056e+00
1.502875750260604659e-01 1.010644095887744287e+00
1.826158468270260848e-01 5.006149985354609866e-01
2.218982341458970720e-01 2.858757232638576284e-01
2.696306326783701746e-01 1.774039906127936883e-01
3.276307193627228664e-01 3.044329835596070399e+00
3.981071705534971472e-01 2.660958328872006007e+00
4.837437696757803662e-01 2.367323013541077881e+00
5.878016072274911963e-01 4.879551023922702041e-02
7.142432649639980369e-01 4.507131123871604278e-02
8.678837132695964574e-01 4.170896046553856235e-02
1.054573667973740303e+00 3.244434763798555860e-02
1.281422388944083446e+00 3.419432666158237627e-02
1.557068404753729984e+00 2.849001591210706050e-02
1.892008472772299665e+00 2.996536546917903665e-02
2.298997301668542992e+00 2.933020951186654512e-02
2.793533257985219453e+00 3.027784525219754178e-02
3.394448552769389948e+00 3.189939951146567726e-02
4.124626382901348087e+00 3.408240302632801338e-02
5.011872336272719330e+00 3.696679613289273469e-02
6.089973244419446985e+00 4.628596810348314938e-02
7.399983804321420777e+00 4.572885322116429507e-02
8.991789964660114265e+00 5.256777065613332800e-02
1.092600861117377953e+01 6.156457337637469274e-02
1.327629589221125350e+01 7.381087721568385662e-02
1.613215208683695323e+01 9.049884361204116323e-02
1.960232982646277122e+01 1.133657745640300613e-01
2.381897545702918961e+01 1.452096224766165899e-01
2.894266124716748934e+01 1.901851942565522258e-01
3.516850007169744430e+01 2.544933990175209382e-01
4.273357542109315688e+01 3.446689734149561701e-01
5.192596967591166646e+01 4.644263374856531512e-01
6.309573444801932851e+01 6.197922341825296000e-01
