3.162277660168379134e-02 1.882178217528121644e+00
3.842513346254321227e-02 1.672731114095480365e+00
4.669074130371086984e-02 1.666498609725764357e+00
5.673435918225600005e-02 1.881811738293951430e+00
6.893845379073933188e-02 2.519420386708356663e+00
8.376776400682915680e-02 4.804469857414110479e+00
1.017869984146125700e-01 8.978777069901196839e+00
1.236823397292983878e-01 2.819816637456519448e+00
1.502875750260604659e-01 1.121663293255186433e+00
1.826158468270260848e-01 5.991685177040103616e-01
2.218982341458970720e-01 3.669466519239084068e-01
2.696306326783701746e-01 2.426303144024772873e-01
3.276307193627228664e-01 3.352400146151025773e+00
3.981071705534971472e-01 2.934970909553975993e+00
4.837437696757803662e-01 2.572019944666775970e+00
5.878016072274911963e-01 8.384721568906683409e-02
7.142432649639980369e-01 7.566328346359574297e-02
8.678837132695964574e-01 7.135545564711942568e-02
1.054573667973740303e+00 6.959965099324259830e-02
1.281422388944083446e+00 6.982712210486834159e-02
1.557068404753729984e+00 7.207235959465209396e-02
1.892008472772299665e+00 7.600602745994891607e-02
2.298997301668542992e+00 8.154293130545796353e-02
2.793533257985219453e+00 8.906618110819881917e-02
3.394448552769389948e+00 9.906271045488709848e-02
4.124626382901348087e+00 1.122759022236541060e-01
5.011872336272719330e+00 1.297373063059104326e-01
6.089973244419446985e+00 1.526698991102205250e-01
7.399983804321420777e+00 1.823104854566365840e-01
8.991789964660114265e+00 2.196893189139113856e-01
1.092600861117377953e+01 2.654391127117288751e-01
1.327629589221125350e+01 3.199270820064749610e-01
1.613215208683695323e+01 3.836238638271856072e-01
1.960232982646277122e+01 4.577517403252825967e-01
2.381897545702918961e+01 5.449490166088157839e-01
2.894266124716748934e+01 6.498479562433333578e-01
3.516850007169744430e+01 7.795405829192886271e-01
4.273357542109315688e+01 9.438172474831354464e-01
5.192596967591166646e+01 1.154842312003155014e+00
6.309573444801932851e+01 1.426127041980277399e+00
