1.000000000000000021e-02 5.984397331170590917e+01
1.193776641714436315e-02 4.497703894995989060e+01
1.425102670302997795e-02 3.546324060216925034e+01
1.701254279852589327e-02 2.917384398682023772e+01
2.030917620904735751e-02 2.506350168920781485e+01
2.424462017082328405e-02 2.258679981216082666e+01
2.894266124716751709e-02 2.148155880652233662e+01
3.455107294592219686e-02 2.171551777801723659e+01
4.124626382901352278e-02 2.351098268730404328e+01
4.923882631706739260e-02 2.750724624189659195e+01
5.878016072274912240e-02 3.542888652174278263e+01
7.017038286703829175e-02 5.257570942185650154e+01
8.376776400682919843e-02 1.055579832519349992e+02
1.000000000000000056e-01 1.323524889308298214e+02
1.193776641714437009e-01 3.054343807254234733e+01
1.425102670302998420e-01 1.323652710029613466e+01
1.701254279852589257e-01 7.927635578480445311e+00
2.030917620904735821e-01 5.531993846733429976e+00
2.424462017082328336e-01 4.258660069217782507e+00
2.894266124716751709e-01 3.464122620610949443e+00
3.455107294592220102e-01 2.947730597871593083e+00
4.124626382901352417e-01 2.623935206986514057e+00
4.923882631706741342e-01 2.385389663867855781e+00
5.878016072274915294e-01 2.225065281996909228e+00
7.017038286703829453e-01 2.124067419899874132e+00
8.376776400682920398e-01 2.080344377869671746e+00
1.000000000000000000e+00 2.088210700997338964e+00
1.193776641714436870e+00 2.136184544178918898e+00
1.425102670302999197e+00 2.224198635005341096e+00
1.701254279852589146e+00 2.370699455816540624e+00
2.030917620904737042e+00 2.589728922879271256e+00
2.424462017082328114e+00 2.912162582332585181e+00
2.894266124716751598e+00 3.330482923735910816e+00
3.455107294592221656e+00 3.904839063300678426e+00
4.124626382901352528e+00 4.701064146300920399e+00
4.923882631706741897e+00 5.768674343846172725e+00
5.878016072274911963e+00 7.229283707012295501e+00
7.017038286703829897e+00 9.247056256298606058e+00
8.376776400682924617e+00 1.195047013285457105e+01
1.000000000000000000e+01 1.567628602997389820e+01
