1.000000000000000021e-02 1.440960742352504154e+00
1.266380173467403399e-02 9.483304357434513276e-01
1.603718743751330125e-02 6.996365826780625019e-01
2.030917620904735751e-02 5.580042613109724714e-01
2.571913809059344497e-02 4.717673956031608329e-01
3.257020655659782771e-02 4.248615477219808700e-01
4.124626382901352278e-02 4.086181704921320601e-01
5.223345074266843441e-02 4.334132708738731576e-01
6.614740641230149043e-02 5.448232550497470461e-01
8.376776400682915680e-02 1.040238028077681731e+00
1.060818355139448305e-01 5.773472094380546871e+00
1.343399332598900209e-01 4.204447643369690013e+00
1.701254279852589257e-01 2.257322053266702877e+00
2.154434690031883370e-01 1.502075272839385800e+00
2.728333376486767881e-01 1.059741557912663668e+00
3.455107294592218437e-01 7.462446246295635355e-01
4.375479375074184385e-01 5.147413861041270078e-01
5.541020330009491790e-01 3.490892248307281287e-01
7.017038286703826122e-01 2.414260438909455186e-01
8.886238162743402835e-01 1.784590505666102112e-01
1.125335582600764495e+00 1.441012310777407268e-01
1.425102670302997865e+00 1.267728182536871639e-01
1.804721766827170226e+00 1.197703816400491339e-01
2.285463864134990697e+00 1.191935748347504737e-01
2.894266124716751598e+00 1.226129711294516172e-01
3.665241237079626124e+00 1.287251454340271606e-01
4.641588833612777520e+00 1.373451381742816224e-01
5.878016072274911963e+00 1.492122889860097446e-01
7.443803013251688583e+00 1.656444717630931596e-01
9.426684551178853511e+00 1.882559529836905499e-01
1.193776641714435804e+01 2.188965673017413960e-01
1.511775070615661498e+01 2.597954558396129432e-01
1.914481976169957633e+01 3.138857367907574858e-01
2.424462017082328202e+01 3.852102433895242539e-01
3.070290629757849743e+01 4.795671592716311271e-01
3.888155180308085335e+01 6.049844824440633317e-01
4.923882631706736390e+01 7.721643533028191841e-01
6.235507341273912374e+01 9.946601337631894024e-01
7.896522868499724268e+01 1.288313900542865653e+00
1.000000000000000000e+02 1.666237155840970541e+00
