3.162277660168379134e-02 2.989336689183101825e+01
3.665241237079627790e-02 2.675278123789834694e+01
4.248201698162612505e-02 2.525748058729456957e+01
4.923882631706739260e-02 2.515699028518450220e+01
5.707031326057167286e-02 2.664738164361256523e+01
6.614740641230149043e-02 3.078820838698572260e+01
7.666822074546214560e-02 4.136830571587931615e+01
8.886238162743402558e-02 8.154346537663776928e+01
1.029960365809989981e-01 1.584508012718879115e+02
1.193776641714436315e-01 9.334213367798474792e+01
1.383648068032459488e-01 4.453057216647872707e+01
1.603718743751330056e-01 2.752364289864170033e+01
1.858791891146563680e-01 1.937325237909970710e+01
2.154434690031883370e-01 1.485716253590479674e+01
2.497099786006540811e-01 1.215117876213757420e+01
2.894266124716750044e-01 1.045783875492604231e+01
3.354602185954043136e-01 9.374010110153665920e+00
3.888155180308087155e-01 8.677442200505485204e+00
4.506570337745472998e-01 8.237770333228949582e+00
5.223345074266840804e-01 7.978651345132513839e+00
6.054123584037268690e-01 7.857044280605029130e+00
7.017038286703826122e-01 7.850262745668151076e+00
8.133105582266927369e-01 7.946872092717396363e+00
9.426684551178848848e-01 8.140383000158838200e+00
1.092600861117377864e+00 8.425737713728073786e+00
1.266380173467402726e+00 8.798539982106250434e+00
1.467799267622069026e+00 9.256265226190651063e+00
1.701254279852588258e+00 9.801188270526692392e+00
1.971840556512642006e+00 1.044033844331902472e+01
2.285463864134989365e+00 1.118936299365709530e+01
2.648969287610527079e+00 1.206954276342758270e+01
3.070290629757848055e+00 1.310911482253369975e+01
3.558623573050965661e+00 1.434436563575401458e+01
4.124626382901348087e+00 1.582286791292478689e+01
4.780652533007380356e+00 1.760800326111544578e+01
5.541020330009492234e+00 1.978473912071996210e+01
6.422325422229356207e+00 2.246568180249949620e+01
7.443803013251680589e+00 2.579839302438211490e+01
8.627747685955865720e+00 2.997888714087395812e+01
1.000000000000000000e+01 3.526134418553607475e+01
