3.162277660168379134e-02 3.566487931352269669e+01
3.665241237079627790e-02 3.506942422736545240e+01
4.248201698162612505e-02 3.785486763792953724e+01
4.923882631706739260e-02 4.444899391052199178e+01
5.707031326057167286e-02 5.584279083641462194e+01
6.614740641230149043e-02 7.284562762207353614e+01
7.666822074546214560e-02 1.048812948216077103e+02
8.886238162743402558e-02 1.726220293206812073e+02
1.029960365809989981e-01 1.494543334863501798e+02
1.193776641714436315e-01 3.299936428546767786e+01
1.383648068032459488e-01 1.544157113117991109e+01
1.603718743751330056e-01 9.413457921625024483e+00
1.858791891146563680e-01 6.521729751694316235e+00
2.154434690031883370e-01 4.883183730644221399e+00
2.497099786006540811e-01 3.867728990617991691e+00
2.894266124716750044e-01 3.168798756059264754e+00
3.354602185954043136e-01 2.689259894210873192e+00
3.888155180308087155e-01 2.365709887525337951e+00
4.506570337745472998e-01 2.138276518629044887e+00
5.223345074266840804e-01 1.950744877078552486e+00
6.054123584037268690e-01 1.865214385066304548e+00
7.017038286703826122e-01 1.807348246406323522e+00
8.133105582266927369e-01 1.774705338251107323e+00
9.426684551178848848e-01 1.795891850664164124e+00
1.092600861117377864e+00 1.827209779800621936e+00
1.266380173467402726e+00 1.909341499326400626e+00
1.467799267622069026e+00 6.856884921434477143e+00
1.701254279852588258e+00 2.181756399876378705e+00
1.971840556512642006e+00 2.382451210677927200e+00
2.285463864134989365e+00 2.632848548014599110e+00
2.648969287610527079e+00 2.949515958156566420e+00
3.070290629757848055e+00 3.347943506200286912e+00
3.558623573050965661e+00 3.848641420483065012e+00
4.124626382901348087e+00 4.479190692177914102e+00
4.780652533007380356e+00 5.267743114263566007e+00
5.541020330009492234e+00 6.257326836051190888e+00
6.422325422229356207e+00 7.502364230734611006e+00
7.443803013251680589e+00 9.074789163055017482e+00
8.627747685955865720e+00 1.107318151387878302e+01
1.000000000000000000e+01 1.362226964669678964e+01
