1.000000000000000021e-02 2.439415306839082476e+01
1.193776641714436315e-02 1.790775048665548397e+01
1.425102670302997795e-02 1.362308687837809451e+01
1.701254279852589327e-02 1.067914047186085647e+01
2.030917620904735751e-02 8.669897503277065098e+00
2.424462017082328405e-02 7.371704996432089985e+00
2.894266124716751709e-02 6.662259098478416242e+00
3.455107294592219686e-02 6.499299664344735383e+00
4.124626382901352278e-02 6.955876314671571414e+00
4.923882631706739260e-02 8.301873649483438200e+00
5.878016072274912240e-02 1.125445601373510307e+01
7.017038286703829175e-02 1.764319058200668522e+01
8.376776400682919843e-02 3.659516077477042018e+01
1.000000000000000056e-01 5.514836405359601912e+01
1.193776641714437009e-01 1.079842903687355538e+01
1.425102670302998420e-01 4.584111211647720729e+00
1.701254279852589257e-01 2.748627430054446208e+00
2.030917620904735821e-01 1.955734265584003539e+00
2.424462017082328336e-01 1.542458155512952844e+00
2.894266124716751709e-01 1.319256928637999149e+00
3.455107294592220102e-01 1.177078923997243232e+00
4.124626382901352417e-01 1.095418182677577290e+00
4.923882631706741342e-01 1.049800405991892616e+00
5.878016072274915294e-01 1.027771199597855789e+00
7.017038286703829453e-01 1.022289625795826717e+00
8.376776400682920398e-01 1.028828258982897870e+00
1.000000000000000000e+00 1.045136235464695584e+00
1.193776641714436870e+00 1.069433424763946539e+00
1.425102670302999197e+00 1.103344395171321990e+00
1.701254279852589146e+00 1.148645852489888153e+00
2.030917620904737042e+00 1.209075012833925156e+00
2.424462017082328114e+00 1.291215891896830614e+00
2.894266124716751598e+00 1.400016099810428960e+00
3.455107294592221656e+00 1.545047801974528623e+00
4.124626382901352528e+00 1.732387971418456241e+00
4.923882631706741897e+00 1.981910729422481809e+00
5.878016072274911963e+00 2.315402870356542131e+00
7.017038286703829897e+00 2.756772882868567809e+00
8.376776400682924617e+00 3.352238034812300427e+00
1.000000000000000000e+01 4.153644802497661992e+00
