3.162277660168379134e-02 2.877062896590340202e+01
3.665241237079627790e-02 2.602602116217617478e+01
4.248201698162612505e-02 2.514156912361403329e+01
4.923882631706739260e-02 2.598144979121577336e+01
5.707031326057167286e-02 2.892915032027759636e+01
6.614740641230149043e-02 3.551694591317404104e+01
7.666822074546214560e-02 5.112009376830453533e+01
8.886238162743402558e-02 1.084601634233107603e+02
1.029960365809989981e-01 1.360561482209569135e+02
1.193776641714436315e-01 5.847345790384012787e+01
1.383648068032459488e-01 2.622232548480923953e+01
1.603718743751330056e-01 1.542480209910880085e+01
1.858791891146563680e-01 1.044908725234894220e+01
2.154434690031883370e-01 7.770111588984148554e+00
2.497099786006540811e-01 6.180387876525657020e+00
2.894266124716750044e-01 5.166851417069585395e+00
3.354602185954043136e-01 4.485446388316303157e+00
3.888155180308087155e-01 4.010263416176708340e+00
4.506570337745472998e-01 3.673273018667427170e+00
5.223345074266840804e-01 3.437752149817555836e+00
6.054123584037268690e-01 3.281236698923391426e+00
7.017038286703826122e-01 3.188570078415267961e+00
8.133105582266927369e-01 3.150514563865624673e+00
9.426684551178848848e-01 3.158585600405463101e+00
1.092600861117377864e+00 3.207661214807111527e+00
1.266380173467402726e+00 3.290539654290116633e+00
1.467799267622069026e+00 3.406330025812430939e+00
1.701254279852588258e+00 3.554125491874124965e+00
1.971840556512642006e+00 3.737476028702732211e+00
2.285463864134989365e+00 3.961018487613944483e+00
2.648969287610527079e+00 4.235333325756075240e+00
3.070290629757848055e+00 4.570043095325964089e+00
3.558623573050965661e+00 4.985603255812505630e+00
4.124626382901348087e+00 5.502174297754491405e+00
4.780652533007380356e+00 6.147390079798869422e+00
5.541020330009492234e+00 6.957702923668006356e+00
6.422325422229356207e+00 7.978021381632493636e+00
7.443803013251680589e+00 9.269900192591308041e+00
8.627747685955865720e+00 1.091236799504858901e+01
1.000000000000000000e+01 1.300895570054317218e+01
