1.000000000000000021e-02 1.756553249187459143e+00
1.266380173467403399e-02 1.115592339001262756e+00
1.603718743751330125e-02 7.519147464422381022e-01
2.030917620904735751e-02 5.366086027465045705e-01
2.571913809059344497e-02 6.877516171362141328e+00
3.257020655659782771e-02 3.394177624923154224e-01
4.124626382901352278e-02 4.181855460545331304e+00
5.223345074266843441e-02 3.221480426712546863e-01
6.614740641230149043e-02 3.937630657915126009e-01
8.376776400682915680e-02 7.367982077563228760e-01
1.060818355139448305e-01 6.035650489988417355e+00
1.343399332598900209e-01 3.539531405645404583e+00
1.701254279852589257e-01 1.739324382239837874e+00
2.154434690031883370e-01 1.054107377394823297e+00
2.728333376486767881e-01 6.921616708494113812e-01
3.455107294592218437e-01 4.659153788438917254e-01
4.375479375074184385e-01 3.081456042181506261e-01
5.541020330009491790e-01 1.878927549381309292e-01
7.017038286703826122e-01 1.117264436793307530e-01
8.886238162743402835e-01 1.484648138164053943e+00
1.125335582600764495e+00 5.561079009130966838e-02
1.425102670302997865e+00 5.295670287544424620e-02
1.804721766827170226e+00 4.621677368590575846e-02
2.285463864134990697e+00 3.966607354431906513e-02
2.894266124716751598e+00 3.991354672341827087e-02
3.665241237079626124e+00 4.154872700760212784e-02
4.641588833612777520e+00 4.508929451965697222e-02
5.878016072274911963e+00 4.924782527572994784e-02
7.443803013251688583e+00 5.476064887805041220e-02
9.426684551178853511e+00 6.125218354845370083e-02
1.193776641714435804e+01 6.877884102003546662e-02
1.511775070615661498e+01 7.736880619790086067e-02
1.914481976169957633e+01 8.775809580303992052e-02
2.424462017082328202e+01 1.009531204422598888e-01
3.070290629757849743e+01 1.190416816360329449e-01
3.888155180308085335e+01 1.456044611470244388e-01
4.923882631706736390e+01 1.858472378280266457e-01
6.235507341273912374e+01 2.495028907229404069e-01
7.896522868499724268e+01 3.535834101292724130e-01
1.000000000000000000e+02 5.291168188302889375e-01
