1.000000000000000021e-02 2.049447789707016021e+00
1.266380173467403399e-02 1.271867875529525405e+00
1.603718743751330125e-02 8.842026219746393911e-01
2.030917620904735751e-02 6.794854910251502123e-01
2.571913809059344497e-02 5.708606570638626865e-01
3.257020655659782771e-02 5.237600186079662823e-01
4.124626382901352278e-02 5.245272273954675324e-01
5.223345074266843441e-02 5.791548112130813220e-01
6.614740641230149043e-02 7.359243324800679442e-01
8.376776400682915680e-02 1.363035136797843494e+00
1.060818355139448305e-01 6.021611451276929650e+00
1.343399332598900209e-01 2.488315752140373149e+00
1.701254279852589257e-01 1.335557379353753849e+00
2.154434690031883370e-01 9.018245894242449268e-01
2.728333376486767881e-01 6.718279090742411697e-01
3.455107294592218437e-01 5.251790042827158000e-01
4.375479375074184385e-01 4.235628901645177580e-01
5.541020330009491790e-01 3.503874351152564404e-01
7.017038286703826122e-01 2.929302569802532674e-01
8.886238162743402835e-01 2.447073720049542100e-01
1.125335582600764495e+00 2.050009702313985716e-01
1.425102670302997865e+00 1.740300458899428082e-01
1.804721766827170226e+00 1.515019397608501073e-01
2.285463864134990697e+00 1.368572627600988245e-01
2.894266124716751598e+00 1.294870358465233517e-01
3.665241237079626124e+00 1.289175382973025141e-01
4.641588833612777520e+00 1.349029711854080327e-01
5.878016072274911963e+00 1.474037100194820760e-01
7.443803013251688583e+00 1.665205102777893298e-01
9.426684551178853511e+00 1.925829823528194262e-01
1.193776641714435804e+01 2.264503624352329214e-01
1.511775070615661498e+01 2.699919766908055463e-01
1.914481976169957633e+01 3.262768780851300066e-01
2.424462017082328202e+01 3.996170729661168153e-01
3.070290629757849743e+01 4.958143765702153760e-01
3.888155180308085335e+01 6.229877596566776310e-01
4.923882631706736390e+01 7.927012614429583826e-01
6.235507341273912374e+01 1.020266183386107306e+00
7.896522868499724268e+01 1.321582302854914959e+00
1.000000000000000000e+02 1.702928149511131029e+00
