1.000000000000000021e-02 4.422129584166558658e+01
1.193776641714436315e-02 3.201361105977560584e+01
1.425102670302997795e-02 2.357690123596666254e+01
1.701254279852589327e-02 1.789492506669900607e+01
2.030917620904735751e-02 1.405685536797215462e+01
2.424462017082328405e-02 1.145630275966949974e+01
2.894266124716751709e-02 9.725542045713934769e+00
3.455107294592219686e-02 8.665134257787906691e+00
4.124626382901352278e-02 8.208184964371090686e+00
4.923882631706739260e-02 8.441991484649637556e+00
5.878016072274912240e-02 9.739257184802875500e+00
7.017038286703829175e-02 1.335522461328031341e+01
8.376776400682919843e-02 2.572107301311191563e+01
1.000000000000000056e-01 4.537072188593977984e+01
1.193776641714437009e-01 1.416324389128415895e+01
1.425102670302998420e-01 5.712802816488146362e+00
1.701254279852589257e-01 3.151608271401356465e+00
2.030917620904735821e-01 2.026621213744132621e+00
2.424462017082328336e-01 1.451688946949778236e+00
2.894266124716751709e-01 1.119987074474896316e+00
3.455107294592220102e-01 9.195100342939773741e-01
4.124626382901352417e-01 7.957873165952298322e-01
4.923882631706741342e-01 7.212114834725581458e-01
5.878016072274915294e-01 6.807367676086352182e-01
7.017038286703829453e-01 6.680307710246696784e-01
8.376776400682920398e-01 6.511472710346181136e-01
1.000000000000000000e+00 6.657122869488726336e-01
1.193776641714436870e+00 7.051482099197370346e-01
1.425102670302999197e+00 7.470254736916489557e-01
1.701254279852589146e+00 8.122374704243173760e-01
2.030917620904737042e+00 9.025424985505822173e-01
2.424462017082328114e+00 1.014012979103369627e+00
2.894266124716751598e+00 1.169945798706640172e+00
3.455107294592221656e+00 1.354884693307381482e+00
4.124626382901352528e+00 1.608514557578345050e+00
4.923882631706741897e+00 1.934960832497718330e+00
5.878016072274911963e+00 2.365316082922023888e+00
7.017038286703829897e+00 2.934767431647967495e+00
8.376776400682924617e+00 3.693122396006611297e+00
1.000000000000000000e+01 4.708138614093074992e+00
