1.000000000000000021e-02 1.332359645635005307e+00
1.266380173467403399e-02 8.597284778901237434e-01
1.603718743751330125e-02 6.116184721333894903e-01
2.030917620904735751e-02 4.701894278983103637e-01
2.571913809059344497e-02 3.877125811594299143e-01
3.257020655659782771e-02 3.465821693739895015e-01
4.124626382901352278e-02 3.227666840007287208e-01
5.223345074266843441e-02 3.427944574441567083e-01
6.614740641230149043e-02 4.321219368989637211e-01
8.376776400682915680e-02 8.304581702352580308e-01
1.060818355139448305e-01 5.413222916542350660e+00
1.343399332598900209e-01 3.141620171743793044e+00
1.701254279852589257e-01 1.596174848051710171e+00
2.154434690031883370e-01 1.032575008988874776e+00
2.728333376486767881e-01 7.371312442504013296e-01
3.455107294592218437e-01 5.456455912196840341e-01
4.375479375074184385e-01 4.099597655721218259e-01
5.541020330009491790e-01 3.102547931047547891e-01
7.017038286703826122e-01 2.379467980819991169e-01
8.886238162743402835e-01 1.888075603503837907e-01
1.125335582600764495e+00 1.584219797698971921e-01
1.425102670302997865e+00 1.418187093191163040e-01
1.804721766827170226e+00 1.346500079794286930e-01
2.285463864134990697e+00 1.335193611491436727e-01
2.894266124716751598e+00 1.359325623727579424e-01
3.665241237079626124e+00 1.405263908495441305e-01
4.641588833612777520e+00 1.472104378977488193e-01
5.878016072274911963e+00 1.568735106573753424e-01
7.443803013251688583e+00 1.709107652507088626e-01
9.426684551178853511e+00 1.909074482063718714e-01
1.193776641714435804e+01 2.186073178347313906e-01
1.511775070615661498e+01 2.560581182092929176e-01
1.914481976169957633e+01 3.059825243447841236e-01
2.424462017082328202e+01 3.721865090039600532e-01
3.070290629757849743e+01 4.600960345959443920e-01
3.888155180308085335e+01 5.772575422307630877e-01
4.923882631706736390e+01 7.336797343251699743e-01
6.235507341273912374e+01 9.420632458704779610e-01
7.896522868499724268e+01 1.217264063719178724e+00
1.000000000000000000e+02 1.571424921455238266e+00
