1.000000000000000021e-02 1.884342340103649871e+00
1.266380173467403399e-02 1.379952309600982696e+00
1.603718743751330125e-02 1.159896361544953347e+00
2.030917620904735751e-02 1.071898987059276553e+00
2.571913809059344497e-02 1.058090641925876207e+00
3.257020655659782771e-02 1.105530556540588849e+00
4.124626382901352278e-02 1.231275389146151422e+00
5.223345074266843441e-02 1.516390481819935188e+00
6.614740641230149043e-02 2.207932546347010749e+00
8.376776400682915680e-02 4.835975001049297006e+00
1.060818355139448305e-01 4.871281314686883412e+00
1.343399332598900209e-01 8.486026682373460917e-01
1.701254279852589257e-01 4.079949919767644761e-01
2.154434690031883370e-01 2.402989357489116740e-01
2.728333376486767881e-01 1.573259916210035247e-01
3.455107294592218437e-01 1.100751370514117533e-01
4.375479375074184385e-01 8.181466276021848172e-02
5.541020330009491790e-01 6.319536373833226084e-02
7.017038286703826122e-01 5.629389154457292710e-02
8.886238162743402835e-01 4.401049881366070338e-02
1.125335582600764495e+00 3.946179901112018690e-02
1.425102670302997865e+00 3.773465646607855606e-02
1.804721766827170226e+00 3.774237784531980083e-02
2.285463864134990697e+00 3.664930416483967723e-02
2.894266124716751598e+00 3.704976671249153586e-02
3.665241237079626124e+00 3.882750426267786437e-02
4.641588833612777520e+00 4.156404333348814178e-02
5.878016072274911963e+00 4.572543816913605258e-02
7.443803013251688583e+00 5.182131759915580699e-02
9.426684551178853511e+00 6.065581406359441680e-02
1.193776641714435804e+01 7.349763860044238040e-02
1.511775070615661498e+01 9.207032823868578630e-02
1.914481976169957633e+01 1.192012991484619477e-01
2.424462017082328202e+01 1.594554529219245620e-01
3.070290629757849743e+01 2.205662884293126957e-01
3.888155180308085335e+01 3.138092482020626850e-01
4.923882631706736390e+01 4.475636147167056378e-01
6.235507341273912374e+01 6.320752864971570517e-01
7.896522868499724268e+01 8.780191845062326195e-01
1.000000000000000000e+02 1.192719929608669016e+00
