1.000000000000000021e-02 8.211115212586900469e+00
1.266380173467403399e-02 5.282312200425280047e+00
1.603718743751330125e-02 3.730534614685386607e+00
2.030917620904735751e-02 2.889629481676035283e+00
2.571913809059344497e-02 2.439091154954503793e+00
3.257020655659782771e-02 2.228529274169407604e+00
4.124626382901352278e-02 2.195200175574160806e+00
5.223345074266843441e-02 2.349580741783670934e+00
6.614740641230149043e-02 2.875729610353378707e+00
8.376776400682915680e-02 5.143692518636829192e+00
1.060818355139448305e-01 5.699734715462604129e+00
1.343399332598900209e-01 1.320586494433086733e+00
1.701254279852589257e-01 8.031554807465356438e-01
2.154434690031883370e-01 5.599890392282667051e-01
2.728333376486767881e-01 3.863501346399864089e-01
3.455107294592218437e-01 2.536603596809617889e-01
4.375479375074184385e-01 2.537011841364328557e+00
5.541020330009491790e-01 2.345375217552302605e+00
7.017038286703826122e-01 7.257663032166201955e-02
8.886238162743402835e-01 5.321180614919181207e-02
1.125335582600764495e+00 4.155565709850819744e-02
1.425102670302997865e+00 3.475235776260447718e-02
1.804721766827170226e+00 3.473560491119859206e-02
2.285463864134990697e+00 2.646695836036740482e-02
2.894266124716751598e+00 2.450589241848302735e-02
3.665241237079626124e+00 2.461606354347136913e-02
4.641588833612777520e+00 2.426054866620019554e-02
5.878016072274911963e+00 2.605130890192978999e-02
7.443803013251688583e+00 3.640161288704826803e-02
9.426684551178853511e+00 5.846597359131115113e+00
1.193776641714435804e+01 1.572655546653117575e+00
1.511775070615661498e+01 1.570898548530398786e+00
1.914481976169957633e+01 1.557795210640727568e+00
2.424462017082328202e+01 1.656957273755727211e+00
3.070290629757849743e+01 9.503904565846488239e-02
3.888155180308085335e+01 7.514124221394172798e-01
4.923882631706736390e+01 1.752135743910217536e-01
6.235507341273912374e+01 2.466444747665142156e-01
7.896522868499724268e+01 3.508061809428545952e-01
1.000000000000000000e+02 4.774745731593461606e-01
