3.162277660168379412e-01 3.524197918358238923e-01
3.665241237079627790e-01 2.363831448876385077e-01
4.248201698162611950e-01 1.633316525600872759e-01
4.923882631706739121e-01 1.201208401684208116e-01
5.707031326057167009e-01 9.182506179869649732e-02
6.614740641230149043e-01 7.330377173169834448e-02
7.666822074546214560e-01 6.059980160626791956e-02
8.886238162743402835e-01 5.174047308082965757e-02
1.029960365809989842e+00 4.456319232843000688e-02
1.193776641714436426e+00 4.942211629096817521e-02
1.383648068032459433e+00 4.063227002206362681e-02
1.603718743751330056e+00 3.549463774744818223e-02
1.858791891146563513e+00 3.585064102128323466e-02
2.154434690031883370e+00 3.341337474205333113e-02
2.497099786006540700e+00 3.417744087354301213e-02
2.894266124716750266e+00 3.435011322928572391e-02
3.354602185954043136e+00 4.424233901742590652e-02
3.888155180308087377e+00 5.972009095553289626e+00
4.506570337745473331e+00 4.283914162867591413e-02
5.223345074266840804e+00 4.377439919172299021e-02
6.054123584037268024e+00 1.255316064273153343e+00
7.017038286703826344e+00 5.198009383782859621e-02
8.133105582266926703e+00 5.655755483952978890e-02
9.426684551178849958e+00 6.180574999293790561e-02
1.092600861117377953e+01 6.846317155522077536e-02
1.266380173467402770e+01 7.338557374408673228e-02
1.467799267622068982e+01 7.987315671923676808e-02
1.701254279852588169e+01 8.714783809308281060e-02
1.971840556512641740e+01 9.548431127060784396e-02
2.285463864134989720e+01 1.414167694604508085e+00
2.648969287610526990e+01 1.158589046362991787e-01
3.070290629757848322e+01 1.296279762310725558e-01
3.558623573050965661e+01 1.464891370988016694e+00
4.124626382901347910e+01 1.688891366923872539e-01
4.780652533007380356e+01 1.978582441077710585e-01
5.541020330009492056e+01 8.002305816355579360e-01
6.422325422229356207e+01 2.870846970122042374e-01
7.443803013251681477e+01 3.568473356925438433e-01
8.627747685955866075e+01 4.526660770838356607e-01
1.000000000000000000e+02 5.867051390777490161e-01
