3.162277660168379134e-02 2.779768702530082791e+01
3.665241237079627790e-02 2.457471231411175694e+01
4.248201698162612505e-02 2.315578273018949673e+01
4.923882631706739260e-02 2.320928402554795156e+01
5.707031326057167286e-02 2.501902324193030935e+01
6.614740641230149043e-02 2.967138183221035064e+01
7.666822074546214560e-02 4.120885003862741769e+01
8.886238162743402558e-02 8.440840183112436534e+01
1.029960365809989981e-01 1.436831086021618660e+02
1.193776641714436315e-01 8.090966912208936890e+01
1.383648068032459488e-01 3.718178483831295722e+01
1.603718743751330056e-01 2.202091823585884711e+01
1.858791891146563680e-01 1.474766924600413098e+01
2.154434690031883370e-01 1.066099507142419789e+01
2.497099786006540811e-01 8.144763867237994504e+00
2.894266124716750044e-01 6.492261205204690633e+00
3.354602185954043136e-01 5.353403009445943717e+00
3.888155180308087155e-01 4.541669875853441063e+00
4.506570337745472998e-01 3.950639332556619809e+00
5.223345074266840804e-01 3.520103299735066305e+00
6.054123584037268690e-01 3.209860922320530552e+00
7.017038286703826122e-01 2.994948475064831861e+00
8.133105582266927369e-01 2.860260865882694237e+00
9.426684551178848848e-01 2.789211884498289606e+00
1.092600861117377864e+00 2.775041396914105452e+00
1.266380173467402726e+00 2.813082538170926572e+00
1.467799267622069026e+00 2.897390821120943816e+00
1.701254279852588258e+00 3.027772364198615840e+00
1.971840556512642006e+00 3.206499115043544013e+00
2.285463864134989365e+00 3.438664365623576913e+00
2.648969287610527079e+00 3.733411593736957634e+00
3.070290629757848055e+00 4.100373635262256400e+00
3.558623573050965661e+00 4.553234762707810468e+00
4.124626382901348087e+00 5.114669510550721832e+00
4.780652533007380356e+00 5.810980088224205531e+00
5.541020330009492234e+00 6.677355471956793131e+00
6.422325422229356207e+00 7.760559914491918398e+00
7.443803013251680589e+00 9.122446280237687333e+00
8.627747685955865720e+00 1.084555258723752935e+01
1.000000000000000000e+01 1.303763144261442086e+01
