1.000000000000000021e-02 4.738692465271357790e+00
1.266380173467403399e-02 3.088901002535105800e+00
1.603718743751330125e-02 2.094156535332422298e+00
2.030917620904735751e-02 1.506093406490702336e+00
2.571913809059344497e-02 1.156663918503766597e+00
3.257020655659782771e-02 9.590390172324000373e-01
4.124626382901352278e-02 8.794588575251421902e-01
5.223345074266843441e-02 9.347310969462274688e-01
6.614740641230149043e-02 1.255736583988432242e+00
8.376776400682915680e-02 2.748990906032424686e+00
1.060818355139448305e-01 4.557896434367560978e+00
1.343399332598900209e-01 7.554044888626439969e-01
1.701254279852589257e-01 3.136194341655895168e-01
2.154434690031883370e-01 1.689968113727526866e-01
2.728333376486767881e-01 2.994337864862424592e+00
3.455107294592218437e-01 2.472411159788939106e+00
4.375479375074184385e-01 6.238220696791470232e-02
5.541020330009491790e-01 1.798740381517373477e+00
7.017038286703826122e-01 4.474009477132182694e-02
8.886238162743402835e-01 4.197676820807746262e-02
1.125335582600764495e+00 4.326872344547873922e-02
1.425102670302997865e+00 4.664279733221350643e-02
1.804721766827170226e+00 5.216861134573563125e-02
2.285463864134990697e+00 6.030469880824102652e-02
2.894266124716751598e+00 7.094623333365128459e-02
3.665241237079626124e+00 8.490799884595494340e-02
4.641588833612777520e+00 1.036803184676598766e-01
5.878016072274911963e+00 1.292410123252026311e-01
7.443803013251688583e+00 1.638058663677034732e-01
9.426684551178853511e+00 2.092578010713044279e-01
1.193776641714435804e+01 2.667083525104172459e-01
1.511775070615661498e+01 3.367649163297832815e-01
1.914481976169957633e+01 4.207759602397447840e-01
2.424462017082328202e+01 5.225398806525421991e-01
3.070290629757849743e+01 6.498581894799511094e-01
3.888155180308085335e+01 8.157193903812769431e-01
4.923882631706736390e+01 1.038490103989986091e+00
6.235507341273912374e+01 1.340493478160433183e+00
7.896522868499724268e+01 1.743079520386143999e+00
1.000000000000000000e+02 2.252065188211116897e+00
