3.162277660168379134e-02 2.562140064089081193e+01
3.665241237079627790e-02 2.275199043114640673e+01
4.248201698162612505e-02 2.177307396626259717e+01
4.923882631706739260e-02 2.255673022897745383e+01
5.707031326057167286e-02 2.551938455763370683e+01
6.614740641230149043e-02 3.224524057255964493e+01
7.666822074546214560e-02 4.824684732468724491e+01
8.886238162743402558e-02 1.070029469624464582e+02
1.029960365809989981e-01 1.399231641831196953e+02
1.193776641714436315e-01 5.739529854787826935e+01
1.383648068032459488e-01 2.436564520878086881e+01
1.603718743751330056e-01 1.348994175967312614e+01
1.858791891146563680e-01 8.546236950148976774e+00
2.154434690031883370e-01 5.912526921482855080e+00
2.497099786006540811e-01 4.361099194602704010e+00
2.894266124716750044e-01 3.387380258163542379e+00
3.354602185954043136e-01 2.733830475734564391e+00
3.888155180308087155e-01 2.293181786660240640e+00
4.506570337745472998e-01 2.001097802812743076e+00
5.223345074266840804e-01 1.798384677066376502e+00
6.054123584037268690e-01 1.651668084492655231e+00
7.017038286703826122e-01 1.612902023779001270e+00
8.133105582266927369e-01 1.461226406997211180e+00
9.426684551178848848e-01 1.509545317099074691e+00
1.092600861117377864e+00 5.286567483063520534e+00
1.266380173467402726e+00 5.026253216649090305e+00
1.467799267622069026e+00 1.510015989035845996e+00
1.701254279852588258e+00 1.599570815980375205e+00
1.971840556512642006e+00 1.651231873967304642e+00
2.285463864134989365e+00 6.249116242784907627e+00
2.648969287610527079e+00 1.918179293246522255e+00
3.070290629757848055e+00 2.103333893876495164e+00
3.558623573050965661e+00 2.320238815641237018e+00
4.124626382901348087e+00 8.135471318863620738e+00
4.780652533007380356e+00 7.717812002573376517e+00
5.541020330009492234e+00 3.344852940134604324e+00
6.422325422229356207e+00 3.846572672038734986e+00
7.443803013251680589e+00 4.647756368702781415e+00
8.627747685955865720e+00 5.305081442326740060e+00
1.000000000000000000e+01 6.339258209924160781e+00
