1.000000000000000021e-02 2.431687629390749894e+00
1.266380173467403399e-02 1.687647022343384817e+00
1.603718743751330125e-02 1.269973032027175597e+00
2.030917620904735751e-02 1.014056302028812917e+00
2.571913809059344497e-02 8.620034678117891591e-01
3.257020655659782771e-02 7.976264420943974809e-01
4.124626382901352278e-02 8.263315198456171462e-01
5.223345074266843441e-02 9.835212699661857183e-01
6.614740641230149043e-02 1.409790926659823196e+00
8.376776400682915680e-02 3.031837043964620282e+00
1.060818355139448305e-01 5.620092875672770383e+00
1.343399332598900209e-01 1.104523937682146295e+00
1.701254279852589257e-01 5.418208964338291356e-01
2.154434690031883370e-01 3.367808768559205634e-01
2.728333376486767881e-01 2.286040421051730165e-01
3.455107294592218437e-01 1.585786596117651770e-01
4.375479375074184385e-01 1.107249274422710539e-01
5.541020330009491790e-01 1.662239345104365551e+00
7.017038286703826122e-01 1.536114581105459731e+00
8.886238162743402835e-01 1.435476683970405620e+00
1.125335582600764495e+00 1.351389120092314711e+00
1.425102670302997865e+00 1.359142457898641965e+00
1.804721766827170226e+00 3.037121426452242881e-02
2.285463864134990697e+00 2.753783964610942436e-02
2.894266124716751598e+00 2.751686872120956071e-02
3.665241237079626124e+00 1.390454769281728176e+00
4.641588833612777520e+00 1.393919244181901718e+00
5.878016072274911963e+00 1.370836800426285196e+00
7.443803013251688583e+00 3.694229633400104157e-02
9.426684551178853511e+00 4.441522933256709244e-02
1.193776641714435804e+01 1.630926661763945740e+00
1.511775070615661498e+01 6.239091510279393127e-02
1.914481976169957633e+01 7.729227235572658228e-02
2.424462017082328202e+01 9.870797541737490188e-02
3.070290629757849743e+01 1.279618829468254504e-01
3.888155180308085335e+01 1.725348109442712830e-01
4.923882631706736390e+01 2.405996385089022582e-01
6.235507341273912374e+01 3.497107980610780209e-01
7.896522868499724268e+01 5.228104834394330380e-01
1.000000000000000000e+02 7.738223765153093847e-01
