1.000000000000000021e-02 5.167739605950393056e+00
1.266380173467403399e-02 3.438593268832714767e+00
1.603718743751330125e-02 2.405659589906666618e+00
2.030917620904735751e-02 1.801526585941478631e+00
2.571913809059344497e-02 1.446937583827641038e+00
3.257020655659782771e-02 1.251778487990633071e+00
4.124626382901352278e-02 1.184728936303468982e+00
5.223345074266843441e-02 1.272855461256596987e+00
6.614740641230149043e-02 1.686080495839635818e+00
8.376776400682915680e-02 3.582421782439979108e+00
1.060818355139448305e-01 4.918435202889875235e+00
1.343399332598900209e-01 9.875671185333150248e-01
1.701254279852589257e-01 4.266159631702338140e-01
2.154434690031883370e-01 2.305126917984486878e-01
2.728333376486767881e-01 1.400244078013254956e-01
3.455107294592218437e-01 1.004067538597585296e-01
4.375479375074184385e-01 6.930007127670735623e-02
5.541020330009491790e-01 5.977873633094628325e-02
7.017038286703826122e-01 5.189490903065551580e-02
8.886238162743402835e-01 5.011196265367588026e-02
1.125335582600764495e+00 5.145434124172825613e-02
1.425102670302997865e+00 5.497213170926021353e-02
1.804721766827170226e+00 6.109145476805995928e-02
2.285463864134990697e+00 7.011832021974498397e-02
2.894266124716751598e+00 8.181614788821488238e-02
3.665241237079626124e+00 9.720076347424573548e-02
4.641588833612777520e+00 1.178088663665485397e-01
5.878016072274911963e+00 1.456957813392367185e-01
7.443803013251688583e+00 1.831182437997540546e-01
9.426684551178853511e+00 2.319170786026318043e-01
1.193776641714435804e+01 2.931297812159414651e-01
1.511775070615661498e+01 3.673743068741278650e-01
1.914481976169957633e+01 4.562285500765364543e-01
2.424462017082328202e+01 5.639438836292784973e-01
3.070290629757849743e+01 6.990143571001168343e-01
3.888155180308085335e+01 8.753575934373434286e-01
4.923882631706736390e+01 1.112538363415900067e+00
6.235507341273912374e+01 1.434393062634448102e+00
7.896522868499724268e+01 1.863573446285173851e+00
1.000000000000000000e+02 2.406283317931510624e+00
