1.000000000000000021e-02 1.245465872278193409e+01
1.193776641714436315e-02 8.853165036405624022e+00
1.425102670302997795e-02 6.697069627256264646e+00
1.701254279852589327e-02 5.334420610518421313e+00
2.030917620904735751e-02 4.368394359872813659e+00
2.424462017082328405e-02 3.744016215252601310e+00
2.894266124716751709e-02 3.325197981738303721e+00
3.455107294592219686e-02 3.103011042622821236e+00
4.124626382901352278e-02 3.008122551162765390e+00
4.923882631706739260e-02 3.110161091362598995e+00
5.878016072274912240e-02 3.490525901191162905e+00
7.017038286703829175e-02 4.472406898823930277e+00
8.376776400682919843e-02 7.762365659892297209e+00
1.000000000000000056e-01 5.115443942376627007e+01
1.193776641714437009e-01 4.801451557390586089e+01
1.425102670302998420e-01 2.430369820252269975e+01
1.701254279852589257e-01 1.522658403545554506e+01
2.030917620904735821e-01 1.084305226600887018e+01
2.424462017082328336e-01 8.332055660855205659e+00
2.894266124716751709e-01 6.754729893762455362e+00
3.455107294592220102e-01 5.706824723049940928e+00
4.124626382901352417e-01 4.985447043690405700e+00
4.923882631706741342e-01 4.479843358105795481e+00
5.878016072274915294e-01 4.127888034616449708e+00
7.017038286703829453e-01 3.894914076701429195e+00
8.376776400682920398e-01 3.761832356272470701e+00
1.000000000000000000e+00 3.718042991383880835e+00
1.193776641714436870e+00 3.757536985624065462e+00
1.425102670302999197e+00 3.878256396084531321e+00
1.701254279852589146e+00 4.082902744018115371e+00
2.030917620904737042e+00 4.380182558239703816e+00
2.424462017082328114e+00 4.785285225864608805e+00
2.894266124716751598e+00 5.320011780041199678e+00
3.455107294592221656e+00 6.013320983904832495e+00
4.124626382901352528e+00 6.903711187338896771e+00
4.923882631706741897e+00 8.044529206106664887e+00
5.878016072274911963e+00 9.510611927968490420e+00
7.017038286703829897e+00 1.140803359585559384e+01
8.376776400682924617e+00 1.388697094263532428e+01
1.000000000000000000e+01 1.715717515926548131e+01
