1.000000000000000021e-02 1.193495478101018250e+02
1.193776641714436315e-02 8.573446311690528887e+01
1.425102670302997795e-02 6.529432140909636928e+01
1.701254279852589327e-02 5.287927142049800011e+01
2.030917620904735751e-02 4.554608366582353085e+01
2.424462017082328405e-02 4.167917887452121306e+01
2.894266124716751709e-02 4.044187495447379632e+01
3.455107294592219686e-02 4.151225646567331040e+01
4.124626382901352278e-02 4.502051324690678769e+01
4.923882631706739260e-02 5.178006364834968878e+01
5.878016072274912240e-02 6.420186984318389989e+01
7.017038286703829175e-02 9.009027018962031264e+01
8.376776400682919843e-02 1.263344619649929257e+02
1.000000000000000056e-01 1.199186428073282684e+02
1.193776641714437009e-01 1.630239921559684646e+01
1.425102670302998420e-01 7.542850310175836626e+00
1.701254279852589257e-01 4.745048615195311292e+00
2.030917620904735821e-01 3.443849951207527571e+00
2.424462017082328336e-01 2.873717732267582203e+00
2.894266124716751709e-01 2.367014159179454680e+00
3.455107294592220102e-01 2.105738077151423582e+00
4.124626382901352417e-01 2.049157161687928941e+00
4.923882631706741342e-01 1.965721941140692097e+00
5.878016072274915294e-01 2.099964327292298094e+00
7.017038286703829453e-01 2.232036728680210746e+00
8.376776400682920398e-01 2.510740586891104797e+00
1.000000000000000000e+00 2.947530514124307999e+00
1.193776641714436870e+00 3.618010157117540704e+00
1.425102670302999197e+00 4.614584815853928212e+00
1.701254279852589146e+00 6.044999333099583261e+00
2.030917620904737042e+00 8.040898634914650955e+00
2.424462017082328114e+00 1.072352202372493224e+01
2.894266124716751598e+00 1.405956286853779957e+01
3.455107294592221656e+00 1.813194765726855096e+01
4.124626382901352528e+00 2.325676604972784745e+01
4.923882631706741897e+00 2.987732584725192098e+01
5.878016072274911963e+00 3.860788888505410910e+01
7.017038286703829897e+00 5.030099635450202555e+01
8.376776400682924617e+00 6.614221880215997373e+01
1.000000000000000000e+01 8.778321412381492905e+01
