1.000000000000000021e-02 5.684507140889906829e+00
1.266380173467403399e-02 3.703292259758700133e+00
1.603718743751330125e-02 2.682938120335164989e+00
2.030917620904735751e-02 2.168863549518649236e+00
2.571913809059344497e-02 1.952365642316445937e+00
3.257020655659782771e-02 1.947694360092187216e+00
4.124626382901352278e-02 2.143834370691617419e+00
5.223345074266843441e-02 2.623155692437540765e+00
6.614740641230149043e-02 3.757680769778446894e+00
8.376776400682915680e-02 6.015399824312110511e+00
1.060818355139448305e-01 2.409373914520748450e+00
1.343399332598900209e-01 4.279378784601186037e-01
1.701254279852589257e-01 2.138025965262955186e-01
2.154434690031883370e-01 1.352394209986576834e-01
2.728333376486767881e-01 9.635821411662863489e-02
3.455107294592218437e-01 7.293532227918275712e-02
4.375479375074184385e-01 5.879926734493622076e-02
5.541020330009491790e-01 4.991935823534682931e-02
7.017038286703826122e-01 4.383482653755499392e-02
8.886238162743402835e-01 3.971049312161753497e-02
1.125335582600764495e+00 3.975775517709635720e-02
1.425102670302997865e+00 4.872504732456123477e+00
1.804721766827170226e+00 5.930361326686164891e-02
2.285463864134990697e+00 8.386580652552483306e-02
2.894266124716751598e+00 1.147463614063653353e-01
3.665241237079626124e+00 1.369708628004830675e-01
4.641588833612777520e+00 1.531811455629052410e-01
5.878016072274911963e+00 1.684506128534010438e-01
7.443803013251688583e+00 1.865587337819004654e-01
9.426684551178853511e+00 2.105060782120810603e-01
1.193776641714435804e+01 2.427275092079610730e-01
1.511775070615661498e+01 2.852831716185241784e-01
1.914481976169957633e+01 3.400901822421576459e-01
2.424462017082328202e+01 4.094661803487261720e-01
3.070290629757849743e+01 4.968547522871272215e-01
3.888155180308085335e+01 6.077202508641731393e-01
4.923882631706736390e+01 7.499524338752108221e-01
6.235507341273912374e+01 9.327296043367736544e-01
7.896522868499724268e+01 1.162758553151081564e+00
1.000000000000000000e+02 1.435978300232724658e+00
