1.000000000000000021e-02 2.849761947492832626e+00
1.266380173467403399e-02 1.969101987718018698e+00
1.603718743751330125e-02 1.475759852012877404e+00
2.030917620904735751e-02 1.193542548230842826e+00
2.571913809059344497e-02 1.051097388404103050e+00
3.257020655659782771e-02 1.022880497210591377e+00
4.124626382901352278e-02 1.119572360474953898e+00
5.223345074266843441e-02 1.408074041208042582e+00
6.614740641230149043e-02 2.148835592069521017e+00
8.376776400682915680e-02 5.015469659144745407e+00
1.060818355139448305e-01 4.635128300158919856e+00
1.343399332598900209e-01 7.547808017273031078e-01
1.701254279852589257e-01 5.432656196247994451e+00
2.154434690031883370e-01 4.272335858230098538e+00
2.728333376486767881e-01 1.345930529842039591e-01
3.455107294592218437e-01 9.464210563723358949e-02
4.375479375074184385e-01 6.812910506437348801e-02
5.541020330009491790e-01 5.466420592241661575e-02
7.017038286703826122e-01 4.209025695217228497e-02
8.886238162743402835e-01 3.672623495449645059e-02
1.125335582600764495e+00 3.379684553319123319e-02
1.425102670302997865e+00 3.373778087996434638e-02
1.804721766827170226e+00 3.489071618861335627e-02
2.285463864134990697e+00 3.828496120097959338e-02
2.894266124716751598e+00 4.436401847267435611e-02
3.665241237079626124e+00 5.427070647996492386e-02
4.641588833612777520e+00 7.014050775537165883e-02
5.878016072274911963e+00 9.556524491035325863e-02
7.443803013251688583e+00 1.325147947469194343e-01
9.426684551178853511e+00 1.802880628566241594e-01
1.193776641714435804e+01 2.384913295567134273e-01
1.511775070615661498e+01 3.062628371988592724e-01
1.914481976169957633e+01 3.844787845251882441e-01
2.424462017082328202e+01 4.771452616338373587e-01
3.070290629757849743e+01 5.915725747007091195e-01
3.888155180308085335e+01 7.380809393524324635e-01
4.923882631706736390e+01 9.296273477229171078e-01
6.235507341273912374e+01 1.181209678631824689e+00
7.896522868499724268e+01 1.507723391779626665e+00
1.000000000000000000e+02 1.916171623602146434e+00
