1.000000000000000021e-02 7.562984201734664680e+00
1.266380173467403399e-02 4.751729533038669295e+00
1.603718743751330125e-02 3.224222924203417495e+00
2.030917620904735751e-02 2.344742846185042140e+00
2.571913809059344497e-02 1.808332601236175119e+00
3.257020655659782771e-02 1.466706582550879601e+00
4.124626382901352278e-02 1.246590337692361272e+00
5.223345074266843441e-02 1.115143590474498625e+00
6.614740641230149043e-02 1.111915182235384547e+00
8.376776400682915680e-02 1.672051261904918151e+00
1.060818355139448305e-01 5.857235078350847779e+00
1.343399332598900209e-01 2.581285944995766801e+00
1.701254279852589257e-01 1.419894809176715622e+00
2.154434690031883370e-01 9.485371318160021881e-01
2.728333376486767881e-01 6.795203583820813575e-01
3.455107294592218437e-01 4.961646656376852982e-01
4.375479375074184385e-01 3.553142867482863565e-01
5.541020330009491790e-01 2.355604780250456776e-01
7.017038286703826122e-01 1.325643754486117154e-01
8.886238162743402835e-01 1.531259009555605344e+00
1.125335582600764495e+00 5.033804769878701124e-02
1.425102670302997865e+00 4.112522331131938935e-02
1.804721766827170226e+00 3.025787261207601650e-02
2.285463864134990697e+00 2.518177130639190006e-02
2.894266124716751598e+00 2.401691062485489941e-02
3.665241237079626124e+00 2.338579865557117651e-02
4.641588833612777520e+00 2.758162925476835906e-02
5.878016072274911963e+00 2.386843862424911297e-02
7.443803013251688583e+00 2.746484974784368926e-02
9.426684551178853511e+00 1.688298309427629817e+00
1.193776641714435804e+01 1.529325484307974659e+00
1.511775070615661498e+01 1.723129044353521655e+00
1.914481976169957633e+01 5.348650471823834102e-02
2.424462017082328202e+01 7.569395612954156471e-02
3.070290629757849743e+01 8.958385912781449689e-02
3.888155180308085335e+01 1.187414670817368290e-01
4.923882631706736390e+01 1.642043661889851514e-01
6.235507341273912374e+01 2.317101234360784690e-01
7.896522868499724268e+01 3.281394076444646424e-01
1.000000000000000000e+02 4.487732039407579809e-01
