3.162277660168379134e-02 2.405507361731273264e+01
3.665241237079627790e-02 2.201410653072881374e+01
4.248201698162612505e-02 2.202911656317601086e+01
4.923882631706739260e-02 2.414371107884354117e+01
5.707031326057167286e-02 2.893144381894980910e+01
6.614740641230149043e-02 3.843928497829875113e+01
7.666822074546214560e-02 5.900190968654185752e+01
8.886238162743402558e-02 1.295852043502700042e+02
1.029960365809989981e-01 1.424213008403612264e+02
1.193776641714436315e-01 5.635978706221670365e+01
1.383648068032459488e-01 2.640915136671476304e+01
1.603718743751330056e-01 1.646819439126761964e+01
1.858791891146563680e-01 1.192236560533921974e+01
2.154434690031883370e-01 9.510993686845230499e+00
2.497099786006540811e-01 8.132871661686317921e+00
2.894266124716750044e-01 7.321605673830924310e+00
3.354602185954043136e-01 6.827560901045228725e+00
3.888155180308087155e-01 6.522804849036769603e+00
4.506570337745472998e-01 6.346463151153185933e+00
5.223345074266840804e-01 6.261254709553305986e+00
6.054123584037268690e-01 6.241913316685862689e+00
7.017038286703826122e-01 6.269392637956448411e+00
8.133105582266927369e-01 6.327928805137665869e+00
9.426684551178848848e-01 6.404133973064219276e+00
1.092600861117377864e+00 6.487083491281246950e+00
1.266380173467402726e+00 6.569243692326862671e+00
1.467799267622069026e+00 6.647034778198594118e+00
1.701254279852588258e+00 6.721678244176207961e+00
1.971840556512642006e+00 6.797393401712020555e+00
2.285463864134989365e+00 6.882679117525468904e+00
2.648969287610527079e+00 6.988340708889395181e+00
3.070290629757848055e+00 7.128182802952947483e+00
3.558623573050965661e+00 7.319458958911886803e+00
4.124626382901348087e+00 7.583646471493191932e+00
4.780652533007380356e+00 7.947267982123990215e+00
5.541020330009492234e+00 8.460514082358125520e+00
6.422325422229356207e+00 9.181332648848679057e+00
7.443803013251680589e+00 1.016346660447065631e+01
8.627747685955865720e+00 1.147358646402948601e+01
1.000000000000000000e+01 1.319801544827475404e+01
