1.000000000000000021e-02 2.269023697002650053e+01
1.193776641714436315e-02 1.710225083676244040e+01
1.425102670302997795e-02 1.355182654329936831e+01
1.701254279852589327e-02 1.114594130769264346e+01
2.030917620904735751e-02 9.464281912031806243e+00
2.424462017082328405e-02 8.319992947337915723e+00
2.894266124716751709e-02 7.643026962279101610e+00
3.455107294592219686e-02 7.423823131566378741e+00
4.124626382901352278e-02 7.711678552985612889e+00
4.923882631706739260e-02 8.659867827313393107e+00
5.878016072274912240e-02 1.067687244220866027e+01
7.017038286703829175e-02 1.505521009361221729e+01
8.376776400682919843e-02 2.835047010193146022e+01
1.000000000000000056e-01 5.516502139219020506e+01
1.193776641714437009e-01 1.925529320184295656e+01
1.425102670302998420e-01 8.805210354813430840e+00
1.701254279852589257e-01 5.569405800287737129e+00
2.030917620904735821e-01 4.100241904148788308e+00
2.424462017082328336e-01 3.309808306575877879e+00
2.894266124716751709e-01 2.833905592011427554e+00
3.455107294592220102e-01 2.518398842175223251e+00
4.124626382901352417e-01 2.290247536201604373e+00
4.923882631706741342e-01 2.119438336494605668e+00
5.878016072274915294e-01 1.995963971492633604e+00
7.017038286703829453e-01 1.920221239585399253e+00
8.376776400682920398e-01 1.897810309735720624e+00
1.000000000000000000e+00 1.936249537547120925e+00
1.193776641714436870e+00 2.042825086659048939e+00
1.425102670302999197e+00 2.223524768001135410e+00
1.701254279852589146e+00 2.483308993500550788e+00
2.030917620904737042e+00 2.827853885689732394e+00
2.424462017082328114e+00 3.266468614990893471e+00
2.894266124716751598e+00 3.815007086042092599e+00
3.455107294592221656e+00 4.498148732205356382e+00
4.124626382901352528e+00 5.352654705865962370e+00
4.923882631706741897e+00 6.430381288351360247e+00
5.878016072274911963e+00 7.805113075603315131e+00
7.017038286703829897e+00 9.579027457285606673e+00
8.376776400682924617e+00 1.189700218839728052e+01
1.000000000000000000e+01 1.496022926081191606e+01
