3.162277660168379412e-01 3.495907478082698749e-01
3.665241237079627790e-01 2.409969576767711230e-01
4.248201698162611950e-01 1.628830511500613532e-01
4.923882631706739121e-01 1.198088937726919656e-01
5.707031326057167009e-01 9.299836132059921545e-02
6.614740641230149043e-01 7.334547469202665204e-02
7.666822074546214560e-01 6.447768339334132570e-02
8.886238162743402835e-01 5.048506431937974104e-02
1.029960365809989842e+00 4.418400293175511750e-02
1.193776641714436426e+00 3.861005615038132222e-02
1.383648068032459433e+00 3.638555926702554538e-02
1.603718743751330056e+00 3.344187334963995978e-02
1.858791891146563513e+00 3.100287876339619456e-02
2.154434690031883370e+00 2.949039737968912195e-02
2.497099786006540700e+00 2.870123498639813933e-02
2.894266124716750266e+00 2.895408279764867879e-02
3.354602185954043136e+00 3.538625324287110463e-02
3.888155180308087377e+00 3.081731499044539080e-02
4.506570337745473331e+00 3.079533461123998631e-02
5.223345074266840804e+00 5.746082291074719350e+00
6.054123584037268024e+00 3.445730082039238223e-02
7.017038286703826344e+00 3.749907776771543161e-02
8.133105582266926703e+00 4.094854293755467722e-02
9.426684551178849958e+00 1.260040503040153581e+00
1.092600861117377953e+01 1.328425422247502707e+00
1.266380173467402770e+01 5.681927170582944803e-02
1.467799267622068982e+01 6.436038088990853057e-02
1.701254279852588169e+01 1.500933525088271159e+00
1.971840556512641740e+01 8.654329420775593029e-02
2.285463864134989720e+01 1.561482472903958030e+00
2.648969287610526990e+01 1.219740046326330679e-01
3.070290629757848322e+01 1.391727481205485284e-01
3.558623573050965661e+01 1.453409583925374227e+00
4.124626382901347910e+01 1.430654289643935373e+00
4.780652533007380356e+01 2.521224368525912252e-01
5.541020330009492056e+01 3.171086590371238745e-01
6.422325422229356207e+01 4.042600387560867370e-01
7.443803013251681477e+01 5.207201142171541397e-01
8.627747685955866075e+01 6.724595904519452549e-01
1.000000000000000000e+02 8.573664853427669374e-01
