1.000000000000000021e-02 2.652333567856968610e+00
1.266380173467403399e-02 1.913709439415869129e+00
1.603718743751330125e-02 1.546295965797154448e+00
2.030917620904735751e-02 1.370134444554650166e+00
2.571913809059344497e-02 1.314898803361366442e+00
3.257020655659782771e-02 1.367485432833633441e+00
4.124626382901352278e-02 1.565884442285727651e+00
5.223345074266843441e-02 2.008287141010355992e+00
6.614740641230149043e-02 3.028304546887607085e+00
8.376776400682915680e-02 6.434609023758604884e+00
1.060818355139448305e-01 3.358646772068546227e+00
1.343399332598900209e-01 5.828119676066330079e-01
1.701254279852589257e-01 5.072887340637724840e+00
2.154434690031883370e-01 1.826938975017909361e-01
2.728333376486767881e-01 3.562599671660497958e+00
3.455107294592218437e-01 9.067959541006055668e-02
4.375479375074184385e-01 6.744084731371988162e-02
5.541020330009491790e-01 5.899005366929182398e-02
7.017038286703826122e-01 4.437445848077936628e-02
8.886238162743402835e-01 3.498566273004831417e-02
1.125335582600764495e+00 3.082071329391176603e-02
1.425102670302997865e+00 2.636619807303174773e-02
1.804721766827170226e+00 4.355743891384271649e+00
2.285463864134990697e+00 2.429349874801374834e-02
2.894266124716751598e+00 2.481904814336427512e-02
3.665241237079626124e+00 2.584411091333056396e-02
4.641588833612777520e+00 2.797283918884472045e-02
5.878016072274911963e+00 3.199958258751349482e-02
7.443803013251688583e+00 1.478135651486473190e+00
9.426684551178853511e+00 4.202314609042009930e-02
1.193776641714435804e+01 4.954724753190094255e-02
1.511775070615661498e+01 6.297389461143815259e-02
1.914481976169957633e+01 1.586290855897055430e+00
2.424462017082328202e+01 9.934722837414969310e-02
3.070290629757849743e+01 1.309999666441758470e-01
3.888155180308085335e+01 1.776049029517778322e-01
4.923882631706736390e+01 2.493498981154052552e-01
6.235507341273912374e+01 3.632956516108200584e-01
7.896522868499724268e+01 5.455863879956863727e-01
1.000000000000000000e+02 8.123815603310974298e-01
