3.162277660168379134e-02 1.461681288705503734e+00
3.842513346254321227e-02 1.236827792901195489e+00
4.669074130371086984e-02 1.171483255778680510e+00
5.673435918225600005e-02 1.242476825791562156e+00
6.893845379073933188e-02 1.536682282648219378e+00
8.376776400682915680e-02 2.654274689504647622e+00
1.017869984146125700e-01 9.784950580390733066e+00
1.236823397292983878e-01 5.986169985530615634e+00
1.502875750260604659e-01 2.607793867095839602e+00
1.826158468270260848e-01 1.491504598141661475e+00
2.218982341458970720e-01 9.517777947287866525e-01
2.696306326783701746e-01 6.336878606044177298e-01
3.276307193627228664e-01 4.194725974814567104e-01
3.981071705534971472e-01 2.684693368491258836e-01
4.837437696757803662e-01 2.237667872427520521e+00
5.878016072274911963e-01 1.174774093724806623e-01
7.142432649639980369e-01 2.035017175272891610e+00
8.678837132695964574e-01 6.452997413741916322e-02
1.054573667973740303e+00 1.774193711076060387e+00
1.281422388944083446e+00 1.702367717664963198e+00
1.557068404753729984e+00 3.851301875378619621e-02
1.892008472772299665e+00 1.561542835961149622e+00
2.298997301668542992e+00 3.561001984589805269e-02
2.793533257985219453e+00 1.489355842655143425e+00
3.394448552769389948e+00 3.779768130085595784e-02
4.124626382901348087e+00 4.012743940394780662e-02
5.011872336272719330e+00 1.473125844205633417e+00
6.089973244419446985e+00 4.772498957919436152e-02
7.399983804321420777e+00 1.408345121565487412e+00
8.991789964660114265e+00 5.875243312209704055e-02
1.092600861117377953e+01 6.552838562753261764e-02
1.327629589221125350e+01 7.267506156492226088e-02
1.613215208683695323e+01 8.088402550733851670e-02
1.960232982646277122e+01 9.047047034701785617e-02
2.381897545702918961e+01 1.023171396751280104e-01
2.894266124716748934e+01 1.172134767677575906e-01
3.516850007169744430e+01 1.371362318563781046e-01
4.273357542109315688e+01 1.649133349572157181e-01
5.192596967591166646e+01 2.050184333736375097e-01
6.309573444801932851e+01 2.633356795332384981e-01
