3.162277660168379412e-01 3.608176185665106228e-01
3.665241237079627790e-01 2.493986699152587749e-01
4.248201698162611950e-01 1.876958294464192434e-01
4.923882631706739121e-01 1.539714878959577704e-01
5.707031326057167009e-01 1.347137805142190337e-01
6.614740641230149043e-01 1.281947989047891590e-01
7.666822074546214560e-01 2.663359290468668483e+00
8.886238162743402835e-01 1.317726068056370714e-01
1.029960365809989842e+00 1.357290047492019924e-01
1.193776641714436426e+00 1.355339993200183613e-01
1.383648068032459433e+00 1.327966235856084254e-01
1.603718743751330056e+00 1.293107608957931309e-01
1.858791891146563513e+00 1.260492843505503779e-01
2.154434690031883370e+00 1.236124608278764136e-01
2.497099786006540700e+00 1.224122277699886407e-01
2.894266124716750266e+00 1.227604159103169168e-01
3.354602185954043136e+00 1.248877902762806635e-01
3.888155180308087377e+00 1.290083356561133321e-01
4.506570337745473331e+00 1.353073090598883865e-01
5.223345074266840804e+00 1.439515358660041211e-01
6.054123584037268024e+00 1.550946927415583210e-01
7.017038286703826344e+00 1.688825215101765198e-01
8.133105582266926703e+00 1.854732858638021842e-01
9.426684551178849958e+00 2.050772835962194063e-01
1.092600861117377953e+01 2.280103844101885324e-01
1.266380173467402770e+01 2.547373764475738267e-01
1.467799267622068982e+01 2.859297774694536387e-01
1.701254279852588169e+01 3.224517153812358483e-01
1.971840556512641740e+01 3.653742637203303834e-01
2.285463864134989720e+01 4.159999167386513874e-01
2.648969287610526990e+01 4.758267445428843723e-01
3.070290629757848322e+01 5.467640792997598975e-01
3.558623573050965661e+01 6.311448580107892337e-01
4.124626382901347910e+01 7.319210697850109248e-01
4.780652533007380356e+01 8.527401626175000748e-01
5.541020330009492056e+01 9.978918525619562274e-01
6.422325422229356207e+01 1.171949534188405639e+00
7.443803013251681477e+01 1.379269946791251034e+00
8.627747685955866075e+01 1.622270239906131728e+00
1.000000000000000000e+02 1.899308674609243797e+00
