3.162277660168379412e-01 3.483239211054525164e-01
3.665241237079627790e-01 2.348029132264465302e-01
4.248201698162611950e-01 1.660157991303684577e-01
4.923882631706739121e-01 1.288150730302753677e-01
5.707031326057167009e-01 9.435137380760640069e-02
6.614740641230149043e-01 7.559282981365682275e-02
7.666822074546214560e-01 7.020082111077324827e-02
8.886238162743402835e-01 5.666203565038421125e-02
1.029960365809989842e+00 5.309359421386908306e-02
1.193776641714436426e+00 5.264372670227250584e-02
1.383648068032459433e+00 5.473246562698967643e-02
1.603718743751330056e+00 6.091044268796265426e-02
1.858791891146563513e+00 7.064047000788900577e-02
2.154434690031883370e+00 8.447450738752715349e-02
2.497099786006540700e+00 1.015039026082357604e-01
2.894266124716750266e+00 1.190942643725052680e-01
3.354602185954043136e+00 1.328607137597152266e-01
3.888155180308087377e+00 1.438291821364437451e-01
4.506570337745473331e+00 1.534763739704184948e-01
5.223345074266840804e+00 1.629248035431688224e-01
6.054123584037268024e+00 1.730947536233888029e-01
7.017038286703826344e+00 1.847812549676639826e-01
8.133105582266926703e+00 1.986907330848560749e-01
9.426684551178849958e+00 2.154578166189964894e-01
1.092600861117377953e+01 2.356453544608637651e-01
1.266380173467402770e+01 2.597871994702289355e-01
1.467799267622068982e+01 2.883662682956613099e-01
1.701254279852588169e+01 3.218668333970379769e-01
1.971840556512641740e+01 3.608149539378915915e-01
2.285463864134989720e+01 4.058667540977833887e-01
2.648969287610526990e+01 4.578243217122222042e-01
3.070290629757848322e+01 5.178406631077635547e-01
3.558623573050965661e+01 5.874143497968546956e-01
4.124626382901347910e+01 6.684645045930784901e-01
4.780652533007380356e+01 7.632680570045409230e-01
5.541020330009492056e+01 8.742621731801564211e-01
6.422325422229356207e+01 1.003655509307947336e+00
7.443803013251681477e+01 1.152737668178064112e+00
8.627747685955866075e+01 1.321039028203037979e+00
1.000000000000000000e+02 1.504921529720468332e+00
