1.000000000000000021e-02 2.795393436368140971e+00
1.266380173467403399e-02 1.899830404835590070e+00
1.603718743751330125e-02 1.374311770523399590e+00
2.030917620904735751e-02 1.038436633789115549e+00
2.571913809059344497e-02 8.235374826340509102e-01
3.257020655659782771e-02 7.008235364763658604e-01
4.124626382901352278e-02 6.599268823879425039e-01
5.223345074266843441e-02 7.137683042823107504e-01
6.614740641230149043e-02 9.511350751043117224e-01
8.376776400682915680e-02 2.003092096385995724e+00
1.060818355139448305e-01 5.384035617628899040e+00
1.343399332598900209e-01 1.345506958457873603e+00
1.701254279852589257e-01 6.091612461431203940e-01
2.154434690031883370e-01 3.504933715598587129e-01
2.728333376486767881e-01 2.236421727292373374e-01
3.455107294592218437e-01 1.493951372133250355e-01
4.375479375074184385e-01 1.025531685726380482e-01
5.541020330009491790e-01 7.323113111771691053e-02
7.017038286703826122e-01 1.574459168201002068e+00
8.886238162743402835e-01 1.510571144656055020e+00
1.125335582600764495e+00 4.381306949772057618e-02
1.425102670302997865e+00 4.608211441301281880e-02
1.804721766827170226e+00 5.017502146658109341e-02
2.285463864134990697e+00 5.812508347761526084e-02
2.894266124716751598e+00 6.740611726466172460e-02
3.665241237079626124e+00 7.772091130695804595e-02
4.641588833612777520e+00 8.950654436024055305e-02
5.878016072274911963e+00 1.040662145741659966e-01
7.443803013251688583e+00 1.238446220626641808e-01
9.426684551178853511e+00 1.511596249454831842e-01
1.193776641714435804e+01 1.881230357359511829e-01
1.511775070615661498e+01 2.365024751086151067e-01
1.914481976169957633e+01 2.977217556097173090e-01
2.424462017082328202e+01 3.735873501712104749e-01
3.070290629757849743e+01 4.679227743729588163e-01
3.888155180308085335e+01 5.886149789082274486e-01
4.923882631706736390e+01 7.493168851973840416e-01
6.235507341273912374e+01 9.705575597870356175e-01
7.896522868499724268e+01 1.280527452736459848e+00
1.000000000000000000e+02 1.710309195063056453e+00
