1.000000000000000021e-02 5.225891892646726156e+00
1.266380173467403399e-02 3.333847569556165791e+00
1.603718743751330125e-02 2.347445815323674800e+00
2.030917620904735751e-02 1.840967872483435963e+00
2.571913809059344497e-02 1.620973642131632531e+00
3.257020655659782771e-02 1.608321454805319295e+00
4.124626382901352278e-02 1.791755914019033336e+00
5.223345074266843441e-02 2.239579664151706062e+00
6.614740641230149043e-02 3.266005411192737018e+00
8.376776400682915680e-02 5.615045609061861676e+00
1.060818355139448305e-01 1.817008354222640509e+00
1.343399332598900209e-01 3.097473714454906379e-01
1.701254279852589257e-01 1.515743593404385303e-01
2.154434690031883370e-01 9.620704461375795269e-02
2.728333376486767881e-01 6.677971213177982812e-02
3.455107294592218437e-01 5.690520961507040953e-02
4.375479375074184385e-01 1.748807236582265556e+00
5.541020330009491790e-01 3.490428303450913289e-02
7.017038286703826122e-01 3.045459090067396263e-02
8.886238162743402835e-01 2.961619570842887947e-02
1.125335582600764495e+00 3.036623326513394200e-02
1.425102670302997865e+00 1.276075563103205024e+00
1.804721766827170226e+00 4.263976943937785452e-02
2.285463864134990697e+00 6.016757093104996984e-02
2.894266124716751598e+00 8.606713670046910181e-02
3.665241237079626124e+00 1.106824080341739236e-01
4.641588833612777520e+00 1.296835890529083324e-01
5.878016072274911963e+00 1.472426349793380385e-01
7.443803013251688583e+00 1.667589258481009806e-01
9.426684551178853511e+00 1.911196676499339886e-01
1.193776641714435804e+01 2.227594691469413080e-01
1.511775070615661498e+01 2.637392865519164187e-01
1.914481976169957633e+01 3.159664423142442002e-01
2.424462017082328202e+01 3.816662246268207603e-01
3.070290629757849743e+01 4.641010087773428938e-01
3.888155180308085335e+01 5.684319522015635062e-01
4.923882631706736390e+01 7.020366861752965759e-01
6.235507341273912374e+01 8.736146386688152798e-01
7.896522868499724268e+01 1.089406036637000197e+00
1.000000000000000000e+02 1.345666791586115574e+00
