3.162277660168379134e-02 1.955758514798703551e+00
3.842513346254321227e-02 1.710048401422059161e+00
4.669074130371086984e-02 1.637961064743370887e+00
5.673435918225600005e-02 1.736658347952941606e+00
6.893845379073933188e-02 2.143912524181413648e+00
8.376776400682915680e-02 3.722374074187964954e+00
1.017869984146125700e-01 1.042876697161464072e+01
1.236823397292983878e-01 4.670177185361679584e+00
1.502875750260604659e-01 2.051230804693361609e+00
1.826158468270260848e-01 1.241452675219700597e+00
2.218982341458970720e-01 8.972523384522111956e-01
2.696306326783701746e-01 6.963128640176122763e-01
3.276307193627228664e-01 5.462579782213137225e-01
3.981071705534971472e-01 4.300999986483718951e-01
4.837437696757803662e-01 3.409282423318981126e-01
5.878016072274911963e-01 2.736147680317839725e-01
7.142432649639980369e-01 2.243703685335752540e-01
8.678837132695964574e-01 1.898938165487160101e-01
1.054573667973740303e+00 1.670415500759499516e-01
1.281422388944083446e+00 1.530084575739230346e-01
1.557068404753729984e+00 1.455033501514829131e-01
1.892008472772299665e+00 1.426541344191435690e-01
2.298997301668542992e+00 1.428938393002250895e-01
2.793533257985219453e+00 1.450223300974171070e-01
3.394448552769389948e+00 1.483902348455981290e-01
4.124626382901348087e+00 1.529667476290918204e-01
5.011872336272719330e+00 1.592266687116616064e-01
6.089973244419446985e+00 1.679395646431078304e-01
7.399983804321420777e+00 1.799991016790629395e-01
8.991789964660114265e+00 1.963424710271066131e-01
1.092600861117377953e+01 2.179597169888698172e-01
1.327629589221125350e+01 2.459693806364990909e-01
1.613215208683695323e+01 2.817534473405338136e-01
1.960232982646277122e+01 3.270735254155301419e-01
2.381897545702918961e+01 3.843099349896643147e-01
2.894266124716748934e+01 4.566459080773003776e-01
3.516850007169744430e+01 5.482842024614318355e-01
4.273357542109315688e+01 6.646018240572868496e-01
5.192596967591166646e+01 8.122488126451088419e-01
6.309573444801932851e+01 9.991366806644890186e-01
