1.000000000000000021e-02 1.639415768278854202e+01
1.193776641714436315e-02 1.158811229861371750e+01
1.425102670302997795e-02 8.502004986355411020e+00
1.701254279852589327e-02 6.401821451657199624e+00
2.030917620904735751e-02 4.993708518885581427e+00
2.424462017082328405e-02 4.045563223430014510e+00
2.894266124716751709e-02 3.448711886279486549e+00
3.455107294592219686e-02 3.082085974089007863e+00
4.124626382901352278e-02 2.902758266171224566e+00
4.923882631706739260e-02 2.925178753434244161e+00
5.878016072274912240e-02 3.217351123889622411e+00
7.017038286703829175e-02 4.043771590016259410e+00
8.376776400682919843e-02 6.885976257572358428e+00
1.000000000000000056e-01 5.700505738726269556e+01
1.193776641714437009e-01 5.382484991277249264e+01
1.425102670302998420e-01 2.733712788801765114e+01
1.701254279852589257e-01 1.688529206455585197e+01
2.030917620904735821e-01 1.180876172770959620e+01
2.424462017082328336e-01 8.879280359782752541e+00
2.894266124716751709e-01 7.025649305132311895e+00
3.455107294592220102e-01 5.793671680027968840e+00
4.124626382901352417e-01 4.959712644255922953e+00
4.923882631706741342e-01 4.402077418797857078e+00
5.878016072274915294e-01 4.049837911624368125e+00
7.017038286703829453e-01 3.859546761305235218e+00
8.376776400682920398e-01 3.803379024453066748e+00
1.000000000000000000e+00 3.862143188299579588e+00
1.193776641714436870e+00 4.021208720664595226e+00
1.425102670302999197e+00 4.268677571237697421e+00
1.701254279852589146e+00 4.596187639324889496e+00
2.030917620904737042e+00 5.001436920034397993e+00
2.424462017082328114e+00 5.490831414296214241e+00
2.894266124716751598e+00 6.080795923178101248e+00
3.455107294592221656e+00 6.798401175259993323e+00
4.124626382901352528e+00 7.682855194938228216e+00
4.923882631706741897e+00 8.789683390157396303e+00
5.878016072274911963e+00 1.019576011807194682e+01
7.017038286703829897e+00 1.200797813316209073e+01
8.376776400682924617e+00 1.437438544869470469e+01
1.000000000000000000e+01 1.749920585155189556e+01
