1.034421799062853475e-01
6.037191999974907131e-02
5.150821771774067859e-01
5.532218469569595953e+00
5.787285516536498642e-02
5.446706400697326478e-02
4.297123232561363970e+00
8.599359361279407254e-02
3.105784458100759315e-01
2.933407841960145590e-01
1.653824164634110749e+00
6.248330595880172034e+00
7.569940316297177341e-02
1.634645881454832306e-01
6.499041741953985429e+00
1.929503924066598708e-01
3.483824815606024305e+00
2.622002333184883849e+00
2.084763451036469872e-01
5.699381109822446945e+00
6.278002141857877305e+00
6.963052931078823171e+00
2.807508211224924444e-01
6.976165394235112061e+00
6.727697948498465030e-02
3.252511197791636999e+00
4.226862606103325426e+00
8.212729131176905284e+00
6.091277740442979649e+00
9.217971106235446632e-02
5.862516925706191123e-02
5.459298575132425668e+00
6.963617743391227854e+00
8.493805606222944171e-02
1.525156850991067570e+00
3.202086089556129611e+00
1.053719308644084085e-01
1.323692954080012141e-01
6.391843855271218011e+00
5.980364314432941697e+00
4.702827781753302766e-02
1.961851690333434428e+00
3.941515751123095268e-01
5.932537480642325001e+00
1.454148552818464168e-01
6.986995546008792246e+00
6.421176061227473753e+00
7.702976111044651519e-02
4.573812821179706667e+00
3.011564920661231159e+00
8.799389929717394310e+00
1.469880936409527772e-01
6.836320649730028620e+00
2.348205568184950742e+00
1.767497656561252961e-01
1.499556444171235292e-01
5.743818671583095004e+00
5.562964032950664439e+00
5.813348576238963616e+00
5.904503247019895262e+00
6.387849695158366536e+00
6.431181907309210466e+00
5.511876921019999820e+00
6.917735478947787620e+00
4.537732841043756737e-02
1.373639063645770986e-01
6.957454157147644480e-01
2.663436354963484298e+00
9.837687013706147843e-02
7.021603570988413701e+00
2.137288576556698239e+00
6.078580039178555161e+00
7.781775265711328160e+00
1.020485826153106068e-01
5.851368193911365090e+00
5.373827599092108720e+00
5.844571317843514358e+00
2.917469130611898276e-01
2.364467865091545440e-01
6.650310995434964845e+00
6.738205726883142788e+00
1.051694499597117249e-01
5.149080703988977159e-02
7.481009588423014334e-01
8.318761319505668439e+00
6.645408692744550372e+00
9.776462646941505241e+00
5.906071616926397816e+00
3.379282085547331338e+00
6.392391238760207095e+00
5.252418414048607570e-02
1.553404405169214464e-01
5.867852672355870602e+00
2.885224836794857972e-01
1.820530219649521886e+00
3.256610874987754256e-01
5.273704976017646651e+00
6.818641980648981082e+00
6.479580455341783785e-02
5.361092687636734994e-02
6.131513335044489033e+00
6.355166102251392779e+00
6.615704014907444197e+00
7.597961531618729891e-01
6.451378233815272978e+00
5.085005549812932735e+00
5.327016601897402559e+00
4.184957718311529962e-02
6.116072023400177748e+00
6.712738904912618487e+00
4.397751675060454168e+00
4.469549365443596933e-01
8.758542621435049247e-01
6.884827825876735363e-02
9.307573017325474041e+00
5.032507258398776884e+00
8.161902712410412652e-02
5.261976572889494719e+00
5.469624554408152761e+00
9.859798602263257550e+00
5.088751667345023932e+00
5.305539300337885900e-02
4.704866270618738966e+00
3.562198383119749567e-02
9.184335393632032662e+00
5.783388619127102004e+00
8.264157136520081437e+00
4.647048324567008143e-02
2.068740334416742321e+00
4.266554054586541578e-01
1.969778464034107890e-01
9.725569675274037706e+00
2.021395922733200123e-01
5.406856033487753344e+00
2.622344733184320265e-01
3.295422070613396759e+00
6.031328096286131313e+00
4.470346159250212281e+00
6.865105692880298704e+00
6.299474939517514471e+00
4.025490616812361921e-02
9.271102241582454440e+00
5.516620113923218938e+00
1.179007885524700761e-01
5.721187529062510713e+00
3.996427195592876291e+00
5.951856699950287322e+00
6.848273497151444289e+00
1.344293649192899454e-01
9.661730202161333825e-01
5.892949526635887780e-02
1.117090303038222043e-01
2.792057423432710572e-01
6.772285434415686867e-02
5.368210653204972260e+00
5.203655511513179732e+00
1.270765256115927944e+00
3.834873514133011696e+00
9.528044567467082615e+00
5.089792063165254454e+00
7.459577645885777375e-02
3.809694110172097692e-01
4.799350864827904850e+00
8.423144120284947078e+00
8.561376222065794295e+00
6.660757802128742355e+00
9.650954586734343532e-02
1.822456619148984658e-01
7.773356441668648031e+00
4.009728080338279099e+00
5.356758128951180531e+00
3.663687471591458023e-01
6.399341121576491709e+00
6.225895312138731263e+00
5.980164691255581033e+00
1.903878302085389773e+00
5.638855104445331889e+00
9.883307154897590152e+00
5.422872141842679516e-01
8.035605483964237905e+00
6.694856489836443103e+00
6.293994956366905313e+00
6.166484348219253064e+00
4.777528807771583980e-02
6.349091451720565438e+00
6.120814881540800556e+00
6.539333475043449084e+00
7.986153235505645931e+00
5.726066952305640889e+00
3.861577903439515680e+00
5.861300707189352061e-02
5.735804943226642472e+00
2.075503497428723976e-01
3.552934963016365910e-02
2.442415692623207124e-01
3.347112819994941812e-01
5.521745533943865247e+00
8.636586968602205650e-02
2.614218413987518641e+00
6.257900103794245439e+00
5.855870097718399947e+00
5.467062334975635984e+00
8.574850963470577458e-02
2.908038693557953192e+00
8.974465533709283349e+00
4.268223129954416550e-01
2.306992583130780261e-01
7.771676984482738249e+00
3.758982962172513487e-02
6.515037738313401050e+00
2.582816308346190248e-01
6.315355980358290822e+00
1.155378766731806062e+00
5.820668731378500382e+00
2.305445701006159087e-01
1.744981088922848977e-01
6.930042541257967592e+00
6.279419278477218924e+00
5.805811270359281906e+00
8.451781623715749758e-02
6.358704484032011273e+00
5.210154564427653234e+00
2.360255380473939846e-01
4.284346541174895856e-02
6.666721766396772608e+00
5.890331900245934449e+00
5.868897411014715182e+00
9.118487352478060748e-02
5.826524822474024035e+00
5.611388152565464082e+00
6.459290607164229314e+00
3.392701034963360396e+00
1.880026473965272227e-01
5.410722227508573567e+00
6.111198763205039519e+00
6.574963530284485103e+00
1.527640996155480435e-01
2.143171145191123117e-01
4.965550649620955465e-02
1.542739684218459306e+00
7.716199095209272052e+00
6.192322694548819229e+00
9.545438460754077092e-02
1.841795677244036367e-01
2.333491618405205414e-01
5.353276824155564495e-02
8.944884777062762915e-02
7.512972960377192200e-01
5.690960495438607936e+00
8.884839621225838258e+00
6.119085845754887454e-02
6.040708604370474966e+00
6.384983411848222268e+00
7.852273492541543554e-02
8.300391876118075274e+00
7.696672112172067703e-02
7.947003077345303979e+00
5.966348640108282808e+00
6.352665877590174759e+00
4.607872678595547278e+00
2.388280012985127154e+00
1.586691376069596870e+00
7.984776259660169906e+00
5.716612657980799206e+00
6.228768446549398874e+00
3.516193313153483796e-02
5.981377727614531459e+00
5.599241299607784050e+00
8.022081819015586257e-02
9.349686836750153773e+00
6.588728141826827311e+00
4.005208343408008353e+00
1.883615374996395531e+00
5.868903072860424786e+00
7.494152246310199494e+00
5.559980415424195854e+00
3.511418161105565261e+00
6.057173674519106044e+00
2.670823192667543200e+00
5.730976144359278379e+00
6.683006642494756733e+00
1.440612635740661451e+00
5.202055754897246587e+00
2.276600960149820219e-01
2.156037330396322338e-01
3.622448001381629368e+00
1.047285979323855643e-01
5.793280709069416723e+00
5.963894699260372079e+00
7.955743107884864607e+00
1.773203024730206634e+00
5.332422808657287128e+00
3.114655075515003979e+00
9.066459149382119165e+00
6.648738984310623046e+00
6.584510347839668043e+00
6.554995102268969198e+00
6.141004046701357133e+00
5.976845719984478222e+00
2.531173336159058707e+00
6.156652724585213399e+00
5.450872617455463143e+00
4.892755049534916467e-02
5.928039617264026617e+00
5.806314944534874734e+00
1.441437668634097280e+00
9.297704068426619617e-02
5.752888268238465663e+00
6.344497477994202050e+00
4.838730570649033003e-02
5.320632833070195744e+00
5.769340095549024383e+00
3.179482242558987704e+00
6.467517290260871299e-02
9.209771122169371438e+00
5.873021744206428529e+00
4.714533734421615108e-02
3.988977393327212267e-02
4.670261566138695919e+00
6.268351960649873433e+00
7.670638296881323370e+00
2.395189867312330634e+00
6.674619276144122537e+00
9.650767240553329573e-01
6.711325751498047332e+00
7.511624870063365655e+00
4.117966636219760446e+00
2.929492708756448405e+00
6.941722278877209718e+00
6.048095245738254633e+00
6.106411228857503204e+00
6.162198130460319057e+00
6.079025041018145892e+00
5.197480875061621930e+00
6.351607243669839420e+00
5.605505654260391601e+00
2.994327379053369764e-01
6.791650799466700583e+00
3.024442145456575082e-01
9.077499469400597931e+00
4.886543421277633747e+00
5.309001236652336253e+00
4.175915311955982756e-01
9.603961079351194030e+00
2.907053883426284013e+00
1.468995806079152200e-01
1.130777039187144339e+00
6.937525923597057109e-02
3.403400820148120065e+00
4.745517632787953910e-01
4.966197093190598960e-02
6.790682660552825600e-02
2.170139766827451633e-01
5.611670359593269986e+00
6.080123894913089799e+00
9.019380827589758454e+00
5.940713258786131767e+00
5.543795720018533046e+00
5.692414909116538801e+00
6.549078546600149764e+00
6.186129076325578069e+00
2.610806135553154217e+00
6.721812077429070720e-02
6.865085577778961223e+00
6.668853602723832930e-02
3.832815720413296906e-02
6.239617511375638442e-02
2.015023179438180934e-01
5.188160134992456207e+00
1.652251145331612214e+00
6.621617414426670400e+00
1.376862793656117856e-01
5.377281023096111667e+00
3.620617764333162736e-01
5.887822772028959761e+00
2.445046517122049512e-01
7.093437212770881573e+00
3.455720592919695466e+00
9.047620759230715848e+00
4.907887850943577490e+00
5.559055085116314743e+00
8.481189823479502010e+00
6.739669280003698582e+00
8.773750044853331764e-02
6.066058592934256311e+00
5.209797718080628748e+00
6.440572779891804878e+00
5.421226866446239079e+00
2.010741062729228368e+00
1.233367650891919465e-01
2.641462609826215613e-01
8.095045130694243640e-02
1.616049918533508878e+00
9.580266713820410729e+00
5.630664061018305411e+00
3.447885182710335172e+00
5.566975269263692461e+00
2.535651973104272372e+00
5.316072712347270190e+00
1.599596136589745143e-01
5.724724975719576170e-01
6.435353458043562291e+00
6.222940221435443675e+00
6.460386045844410119e-02
6.127260624974141479e+00
2.580943094528528103e+00
5.415688115701717820e+00
6.384149604810160028e+00
4.633383171024172853e+00
6.223212699472876253e+00
1.506237325327379195e-01
9.264222003298538510e+00
5.326824274303891826e+00
5.630351570021210783e+00
2.717247101777579221e+00
1.171610544489519734e-01
5.420741602771893319e+00
5.638948780732381039e+00
5.074616440344904333e+00
5.888165374947611913e-02
6.052491196094414327e+00
1.897865062959816773e-01
1.176190562915787191e-01
5.462602475729312346e+00
5.631013293466486047e+00
5.661662192755017919e+00
3.504905303204045586e-01
2.520394884643207600e+00
4.756376659018528130e+00
5.768945313491800952e+00
5.974943255236901507e+00
5.315002886672746563e+00
3.479970361844378912e-01
6.720461359773682197e+00
5.142312475553487694e+00
4.470798247472708375e+00
8.374280147866391744e+00
1.543970049989402960e-01
5.657020118522579355e-02
5.336058468871985455e-02
3.132748929884470179e-01
6.275625541794116025e+00
5.643880264177994377e+00
6.117458920993009031e+00
1.738179977837110701e-01
5.657315084609210842e+00
6.450278543416420263e+00
4.620866984287813395e+00
4.316626129089970121e+00
2.005906963768097351e-01
6.398660259351755808e-02
5.299700494697558106e+00
5.967850432414783413e+00
1.563621705710918963e+00
4.120414452503187164e+00
2.523120611214761944e-01
6.942869332690646544e+00
4.033137975616630788e-01
6.445523442029863936e+00
6.129092290311875857e+00
5.079887599394481867e+00
1.828220376505949929e+00
8.614287338598265009e+00
6.172876671177379704e-01
2.864240678227301107e-01
3.673734730480019639e+00
6.453734790303668589e+00
2.681591881660441157e+00
5.923997712216781508e+00
7.496662519438747341e-02
5.542111931241664458e+00
6.163764531940485902e+00
4.621141514949807849e+00
9.866300034959012422e+00
5.278915329982684923e-02
5.651448643415275974e+00
5.761461751201152559e+00
2.311989150349797129e+00
2.713905704599062663e+00
2.437594138139190791e-01
4.310261341627520393e-01
6.130698398722597808e+00
5.338474290027697577e+00
2.288681541168844646e-01
7.023716990514353498e+00
6.430547908906838472e+00
5.937616825356254679e+00
5.448481560076162467e+00
3.885340691175210442e-02
4.081701577851935880e+00
4.236002645191683930e-02
1.098015398870782894e-01
9.697434634332713355e-02
8.208218517091618593e-02
6.192344177425923135e+00
2.193036813490283343e-01
6.318458305215548521e+00
5.209115009093936877e+00
5.864133604080180362e+00
6.155016372725206963e+00
4.163412819403982668e-01
9.789855802950645725e+00
8.803965322496454249e-02
6.345444505945459390e+00
7.196893337238674526e+00
9.201683768345670700e+00
6.906999456810869908e+00
5.816540191630273249e+00
1.091144078109713478e+00
5.620860016168883533e+00
6.540823553329042639e+00
7.134981291983612250e-02
5.692155344866765887e+00
6.452612452731510295e+00
6.111624373319524572e+00
6.275524034391827044e+00
5.858902843856826692e+00
6.348134078286586934e+00
6.756379576522430597e+00
2.671476524949842446e+00
8.131481709244987144e+00
7.640929208284990004e+00
6.403935733826236820e+00
4.150822449500232381e+00
3.211826134243555231e+00
5.560898115008069270e-02
7.095238403462415799e-02
5.806353782368970151e+00
5.668484094024409004e+00
6.520652651235312014e+00
6.066704227430391727e-02
5.720310763633821516e+00
1.350695088804728383e-01
6.512017804421786238e+00
3.526935640036998887e-02
5.780234707747787581e+00
4.259267952179242478e+00
7.442532046901945364e+00
6.265723261788512133e+00
5.561955758631716762e+00
4.489776326428980835e-01
8.968710486018522943e+00
3.113814057533589308e-01
6.465030738827680423e+00
6.133678405908563391e+00
4.864950445906827348e+00
2.491319548111883719e+00
5.770932082286568843e+00
1.722996433589130350e+00
6.424990305995971485e-02
6.692130981892534081e+00
9.616652439660244411e+00
8.258699341399831917e-02
5.200308089792765820e+00
1.237694505445931098e-01
9.717126691699434771e-01
1.048096936561907777e-01
6.764875169977290881e+00
6.645338449515851564e-02
5.668511711055887581e+00
5.925765387085120572e+00
6.666707128333520416e+00
6.257365188440942028e+00
8.482139409498538285e+00
5.798849536599196774e+00
6.502863612096788926e-02
5.808345322631136565e-02
9.971134220971276108e+00
6.858867873409789873e+00
3.241269015922322083e+00
9.222299666787243944e-02
1.117126106338637070e+00
8.057047586825051566e-02
8.389894660424898731e+00
7.928710044313135086e+00
8.838066004913776030e-01
2.810124381947635142e-01
4.955708586679771877e+00
4.155928585101636291e-02
4.222274975529971108e+00
6.062035510743056577e+00
6.356652968963870443e+00
2.165281486430391256e-01
4.880883306683468703e+00
1.019136243775298212e-01
8.347995838036120775e-02
9.666519989442907246e+00
9.192352319824696139e+00
3.601357843348177573e-02
2.745585514396140514e-01
8.653940697241722546e+00
1.112761705991661826e-01
3.214847375529784834e+00
6.232584702197192961e+00
2.971039708401803203e+00
7.635220723234841245e+00
6.153040809701612268e+00
9.466537388454124624e+00
1.386365551224188586e+00
9.658365118719257625e-01
6.365854398775292466e+00
6.446803525558442161e+00
7.641724534344501940e+00
9.800738082383070315e-02
6.622276084456484746e+00
6.251916904505046446e+00
8.360006809468847777e+00
8.921703208626571069e+00
6.003760700770723879e+00
4.822846569849636111e+00
2.920289273616633263e+00
7.643320665445308748e+00
5.662008417762265822e+00
1.359525128811287509e-01
4.854163946220134029e+00
2.875802753660999578e+00
6.841698864785467293e+00
9.438859468615664383e+00
2.644656631451605122e-01
2.089522863876892345e+00
8.802612243632115807e-02
9.374784736043771716e+00
6.658794151346417500e+00
6.644014839345413037e+00
6.115173912300343739e-02
8.991768261129905682e+00
5.574179284159637149e+00
4.852847612147720646e+00
2.445325145033731551e-01
6.147271879178316745e+00
1.382630435032078109e-01
7.672719739306277376e-02
2.338651004465124306e+00
6.367686339419752706e+00
6.819473801904949894e+00
7.242961423405810950e-02
5.746537753193674547e+00
6.349173114529743644e-02
5.964352650231710129e+00
5.406753653670074655e+00
7.851569500284855119e-02
9.432230989090804874e-02
5.312605892776320893e+00
1.339243269485927756e+00
5.471556908788626217e+00
6.078257000049287762e-02
4.076541980236588536e+00
6.615735686060238763e+00
7.566288431212706556e+00
5.959783788244927827e+00
5.760174516977383696e+00
6.548592606886522560e+00
5.848270166734273801e+00
6.795365437933653219e+00
5.606374842152393734e-02
5.747086449882096382e+00
5.925465921089498877e+00
5.685366485946100390e+00
5.623028922244807326e+00
6.256084556498143989e+00
8.029368779710017279e+00
7.097184128970579486e+00
5.388767326882873410e-02
7.711651798104308675e+00
4.832687940362816015e+00
8.682560742068010096e-02
5.229328758859287163e+00
8.026859418013412295e+00
9.730289768559536867e+00
6.226807168740747578e+00
5.893829440725986579e+00
3.506554226188406814e-02
6.117190016823484733e+00
1.428536228054951840e+00
1.326085445338584412e+00
9.251526373215373411e+00
4.714568011426981897e+00
4.538475968849303044e+00
5.971170982673330130e+00
7.032978420025319366e+00
8.364144284121703521e+00
8.999533977775787008e+00
5.690601866306812973e+00
1.420357588856221709e-01
5.588684714604569947e+00
8.969261420183430644e+00
8.020586654420673867e+00
4.892886181095987830e+00
2.483480151654072543e+00
4.814595871720354081e-01
5.215625812177474785e+00
4.328662535895199781e+00
5.709713455411022487e+00
6.179821766450479537e+00
9.257810047502255557e+00
5.487451031822338621e+00
4.274390558989583228e-02
7.605650697541055827e+00
2.487430632864283953e-01
5.915172144961408307e+00
1.895705234469630129e-01
1.134487760366038045e-01
5.929241233226443697e+00
4.763978369952186043e+00
6.226148303987444343e+00
5.065159665314880044e+00
3.401127415182259472e+00
6.231060380524542808e+00
3.510869581868230505e+00
1.757730420900010637e+00
4.354278506243336899e+00
6.577697353265579139e+00
5.325705684409447471e+00
5.560497452778098371e+00
1.007261072235952765e-01
1.763164573616710085e-01
5.989559068436348110e-02
6.995046043093615218e+00
6.763155374759183935e+00
4.244539037693301209e-01
6.262498701984106297e+00
6.080841778694298760e+00
5.471092791300859126e+00
6.870954139071006050e-01
5.877919584134451370e+00
6.351442933147952274e+00
6.924639755266630559e+00
5.532826705571010528e+00
9.273932196671809791e+00
7.094780507275077142e+00
5.142235820476218855e+00
2.958698680262815461e+00
1.301095762401927924e+00
2.226996925026465957e-01
2.757570160465252940e+00
7.591413483508271942e-02
8.852566700168994274e+00
4.746954483500590349e+00
4.659176287885359535e+00
3.294690115314823364e-01
5.631854790597676796e+00
4.076808316338810023e+00
6.254377976748578760e+00
6.630006516248545978e+00
5.743843800292601998e+00
5.939474019604130461e+00
6.001251103759831729e+00
8.893914417764630542e+00
5.860415007792957098e+00
2.499893955681192104e+00
9.794100209982719463e+00
5.872350618414681200e+00
2.415617489219170078e-01
4.951055060996487761e-02
5.816449938211780690e+00
6.041195836065900160e+00
6.496838579496434285e+00
1.338749264430234120e+00
8.970254167463290074e+00
6.380906598649891848e+00
5.930343138698619398e+00
6.856604294420067802e+00
4.641806295524652626e+00
6.539062602851628547e+00
5.475649592293284407e+00
6.156863111059574400e+00
6.417977201536847254e+00
5.809479974599303986e+00
3.976889796897727092e-02
6.072215282821698423e+00
6.295014053792925779e+00
5.667161902831239217e+00
5.905559135259768055e+00
6.268863672729195535e+00
5.278009109892616735e+00
1.909262423372619644e-01
5.498665249508763786e+00
5.114235809081068007e-01
9.698215628523934595e-02
1.561730385580381575e-01
1.146723873388554166e-01
5.703410567303733636e+00
1.257828737535903463e-01
3.806153430221494854e-02
4.795237704090061115e+00
4.093067644778289882e+00
5.977295280375120257e+00
5.298715349790382056e+00
5.528757483010949159e+00
6.307186746810658384e+00
1.163801134690393146e-01
7.345857022687964033e+00
5.277343998416715642e+00
6.506505428598861940e+00
6.805774321464975962e+00
6.427488176847407253e+00
2.039858762752879140e-01
2.181697532714608201e+00
5.460722938241732827e+00
5.534800256873757124e-02
6.104015475874391861e+00
5.493675730005490032e-02
2.372513939854132836e+00
1.660567119250847323e+00
1.683767555945144823e-01
6.443640369781076238e+00
9.864489215744393746e+00
5.831580758123054764e+00
2.378905891056892763e+00
6.198434226703393612e+00
6.306012062291963538e+00
9.539305309319324522e+00
5.867626539667632812e+00
1.792950262173697018e-01
4.091188810632625739e+00
6.306079552018009515e+00
6.030578139259949039e-02
5.875230401504522249e+00
1.124062424233837204e-01
5.493570055618735459e+00
3.147342651195693897e+00
7.904109930750520541e-02
5.981756980482983571e-02
6.122770533508652413e+00
8.548373242761124480e-02
8.046502400896548224e+00
4.245646332972891734e+00
1.185632379704627121e-01
5.993744647836210859e+00
8.018555741873373277e-02
1.467786788920244501e-01
1.125150103531104701e-01
9.767683542795134954e+00
4.657282382061070258e+00
6.218422654617510759e+00
3.010098922057536708e+00
5.611003799194685948e-02
5.811756171267084881e+00
5.444251530497254521e+00
1.407733616076471128e-01
1.531285796236447894e+00
5.294360028493998449e+00
6.046710792817477476e+00
1.447509329444424953e-01
1.278896649676788122e-01
3.404926023164212001e-01
5.580014387276517773e+00
7.065674389466949812e+00
6.840263926990475696e+00
6.417186162094066226e+00
6.515332092596353597e+00
1.321103839636687871e+00
6.005408916750908155e+00
6.477649904294557004e+00
1.633341983975698242e-01
6.394984453403451674e+00
6.171118036416354258e+00
6.895740801333714032e+00
5.870504653317680344e+00
5.627873577924337845e+00
5.873497589097400606e+00
6.375031146236717738e+00
8.805583267128710645e+00
5.970848362667323883e+00
3.119492608192135918e+00
6.526009440236253845e+00
7.066745635123659885e-02
2.371021049938715208e+00
3.637299708614766480e+00
6.013976333649490691e+00
5.874828203450762842e+00
6.289718038317210214e-02
1.502319514134280998e-01
6.604739470291184134e+00
9.856682168308010528e-02
4.136058161858316429e-02
6.200659716485767525e+00
1.520600610150431020e+00
8.573790010039958331e-02
9.838365305331468136e+00
5.934995747462548543e+00
2.501585222726810387e-01
1.155218858329929571e-01
3.659833883103690955e+00
2.550674602365615051e+00
3.462592485943143839e+00
5.802756900682623176e+00
7.828539842782303637e+00
3.847095972612500914e-01
6.065454243269192247e+00
6.254330398341028996e+00
6.250039073985475646e+00
7.172579197189829614e+00
1.121179157915032532e+00
1.193244041579859666e-01
8.675037292805734879e+00
4.230164586885509781e-02
7.555999554842082411e+00
6.490799919068845902e+00
5.588733859160320172e+00
6.288588727336326123e+00
6.111697858687167084e+00
8.321131347200614314e+00
6.069911247757981521e+00
5.227148523315285900e+00
7.595251144222878281e+00
5.734909166354616034e-02
8.872302577310369642e+00
3.666180422024308688e-02
5.761046452087490444e+00
5.852018232509194284e+00
1.820146091687067369e-01
3.835406907348505534e+00
4.742229057637135980e+00
1.407838975574217999e+00
6.105287867117951961e-02
5.808986827533423991e+00
2.816604367206821724e+00
2.630690177748844949e+00
3.864101320106331006e+00
1.325079260422230787e+00
4.660122525600430277e-01
1.962851442666390667e-01
2.233465764562414246e-01
7.199820526611380722e-02
9.883904755485751537e+00
3.884973720464478530e-01
9.672322503613435540e-02
5.228663096103403518e+00
1.150750368836285509e-01
6.055613052662630835e+00
1.737344688207039578e+00
9.888915775167195221e-02
4.767102089611881865e+00
6.819772902119392022e-02
1.165200429104293195e-01
5.233123422749802245e+00
5.889167750069686846e+00
5.643375371537174418e-02
8.081028638148235466e-02
6.277022236975879466e+00
2.843820596578386706e+00
6.085530759403599887e+00
1.409397199763238184e-01
9.357937867228560691e+00
6.817367961110753605e+00
2.700759768254195059e-01
4.308503892228892518e+00
5.871244621996236646e+00
7.967831704410924254e-02
1.804874208901088295e+00
4.201927806973344559e+00
6.268487584051295691e+00
6.432498414624813421e+00
4.096106957926568093e+00
6.579243903444327579e-02
6.672503832356815323e+00
5.787744985183802093e+00
4.755546080378095924e-02
1.685136779007666841e-01
1.042265761198791635e-01
5.774095410993253630e+00
6.101722818428383793e-02
7.154118563467126712e+00
9.068782778650456677e+00
6.001253998940399015e+00
1.956021409046109771e-01
1.269065125176124242e-01
5.585378839436097032e+00
6.785316846649402045e+00
5.422865165115760888e+00
6.943729864874972790e+00
5.788710793868475868e+00
6.126678708132741846e+00
6.430093121582058480e+00
1.569375391004741438e-01
7.167541714137376507e-01
6.855739926958927200e+00
6.106523548517126088e+00
2.890338411974137101e-01
5.395887553912845469e+00
8.826217220413079545e+00
6.325581167202281030e+00
2.071321429702746575e-01
6.333459315394075695e+00
6.778137256938936872e+00
5.284528117601634989e+00
1.249123017119500439e-01
1.271440711402502255e-01
6.201706957001780651e+00
1.760872275329388170e-01
6.207165306510710856e+00
1.922363888354344241e-01
6.628524505279075107e+00
6.360799711278493085e+00
2.737281855748098458e+00
7.937570721871965773e+00
5.730193810180638891e+00
5.602478406587254156e+00
3.298283309692290111e+00
