7.078278626947339447e+00
7.953880028580306849e+00
4.976625451916509291e-01
6.530893567090868324e+00
8.455431290204359351e-01
5.386796717602503115e+00
7.646531455369515839e+00
6.191450003811620917e+00
2.729564263049673922e+00
8.030701407619632803e+00
7.962269197766505546e-02
1.397343829589005326e-01
3.180158024400749350e-01
1.416917295021528078e-01
5.835929179995103661e-02
5.706528027672203685e+00
1.053406988932930749e-01
3.279767107960722683e+00
6.951260501171262263e+00
6.717373023625240691e+00
3.819428497613463480e-01
9.473932909963455273e+00
6.211787556539324129e+00
6.109443845462872447e-02
2.529803265887034414e+00
7.863120820762731888e+00
1.264500935942480808e-01
6.289956298914734845e+00
7.085801502188123102e+00
1.037685350766590908e-01
4.531199049260496992e+00
9.441977840348410922e+00
7.148111685733170795e+00
5.570763857424464227e+00
2.242640872889617221e+00
9.309207117661051356e+00
6.229653620680375425e+00
5.635830916326439066e+00
6.543827592027760431e+00
6.285766862477599304e+00
5.400112729356809638e-02
4.536225920639569420e-02
9.893254363430052933e+00
2.249024717684621422e+00
1.443402053334283675e-01
9.404466415084410613e+00
5.322199572011900720e-02
4.964375080937540041e-02
5.369220779922291520e+00
7.196258843610735312e+00
2.635438373687990055e+00
9.617951256883735311e+00
5.583957705187979348e-02
5.972471784559472141e+00
3.762791464370172229e-02
2.896832651153863569e+00
5.395514658019767928e+00
1.944806079479081962e-01
7.481053755687574025e+00
1.103422531711823473e-01
6.031046313506519319e+00
6.817397077867539679e+00
6.050265274353332501e+00
9.572681567523394719e+00
3.695075375118015426e-01
7.115067215846256066e-02
1.758391698498163735e-01
5.766834735154845681e+00
5.721000651475334209e+00
5.711137246013683999e+00
1.721544756643363372e-01
2.783928564200432110e+00
1.550656962360718316e-01
4.903510061334733550e+00
8.662377018242050752e+00
5.236502674237861754e+00
3.863722483151384335e+00
5.018484838783934698e+00
5.969365359773838087e+00
2.590320698953046952e-01
5.336046451242963506e+00
5.358892327931020105e+00
7.183346347518097197e+00
2.616741335696805559e-01
7.564314917759435097e+00
6.145116328978689424e+00
6.280807953391687626e+00
5.833861946927159536e+00
3.312750530411934680e+00
7.842013282746637670e-02
5.519846618325485288e+00
3.226588379434133014e+00
5.393589802916791243e+00
9.971665332928200343e+00
9.519106093320446604e-02
5.165241741015313082e+00
1.258706747210791566e-01
4.016807285488724233e+00
6.495620773623079991e+00
9.656649079228776245e+00
3.035603937826543586e+00
8.448096696155509733e+00
4.369768512495456392e+00
4.996028838944926997e-02
4.352955820560837630e+00
6.005156089748471260e+00
7.843575444078297210e+00
1.476241499581242067e+00
5.962780214447169769e+00
4.437689628658497698e-02
4.030504498716880324e-02
5.854770798708137214e+00
5.979322911329513879e+00
5.772369160802537813e+00
1.521915426490238199e-01
5.571852093810673701e+00
4.976552799139687622e+00
6.420213705180742636e+00
6.857200757887158993e+00
1.337759476126875402e+00
1.501463839922519694e-01
3.524187005569982128e-02
6.413715414400125603e+00
6.639301326891638766e+00
8.858972429840217266e-02
5.915573914724811644e+00
4.676892861452407457e-01
1.637603600954350425e-01
1.452842082943499369e+00
6.169155046822351274e+00
1.996694419764668826e-01
5.182328883864473212e+00
2.697076069506214147e+00
6.147914812062269974e+00
6.185316828284229018e+00
3.595283919604361333e+00
1.096008117612695260e-01
3.015770313565116378e+00
1.253865272175175571e-01
1.270102279360951769e-01
6.319041484957324428e+00
5.819761553709709018e-02
4.829586244851151733e+00
9.574368859058406400e+00
5.514007196639048480e+00
3.895578194899914498e-02
9.219344336608937596e+00
6.296217770633266042e+00
6.170067880449478515e-02
8.194658090036019971e+00
5.651108070074588596e+00
2.586939688583290708e-01
6.416324108393900438e+00
1.341291585351007676e-01
3.186481026978114528e+00
8.887033913687324149e-02
5.428236890565031558e+00
6.513001701074566663e-02
5.439336639000155849e+00
3.005429199382676941e+00
7.569555555388106427e+00
6.043519205541291406e+00
6.546007336033824231e+00
5.345123929329639090e+00
8.586817586956273729e+00
6.651890812628574068e+00
1.142796879935689680e-01
8.133950116668680508e+00
5.504986719785196492e+00
3.114394661715178980e+00
8.139164894197513378e-02
8.931635910314380311e+00
5.262945252995883116e+00
9.849783807776858746e-02
5.917595383483161164e+00
4.728471520382159454e+00
8.861391767730161795e-02
6.329252877446152503e+00
6.118805310801846531e+00
4.852749129023723601e-02
8.696824086303683643e+00
1.517261557768578295e-01
5.824083201959069811e+00
1.558379876089498739e-01
5.020087344416889613e-02
3.888161351224312945e+00
2.204325816447455733e+00
1.972113111591223267e-01
5.780854482343998235e+00
7.984482729145855884e-02
6.313570686980459534e+00
3.915337797401726716e-01
4.725950577259319552e+00
6.045388400940272078e+00
8.050451309092800045e+00
6.181011379393778343e-02
8.751153109512753048e+00
9.266491170101613051e+00
9.981314601079407822e+00
1.919416275602094657e-01
4.129878559080826683e+00
1.964697312241706073e-01
6.474983554415538300e+00
2.240669570632050522e+00
5.798985834741199774e+00
6.857617698576200738e+00
9.669008889783157201e+00
2.913564018864592597e+00
5.392401444455555470e+00
3.522435241986942689e+00
4.805477271047911891e+00
6.365617030079247840e+00
6.715642510968192980e+00
3.679448169488647863e-02
1.538548412367952145e-01
6.373593982206797459e-02
1.163503097239058787e-01
1.371479492331193761e-01
6.212425155597694371e+00
6.799652952169985554e-01
9.973835971734807959e-01
4.739443686046865972e-02
6.467237769895084476e+00
5.308445122684442019e+00
6.809146623956038979e+00
9.693231146365143047e+00
8.526074887702254301e+00
4.311103812248840761e+00
5.854509178919898638e+00
5.974270562100294057e+00
6.892913449577604545e-01
5.749480141022413449e+00
2.234013590300087060e+00
1.265364057085833493e-01
5.612371783905486744e+00
1.642083782079498400e-01
4.062389021281600066e+00
4.221213238751674868e-01
1.004663943644608537e+00
6.598845948169247855e+00
4.219646024913614291e+00
6.154428442857467374e+00
7.221499597872140797e+00
1.235183185619501828e-01
5.366375175499387140e+00
1.387768596462159443e-01
6.773507405709414897e+00
2.999973551496214696e+00
6.502095596721364501e+00
5.883038718620540314e-02
6.882537039582121985e-02
6.316892996841254160e+00
5.081917872254027024e-02
1.574331904629838963e+00
8.808086302607323503e+00
6.250934159971953008e+00
6.348568503788562190e+00
4.107242562894393600e+00
6.823523023003703614e+00
4.040720589851866329e+00
1.195979906948173993e-01
6.632685728442844209e+00
4.570203085371780105e+00
4.068824833069976110e-01
9.823233358331181719e+00
2.683389987003211186e+00
5.888480611113784846e+00
2.409952901441982931e+00
5.228469284010182072e+00
6.360990021951631768e+00
9.856578197750348602e-02
6.092527228847687937e+00
6.496891452844418602e+00
6.577705023162830678e+00
5.860481507708019400e-02
3.095780286913851764e-01
5.456825297224858318e+00
7.370659669370309253e+00
4.495925029578043408e-02
5.715863538012979500e-02
5.746144806253086657e+00
6.389319161362637445e+00
1.710984500133230224e-01
6.913530178692256278e+00
6.968593606338184365e+00
9.484146965265003004e+00
6.016625745422707006e+00
5.807309720827063870e+00
5.217408388619698689e-02
4.893604308581026352e+00
5.820145729092906173e+00
6.365110663443425132e+00
9.922476485745550079e+00
4.858077970428563930e+00
1.442083943248802791e-01
4.862056849192896379e+00
6.654674312369093236e+00
6.060775966931822994e-02
5.825660460388879969e+00
1.428532028830656886e-01
1.237661306244102477e-01
7.300218209117462220e-02
6.320625361281159371e+00
8.273444725576270531e-02
6.734293561908347492e+00
5.039504240086079889e+00
1.278388356310856677e+00
5.891871782662900792e+00
8.419469827116289551e+00
5.953563756535626972e-01
4.104858840238715390e-01
6.796756110483548774e+00
5.987971259746802666e+00
2.100046221414714198e-01
3.919124977049019687e-02
6.318789807754742860e+00
5.851917820034659101e+00
1.335045285952971006e-01
7.691747172585928105e+00
9.128469713169222288e+00
7.269230081969775548e-02
2.622437079386475745e+00
2.702955184082904139e-01
1.918683013832505946e+00
4.713964185826985620e+00
4.742665909571575633e-01
2.370502382254578766e+00
5.935633747673182192e+00
7.114061897461867900e+00
5.473302805791556480e+00
5.536662248724209867e+00
8.706979707972706262e-02
4.382274083807562448e+00
2.054914410103544919e-01
6.417873819316343820e+00
6.478917867821939680e+00
7.631182113876498752e-02
5.479357798027534088e+00
2.322813273481007246e-01
5.297608795475931664e+00
5.316729554224881582e+00
9.307243440120407385e+00
5.738489074895702480e+00
5.625014003946546381e+00
9.439861717768529559e+00
5.369034982449178095e+00
7.134268038613686080e+00
9.943983417283550064e-02
1.050066405934927671e-01
6.436190823050428556e+00
4.103827457660946365e+00
5.622294022966296545e+00
4.599757587689983218e+00
5.866358399097231668e+00
5.322717349072658699e+00
7.160329018975332138e-01
3.532094136336785817e-02
5.245453253879229116e+00
4.979576174805120381e+00
6.712259482986096870e+00
5.157667736266756009e+00
6.331213785688844631e+00
2.497959910863531974e+00
1.028687485134106155e-01
2.334659642741011343e+00
2.525779193819277513e-01
8.640963427580283795e-02
3.720892276515760932e-02
6.644499179841075076e+00
6.134222124607041415e+00
6.180038415281647879e-01
9.603630722506625972e+00
3.801771510166986889e-01
1.012728849467819658e-01
1.107622065240051329e-01
1.121300909033349641e-01
2.116551301626316661e+00
6.176422693109188344e+00
5.215552955682189129e+00
5.851073329560268377e+00
3.733447706611352057e+00
5.684662241813844830e-01
3.593550818526163732e-02
2.570820781970257762e-01
5.983754929791706978e+00
5.155592459192932103e-02
4.635730576590094132e-01
3.607846002030959398e-01
6.625979955502246277e+00
5.167941776690978983e+00
6.167592899741474177e+00
5.526711343523745157e+00
5.497795030341933398e+00
6.435187723932282111e+00
5.630195689373450385e+00
7.065998738951896563e+00
6.273313997871569292e+00
9.356799482321381589e+00
1.204823242028635055e-01
6.350741849950966689e+00
2.889156775990696646e-01
1.971468366262267624e+00
1.858635564540766505e-01
7.416091680128034547e+00
1.090592400743359558e-01
5.813347292056582738e+00
4.138742091058173145e+00
9.735513848396522008e+00
6.826991613180973140e+00
6.723538200122440578e-02
6.430194861561417063e+00
7.500675044864440366e+00
1.446952522888307113e+00
7.133596058425337283e+00
1.896311104949789161e+00
6.542404248132548616e+00
2.305479126012007995e+00
9.438928440069226156e+00
6.211598747031572110e+00
1.248396456615634420e-01
2.979149381496357663e+00
4.373470622750235570e+00
6.615233320009598295e+00
6.202845296056547914e-02
5.807424477504473437e+00
1.767286081479124971e-01
1.212137944005858003e-01
5.574876823762703992e+00
8.880392943320009058e-02
9.794691580837547207e+00
4.628645467586546047e+00
6.300835283490618721e+00
9.354064255860512489e+00
6.330667301300398897e+00
4.977633260812956983e+00
4.573412615861952801e+00
5.341312537619973710e+00
5.412698341809228708e+00
3.970247637689864550e+00
1.195033370050550131e-01
1.612190483216761894e-01
1.206406274377290477e-01
6.043149720145147619e+00
4.595972017855057962e-02
1.810093628056606840e-01
2.820388218486969745e+00
6.476920137172658798e+00
6.658957517383750080e+00
6.276024550711304606e+00
4.190747560559962004e+00
6.181885086324059309e+00
5.207194212175293657e+00
8.241930067405492388e-02
8.274634886076869478e+00
2.233938429628038236e+00
1.458351774429049730e-01
6.609658129844824259e+00
5.805704638374272974e+00
6.499502556758464777e+00
6.628855774877815854e+00
1.854893708657282536e-01
3.805490610591641509e+00
6.830677837500088501e+00
6.301618763460906436e+00
6.182479095166137029e+00
6.256681899416799197e+00
6.186587767812453009e+00
5.419914883438767261e-02
6.825364580731841713e+00
1.683488692826209387e-01
3.536717908987914438e-02
8.508560985619093020e-02
3.882143556756248337e+00
4.242907312599996511e-02
8.910872571384188534e-01
6.430193988844252750e+00
6.907640075914943445e+00
6.186334577367333942e+00
5.334588396546025457e+00
8.159866427198872452e-02
6.838224550088555231e-01
4.786403318078050195e-02
7.398509326769738159e+00
5.243414317605641806e+00
2.250362079204525634e-01
1.169095649557289202e-01
1.166540865069768396e-01
1.926127682828439880e-01
6.340722468174723403e+00
5.797087955126166925e+00
4.836804076945991682e+00
1.330821214358281213e-01
4.513460375415925263e+00
1.865462016715596916e-01
7.077255574144596106e-02
7.141281272381821976e-02
5.340661099262404399e+00
6.676220355064032219e+00
6.303677001040354888e+00
7.323602918742781576e+00
2.306242963533747803e-01
9.108233318566856529e-02
6.998243047598954547e+00
1.445490948958975397e-01
4.392047989851194600e+00
6.199610358844650726e+00
9.431861294815304220e+00
9.145090406211878076e+00
2.831404627548411046e+00
2.040717920120970863e+00
5.634161118147423153e+00
5.239709946449978145e-02
5.801464027694736458e+00
4.497858357874868318e+00
1.387233637381367346e-01
8.410803203939679062e-02
3.420547704391813770e+00
8.880098425497788384e+00
5.443449169794950748e+00
5.475621568149761309e+00
8.085176621343066472e+00
1.991325922984367391e+00
6.018914884666957121e+00
1.194918300543903328e-01
6.320272227180337765e+00
1.248595841181933813e-01
3.082082293059128730e+00
7.724339738178040982e+00
1.417105563355068321e-01
6.677351248376843351e+00
2.657112076444118287e+00
6.818158216886741840e+00
9.303406838153843950e+00
1.247900823094005435e-01
8.662579720327322208e-02
1.115815657569974861e-01
6.360396985082403809e+00
5.380735021963220510e-02
7.274300329656272268e+00
7.022365091406807203e+00
6.619702990702380774e-02
5.318078010770141972e+00
3.784851534370525350e+00
1.104795063254197657e-01
6.396791348099573504e+00
9.998633144430179698e+00
1.216534895070522371e+00
1.542296975087369959e-01
1.856547335213021288e-01
6.699737925980745246e+00
6.196368310972991900e+00
4.238951860200989435e-02
5.287752747086466698e+00
1.499808346879629994e-01
5.598805844915951901e+00
5.639217470353808520e-02
2.341946342815180326e+00
4.010660054707400946e+00
6.422660507385423934e+00
1.072403817684640104e-01
8.337628990794236472e+00
1.919550809628608468e-01
6.292197607485097599e+00
7.526664556946921714e+00
7.986797866561648473e-02
9.933222443273928559e-02
5.879064992458041594e+00
8.129999121654014616e+00
5.652078239421332917e+00
2.211646460395590430e-01
5.136330516284732389e-02
1.360238034126383389e-01
9.320870825235676449e+00
1.265495479185952732e+00
9.212872798770561644e+00
1.056438825296024675e-01
4.395854762014236528e+00
9.392493457354260389e-02
9.955444094000445721e-02
5.534519841118950900e+00
8.689011725544974751e-02
2.826213612406009990e+00
5.144980563101676729e+00
6.693777503144612062e+00
1.008861674889304921e-01
7.442693590197733577e+00
6.138277764221523825e+00
1.698765533230437996e-01
5.811851056406421634e+00
5.163358300964911329e+00
7.766030061154094000e+00
1.614950322731258714e+00
4.404675807290598932e+00
7.062645156398948687e-02
5.199927198210493984e+00
5.720663118663471991e+00
6.366322053372447165e+00
7.055692299947292412e+00
5.092921731038111410e+00
2.169858916918251612e+00
5.292270712236893715e+00
5.917019586193269731e+00
6.359212819058697619e+00
5.608721705954693881e+00
5.687573883520949281e+00
5.344180797612606781e+00
5.378066899151459523e+00
5.567508864892443121e+00
6.147012387424374502e+00
8.943127045886459570e+00
2.073494489696767751e+00
9.569637864680886896e-02
2.934492870847789980e+00
8.067085039301128191e+00
3.462562378110508599e-01
6.186146752743272970e+00
6.375396451317540958e+00
2.881346136581524942e+00
5.977988014819916707e+00
6.026911929982092353e+00
3.445719151308913042e-01
5.754722499285768400e+00
1.330530648842181973e-01
8.836462463859522387e+00
2.514911990202411407e-01
7.087112654382685673e-01
6.366830676800248945e+00
6.715714344248898016e+00
9.993606800022995174e+00
4.086072254568123618e+00
7.441412932834271521e-01
5.760941580649546090e+00
7.592175406545910832e+00
5.471959883849867978e+00
1.505707913850417301e-01
7.569207776730102033e+00
6.378747297173703146e+00
1.107320823409607025e+00
6.562334513187503049e+00
5.208632174439101203e-02
4.667074990431949288e+00
5.521625463475251294e+00
5.458215564076717818e+00
5.668485415159188356e+00
5.983147020021486462e+00
6.158789216403318001e+00
7.410496681805637031e+00
6.419574115086427391e+00
7.126821383774739616e+00
6.979933111255438583e+00
5.611136027027654904e+00
6.104602786263155778e+00
1.279662780288306489e-01
2.062413352344119488e+00
4.352203731863668601e+00
6.681303328288938914e+00
5.857400987811365312e+00
8.433694818579273722e-02
5.536610502617778984e+00
5.235698933519647547e+00
1.854776734306747554e-01
9.775301172923755999e+00
6.237936216891995400e+00
6.100278641428143800e+00
4.629153908730516132e-01
4.223531736794258751e-02
2.029757210608599483e+00
3.776373947240416196e-02
7.848910828999840383e+00
5.357875643516014641e+00
5.176520822816413236e+00
5.644288502350608638e+00
5.883139476897843168e-02
5.949636310126296124e+00
6.798330952172457198e-02
6.031720300546384195e+00
5.478343913258293618e+00
7.588941857660829626e+00
5.714325762213258386e+00
5.238325018876947153e-02
6.178067034891177478e+00
9.392560721739208418e+00
2.454568844193898147e-01
6.287957357001211278e+00
9.338976726801043737e-01
6.191807854544832956e+00
3.163066226661738756e-01
7.587555452802499545e+00
3.089166402199849948e-01
6.685759713867331477e+00
4.834523509268438823e-02
4.725296309472478917e+00
5.151026072395780808e+00
4.112539316756241625e+00
5.747887179991675310e+00
3.623406841991416716e+00
8.535307170703118618e-02
2.165073691409626466e+00
1.160140987423346898e-01
1.692169248580046581e-01
4.381457729457050032e-01
1.927374345862564065e+00
6.668565993409330872e+00
4.172295080871836481e-02
4.038512340666708389e-02
6.380045123902506887e+00
5.888104191612744565e+00
2.395913149475138171e-01
4.333446345434163405e+00
6.368209979590830017e+00
7.000381897339289061e+00
6.296260223802538469e+00
5.736227305489999928e+00
1.208084968510652613e-01
6.006584549199033063e+00
6.103628918065758135e+00
6.220675646063453357e+00
7.914135842229189421e+00
6.738624007802470395e+00
1.127597463328056382e-01
7.414351868970031623e-02
9.832120145176125037e-02
6.322935367953523844e+00
5.989706396127283838e+00
5.443617704929470946e-02
5.838064784164887833e+00
6.255575051112060692e+00
4.308260645078754864e-02
7.523003327412347119e+00
7.675235231164096561e+00
7.193232067910078520e+00
1.885404493345779198e+00
6.274712865080681823e+00
6.562975122447480381e+00
5.809263267193634839e+00
3.983879767505411174e+00
7.027550950889796866e+00
6.808404414909076330e+00
9.312846076559438302e+00
7.771600835084533365e+00
6.346509090312580703e+00
6.046240719970084498e+00
8.802135651447530407e+00
9.104899974062638512e-02
5.614212201051420326e-02
5.368533364967645660e+00
5.621509413569878433e+00
6.144218896242254147e+00
7.535916461287875401e-02
5.200587019697517910e+00
6.417365193993977535e+00
6.126326241688978769e+00
1.848927313160238783e-01
4.703485162848262957e-02
8.148417269085012071e-02
1.344573172381940129e-01
1.141794128997020569e-01
9.177752631958744800e+00
2.254777699493038245e-01
4.664283404140841943e-02
9.733652922772536797e+00
8.004379811484223950e+00
4.081550065267115085e-02
5.894181701644152227e+00
1.590985941009908977e+00
5.615380182024370725e+00
6.278462006454037514e+00
1.255391322210990812e-01
9.173968203157191470e-02
4.148244015592358558e+00
5.777854283084831621e+00
6.312440105462059137e+00
6.408852882455520650e+00
9.779198227414664046e+00
4.873858781154018160e+00
3.549329273638304194e+00
6.571688870020333972e+00
1.524493908914694440e-01
3.059012331431426590e-01
1.056392894753159228e-01
5.501135504306525092e+00
6.711214144456860708e+00
2.345510342190852138e-01
4.969446711235019798e+00
6.255009061878112675e+00
4.853997542904491702e+00
6.863059233173246509e-02
5.910923075773949265e+00
8.714418860288683510e-02
8.227249929962862085e-01
5.718043529028268068e+00
5.135853265416401303e-01
7.501766393127824728e-02
1.306393366575112902e-01
4.271653778992021699e+00
5.907253232450368152e+00
3.046359599778326599e-01
4.442901764211726334e-02
2.077013123672692529e+00
6.441083337566255729e+00
5.896011798724131836e+00
4.110072174886536089e+00
6.000231586706884279e+00
2.038964574864531587e-01
6.330714678910148940e+00
4.747750348235157070e+00
7.297141486988378389e+00
6.140422630611497290e+00
2.808553262111507465e+00
9.331034390240668941e+00
1.719511573462798038e-01
2.006804672870518280e-01
5.997890021125420468e+00
8.293288818517380534e+00
7.343663008133071379e+00
3.083730394458970903e+00
1.344337815921276436e+00
6.201932636214431582e+00
3.445249370193475880e+00
5.727015244008863526e+00
6.665850987173034703e+00
5.703128598046752984e+00
5.168011264411702221e+00
6.506784949944462326e+00
6.020426744655315687e+00
6.089622490528934229e+00
5.214316274924632455e-02
6.680942020256502190e+00
6.450395480736470510e+00
4.518154513627527180e+00
3.314466047651259406e-01
6.495171497906235381e+00
7.264028179108621863e+00
5.509422842371093587e+00
4.820095715786310464e+00
5.602217691650232645e+00
1.344215865327501591e-01
3.171981914909120182e+00
2.431164494704767698e+00
1.103058253715705345e-01
9.381722272052150924e-02
3.722289039600280347e+00
5.763183133882757936e+00
3.883943725090724719e+00
5.893664692849227560e-01
1.460495013682024279e+00
5.952952625856638313e+00
2.759087807784573743e-01
1.212238711101963073e-01
5.833684239855918996e+00
5.920429672322407910e+00
1.849273814094544610e+00
2.869780607789170102e+00
5.683394295188596429e-02
5.701822643760650955e+00
6.624947732022353541e+00
1.947412750777268498e+00
5.279069148227298669e+00
3.431384586629924627e+00
6.034704346627745686e+00
2.199650732680888510e+00
6.075311413599862043e+00
7.554423952485746219e-02
4.542853730070437024e+00
6.849381516646035450e+00
6.389442794663954928e+00
5.419271335535512435e+00
7.207064552481944053e-02
7.981395536500788701e+00
5.682152654048740814e+00
6.638618237614976714e+00
6.580833922000913105e+00
5.631256040119220430e+00
6.675488321009226844e+00
2.328611076527130397e+00
3.712067724835870219e+00
6.771289581933525703e+00
6.629463048430978667e+00
2.078058111722522194e-01
1.629916375334973799e-01
2.672842295208181174e+00
6.076660850088845045e+00
5.885845353250271472e+00
5.342355580675705262e+00
9.955060068992940825e-02
6.009472794784966432e+00
4.929513154408353415e-02
5.617896251738971891e+00
6.050267639834588707e+00
6.033556200064188246e+00
5.871278350624725917e+00
1.068071765403068446e-01
2.886966150689968202e+00
6.427760748990583473e+00
5.865653616775655443e+00
2.143873750195170735e-01
1.033705477881298185e-01
9.884431320469513893e-02
4.869178072884569275e+00
6.280206378384986188e+00
6.193645877848263481e+00
2.630469815522278876e-01
1.645177548467239015e-01
5.815495356232779578e+00
5.410369076011888545e+00
4.238264958599998522e+00
5.315280307338404953e+00
2.216555795821235186e+00
1.437813659909637831e+00
5.732828385751452593e+00
2.581143999428487934e+00
5.874358511986590869e+00
6.714383991997754819e+00
6.413132613538239823e+00
2.336994516962644930e+00
6.398919423145598806e+00
2.453177177998369984e+00
6.342664181077873664e+00
5.901844620129886643e+00
1.426721396116602258e-01
5.048028257452889633e+00
4.462331689563067139e-01
6.237329155336670539e+00
6.016373210627798507e+00
1.922125341850389468e-01
1.119068253000896490e-01
7.677472087325995509e-02
6.481275351913918570e+00
7.765819039202578877e-02
5.187515576655962413e+00
6.057505080244190987e-02
4.732307984613927765e+00
6.412492795233706744e+00
6.260194402056231233e+00
6.032510377552990910e+00
1.603938292017664802e-01
1.747126743438147112e-01
3.915464623578000791e-02
4.168190471893494120e+00
1.355559978170171487e+00
6.907028659690760186e+00
7.413215793748105520e-02
2.736247100450289516e+00
7.118384138496701929e+00
7.535549058608903117e+00
5.830227434779361673e+00
1.539914715348545127e-01
8.329924840859415980e+00
1.757932330894161066e-01
5.941973710444474754e+00
2.220923615308490195e-01
1.262448501533911971e+00
5.444194605693072120e+00
6.213890631421512545e+00
5.089944771613602592e-01
9.688972264060268458e+00
6.079155789135764820e+00
6.776319864131785664e+00
2.355521637295193038e+00
5.637827905953720631e+00
1.113613772980783095e-01
6.728453380963157759e-02
4.137415159592679359e+00
5.982512076276771396e+00
2.524416861893428732e-01
5.681269677596525014e+00
1.815873329758402599e-01
6.646872339623847381e+00
4.539399577167215760e+00
8.927280255324369918e-02
1.633867104602474973e-01
6.424347925672891257e+00
6.154126572759525793e+00
1.455527256095370536e-01
5.947558965214917032e-02
6.408069615327717905e+00
5.773946956308232181e+00
1.716345676993779046e-01
5.772044479915447113e+00
6.196978079834513764e+00
5.866109861268606451e+00
6.440553924530022234e-02
2.169194031386465771e-01
1.574630972050274080e-01
9.093403600111464868e+00
4.711570142912738568e+00
4.538273201771855087e-02
4.402118547432422702e+00
9.555052899477949779e+00
9.921018506199771991e+00
6.550462473240037831e+00
4.270430828183288119e-01
6.317824442665593843e+00
1.100567156732846635e-01
2.836929268150338412e+00
5.956955890377930274e+00
8.760052763438029189e+00
5.438631733199572160e+00
5.692542665265039936e+00
6.098491071324388280e+00
