4.903697021012360047e+00
2.306509746876608535e-01
1.239031060179032057e-01
9.482544305133343343e+00
2.361733669586834894e-01
5.747633473954403271e+00
6.437122033058622961e+00
4.285656231661803817e-02
6.086907055465529126e+00
5.804951880268700570e+00
6.844976450506095489e+00
4.970863549905049972e+00
7.465772020639487749e+00
1.666953975438408564e-01
2.566179469474715980e+00
6.198801806610423210e-02
6.105580629356173183e+00
5.657068374997852089e+00
2.999646180358204184e+00
3.840772232854366974e-02
1.836653844056062690e+00
5.410763781851757770e+00
6.269477586711530215e+00
6.755909300013183960e-02
8.987225632575501777e+00
6.310304304399622310e+00
4.049177128230791567e+00
5.438645684088516674e+00
9.048430984237885999e-02
6.031352290852700193e+00
6.633707009634756346e+00
3.508908631498864228e+00
2.008468421513223579e+00
8.057412357457460317e+00
6.239810942076480238e+00
4.703572308097710847e-02
5.169089624891491042e+00
6.070382964089927391e+00
8.734462065662502994e-02
1.977854257663679838e-01
2.032421666171602415e-01
3.393218907055430833e+00
8.883356646430717873e+00
4.051793363380626012e+00
8.725329165948558785e-02
9.312414487619488312e+00
5.524221617845038956e+00
1.972987204723520294e-01
2.731915121574622907e-01
3.787315871576116599e+00
1.180190237050150887e-01
7.544392225155562848e+00
8.253509715375119404e-02
1.769723915517767976e-01
6.320636921563568045e+00
5.976807662929436660e+00
4.424275475961028659e-02
4.090837830503717854e+00
5.021144088238630593e-02
3.445200557105454475e-01
8.877645678013635688e+00
5.367449945446273879e-02
1.420187917677039335e+00
1.898552371441208697e+00
3.216119921565335993e+00
8.436211662242157350e-02
9.555618028042232870e-02
7.694670753818529718e+00
5.550713650078876071e+00
7.317558895551858456e+00
3.285852757623501930e+00
4.454210051560464123e+00
5.003714712824502975e+00
6.466344107786457407e+00
6.483103840620084490e+00
2.219641268675875967e-01
2.925326356893793167e-01
8.307188282967534199e-02
6.530854529295946342e+00
4.802554220623299841e+00
5.901989139504486559e+00
8.792974052090402060e-01
5.863123529091515351e+00
6.262301650421517429e+00
1.145525438197692703e+00
6.739146771351146370e+00
3.986402013786495835e-01
6.493961806725556229e+00
5.885311256299251781e+00
5.629341122797809405e+00
6.456857866276816793e+00
7.672624134011396535e-02
1.620014187955407803e-01
5.806110104167475860e+00
1.827878094566341982e-01
5.554223733886668457e-01
6.586682950752297927e+00
9.169219475614486470e+00
2.168133718191675552e+00
6.187591170469391777e+00
3.386141246131152416e-01
5.146406722290558733e+00
5.382298776799504303e+00
2.277157772516281986e-01
5.940500884704179363e+00
9.083444685650572836e+00
5.826595605037421244e+00
7.542656335713048499e+00
6.198506203916014812e+00
2.773018618426056570e+00
1.812187825478235537e+00
1.828114587777411870e-01
6.699289370706073221e+00
2.206735125143962917e-01
9.060754889085026464e-02
1.704202696491878832e-01
5.673660987461190075e+00
5.901605617595175879e+00
2.184332217473270998e-01
5.857569560804932074e+00
8.565660313640751866e+00
3.399744974331267433e-01
5.611394957902748892e+00
9.523670105933303986e+00
5.313949327083735241e+00
2.650165543430796244e+00
5.981217178404167889e+00
4.520072331830556761e-02
6.459232663066339697e+00
6.233592278807295273e+00
5.782958242949708172e+00
5.627033361154953894e+00
5.910678418150278723e+00
2.307204307385258002e-01
1.903078805296084808e-01
5.249333783942060627e+00
7.473000355566779440e+00
6.009342379613768159e+00
6.101660572762365398e+00
5.723116138713931100e+00
8.284391845572933732e+00
4.099614337586626051e-02
3.662869702022129470e+00
1.049467252118804428e+00
6.354815495122200453e+00
1.981908868823666348e-01
2.357254835612579702e-01
6.222994760844459350e+00
1.827443953318456105e+00
6.568846400044781930e+00
5.689181286754292799e+00
1.432405340748951761e-01
4.458154697230031438e+00
6.105396485220268232e+00
1.733715446292610762e-01
1.960785310224593125e+00
5.434509678448512737e+00
4.342172679789022549e-01
9.102135425303146121e+00
6.094888702950133741e+00
3.364349675439945564e+00
8.593956201941766793e+00
6.061374630996911428e+00
7.669404671880136748e-02
9.405957914134662090e+00
7.321025750872540705e+00
9.562685924478522281e+00
5.707561173762267792e+00
9.701648199379185600e-02
1.414056708599070455e-01
8.087113851709656132e+00
4.713610607231495386e+00
5.901663231880438509e-02
6.095274887336461056e+00
4.656592485585372421e-01
5.927196539915139617e+00
6.316911301413206559e+00
7.182663317057938812e+00
1.155833550227394868e+00
5.983785679697403381e+00
5.561729496311810017e+00
6.004010958447276280e+00
5.014770661399851726e+00
6.698589442142166561e+00
9.366800138631363737e-01
5.430802547924558965e+00
1.194376216362896814e-01
6.369954077307055762e+00
6.276108906123641695e+00
5.795646735736968758e+00
6.214943233647876930e+00
5.383783031812462205e+00
6.676896699690719750e+00
1.822815324679157023e-01
2.194055905983283705e-01
6.182874200989335378e+00
7.277987651965152349e-02
9.568572635065615728e+00
5.089150865578334626e-02
6.055565474386598090e+00
8.564722488990250682e-02
7.420739483267758452e+00
1.556162709963903934e+00
5.284976519556903618e+00
6.180228897830099655e+00
5.216363758468029133e+00
2.410792027978627683e-01
7.959401992308528406e+00
6.589386872258644168e+00
8.362535152989852838e-02
2.785808735907139955e+00
8.539319537040279684e-02
1.155195802794194287e-01
5.872820802280976693e+00
5.871179724986522963e+00
1.826096738964024524e-01
8.165221797031611828e-02
6.603451469149080211e+00
4.930471675392193720e-02
5.404049799834602652e+00
2.385705740302642985e-01
8.217347517281723412e+00
6.566701576715521682e+00
5.710355262368254081e+00
4.156925791008966087e+00
7.450179839646930979e-02
5.537052493216769733e+00
1.022241837639191464e-01
6.712414276167963045e+00
1.459308756186341038e-01
8.555707399084139908e+00
2.509646486602495341e-01
6.328938017959511164e+00
8.669712321037204461e+00
9.973072923160113845e+00
4.160880045106105207e+00
4.771847777963434289e+00
4.025432550276049348e-02
5.393910674730377497e-02
4.084115408275073439e-02
2.112652485687151749e-01
5.855313319407148498e+00
5.849244305745372741e-02
4.767860702239717696e+00
6.710734847901300704e+00
5.987120155909103403e+00
5.817137102517834002e+00
6.580123792501217039e+00
4.168980614052687772e-02
9.005685586359250649e+00
5.512808688591315509e-02
1.871786297963513368e+00
6.183956615343578989e+00
8.689136283631963664e+00
9.498423028645847310e+00
4.652580563590118928e-02
5.853021104868425084e+00
6.680610137242658730e+00
6.183646266923487289e+00
7.000009257599859147e+00
5.817488963211968844e+00
7.087129630701848093e+00
1.009946545648034849e-01
6.332681595638165462e+00
5.834563757115709848e+00
8.672780617447912732e+00
6.524431378079817989e+00
5.325352186867529092e+00
3.667962581032842284e-02
6.574529031445328187e+00
8.350627379197767652e+00
6.463890464311015549e+00
5.319047938737559100e+00
2.042927144366227798e-01
6.251572547555697135e+00
5.611597636801222144e-01
4.504609493704718304e+00
5.588970681209090685e+00
1.642499444597270708e-01
6.039821091784153495e+00
7.764238223289617657e+00
1.927014987113339073e-01
3.315976122526366754e-01
9.661855523894496756e+00
6.459542245454753306e+00
6.060263650670100866e+00
5.233606522048360077e+00
9.760668339676323413e+00
7.820390466769809590e-02
5.638872320622340339e+00
6.771642942647598806e-02
4.288078160300566211e+00
1.695827776900267203e+00
6.084376631520412637e+00
4.588623772429596681e-02
3.442273442345538670e-01
8.788881994968939182e+00
1.204051963643042594e-01
7.925390636163041902e-02
5.925560128060083365e+00
1.858741025787795209e+00
6.769049331619466869e+00
6.722611195565623810e+00
2.506553821744115229e+00
6.915395015690142810e-02
5.101568083399226516e+00
6.217927383885067272e+00
4.605032168580388330e+00
5.751448025303983691e+00
5.366106195060317496e+00
6.558831136697210518e+00
9.693985774430458946e+00
3.627991528832054391e-02
9.769021700302545241e+00
1.932608213191437663e-01
4.778506751166222005e-02
5.660702741971225471e+00
5.872945242809227473e+00
2.684708689257211955e-01
1.645384161235404763e-01
6.934994832953400135e+00
2.094754825328843661e-01
1.555683202992297343e-01
2.741398020336542007e+00
4.147447591749871876e+00
8.111060799982119818e+00
5.646948202683688578e+00
4.506137097444121942e+00
6.488744043213032775e+00
5.734521292196721909e+00
5.876519072822478762e+00
2.017245281838380977e-01
4.715335369949105737e-01
5.697340211989092573e+00
6.237776058944723978e+00
6.525884555733497017e+00
4.252485036037062294e+00
9.059795296043939850e-01
6.941667296145359600e+00
1.392431107519717937e-01
7.821091428237366694e-01
3.585378450713940790e-01
6.363087337574341973e+00
3.803903266698396846e-02
7.012127498746365539e+00
3.500654932931444030e+00
4.130358718635139148e+00
5.566223566622001684e+00
2.872850885083749084e+00
5.763255998654980061e+00
5.796918354807157669e+00
8.519178770863232941e+00
1.021900821930046971e-01
5.381277085742892652e+00
5.482237354680840724e+00
3.508514454043928144e+00
5.619982629402298535e+00
1.064708108838437473e-01
2.545464952398449832e+00
8.599723644454027038e+00
1.412056379606029699e+00
1.282302202804878277e+00
4.516645907500953072e+00
6.023720527129170499e+00
9.629436664387196032e+00
5.740507830676032652e-01
2.104577145678169503e-01
6.036592067674583006e+00
6.581373847420135981e+00
3.006493035931061542e+00
7.276192191562772749e+00
1.492207427518653873e+00
5.698743909329840207e+00
1.648064630983102630e-01
8.978449731819898361e+00
6.000030278746996792e+00
7.619610414277264709e+00
1.525209349084479804e-01
3.443676113246449066e+00
6.096700101932519544e+00
7.864415923310287937e+00
5.921301638732593631e+00
1.657928139317679905e+00
9.324859810942277838e-02
5.344849042265662931e+00
6.070881077617875654e+00
5.850429991090988047e+00
3.278555450730377130e-01
9.864357103293139306e-02
6.880555107895465206e+00
6.783703605246477863e+00
7.777890498315848333e+00
5.074227559700350554e+00
5.122780769311938265e+00
5.212042697148238979e+00
5.455388346980386771e+00
1.814361655147729568e-01
9.669499027729576923e+00
1.060076761698410114e-01
1.691402219419771424e-01
7.680714915262826237e-02
6.234831438326234654e+00
2.297935621291139208e-01
8.333823999940940253e-01
6.196807664188741072e+00
5.805191118891617208e-02
5.232458796123669487e+00
1.276047818120263910e-01
6.442035049265491864e+00
5.484655249081914263e+00
5.725959657974373229e+00
6.520850040882165466e+00
6.805362087937926852e+00
8.377955916673296421e-02
8.360593180275165182e+00
9.201668542920430127e+00
6.233069375272272339e+00
5.381907811689053744e+00
1.125378039537180408e-01
7.371753490722831259e+00
8.981910391717308428e+00
5.696150539105103938e+00
3.824120758120593599e+00
3.492178262727336335e+00
5.790589405115198929e+00
6.324151746790021456e+00
6.047105959958976484e+00
5.703600066670706792e-02
5.989761827499549135e-02
8.098875178823071452e-02
8.008151617630114572e-02
6.240743251608340536e+00
7.243738131909688294e-02
6.864747304210007783e+00
8.430634267536399662e+00
6.181480114893332711e+00
6.447627413116988393e+00
4.555469673907173306e-02
6.308961429991465586e+00
5.739927443516344319e+00
2.385694546569364360e-01
1.271787598048072232e-01
1.088897226239006422e+00
9.719802413881261316e+00
5.870741146291028834e+00
5.113227408956858788e+00
1.493823030069853786e-01
7.950484494694877391e+00
5.784124633441869889e+00
6.385223583467648290e+00
4.108655147319933282e-02
4.635590882010789393e+00
1.749399107395671338e-01
5.395343186137911751e+00
8.689945132208965362e+00
6.244480892713825781e+00
6.801131932114711454e+00
4.954069539206565342e-02
9.612232670478437768e+00
6.144422979136402674e+00
3.446550397839371005e+00
9.007413518322247015e+00
5.729231604246026732e-02
1.977858471740983282e+00
2.571698490945986126e-01
5.343648761519848911e+00
6.031000249393097867e+00
6.037390119336602190e+00
4.119897342872998192e-02
6.793744566632885729e+00
2.011205550376266693e+00
6.565611380875123082e+00
1.132960920880401318e-01
5.830818221542822144e+00
1.096543543794849862e+00
6.186608883566228734e+00
1.454357823816079531e-01
2.530939511285410504e+00
4.010266532816157081e+00
5.933274666539350983e-01
6.474057246791329767e+00
4.589112595870027178e+00
5.911307794255693526e-02
5.810981575260837140e+00
5.633779383323164858e+00
6.196922256009254060e-01
3.697877651039289254e-02
2.663314902528690631e+00
4.429642957389488878e+00
5.471785335599016697e+00
1.231619162432932291e-01
6.759526895992586049e+00
6.126400419438184031e+00
9.975009274319965868e+00
7.058592599795460387e+00
6.496043222232771031e-02
4.009339588161490830e+00
5.331377571566140894e+00
5.249163074470061474e+00
4.224539821178513455e-01
5.332974359537177911e+00
5.889465935413819686e+00
1.554396884784038368e-01
1.431078149561229695e+00
9.474353693150822098e-01
3.025776495282472833e-01
1.022793259244374253e+00
6.130114769418318232e+00
5.258862364623176355e-02
2.053623416730052942e-01
5.205584960473428779e+00
1.015697180364979052e-01
2.803508719488604917e-01
2.154466854630341377e-01
6.066527294031037520e+00
1.264226625539236204e-01
2.401438456122194920e-01
9.006319945963547902e-02
1.159047057992303342e+00
9.620001445575719623e-02
6.400787644603562754e+00
1.065575013765111656e+00
5.870230378668590099e+00
1.582628829725842012e-01
4.307232824624269152e-01
9.907334891961090406e+00
4.114996795487009251e+00
6.002651068998452466e+00
5.613075880296467091e+00
5.755368512907293344e+00
6.923139329222022242e-02
5.746272819037230306e+00
5.303031921725194497e-02
1.320280361283827919e-01
5.334350017129729338e+00
1.167051465075467642e-01
1.551164941927941077e-01
5.569562598289980182e-02
2.327218259932861411e-01
6.386501530433213780e+00
6.716428196884370649e+00
1.593729951841835524e+00
3.395531516192672683e+00
5.343822215562927802e+00
2.280239058148710030e-01
1.531620711964461479e-01
5.612573649631694472e+00
5.961535217987067092e+00
9.043319635062121997e-02
7.018323143966216648e-02
6.319698151259577124e+00
5.392437367537167986e-02
9.091307925312815286e+00
5.424291630866884262e+00
5.938123300840647545e+00
9.713068272981717488e-02
4.424190090145978971e+00
2.376034484906178190e-01
6.020353594498878635e+00
6.779185411162534258e+00
1.504734034416543020e-01
5.020621759793753469e+00
1.334430434910169883e-01
9.312226363807944551e+00
6.700366048503644811e-02
5.707292293111717818e+00
6.249525050541262949e+00
9.787232105200835974e+00
7.459599867584248756e+00
1.343195708344382122e-01
5.855540844498357878e+00
5.003291968995190464e-01
4.775146218760902173e+00
6.465911163564648234e+00
5.970647145449139437e+00
9.402380784262757973e-02
5.956738804065667026e+00
3.799294678081337917e+00
6.584431022700629299e+00
6.096491304671793898e+00
1.002577547279737136e-01
5.811275969628725946e+00
7.014384367372595186e+00
4.489488244792521954e+00
1.095976558774642007e-01
5.494895858579189607e+00
4.713480434471478686e-01
6.374310419485251344e+00
9.333688212534438922e-01
6.166430096797017590e+00
7.220481441286039082e-02
6.390005726471103209e+00
7.235067574574411076e+00
6.500598148062341153e+00
5.871118705386194847e+00
6.604105821931015363e+00
6.190064186531600399e+00
6.258060872180945644e+00
6.313559752530616187e+00
6.794249113177207811e+00
2.883225467285230326e-01
1.060539748809365551e-01
5.728588078879965018e+00
3.837809699156254362e-01
6.213817260045861879e+00
7.015550757683796768e+00
1.042809096951904102e-01
5.476177244552737022e+00
1.082006728136096080e-01
3.318116624341261200e+00
5.998587782854354344e+00
3.115354615123380633e+00
1.646294025751203094e+00
2.256205434670057464e-01
5.773564572320968757e+00
5.766812039255220929e-02
6.893327568392598748e-02
6.221050786393082177e+00
4.335644181855376200e-02
4.634506380700695871e+00
6.117690970265610595e+00
5.112768952057201055e+00
5.721214660810410635e+00
2.566712068241607803e+00
5.409951344615160806e+00
8.221702646251518587e+00
7.687683750602597454e-02
1.741628390019592520e-01
3.478328849958597591e+00
6.160698471312633373e+00
5.785424615173840657e+00
5.774212827980212737e+00
3.753877621373116757e-02
5.874634996370901696e+00
1.409726881080249350e-01
4.758121225547597533e+00
1.413503029874488615e+00
1.352291394296592231e-01
1.102217577231348472e-01
7.736917441963000464e-01
3.934262761705755729e+00
7.534400251792477965e-02
6.189297832139330602e+00
5.686228910205595177e+00
1.586157224667396615e-01
5.096349995975103297e+00
6.083094298011705092e+00
5.725252522112519671e+00
6.448329394055834385e+00
1.077447939438943292e-01
7.017817258068895114e+00
9.222817503219275792e-02
8.169954402408473371e+00
5.777715979507178190e+00
5.745487715385102945e+00
2.822054345019783472e+00
5.474713253729579066e+00
5.440691936239552828e-02
8.944505998829106019e+00
5.138016484586639621e+00
6.147486296430155761e+00
5.701878695048239187e+00
2.861548958581635382e+00
3.900884125778717598e-02
6.585520648271910638e+00
5.887444645798340481e+00
9.613300620401585284e-02
9.701763049118143911e+00
1.237473173184036490e+00
1.207640698277055114e+00
6.057940535110986957e+00
2.149211951412912380e-01
9.502394942674955658e+00
8.494259221482785449e+00
6.074169928863242696e+00
1.772159352928635023e+00
9.802992762641299151e+00
2.146402429528750933e+00
6.154899533463168204e+00
6.722542729596209021e+00
6.394155514183223754e-02
6.005943928152210454e+00
6.380188776520934191e+00
2.375048763701558485e+00
4.996894643737648245e+00
3.511856655727611798e-02
5.759199486726426009e+00
9.611325590305236588e+00
6.520979124435048568e+00
6.515921103557557714e+00
5.069913103725580683e+00
5.512048106831728134e-02
9.726644381398172334e-02
6.931121887398674630e+00
5.007942858176322787e+00
4.783516507015132646e+00
1.125979716513636208e-01
6.479316040892197925e+00
5.679698428993067871e+00
2.093328613190884369e+00
1.319589714017979920e-01
4.655384917218949870e-01
8.807014116272166016e-02
8.054112066621877730e+00
6.656012915550773457e+00
1.285246485823058338e-01
6.998902301302140749e+00
1.069640674404145481e-01
2.709278102406470490e-01
6.997083491109179487e-02
4.122256297497045807e+00
7.698757793080589273e+00
1.848237649085135437e-01
4.780344542669237917e+00
6.140292333620130272e+00
8.246029652660237019e+00
6.642834230659641293e+00
8.868717765966264821e+00
6.715131899263632853e+00
5.687251362350496942e-02
2.146424119417422283e+00
5.471165562505289515e+00
6.685457732530653452e+00
1.390450597097283580e-01
4.222172037194928118e-02
6.212725715386100411e+00
3.942701732979930984e+00
5.633171876588035865e+00
6.425584733334892273e-02
5.860140979355490387e+00
1.713559833546343392e-01
9.530944568924502036e+00
8.023903894481598797e-02
5.520748723276994951e+00
8.338558811449595098e-02
9.471618666142063436e-02
5.318627599580446841e+00
1.582054206888598991e-01
5.787756877332031813e+00
1.493178955396012864e+00
5.946977392520531147e+00
7.660677822862603514e-02
6.741856527278002886e+00
1.083909621257531208e+00
4.194266360651092984e-02
6.916569761607316735e+00
2.341931992904635162e+00
9.134462435939809666e+00
2.446793770158855352e+00
6.131239470506543832e+00
5.341929670708069011e+00
4.332233823581633780e-01
8.119756456072474649e+00
9.719063019169132955e-02
5.254638316650824592e+00
7.394304547402866135e+00
5.993461885000682388e-02
5.089946091396663208e-02
4.833613462154795481e-02
2.073172247068506557e+00
5.652365521855940322e+00
6.062009811594472275e+00
4.978972988437562641e+00
5.745480275498100475e+00
1.058529080713704884e-01
2.211628694239673176e-01
6.825432864303616398e+00
1.671704697100209747e-01
4.374626828308849497e-02
5.426974015010292973e+00
6.512452923271597527e+00
9.936526574785492727e+00
6.270337326287605428e+00
7.625121796489391091e-02
6.354436358266857710e+00
5.001125721503544064e+00
5.956091320802141098e+00
5.498001009514982051e+00
7.936095994532104569e+00
5.295263443201323028e+00
6.293424577857591906e+00
1.324346987788958541e-01
7.377349811102110522e+00
7.351926791863740540e+00
1.007461843132811286e+00
1.115191827811846115e-01
8.947402059628268844e+00
4.042174768132789531e+00
9.100299276958953243e+00
5.792207633243844356e+00
4.982945542440575082e+00
1.902332487816214224e+00
6.358006286497790427e+00
1.897678335319921583e+00
9.309484394337858015e-01
6.235006539955908700e+00
2.196170270735281760e-01
6.193401754467260822e+00
6.583810119946825523e+00
9.691343470006238192e+00
9.254843056328644624e-02
5.226921975810579823e+00
3.540839780471154857e-02
3.745310018135875385e+00
3.928510117506438526e+00
1.779253256090979063e-01
7.438095426484704120e+00
2.068684767300692784e-01
4.789018622071114506e-01
2.908176812335122596e-01
2.345047248256984240e-01
6.846587637765194856e+00
6.367480888722854004e+00
6.253469897406945144e+00
5.533612539667370989e+00
7.119448866061741654e+00
5.982364645158382288e+00
5.984073591670886927e+00
2.837301978007899517e-01
1.079669124628835075e-01
9.022197873294375725e+00
4.244658853390799458e-02
5.541661020344696570e-02
9.236919713128475706e+00
6.263740871610287364e+00
1.157367416184073572e-01
9.243769093593048325e+00
9.840252298669545539e+00
5.338071535930567713e+00
1.207788584685308420e-01
1.078917935786184445e-01
3.509647906873489265e-02
1.477949730119609395e+00
6.608298900143624088e+00
5.975632169371408731e-02
2.917209302973312379e+00
2.986286340307235387e-01
2.629696884178493566e+00
1.818054800789756786e+00
6.144786650714657128e+00
5.895643409941359714e+00
4.803717125728406145e+00
7.510892440082256982e+00
6.146857498488512483e+00
6.353179278666009289e+00
5.393343060666557637e-02
3.654605853922465730e-02
1.595983950541249863e-01
1.853120553217341149e-01
6.842638358641900398e-02
5.160549554638550696e+00
1.680336538427334103e+00
4.130229711935047565e-02
2.770420821184132465e-01
6.212331996786121024e+00
6.507748681766405419e-01
2.463317423470194445e+00
1.250567299611969330e-01
3.651792082772688186e+00
5.436541353407965682e-02
7.101582317852320969e+00
8.026093544023962800e-02
4.796150127633761612e-02
3.310837779473750686e+00
9.996741983045633051e-02
5.254874723366413036e+00
5.904650874071862177e+00
7.590743884041785350e+00
5.427739017831246571e+00
6.081667658527879716e+00
5.971667004958645997e+00
3.055754332186768618e+00
1.093283111774162042e-01
8.736153625783027454e-02
3.738060953911729545e+00
2.852290238497491970e+00
7.504364106096669818e-02
1.681602593307238047e+00
5.609892776432404027e+00
4.788270851972266762e+00
5.969881477332530828e+00
6.425577928352620205e+00
6.395353914236959980e+00
6.502388581204268547e+00
7.709039751759944714e+00
5.471125412034263391e+00
4.208516474799392171e+00
4.722432018313364566e+00
4.003076057886315042e-02
8.233972954635176977e-02
5.550855956499113120e+00
1.455116760501246609e-01
5.148013363646970930e+00
1.780212235473636606e-01
3.643600924248541206e-02
7.454301679144513526e-02
1.725456511178372065e-01
6.049335243222895286e+00
6.427003352515426648e+00
5.887867769193659839e+00
5.844226003150127191e+00
1.957550052233844318e-01
7.727422074507650507e-02
3.194096389615486586e+00
6.418548666883798326e+00
5.857633957290406812e+00
2.452773970576402451e+00
4.061641059548822263e-01
6.493436487240235699e+00
9.509546969304068398e+00
3.515209872540771219e+00
6.913549262878396995e+00
4.580455499559445087e+00
6.560258325113650812e+00
7.912440861872859443e+00
5.921770999470189700e+00
5.501031562165358935e+00
9.637233636079756138e-01
9.862996016435794655e-02
3.818116279845258643e-02
5.421532302679701765e+00
1.522984147501298846e+00
9.628202922200816971e+00
6.234407754198365126e+00
8.357765186197434193e-02
2.536921430323802462e-01
4.584287809148460124e-02
9.961044203289060039e-01
6.080628658950640641e+00
1.100540961770012094e-01
5.025773643080259312e+00
6.173749287297586541e+00
6.558805662139709725e+00
7.505792447229972519e-02
3.475325819758215307e+00
8.630774053137825419e+00
6.064709164010175790e+00
5.501753073404159089e+00
4.796642811544241880e+00
9.748620276611262625e+00
1.641016062394093644e-01
5.386244109963676863e+00
1.475431085203282588e-01
5.050806791459161005e+00
9.620219779978292252e+00
2.967003333196343462e+00
9.693149006191301709e+00
1.701718379194623598e-01
5.841623239693379155e+00
6.290026450081239950e+00
4.872373989748564505e+00
8.270234262142545090e-02
8.378579126488210349e+00
6.400864208186331616e+00
2.994025106665162195e+00
6.268970119090762516e+00
2.185028406034363602e-01
9.353117345952618678e+00
6.818018102290961835e+00
6.355590556823914383e+00
4.323152752984658065e+00
5.826908345063524841e+00
5.889007127308869549e+00
5.222027003412478940e+00
2.791675650552126742e-01
9.583584191884202852e+00
3.705385871492995753e-02
5.180204651892127143e-02
1.984809748402246998e-01
6.485650698121711244e+00
8.789342117760723383e+00
6.637582040418029017e+00
1.008380625868319641e-01
5.057095294321090506e+00
5.356142710913184501e+00
6.430899223778367702e-02
6.214700143830977019e+00
5.643830423000616214e+00
1.948636040726044738e-01
2.653482489788127618e-01
5.528711131332955553e+00
4.195720199433965014e+00
7.655089902862676432e+00
5.951270904530656658e+00
6.905459781021175303e+00
1.783777173554709772e-01
9.507364995402991070e+00
9.939841242715662162e+00
6.402236233633161466e-02
5.856827182499607432e+00
8.689516896406801472e-02
6.229943687879140768e+00
6.162674213089760933e+00
2.648129277537717652e+00
5.765304011103880910e+00
1.925962388779291157e+00
5.345708059714721072e-02
4.552621480424655642e-01
6.147912604101728462e+00
5.771482693200098879e+00
