8.327157698017007448e+00
5.786966366295803965e+00
6.208344365752857641e+00
5.043021964931467593e+00
3.955037331287201280e-02
5.833545086230665255e+00
4.119055941311459357e+00
1.127593089384862218e-01
7.365981675382449190e-01
7.180486086277038993e+00
5.686707080352399579e+00
5.495141376364998109e+00
5.746284170567607374e-02
3.001254385497383881e-01
6.093461710209695070e+00
1.104688830027173330e+00
2.870883507150574054e+00
4.555857357515246342e+00
7.719137055043169271e-01
5.413844890299165935e-02
9.136709441356281047e+00
1.013968199731586806e+00
5.811015166022440503e+00
6.359717831286292089e+00
5.394141510240708925e-02
7.893135112320917024e+00
9.029891162013496952e+00
5.673052799283223813e+00
5.004787514749455823e-01
4.496808900507492268e+00
2.778458675026313496e-01
5.647556966942697265e+00
5.403530118270420957e+00
5.105496254964150715e+00
4.232781013720670477e-02
5.962761364336273573e+00
8.998543469501242953e+00
8.890597478249771868e+00
5.622310560373707133e+00
7.492673052876764217e+00
5.497423686084949246e+00
4.544355907348594792e-02
1.634411982201760871e+00
6.189223110725996513e+00
1.283630795455961593e+00
5.280147738474811447e+00
2.651943723521611451e-01
2.484574169396144505e+00
7.116709867504955600e-02
6.026253271541580858e+00
1.098968910620995665e+00
3.266962236406339981e-01
5.967999832636263768e+00
6.168072312473269037e+00
6.241413572106942809e+00
2.101633572748562440e-01
5.515661621984594198e+00
6.101521137058332656e+00
9.344502254391398921e+00
5.953862981878437211e+00
7.015424327974228547e+00
6.072210465868952411e+00
5.332711705331920349e-02
3.500520835304610223e-02
6.360535530980016006e+00
2.661354688074760055e+00
6.517003766398384634e+00
4.917853423089333376e+00
8.314929803222964821e+00
6.535302951339242661e+00
6.676569359483579547e+00
6.053558518523250775e+00
5.995477733578876034e+00
5.638336311008887769e+00
5.667856863593284444e+00
1.869441949024982230e-01
1.253309195313019042e-01
1.153277955925014059e-01
1.800754475127704091e-01
6.523524528938851041e+00
8.951337528607558602e-02
5.905532333467599315e+00
6.550801758415616405e+00
1.861358466396107747e-01
7.427469492098682124e+00
8.967853812370674138e-02
6.114164388392616445e+00
5.538147868445234323e+00
6.129049795965316738e-01
6.008030134398991251e+00
3.137735623890771208e+00
5.725789132827137529e+00
7.889838801977271110e-02
6.128643345108533147e+00
6.043903690200490786e+00
6.169633876882424595e+00
1.387299440286360597e-01
5.753396613437405271e+00
9.244472676874107564e-02
2.213029675234238880e+00
8.603559811308059579e+00
4.524979737986276618e+00
3.573390850557836562e-02
6.920655542545158134e+00
5.672414797437930645e+00
6.681992269416605623e+00
2.241469671628541771e-01
6.205592116083333387e+00
2.435664695770613508e-01
1.109910898016312625e-01
7.615760256208932433e-02
6.655952337987139700e+00
7.726627149527660887e-02
4.457915432885832530e-02
6.290020906001354828e-02
8.739940782167339439e-02
1.516303714098407585e-01
5.864642555352340914e+00
3.174897196436266888e+00
7.332890014623923980e-01
5.731074612870489915e+00
5.337379083169517813e+00
3.011715051562570356e+00
5.416735800527390232e+00
3.710453980821645903e+00
1.712662642816444869e-01
5.394548082305373526e+00
8.193461595182398305e-02
5.967251405032175882e+00
2.067830311280040301e-01
5.832782633009879480e-02
1.741787813447358002e-01
6.687801545179318019e+00
3.244755098416819195e+00
4.996331661980735889e-02
6.671529534451877907e+00
5.613922634757089192e+00
5.655480099806025507e+00
6.121605699590187299e+00
2.290719259300527388e-01
4.648248549064176061e+00
6.262843172450825335e+00
5.728533102298877466e+00
2.755403062694710581e+00
4.941062419941848027e+00
7.022188490082247048e-02
1.441594530718743605e-01
8.699192496071477265e+00
2.009163953182971252e+00
8.632783189583419059e+00
6.497651932660919449e+00
3.821950275081309023e+00
5.351652153062468109e+00
6.579067318835421396e+00
6.038685261692875450e+00
3.108022836349293438e+00
5.460497872276382836e+00
3.652292801691309876e+00
5.991770100062915105e+00
8.297437915744152903e+00
4.799063448312157476e+00
9.059779409196538680e+00
6.776759875992423687e+00
6.463839334844942108e+00
5.159502668311005458e+00
8.375616184564599331e-02
1.493893913564485754e-01
6.208414429562127523e+00
1.267703048931586585e-01
6.476386059563277620e+00
1.596968043490105238e+00
6.945811085149385278e+00
4.740296036807873037e+00
5.554342477783674958e+00
2.405173759652537324e+00
1.302857652096636176e-01
6.008950875284664761e+00
1.038711852689201826e-01
6.855377393802945640e+00
3.618959684054086356e-02
3.022087478613320610e-01
7.947291996683847337e-02
6.021883515853944324e+00
6.132186404324325935e+00
5.497136205520673613e+00
6.295386265045173069e+00
9.096464881608302022e+00
6.578989638727005484e+00
5.267577773467114532e+00
5.076710941638228752e-02
8.632374635553627940e-01
3.980874699063727262e-01
6.267775242490264631e+00
4.956668683873665771e+00
6.472657297810775923e+00
6.255013587618035054e+00
3.880796452824096132e+00
6.353192962981499270e-02
6.204131189911009869e+00
1.912827832115735760e-01
6.787233759060427474e+00
1.368713256952450164e-01
2.281531406209007962e+00
5.142317067173848955e+00
9.883714616608255454e+00
6.194641696351319560e+00
8.062511010220341223e-02
6.340071351360458685e-02
5.823902060893540344e+00
5.955970137709718948e+00
3.458731496562508223e-01
9.840294333445630315e+00
3.671622273757635835e+00
2.206509901091960879e-01
6.565305122630685553e+00
8.134136469349442677e+00
1.071197904091022030e-01
8.855583562676429210e+00
6.470632143363670430e+00
6.855534558971304593e-02
1.793692978339712418e+00
8.191139903572798586e-02
6.646385677581036155e+00
1.745752515709809993e-01
8.869855333332340663e+00
1.658039963833951580e-01
6.028138527672612490e+00
1.768641129958914149e-01
3.852485713664668271e-02
5.807119187521057491e+00
6.908356112689967077e+00
1.486912262904098725e-01
6.719476342446230321e-02
9.616244850497574603e+00
2.182712712960087620e-01
2.092314524139787579e+00
6.761954739455326546e+00
2.254281384372663233e+00
1.306358917966573552e-01
1.255979669227597351e-01
5.887127159261746456e+00
3.948092922476413302e-01
5.233144170673497797e+00
2.770669814436865219e-01
9.448370358367133015e-01
1.020949709355365442e+00
1.347584382727047836e-01
1.345389776451331176e-01
8.575006769636719928e-02
7.027146132961167524e+00
5.801813502006703871e+00
6.087196112096653344e+00
3.662330873627323707e-02
6.265480360171869378e+00
3.337415792843231088e+00
1.353549023457099931e+00
1.140083443846196393e-01
6.777629081959514856e+00
5.278875340711689290e+00
5.234154075823345409e-02
6.685769589047396266e+00
9.971302993695817241e-02
6.732257503907775664e+00
6.090684436466339058e+00
5.924265152409579488e-02
2.112284425991633796e+00
2.921632312584601654e-01
1.533972307230739018e-01
4.666147727784132115e+00
5.319556677702403036e+00
9.694325029884094391e+00
6.200971288280102911e+00
2.287834645950487245e-01
5.242367732213669029e+00
5.583640817779364163e+00
3.634176413432743669e-01
5.775674919897406667e+00
1.395520323807945273e-01
5.351476165115493622e+00
1.802254184252680413e-01
2.531253019615300470e+00
1.438780960557778932e-01
8.246409915713121208e+00
2.813674596970143327e+00
5.410127384537346096e+00
4.814349138816459650e+00
5.265173685579906504e+00
5.062555768176021931e-02
6.429181374765805757e+00
6.337178676178950809e+00
7.476186509384652901e+00
2.173591227707019624e-01
7.140583265863169160e+00
5.975393988830371983e-01
1.918013760769427256e-01
5.626257258133193079e-02
9.293724273156357185e+00
6.130461185131431456e+00
6.741331637013192601e-02
6.485733022205804332e-02
2.183399244077482704e-01
7.103479625748270188e+00
5.595231968621215302e+00
1.411379468017154304e-01
5.993376472218924000e+00
1.939055825579024395e-01
2.079990619805779151e+00
8.368220936440007307e+00
1.810911004917343248e-01
1.236497977156135325e-01
5.961380712425777162e+00
9.775755865069388761e+00
5.501146642623143457e+00
2.254713358468014128e+00
5.267563556707115069e+00
5.967585413609094225e+00
1.852479275218121613e+00
1.908247054028309186e-01
5.908986834492890416e+00
6.503224386798492240e+00
5.270717674592013680e+00
9.989839227777844499e+00
1.909069448232235955e-01
7.492892295245992429e+00
6.089743098637077523e+00
7.199522238385329398e-02
6.220427720995192367e+00
3.940169789682242296e+00
5.911277494625478274e-02
5.654400839163312043e+00
6.176705322549387311e+00
5.815771853603916158e-02
5.604058739526472266e+00
6.192387013110415950e+00
5.126772593908617004e-02
5.096123381765189642e+00
1.208656362368186077e+00
9.884915693545677506e-02
5.151724900737780777e-01
7.175954962599314646e-01
6.118960510654910756e+00
8.341304232083359693e+00
1.329705076551523923e-01
2.148817205303662270e+00
4.694286640708231317e+00
6.885114042523410305e+00
8.600552017827331142e+00
7.074533618368488597e+00
4.976433546545994346e+00
5.278445466296921573e+00
8.808695624579952366e+00
5.034302503002154872e-01
1.255999659232974464e-01
5.823670937007197068e+00
5.078674034541820426e+00
4.583930324622583624e-02
5.418318346519986228e+00
5.663295768188601365e+00
5.416151963571994021e-02
7.839542500350128229e+00
6.393501376474056919e+00
5.908191349295127459e+00
7.322396371416497018e+00
9.656311494668771978e-02
5.231451687343410484e+00
5.954427440125610538e+00
5.275404308600689873e+00
6.451645773851102383e+00
6.684927691501422409e+00
6.236219795841286384e+00
6.172036079305987855e+00
5.828675078988028169e+00
5.024724527454014655e+00
2.803728717259176939e+00
1.316361679212896818e-01
1.269941029178974501e-01
6.305645250487763143e+00
5.760104684637737726e+00
5.384704036587591780e+00
3.747325014995778747e-01
2.178716785492276764e-01
7.790162872355335111e+00
1.759316762112160815e+00
5.717338900103920152e-02
9.836953124583791563e-02
3.993151372547799394e+00
6.313665311366615462e+00
6.271142606175927448e+00
6.320335053185041296e+00
8.587665361997194324e+00
8.809284404022930948e-02
4.743605931012161214e+00
5.496475965252296092e+00
4.986235546674993024e+00
1.229624457951357108e-01
6.155575790264419922e+00
5.664413967673472605e+00
1.445608557457824239e-01
3.927153690832542177e-01
9.824395666506747560e+00
2.284047499904479639e-01
8.021009409604185070e-02
3.344143175716300931e+00
2.351507031280953564e-01
5.722662410282907786e+00
2.118327582937491016e+00
6.314196012992528972e-02
1.433777675184098710e+00
6.038098849674804036e+00
3.464956343678342598e-01
1.128826883069016240e+00
4.571639164141142686e+00
4.954895348990535076e-01
3.664498194435360234e-02
9.319949953401199139e+00
4.882424307409250624e-02
2.692381695791535301e-01
5.630592785001628187e+00
4.573145484354833312e-02
9.790320712936077807e-02
5.524594586962440879e+00
9.727409823635753405e-02
8.354687710322956928e-02
4.840428275691972537e+00
1.859422001640571587e-01
1.455210067767234994e-01
5.082850446351353746e+00
7.005216514773149328e-02
5.239789764319849219e+00
5.821176731328262299e+00
5.565294217157312318e+00
6.068126506424153632e+00
6.895190444966340593e+00
6.989760363760340489e+00
6.475259033356468574e-01
7.101580077553781845e-02
6.910126600682486853e-02
5.814558808666824952e+00
5.413327209601179746e+00
2.727225713913070670e-01
6.288375556524353205e-02
6.428188976463282245e+00
9.682287642077108458e+00
2.278962259720980210e-01
5.952940617858466510e+00
1.247921604489966585e+00
5.734361891785542120e+00
2.167847931640732584e-01
3.764671707221214803e+00
3.817703144373033375e+00
5.142786449165483165e-02
2.835273916568607167e+00
6.213216067314233371e+00
9.209675444907326758e-02
1.491017770662856901e-01
7.348052973997525050e-02
2.640640993588527330e+00
3.640113812723192677e+00
4.631239666511260289e+00
2.225992963620669340e-01
5.783827776237328244e+00
6.116778575263104756e+00
5.920849242096386966e+00
5.925957718430294285e+00
6.324132105547024985e+00
2.757910111378653051e-01
6.664139248975343044e+00
6.228751120621412340e+00
3.569096585590770393e-02
4.432236677348662113e+00
5.705119274911933047e+00
5.720634945619236689e+00
3.285228712641362847e+00
6.434747614900647505e+00
2.136803173914212373e-01
7.578679619577892712e-01
1.047755300892425079e-01
1.380047893258053993e+00
1.164484483837501111e-01
6.941618484951023182e-02
5.617444956737108974e+00
6.261213517386603478e+00
8.222344276475371250e-02
9.419692360110064611e-01
6.064445061845387563e+00
1.119687341702929190e-01
8.823972341739114156e-02
6.178350700785043337e+00
5.805985269433373119e+00
5.543937417085956554e+00
4.545899182810168249e+00
6.636857952766618496e+00
5.998224735702350152e+00
6.812515202396046021e+00
5.030465484945434440e-01
4.198978750737357435e-02
1.416434671491675346e+00
6.468892208558728596e-01
5.640340348261144499e+00
5.592445510023654087e+00
6.330989554209764059e+00
3.999881685851624374e-02
4.048613800965521897e-02
5.919810304770045661e+00
3.674687357714538027e+00
2.793772161620069028e+00
5.224169717465018792e+00
9.183638425436477348e+00
6.262560820713097831e-02
5.534789170102048794e-02
5.934531069716109997e+00
5.373054906704079592e+00
5.962368058636752899e+00
6.143204242797562387e+00
6.553550676941489073e+00
6.733689342777586795e+00
6.995601370566805421e+00
3.791134321819242259e-01
6.710266339475059461e+00
1.397371006290007101e+00
6.505990508253273852e+00
6.785931208718944063e+00
6.486006989604532258e+00
7.830168852973042881e+00
2.229487348082585196e+00
8.170271881144675064e+00
5.859092264120039140e+00
4.837840049645012602e-02
6.840137510939167664e-02
6.334031640298484866e+00
3.119142489427717990e+00
7.588968356469928678e-02
5.075172545032179627e+00
1.069526942309573236e-01
2.177361296192936280e+00
2.627483206172755437e-01
8.235468618407999486e+00
6.838155462651274163e-02
1.558291565068161966e-01
6.327528896647885759e+00
1.623176454146577630e-01
6.042937543552635127e+00
7.701399660096590161e+00
1.473932993051205731e-01
2.829850948288731516e+00
6.727017174797746135e-02
5.886818785949881949e+00
5.236840546547425923e+00
6.435632171708649096e+00
4.159342767326127621e+00
1.179125392255653548e-01
5.874261027440965677e+00
6.991280264361027896e+00
8.309553553034433604e-02
6.392681110171730907e+00
5.941182949879951103e+00
5.307245387144889470e+00
6.005780263889754167e+00
4.184096140276274411e+00
1.263431252919001491e+00
5.297099678439851189e+00
6.267451618315622586e-02
8.405701913262735026e-02
5.601634324182865221e+00
5.886262251853400684e+00
3.198945998157327164e+00
9.663348685138156702e-02
3.152648732623603012e-01
8.378108641766742082e+00
6.435797018871379116e+00
2.531098665902168587e+00
5.286827073296121782e+00
4.772545442006956851e-01
4.081292029001781785e+00
6.380921328527603187e+00
9.969073874136702429e+00
1.190515047019747419e+00
1.366816489349604646e+00
4.075769282746988686e+00
5.186573016476689446e+00
4.415358686880519912e+00
6.601692073776277425e+00
5.535264765307513102e+00
9.729678861769311737e+00
5.745278550737049628e+00
1.356806842435896332e+00
5.631966450853349571e+00
4.262362070681949611e+00
5.409699419161910328e+00
6.168972403815298655e+00
1.273060129017119291e+00
9.606410217385972672e+00
5.790377668521371618e-02
6.079653290367940777e+00
6.505563660385079494e+00
8.304989966568601667e-02
9.467736980566721527e+00
6.736503459628161217e+00
5.979519387165731281e+00
5.694215763339101066e+00
3.336089168005059946e+00
6.080960916413828521e+00
7.725694230477892610e+00
5.358361941224585756e+00
1.124106222902844371e-01
1.209470999628021737e-01
3.538060144981758359e-02
3.146771418016576227e+00
6.228041985907843525e+00
5.622239136064981935e+00
6.513433481060211250e+00
1.139742471247105343e-01
1.379062965980706046e-01
1.045493190610258527e-01
6.918119847431976943e+00
2.233494149315447874e+00
6.457966024988480491e+00
9.442297881230551582e+00
9.477725173099257105e+00
7.749338926317593523e-02
5.900622398465390717e+00
9.722230224240842322e-02
1.054268258787572687e+00
7.666338652122929531e+00
1.026664069819394898e-01
5.184490290646398769e+00
2.671476068487344535e-01
9.331112763275905664e+00
1.117421237721282351e-01
1.379841647198125076e-01
5.990401101854843091e+00
8.679332366905672558e+00
1.907303353244720556e+00
6.717948428684824336e+00
6.612820372145235659e+00
6.006907856429659631e+00
6.488826652682457841e+00
3.023680222150433750e+00
3.563040607091501055e+00
6.195219552441332489e+00
7.055021785705528625e-02
3.850284819907524025e-01
5.908442179163861496e+00
9.895294962702058328e+00
7.191834841398278222e+00
6.085256579291745460e+00
6.472620456195707028e+00
5.152771950138097523e+00
4.741144833916835499e-01
6.183663712422101527e-02
1.087328663065618983e-01
9.948912239188452133e+00
7.373542604257038446e-02
7.050006722515967716e+00
2.420949802078221080e-01
3.728368481089568837e-02
9.377320130568854495e+00
6.125069178677876813e+00
6.533535955130719053e+00
5.479106736472354910e+00
7.374820974355090542e+00
4.833774522850617927e+00
7.765229225950237790e+00
2.248035185588347362e-01
4.087734607914746410e-01
5.688138467862803582e-02
3.664364241434344693e-01
5.413653049716359078e+00
1.309071285218735281e-01
4.652943323854658725e-02
5.153767418600105898e+00
7.855962862392186496e-02
7.552802929867961923e-02
1.002569143943859570e-01
2.250899923740688369e+00
7.995072308682524387e+00
6.367009641028975153e+00
2.105149229219768492e-01
9.145451515078813209e-02
2.733828589021499944e+00
8.069216315215642865e+00
3.221705036642460218e+00
2.312266301912947242e+00
3.527575455491241407e-02
6.800061561174478797e+00
3.550869132577614717e+00
5.085290778629487640e+00
5.731882204776653111e+00
9.076035376037026481e+00
6.206868882892187855e+00
7.947137489608892269e-02
4.366224183264373615e-02
5.112672840475260827e+00
1.968384949217250324e-01
6.034664810561969794e+00
2.860360347243519730e+00
1.717876332396083838e-01
4.022010877889235503e-01
6.804710017662086941e+00
1.203129423083001970e-01
3.754577015887163860e+00
6.422010600995291973e+00
7.966228769132413512e-02
4.614171316056773442e+00
2.616917401363800799e-01
6.176275469530450479e+00
3.950748817157438975e+00
5.561821269372128285e+00
5.630201733529269781e+00
5.744582446925765140e+00
5.832738638916182161e+00
8.552545741395443102e+00
3.708880105989727394e+00
5.380872978198714129e-02
6.166378863395435062e+00
5.288472547859114137e+00
2.028059288438266439e+00
3.739087107955428646e+00
5.685174344046981965e+00
6.753452736959650871e+00
6.319489277157042117e+00
1.593610664370279428e+00
1.486619177942928027e-01
7.287812270883382848e-02
6.584359246138629551e+00
6.340411901232665848e+00
6.122320645396484018e+00
1.973363245945271460e+00
6.589287154068117935e+00
6.556493635209045046e+00
5.126346062374322443e+00
2.565010116754216085e-01
4.135364532869363785e+00
2.127052470196473255e-01
3.254169453225315145e+00
5.818643479084631309e+00
2.833318596864514483e+00
3.864734343837238573e+00
5.791226308832996494e+00
5.884376035321343679e+00
1.055794022177505981e-01
6.539188982118898430e+00
9.837327346515671422e+00
3.324193134976080599e-01
2.789477907109958466e-01
4.739439686363508208e+00
7.569476810507890896e+00
6.637475646352572589e+00
4.716380265016036688e+00
5.928947769431956338e+00
3.015457362231455996e+00
6.017795598370471843e+00
2.957561321632012907e-01
3.208157323138906225e+00
5.529485790810814705e-02
8.770971911653386854e+00
5.684069919050473096e+00
1.040240771749467302e-01
1.935681158107361022e-01
3.276074566814425548e+00
6.725841389325060149e+00
6.578961975609441737e+00
1.090573926337673916e+00
8.297353351895520035e+00
6.407367148721707650e+00
1.350807684117323604e-01
1.838765610465925293e-01
5.733939595789589561e+00
6.015016509911447429e+00
5.557748515619727492e+00
6.389259363336230457e-02
9.710545326580890091e+00
4.644390712939285015e-02
5.760161321896894115e+00
1.375737908879893223e-01
5.987038849477949398e+00
3.278415310274673811e+00
6.207500670002040755e-01
5.678602442263822603e+00
6.195851836060633389e+00
1.844520788712427362e-01
2.168287672171466951e-01
8.799443736411994621e+00
6.160276375373310742e+00
3.169334881277976024e+00
6.004941489331560689e+00
2.188397676351332866e+00
6.840946866915865066e+00
5.942283892542747026e+00
3.750626144411662866e-01
7.324317025134675418e+00
3.968556736545391511e-02
9.984535439307309801e+00
5.857621496904091174e+00
5.402690243146348159e+00
8.222146721080909160e+00
2.070708514573276759e-01
6.154409752791219823e+00
4.650028526265820084e+00
1.951334176204101656e+00
8.862620504873994776e+00
9.693629594389205906e+00
5.465259581506745512e+00
1.554365848025790919e+00
1.081296898808531554e-01
1.234690464769681584e-01
5.861654238206765122e+00
5.220228064780452648e+00
6.302012650713690434e+00
2.784150739398788321e+00
5.696050194466379502e+00
1.538337579397057509e+00
6.353524474185304527e+00
5.772910755643138714e+00
4.394626993878752330e+00
6.617718579665775813e+00
5.420132670442765033e+00
5.310695628579417793e+00
6.554801191994179099e+00
1.337593003382529233e-01
8.752372106807089491e-02
5.882206743059515297e+00
6.733346044575715117e-02
3.730541951204485729e-01
5.099436683147889199e-02
6.438081576139487616e+00
4.338591335194833531e-01
5.877202140886227610e+00
5.263220190893922457e+00
6.336391102406608411e+00
2.105616616298192356e-01
6.252366666671883344e+00
4.118784197369084188e-01
1.231241300602859273e-01
6.546473459593013189e+00
6.510780497261017707e+00
7.689120659193374507e+00
6.066363716252706872e+00
4.344884789928864927e-02
7.093429500190798542e+00
7.316377813190806378e+00
4.196928953487667757e-02
9.484823986941506746e+00
7.191234304754897444e+00
9.335033181948496406e+00
6.281352668691811303e+00
1.079108482875724695e-01
6.315967176753993328e+00
8.671580393486572058e-01
5.648989926658916361e-02
5.382982747664710743e+00
7.349510530146929455e+00
3.368584836881561184e+00
5.954222539998747621e+00
9.626359873314525473e+00
5.735051391842006296e+00
5.732674090857419635e+00
2.848495133972569260e+00
5.860072306619102278e+00
5.005608349059259332e+00
1.319223162560516860e+00
8.831738782938774790e+00
1.872309346463880697e+00
5.817976466354025933e-02
7.369348555286741487e+00
1.051228392267009731e-01
1.788183832174008170e-01
3.729391771065167394e+00
1.078732841354376470e-01
9.046975647220008909e+00
4.964825510293098709e+00
5.562423991493609776e+00
5.953473807541358021e+00
5.163400467593623588e+00
6.449205381786826230e+00
7.513186018559624424e-01
6.390742228907550504e-02
3.587329067344366962e-01
6.351666577650157131e-02
5.190049158021559084e-01
5.924198121163088082e+00
4.568728580947833073e+00
7.521309854485504154e+00
3.997730937833662956e+00
5.359112665428816591e+00
3.932848983336947324e-01
6.525408075987474632e+00
1.655854057542321955e-01
5.650117344819685528e+00
2.639298517470927585e+00
2.630965133661358202e-01
3.564124512773299891e+00
6.658721943414217748e+00
6.669663014626490971e-02
9.438153163645754518e+00
1.106924262534532549e-01
6.168938595372404521e+00
5.939496718285517396e+00
7.072847600842892213e+00
9.184112058455454530e+00
2.529049557309981378e+00
1.435106420832201746e-01
8.836605287589184565e-02
7.424753326317881985e+00
5.667339961045702701e+00
6.119836899903515537e+00
8.788032679559398819e-01
4.979260657288652608e-02
8.784727597110954245e-02
5.728353970116378813e-01
6.066437692585038732e+00
5.938784579206077829e+00
6.181687859262288143e+00
1.594537278959954341e-01
6.091593056432244246e+00
5.662209660394290189e+00
4.827240666173197164e-02
5.330458082132212283e+00
5.942755029412404078e+00
5.254315266834713505e+00
5.348192030077457026e+00
3.733042600798418958e-02
6.327306815274947205e+00
7.109349958130165570e-01
1.455395772206358407e+00
5.855701048271786391e+00
2.073613563789330261e+00
1.024211144094978154e+00
3.038868593643739402e+00
8.633645022353141130e+00
6.511889271139246205e+00
1.074610629363967201e-01
5.554054454178293021e+00
1.400751398042711982e+00
3.773997675452218925e-02
4.679634924285791087e+00
4.150109265420774962e-01
7.357557923531271804e+00
1.705443782175849021e+00
5.461741951603088729e+00
2.779884081072842017e-01
5.805213232714728555e+00
3.863480361753739434e+00
8.285596321772076278e-02
9.006236523477932465e+00
3.628562234324337887e-01
6.220375699378004164e+00
6.836556116826336016e+00
3.919075538964751637e-02
4.616127036897982316e-01
3.977274320434236898e+00
1.661226228077487821e-01
4.500788116083689894e-02
6.256172044598748982e+00
4.754388271077829992e-02
5.615542872063405078e+00
6.446387350465063726e+00
4.276871258239643425e-01
8.861934664494475200e+00
1.042383406832270154e+00
6.170468309116813543e+00
6.252372249732720988e+00
8.098358458233345658e+00
1.284982970002846170e-01
4.490722283098762979e+00
8.317883528355220213e-02
8.631412300560954876e+00
5.621650901196415973e+00
6.395904015965385270e+00
8.381366510777332746e-02
7.617923827782327462e-02
6.722526394246234105e+00
4.763920952973638379e+00
7.530074291289034605e+00
1.322010647986007204e+00
1.682567115329009488e-01
5.627369673743471523e+00
4.544086520117931016e+00
8.139992080064363533e-02
2.568920476104414430e+00
6.036661722492847382e+00
4.275363357657850472e+00
3.746442483732559392e-02
3.737720695674239674e-02
6.755328475084332318e-02
5.918321246898765153e+00
1.083543991398250306e-01
2.043095875980997511e-01
1.625292891711542509e-01
3.943146777875897069e+00
6.922103358877770063e+00
5.364464112307675947e+00
5.127361377812342802e-01
6.170791124315792686e+00
5.600491105981425299e+00
5.367763058548728594e+00
5.691143217271375093e-02
8.008202753026260723e+00
5.604196743553612414e+00
5.535138444618676878e+00
