1.778420116037761067e+00
5.858531612641425745e+00
9.176641028941903144e+00
3.905100875687976369e+00
3.822507027427283349e-02
1.202228164044595871e-01
5.267316070046797805e+00
3.991210780740433339e+00
6.323562208240672611e+00
3.673885231056484013e+00
5.881301002037382375e+00
6.221514372481983024e+00
3.646165615828018125e-01
4.783773224190675855e+00
4.397177039079567251e+00
2.991479745697324333e+00
8.169164172919902711e+00
9.437938996344602316e+00
5.522369225942485471e+00
5.708921476117641447e+00
3.910897043300450016e-02
1.535436653158689102e-01
6.125395983644100539e+00
5.918795386926996305e-02
6.175560800913169196e-02
9.011507416038670115e+00
3.187086432994534202e-01
5.617760620424637752e-01
8.987351574191345449e+00
5.463310947381287086e+00
8.664681215340868548e+00
1.040934008140548539e-01
3.687656816222032452e-01
7.737120044634841598e+00
3.913545090038501872e-02
4.394933720645738395e-01
5.091185495291982832e+00
2.302268750162073996e+00
5.526286496645511193e+00
2.260826861707457613e+00
4.940342049777633804e+00
7.383672769779678347e-02
9.066823493511648457e-02
4.793725261754445965e-02
6.439464775972591148e+00
5.767835911972762908e+00
2.857640649558826240e+00
7.072003368534896417e+00
7.193586582358308057e+00
5.520486040012858808e+00
8.388787708958114764e-02
2.783475836778918633e-01
5.237689115525002492e+00
5.410054385457299553e+00
5.791124257433959421e+00
6.146721384987172243e+00
1.143523694468738250e-01
8.557451490079029388e-02
2.263180265749734854e+00
2.800047327568292221e+00
2.210574358964823571e-01
1.440420228407119085e-01
6.143382609183466236e+00
2.092785453596860135e-01
1.789370267373781909e+00
6.514997183925476776e+00
4.393210651064617167e+00
6.174143248959343744e+00
6.525114116691908883e+00
1.891146809993600741e-01
5.760110158450310713e+00
2.449079888939305505e+00
5.016422642888588301e-01
6.081315620423889179e+00
7.551008275085207444e+00
5.796309666146858691e-02
2.007214803147670812e-01
6.141954808533250265e+00
1.295717282086047972e-01
1.031128703268554131e-01
8.241832570160227078e+00
4.056951108095940839e-02
8.830407333550663651e+00
6.459207593541329118e+00
2.507079394162456953e+00
9.463254487296322848e-02
6.655880443082252462e+00
6.057934383405478435e-02
1.296584149179008105e-01
4.723534937396482031e-02
3.168620411661578373e+00
9.953387510468605925e-02
6.081925755973430214e-02
4.164199491365740968e+00
6.415378745055165588e+00
5.868819548206008818e+00
1.766162397489537128e-01
5.645431927924484228e+00
4.138004764750602416e-02
1.503260697300237148e-01
1.064639120741523448e-01
5.590115594907694607e+00
5.912646726245891493e+00
1.074574794414589751e-01
5.909797640269203178e+00
1.216653394520436221e-01
5.479114480367981710e-02
5.949566174432613153e+00
3.513300291005977405e-01
7.108908264657633147e+00
2.254918943621663507e-01
6.196958269209559944e+00
6.499046712384445534e+00
6.014727851655096380e+00
5.806403565488460927e+00
8.449309655722963441e+00
6.803504354785702368e+00
3.183953279529669000e+00
7.153414557871290436e-01
2.229303167380264128e+00
7.633982936771976924e+00
8.407658770670595416e+00
6.204949742152068293e-01
6.961837047060055739e-02
1.236832030879961158e-01
8.140668811676368577e+00
6.637090298809996902e+00
5.695825914207502949e-01
7.783397086589992353e-02
5.173107045888579059e+00
3.003594899728195822e-01
2.989848727592905875e-01
9.018446893931288955e+00
1.069787521717310286e-01
2.059923771408369575e-01
5.875695351186612653e-02
9.684608052340668016e-02
6.610645764903827271e+00
1.340376013045946113e+00
7.759067714913295277e-02
6.235507238110479022e+00
6.870050216329772752e+00
9.035599084100219613e+00
1.730843928389540765e-01
1.878972439880176593e-01
1.122618023455967950e+00
5.125778519867859373e+00
1.084148931985696951e+00
9.097233045962635600e+00
3.802668934449987326e+00
7.058185833474182935e+00
4.574474726843051620e-02
9.087030743911582442e-02
5.106293947171851144e+00
7.137066895305716585e+00
5.850309872307288828e+00
6.362178769176461302e+00
2.852380867278418108e+00
5.548695766557619535e+00
7.173085572862738957e+00
1.925488947895090952e-01
4.884180165703656817e-02
9.519922205092703038e+00
7.783169903761119279e+00
3.003631225211828681e+00
6.573363538036372411e+00
5.834102768060588140e+00
7.108684922284280727e-02
6.893616020484378382e+00
2.110995152666298169e-01
6.135974127294073099e+00
3.553940823336044108e+00
5.567964595055517663e+00
9.488408444535180453e-02
6.597492836338016531e+00
4.807922159326500910e+00
5.747182526352554000e+00
4.210712194801267572e+00
1.218497707875377811e-01
1.483617754079403772e+00
1.535978714650739096e+00
7.751768379348686899e-01
4.152004120384071406e+00
1.269345195890942690e-01
2.799062100780068119e-01
5.951613048793489291e+00
4.673185729636658570e-02
4.139091943333296442e+00
1.743075177429708467e-01
6.331498080304096554e+00
1.732742285838869412e-01
6.706138313265262774e+00
3.872485003101313605e+00
8.219987299655963753e+00
5.693345326029492171e+00
1.055511246449399032e-01
6.661049634678367859e+00
9.372734148690122780e+00
4.995683820201722192e+00
9.694996758680579418e+00
1.012724008091576922e+00
8.959092325937373147e+00
5.503127825162752451e+00
5.211946612920029587e+00
8.838635253242107526e-01
5.846418278788172884e+00
5.103393092674489040e+00
5.412367950516573600e+00
5.169041190105330585e+00
6.269015156395922439e+00
8.641862509856299113e+00
6.625005765795274115e+00
5.548586421811017466e+00
1.512692733611391005e-01
5.389273450426480122e-02
6.568459646028749432e+00
1.539062000774344297e+00
5.582393029521617756e+00
8.330561395577515404e-02
5.223409367403576004e-02
6.042989772280852101e+00
2.415403916767365988e+00
6.186621950625344368e+00
6.071860275073174051e+00
3.733072837561798307e-01
1.260940547585424509e+00
1.391564651235227768e+00
4.003520678061138760e+00
5.796748799327828827e+00
7.360956432768766433e+00
5.996452928414657713e+00
3.499306334426524945e+00
4.771793267069360134e+00
5.718042793040745586e+00
1.077687030601585660e-01
2.558020699439972123e+00
4.846404376523923752e+00
3.746578386121600879e+00
6.182445143587204761e+00
5.253138859526151894e-02
1.447244877141506958e-01
4.189175950381149427e+00
5.352484216274888240e+00
7.282340874575803091e-02
6.126349717160854524e+00
5.701390473563116429e-02
9.940915966391318526e-02
5.636956162138161197e+00
6.470869065040825596e+00
7.489734695669261200e+00
6.202658417038826144e+00
7.974106162888897842e+00
7.002957304011225848e-02
9.096720980380262889e-02
1.021531803096708269e-01
6.320460840115750933e+00
1.916348679756042950e+00
6.035147368793722045e+00
8.737399654044793351e+00
5.851943599447969824e+00
7.116119198204863494e+00
1.195434263151469445e-01
6.111003022927535611e+00
4.483907966038398030e+00
5.047646721604468922e+00
1.590212618271707457e-01
6.149208770698868065e+00
4.743726277875394359e+00
1.513152918461964647e-01
4.348919876968107445e+00
6.737164922283917612e+00
1.096011344236902385e-01
8.062814352152033237e+00
3.613115453469681326e-02
3.473882247770329279e+00
5.420937600461209982e+00
1.051838514929598484e-01
5.517797370148175951e+00
6.072172095866390507e+00
2.847234476582831686e-01
1.870237315047273141e-01
5.508446738227226747e-02
6.329118779284890195e+00
9.004691528789708244e+00
5.862970090283481817e+00
6.917888151314069312e+00
9.115612240794916665e-02
1.146076686522075061e-01
6.371710876122124390e+00
6.047632827498325980e+00
2.955715043074467752e-01
2.185387351355487784e-01
4.268731958897386214e+00
9.142063262884338570e+00
5.458981778303103383e+00
6.897335338843190833e+00
8.975734323398336656e+00
1.543560793763159023e+00
4.544793492296412413e-02
8.652817012664246188e-02
6.200173592193693572e+00
6.590712578322845516e+00
7.064369169913945257e+00
5.814625837603751179e+00
9.927016849879578331e+00
4.581031164986489657e+00
4.461387720737867990e-02
8.072558742506905083e-02
8.427455210620051318e+00
5.829502954968488915e+00
6.723658598997809044e+00
4.048814721661455618e-01
1.789468492349444606e+00
5.603336907030137759e+00
8.500234583811484557e-01
7.707923189881098203e-02
7.435244805137392277e+00
9.408967970535952574e+00
6.618333100113673595e+00
6.328264665461917460e+00
6.188074874100411904e+00
4.550575467685444409e+00
5.627084251804244985e+00
2.312415867879402231e+00
5.911137020910580908e+00
2.709819342872275549e-01
1.472757787341426594e-01
6.020305197555109622e+00
6.166716012073342412e+00
6.132509717784376591e+00
9.856258933512097864e-02
1.199740014381090875e-01
5.796677024408879858e-02
7.967441769227220916e-02
6.361078754523267875e+00
1.174935011450545380e-01
5.724795920480167055e+00
3.339300715952220333e-01
3.643731467354604625e+00
5.609036147128080074e+00
5.511416226714655586e+00
6.714184881573182828e+00
8.412874398777509199e+00
3.695549053158650121e+00
7.607129458509324316e+00
4.835936579749199993e+00
6.892616039959738317e-02
4.971495753155023678e+00
5.148685700429606271e+00
6.438650572201898292e+00
6.281398448574753601e+00
5.502966484682226406e-02
4.024020872236969915e+00
5.478348226710375718e-02
6.997118328719083458e+00
9.508047638806253588e+00
5.639824641483952128e+00
7.231464794989651557e-01
6.885372655797758479e-02
3.811003788513587370e-02
1.462492040847300501e-01
2.341664169596946898e+00
5.620953803713967467e+00
9.608798883040059025e+00
5.949384649021429716e+00
5.889244493181192475e+00
6.113160308521209174e+00
3.835602846452589726e-02
6.151663064419590654e+00
5.887290505387596795e+00
6.620716948938707880e+00
4.464926403596785498e+00
6.571106453923047930e-02
4.820720172043716639e-02
3.914173230388201530e-01
6.264940924250296916e+00
5.606460302586258493e+00
3.371380961121657194e-01
1.963295102120871660e-01
5.943175133048983483e+00
6.179206079718699840e+00
7.520995022549814557e+00
6.383078121113451964e+00
5.219956287727837818e+00
4.556492401598020159e+00
8.700321007948033092e-01
4.660652084479000035e-01
8.964873560081146664e+00
9.081801441275336728e+00
1.738655209524838874e+00
2.150198038771415909e+00
6.532386911561284537e-02
5.289520048933330720e+00
1.400921451762845993e-01
2.022280571250225367e-01
5.089822944327274890e+00
3.504972942941213088e+00
5.700392406931260147e+00
2.444052056337758572e+00
6.747353439279133447e+00
6.686139039604412027e+00
1.865721431603995617e+00
1.331089250329413887e-01
3.061928514669914225e+00
1.692857918648168924e+00
6.726687342687006854e+00
1.832827716268893015e-01
5.044575349719423230e+00
5.909625730290392731e+00
6.807783207716675000e-02
4.655527035814345238e-01
5.343025005340121147e+00
5.133057495034901940e+00
8.900857657067184903e+00
1.374177451947836970e-01
3.756058629757168255e-02
1.388027239954910674e-01
2.009954343984619918e+00
6.295567777277931043e+00
1.645706276294063963e+00
1.357708270486373270e-01
4.144411097708426084e+00
3.583368492641074710e+00
6.360311890347809971e+00
2.796031808661056051e+00
4.435318535431915232e-01
5.904200202169566758e+00
6.109785833741173455e+00
9.471916453612294617e+00
2.435550887968284783e+00
6.458179009995901332e+00
1.267973709493278311e-01
4.935372949312000213e-01
8.637910579141637513e+00
2.320940446168276439e-01
3.989746863137560301e-02
7.093821369316655190e-02
8.271154077576134966e+00
3.794876620807188100e-02
5.951490683934128612e+00
3.636813487781897364e-02
4.552912400188880576e-02
3.462439707508665476e-01
3.800257505810861192e-01
6.011351800238999843e+00
9.406000210002684270e+00
6.323823951686969203e+00
6.730896571890882640e+00
8.411567371906848223e+00
6.523838233862257141e+00
6.821866644428786763e+00
5.970061368076757802e+00
6.204516172578190769e+00
2.279660669870009038e+00
6.192881049825943229e+00
6.690101862191412119e-01
5.965650593989753503e+00
5.540048591576167247e+00
3.301590652565189909e+00
5.482215694351144641e+00
5.552178129379014671e+00
1.671935535667968542e-01
1.825341480036726249e-01
6.574880811180721096e+00
5.584678124800454668e+00
3.213011544938413788e+00
5.811363234946575140e+00
1.756233185707222755e-01
5.875086253343647869e+00
9.850835084562525878e+00
9.642167952949474596e+00
6.298763415663799492e+00
5.618885742065176991e+00
6.254992650375133856e+00
7.040178500091331948e+00
5.627177568871481128e+00
5.662714999726296661e+00
4.254082972423820941e+00
8.802385152563456661e-01
6.826892323521162320e-02
7.960409391347039509e+00
6.281080736581404977e+00
2.843638854983768782e-01
2.252081961993774417e+00
3.963399295802421535e-02
5.917852856582774379e+00
8.668647928581979301e+00
5.252323143087433283e-02
9.089085512218220142e-02
1.540100412258389451e+00
9.385298161501053338e-01
3.324396709332192223e+00
5.226996772579007633e+00
2.044070390870979803e-01
3.442542299313864795e+00
1.163704297020734940e-01
6.017926677642786437e+00
6.837403836830144299e-02
5.459341850575280652e+00
5.422549883414057525e+00
6.711301811226093317e-02
9.613734382765638742e+00
6.984852981005897021e+00
6.878933109085973108e+00
9.412570092612087436e+00
4.650560020567580388e-02
6.850668189513876849e-02
4.955933470491344472e+00
3.617242750006940954e-01
1.113901152233580383e-01
6.216551987575051896e+00
6.604140987861596201e+00
6.133227373706556129e+00
5.427487700232234147e+00
8.031078659711211876e-02
5.485184183553320381e+00
6.098173346166793074e+00
6.023806097057346598e+00
5.613158147416014820e+00
6.239182249495152099e+00
8.921660571158916753e+00
5.953074709493733074e+00
5.276848428403765112e+00
5.700204419145216583e+00
1.649718848880858513e+00
6.610064724992758656e+00
2.720317354685738986e-01
2.195522403218922225e+00
9.832456734675400212e-02
8.156050240967602227e-02
5.985593481208685951e+00
6.686073595422106663e+00
9.124975971384873930e+00
6.160596370558398149e+00
3.742756128864539011e+00
7.912833776729445212e+00
8.377280285290142348e-02
3.565492291215262899e+00
6.808774513554706864e+00
7.783236271361495540e-01
1.915067444386317597e+00
8.533141905265317906e-02
5.511664043473289532e+00
1.574048698475520591e-01
7.389904213595213656e-02
5.092224440540118913e+00
1.140809058428653433e-01
7.093184650443641104e+00
5.722096688058751823e+00
6.705869614350546959e-01
4.692614835646184007e-02
2.623123913600682755e+00
5.759691021506970543e+00
5.838375903722824861e-02
1.198805569781837416e-01
6.609099056113491244e+00
9.980486697041799360e+00
4.727553524347352543e+00
6.386216178872640370e+00
5.446032362097377733e-02
5.995206706617977055e+00
6.740005880981728481e+00
1.780966682579842586e-01
6.076027182576012819e+00
5.378460849068363636e+00
5.548866046703774479e+00
9.760520075426747155e+00
8.545243443579211728e+00
4.214444264297546816e+00
2.987194671580657435e+00
6.316741083075296359e+00
5.693369584970426445e+00
9.494740781664677554e-02
6.639439434668785722e+00
5.259807293267696693e+00
9.923829265476065586e+00
1.418217192838246432e-01
6.795124325881773508e+00
2.410156903675298168e-01
3.241976292386933967e+00
5.702715490091939010e+00
1.924992157314759700e+00
3.864749409314473527e-01
9.825551364778661867e-02
9.204360262338926901e+00
7.246808894604517270e-02
5.609283152879582346e+00
5.514274098139260616e+00
7.128385288123824104e+00
6.942952118952455676e-02
3.819697341476608443e+00
6.325639277424631501e+00
6.181017838276710918e+00
2.669630262862811576e-01
5.513219726071344695e+00
6.145336743264340207e+00
5.138403266526572200e-01
1.718798838398556406e-01
1.583193242533122436e-01
5.550468536951677301e+00
3.599985009708286249e-02
6.158722435420640018e+00
3.529755615045155476e-02
3.887170363329551376e-02
6.849509031076203236e+00
8.202974110415706122e-02
2.527801168431952350e-01
5.585663152613997262e+00
8.895893748013314450e+00
5.536038965128907030e+00
1.962385452077737735e+00
6.080111147550291584e+00
3.043776105199356596e+00
6.544125019421996647e+00
5.677536483599197048e+00
6.641618242308415521e-02
6.492731077652307725e+00
8.585993685272556852e-02
5.820346729461805424e+00
7.287617020183246197e+00
8.839630445158233596e-02
9.730970070469865618e+00
6.823402573451466502e+00
3.725113102216050243e-02
5.395005961422206120e+00
7.774540380633423453e+00
7.688539016738034360e-02
6.354789340905242057e+00
1.045497441820197326e-01
9.367251510881235532e+00
4.116835510342980314e-02
5.735240973473378467e+00
1.180776080638762382e-01
1.326910853552707714e-01
1.928888700813542911e+00
5.518633234851500369e+00
2.206032497141658666e-01
6.489461487863585454e+00
3.856181896328857855e-02
9.622022973203130103e-02
6.156303922509204440e+00
7.358814930557245226e+00
4.214025681592507233e+00
5.746535436603090297e+00
5.578886113418123571e+00
5.562740969337594876e+00
6.651539689742852479e-01
5.737359136436443130e+00
1.166306573736826946e-01
6.221307857819931009e+00
1.172770446272526912e-01
5.877644774485946577e+00
6.042407835242932457e+00
2.752439293707908963e+00
5.036894975564375904e-02
1.588285265670131285e-01
6.137437447563756976e+00
3.052012883708037805e+00
8.277616132601881560e+00
6.722442463041953253e+00
4.569414395065352963e+00
5.757384167671443009e+00
6.039186692186616412e+00
9.709392370598612487e+00
5.684050921880840157e+00
3.867492318266025492e-02
5.828943791495657223e+00
9.546134084114683560e+00
1.499928349580968434e-01
6.528479824289150635e+00
1.444546197753384664e+00
1.558367288770482473e-01
5.100197699475512714e+00
5.398667230021707120e+00
4.422633224963948284e-02
6.890174817527634943e+00
5.714733509341901829e+00
5.459341452418426499e+00
2.951545304541179693e+00
4.559960892497887386e+00
9.300786352994785844e+00
3.035488111568117819e+00
6.229041926585985323e+00
2.157508333397939460e+00
8.213845123055941500e+00
9.886698344150500972e+00
6.087459046928302975e+00
8.362307087370183467e+00
1.267828241769602127e-01
4.790165892131958536e+00
6.225028302173549299e+00
2.802187909860396342e-01
6.595552713303123760e+00
3.580972573055940966e+00
5.999839787798141089e+00
5.410296141473584619e+00
4.037554106139515042e+00
6.713810023046661968e+00
4.874962490676232107e+00
9.876339492654595986e+00
3.472359359612956720e+00
6.043136711738087641e+00
5.244673745385548536e+00
1.564583242721819367e+00
7.255515384645066845e+00
7.775062862393007646e-02
5.217460172687684583e-01
3.321234201710211664e+00
6.762980618255727272e+00
1.938557396974879721e+00
5.340811750222610677e+00
7.857761023169828718e+00
4.579831092880568000e-02
5.762852481559398221e+00
5.562176665127542385e+00
2.113150016829669353e-01
3.346896384476524822e-01
3.643085469309277624e-02
6.271221073305443205e+00
5.268654927949567579e-02
1.792107889595694892e-01
5.617839054466858606e+00
7.218503259379498160e-02
2.720744071495634131e+00
9.916183957491495060e-02
2.999553463700624367e-01
6.182950138604542678e-02
3.945859397395439783e-01
3.433704175602761310e+00
5.144925668917518097e-02
9.473630925924826585e+00
5.665194599988930158e+00
6.305946255109600607e+00
9.139697984929917141e+00
4.568066590259772575e+00
5.865447448312501422e+00
8.060228885629927120e+00
5.304942535856178587e+00
6.439789242857350438e+00
5.972536622236464865e+00
5.428681530570669267e+00
5.962403072242454805e+00
1.041753692073548315e-01
5.803677888822649678e+00
6.481743524005505463e+00
1.396355916106191142e-01
8.235124679321215169e+00
5.697756483293965779e+00
2.324887633320253943e+00
2.141626187368174783e+00
7.731459772526551255e+00
6.455341632649282957e+00
6.520244254325255895e+00
8.078020384820698396e+00
5.788011846689114392e+00
2.112425866634016991e+00
7.832092893879058160e+00
9.886382451389911452e+00
6.235382669750085677e-02
4.079633420540207389e-02
9.029360041884484378e-01
3.239448360607355970e-01
6.119555274519851373e+00
4.632579354389697812e+00
5.365275348540618494e-02
8.484590771372463536e+00
9.305788990981783471e+00
5.955972993840077834e+00
6.288089657777974628e-02
4.250594462310564037e-02
6.095040110572068848e+00
6.318898517497621992e-01
8.239195995175579768e+00
2.304126643707223643e+00
6.186702111011007865e+00
3.470534293179842411e+00
6.416251276497643374e+00
1.301372980311785998e-01
6.248287172185579053e+00
3.048514026576664371e+00
5.752087123500398747e+00
1.482787742532958863e-01
5.654642174353806006e+00
8.885365836501239734e-02
5.930657197484125120e+00
3.650457026437495950e-02
2.712737062549196221e+00
5.839394787170760992e+00
1.702465854206196005e-01
4.174286793033402110e-02
6.586292739002876040e+00
8.675713196105988345e+00
2.289689632654474116e-01
6.243430980548702713e+00
1.435957975802256037e+00
5.412315579559787149e-02
6.654997168122500639e+00
9.264094396490873962e+00
6.411428423412265154e+00
9.942016385119769595e+00
5.853178543707485026e+00
4.824326856176358591e-02
6.721714193844344543e+00
4.751652459240473192e+00
6.309302221978974501e+00
5.777452644513393132e+00
1.196010607543236681e-01
6.274927810876977652e-02
3.688355601539675815e-02
9.925335411725557222e+00
9.358034577930158804e-01
9.068436132069340516e+00
4.901889445654797894e-01
1.762754796564615922e-01
1.230064057163270608e+00
4.962898624017961779e+00
6.216079762458902813e+00
7.116146229876709306e+00
6.480608150850408755e+00
5.904213424346615113e+00
6.419657569429900512e+00
5.955603657132086504e+00
5.725751667865038641e+00
3.231438500109807266e-01
6.794700620320985429e+00
5.913005086717567416e+00
1.346380719554401972e+00
1.187510701226268950e-01
6.492962183736250559e+00
5.618629406622296152e+00
2.602023333956573037e+00
9.842107101262152824e+00
2.511747979818653720e-01
9.332511612996068351e+00
9.065776249145038435e+00
7.885247648184466662e+00
6.670688119627253165e+00
6.970487545249437922e+00
2.172540203388372282e-01
5.053068346889611817e+00
6.014136515344408629e+00
1.955046376543347064e-01
6.077869771861757364e+00
8.136700031804560140e+00
7.027724141440913286e+00
5.402787274130663953e+00
6.018963316623238136e+00
4.155971770903065909e+00
1.912947144476802919e+00
5.964814060781703731e+00
4.334083684284936733e-02
4.484800279628307212e-02
3.532537664720755005e-02
2.173085092399394957e-01
6.143874387074034438e+00
4.690523739719647256e-02
9.218441429180174396e+00
4.583674723219963720e-01
5.846505817472822386e+00
1.397200458285134950e-01
6.341717061183868576e-02
8.262010020235893037e+00
5.083330102400304362e+00
1.470719034671684078e+00
6.017747354635414325e+00
6.131187726506304614e+00
1.817771539441950523e-01
1.132657984621144032e-01
5.936440645182442744e+00
5.696997602379892278e+00
7.649080005527100767e-02
3.852001099027951181e+00
6.740692977569534561e-02
7.673810654235693751e-02
2.797668826621604321e+00
8.343329734916457019e-01
3.441539877473955400e+00
5.111360649563217784e+00
4.155909499589194311e+00
3.803138036196020977e+00
1.565401554223536940e-01
5.251473316754585063e+00
1.132296746893979300e+00
7.687448462508263525e+00
5.967482624274060399e+00
5.088792277515033824e+00
9.458050974966599966e+00
4.831379002870565209e+00
4.891287409619347493e+00
5.611187510033301074e+00
8.077459400172278592e+00
6.164238224147358558e+00
2.088338204540024279e+00
5.903942392446112741e+00
8.138818132743351086e+00
4.847354191972556847e-02
1.765737758131669555e+00
4.985950137959671125e+00
2.201876560414564032e-01
1.824092881655148490e+00
5.645326869044010820e+00
6.859476455391498639e+00
6.127504303398485064e+00
6.108734458117660165e-02
8.336776326141745130e+00
9.310428487086479521e+00
7.993229381650545307e+00
4.358069946010892370e-02
3.530537536517965425e+00
6.754300395652579780e+00
6.424778233177516285e+00
7.324624973206348422e+00
3.120315020255156613e-01
5.606775951069305819e+00
7.121212412519800417e+00
1.573333304025155144e-01
5.817150677344464782e+00
6.576017134058970370e+00
1.324724948202450792e+00
6.156545978446631651e+00
4.330360940641604650e-02
1.713838621552645769e+00
5.862481616050540190e+00
7.599429635345290868e-02
6.441365845392009959e+00
7.850492313468712124e-01
5.841759955900960755e+00
5.275741392191819479e+00
1.046830370973833857e-01
6.869067311164152478e+00
9.189327664231694115e+00
8.747133085226353744e-02
4.715975421479679852e+00
7.102450618448149733e+00
8.749338604538065001e-02
4.992228736980944603e+00
6.049325795259967720e+00
5.491785379869452283e-02
5.295191517064826492e+00
1.575125015798440442e+00
5.446284925453472425e+00
7.977368938087674166e-02
6.373893865706787842e+00
6.500612972631403252e+00
6.340086823334139865e+00
4.180150828119076678e+00
1.122432225959177243e+00
6.500156028594069602e-01
5.705904114521433146e-02
9.903346802940228955e+00
6.927755736047044310e-01
6.172563345836613813e+00
1.747101490379024069e+00
6.408325924081745839e+00
5.283155463257314111e+00
2.540563506925078929e+00
5.297580522254847324e+00
6.340107665742919174e+00
6.127418038741771156e+00
1.631147600845191947e-01
1.486158031100011379e-01
5.078252145756654734e+00
4.163444884073870533e-02
6.443133816917338663e+00
1.615639657251274619e-01
6.634837218139589154e+00
1.005887361488161796e-01
3.928355822012525311e-01
4.441622176133596334e+00
1.185157853663550698e-01
3.761197926463507452e-02
6.011773828011258480e+00
5.713655978875412877e+00
6.338091415990161626e-02
6.311063447308425722e+00
5.882332441072144036e+00
2.353381445254313364e-01
4.471854156128086677e-01
6.511876565161511810e-02
5.819791618528946664e+00
2.054901170610932581e+00
3.406743874468716626e+00
1.575633368015642244e+00
6.246954306821072223e+00
3.749354528836377765e-01
5.785695995430468308e+00
5.153804514501528544e+00
6.023988943641210625e+00
1.420057970038793027e-01
6.010919955619258737e+00
5.341938336971743112e-02
2.219738145431293941e-01
6.265770304075690689e-01
5.856549380651695280e+00
8.090972944539004175e+00
6.425991888878908043e+00
6.201276244773310964e+00
7.878794673868416698e-02
1.531813319880447777e+00
1.727323958435132756e+00
