1.133140820239463942e+00
6.359887591382602956e+00
1.285885863131691065e-01
5.540607285679866933e+00
9.773228871474035073e-02
5.671794925626870432e-02
1.183825663071547352e+00
1.309794186959822582e-01
6.273317472517424775e+00
2.308487819427403609e-01
9.093191082176756979e+00
5.774730560482655761e+00
6.781613092315736502e+00
1.024048979449692226e-01
7.064077516162613257e+00
6.159753334687569470e+00
5.783066984045138526e+00
4.991163488401320514e+00
5.192609609655490566e+00
3.902633063652109768e-02
1.086802758745369912e-01
5.853677471167575419e+00
7.995842135434587661e+00
9.153577025534111178e-02
7.350649700482470017e+00
3.595551801648600582e-02
5.363408315857694925e-02
6.310784377967562087e+00
5.549731941900106769e+00
7.470467345031761575e-01
6.577472898388716516e+00
7.388683563269685117e-02
5.409175760082880480e+00
6.486496490980654173e+00
5.449080356529235836e+00
6.691679027403383273e+00
8.280784606224255384e+00
5.994909401328681053e-02
9.271512029873869853e-02
1.866659655586416777e-01
1.409957695161713209e-01
5.454827409159622498e+00
9.571097184966320670e-02
1.015157342520203176e-01
5.618520658157716063e+00
7.506046363095669527e+00
5.086156359456238896e+00
6.170832238392130797e+00
9.804800135761154722e-01
7.142758988085441629e+00
2.208161147698083138e+00
5.721124451941641098e+00
4.288863528203410574e-02
7.400497590109943680e+00
5.966232542910876457e-02
7.442226731305764176e+00
1.972732400984071599e-01
9.769577099437169565e+00
6.160707451251242084e+00
5.562237685120652309e+00
5.080552621123983315e+00
6.161642734662208021e+00
3.100070039916036801e+00
7.062036920123657247e+00
4.068721443015539840e+00
2.297026221138072366e-01
2.480174749577181537e+00
9.118774040991580065e+00
5.625873585940452060e+00
5.852143933332150993e+00
6.165097997249264772e+00
6.599104797665006572e+00
1.105539796642336092e-01
2.854034692109070348e-01
9.329115051960244764e-02
3.729712408659394463e+00
6.294881903998033046e+00
1.860429775226130289e+00
5.327495152270938839e+00
6.517748988128037269e+00
5.384226109896937729e+00
1.679361029588558318e-01
5.015601177558300705e+00
5.426369126223551831e+00
4.021165615867634130e-02
6.007733184421713002e-01
9.215853594952594818e+00
5.220804913067065733e+00
6.257902531774875321e+00
6.344178298582994202e+00
4.842770785703867098e+00
9.286911528774481894e+00
6.954691247169333401e+00
5.936605430807214923e+00
9.705345237538345771e+00
6.556343418044294324e+00
5.866837609488189997e+00
6.517701904455380557e+00
5.460968646004882743e+00
5.842941348080148423e+00
2.397452126363427416e-01
6.268284874984392019e+00
6.769527543732101194e-02
4.560286284872351992e+00
9.237018227749834720e-01
1.261799664638430851e+00
6.052881643677898715e+00
5.779638288256828460e+00
6.451515424012886690e+00
3.351214359589400171e+00
6.994053544632077291e+00
6.320901684593612124e+00
3.231615061041975157e+00
5.621191505337428396e+00
1.478046099435435523e-01
6.295070630241428766e+00
5.861033492529691635e+00
1.758028794763741409e+00
1.910880435934922128e-01
5.648633845572406109e+00
8.164146648409074558e+00
4.349936679280562934e+00
3.883749394166403912e-02
4.663198105294529938e+00
2.470933089127992921e-01
6.333064271618893404e-02
5.626593828863749813e+00
3.920714242200495220e-02
6.483763996317635225e+00
7.112521823986876157e+00
6.512597281590503329e+00
6.600214436316886868e+00
6.637162992053556587e-02
7.157983690051421988e+00
6.088027942934826520e+00
8.419115758658819004e+00
5.928289796052876426e+00
1.645728996252059650e-01
8.387020736027741563e+00
7.263635788509240854e+00
4.695383574041985142e+00
2.820996775743554341e+00
6.310814123882729554e+00
6.087894635154959211e+00
5.719283607870081276e+00
2.951788629946673570e+00
6.087947055993534917e+00
6.391330221466429151e+00
7.328803832144024921e-02
8.120488913672611275e+00
8.410556787178348870e+00
5.716595353345854669e+00
9.400527328952456685e+00
2.608005004226746859e+00
7.365596100525322043e-02
9.973274846851767350e+00
6.934608677933522258e-02
8.054220214766020902e+00
5.902974815882859438e+00
1.492457426923647912e-01
1.108681153014952292e+00
7.555866475178366848e+00
7.722833804116547185e+00
1.097037940371243803e-01
4.894774373470430540e+00
8.605806955149297721e+00
7.635868377743804558e+00
7.588687049470367540e+00
6.723559338029872379e+00
9.219326514213092849e-02
8.510025969837130277e-02
1.829512462038109355e+00
5.555732275123966168e+00
8.574332899473125380e+00
5.627265782647217662e+00
2.035756388404313277e+00
1.319850355338574588e-01
6.344965167670997275e+00
4.175072958876333118e+00
5.438940335376432955e+00
5.344319601884058635e+00
9.534716181931530699e+00
2.444390399063338937e-01
6.191136267965852841e-02
9.673062627831920945e-01
3.690577748393530227e-02
6.097486815500142932e+00
4.410158640295011034e-01
6.604804854066543385e+00
6.669992170180979230e+00
6.849162306141785839e-02
9.377523336929003861e+00
5.534164814624821460e+00
6.506918055916594668e+00
6.135009533259120573e+00
6.686992430640424701e+00
6.780899594354389492e+00
8.526264000634170559e-01
7.603184068863666489e+00
6.660030728488479213e+00
6.891594422632795869e+00
7.783565580593909239e+00
6.671626528156664182e-02
6.441198215493360912e+00
1.065236606044730194e-01
6.277965917974977827e+00
3.744824253263989711e+00
6.247190294712686054e+00
7.340261059408278443e-01
5.742501637252389379e+00
1.478733944336116657e-01
6.561351112442675770e+00
3.951606207683065752e-02
9.050068651674454401e+00
6.391644788179389636e+00
6.894081576099088393e-02
5.561723145613504116e+00
5.788219802277823511e+00
6.977330771827219280e-01
1.003582854128903246e-01
6.361260472094588003e+00
4.270094099061326476e-02
9.272859885679475556e-02
2.466854104523849844e-01
1.491754977363477508e-01
4.040959250170709893e+00
4.798739061924327309e+00
5.261536382128015887e+00
5.666019501231359001e+00
6.019543869008380454e+00
7.324963141573808123e+00
4.720004851177545646e+00
5.905472092672047424e+00
3.004840035871994552e-01
4.081067464434543268e+00
4.027808541568531769e-02
9.284533637819892604e+00
8.350111147188524208e-02
2.735599525380833175e+00
1.166426097125892458e-01
5.842059855781484679e+00
6.030823904855769690e+00
5.158235943870723261e+00
5.113105013353876238e+00
8.669150333214783899e+00
4.935232928766184024e+00
1.736191508859146748e-01
1.215333158356406568e-01
1.011279227446617024e-01
2.734238030928632934e+00
6.388690523285090350e+00
1.466515944459977627e-01
9.057204516660156912e+00
5.563571514976780819e+00
5.567338750649285295e+00
1.650333069901435579e+00
7.002230981749661964e+00
1.128133579548637355e+00
1.921115132486413524e+00
5.373243932497147490e+00
4.301941942204619979e-02
4.561799589910448205e+00
6.379550810762825819e+00
5.592671217176432563e+00
6.419287452950152684e+00
6.250790436760087943e+00
1.716622057416122282e-01
7.600865369561761398e+00
3.027939436775330950e+00
6.058423587341733807e+00
8.631989747245839339e+00
6.345190646399759160e+00
4.653972893297005697e+00
5.734174083449248421e-02
6.479186563490479944e-02
5.810702090070608783e+00
5.493764076721115330e+00
2.187958245614052277e-01
6.705381320967386038e+00
5.826469338021549760e+00
6.265784211302928064e+00
5.745829483689736783e+00
3.164753219250448613e+00
5.302690523396292654e+00
4.329772226068395291e+00
6.632533768024271303e+00
7.772240894474752304e-02
6.646605594685071949e+00
4.557962135748388488e-01
7.243112999933726925e+00
1.568764073431247741e-01
6.417173812685779410e-02
4.702030245757285343e+00
5.226353449027963727e+00
4.772993017189550713e+00
5.346171413745137713e+00
5.711227020752366990e+00
5.411518133685325971e+00
3.954573557449737375e+00
5.784584510570345728e+00
1.357775808685315888e-01
6.146874017028844506e+00
5.915677794143644697e+00
1.887401645315759657e-01
5.528299016367967111e-02
8.742495900793146646e+00
6.731693703229793435e+00
6.765784513046942727e+00
9.567237264941883979e+00
6.293689301225554367e+00
5.784548593868707123e+00
6.456237010460742276e+00
5.350030963452214294e+00
6.753626217322823422e+00
1.998957174456829966e+00
7.546850524786717251e+00
4.769146924499390039e+00
1.672022442769828809e-01
7.393791086341550134e-02
8.753203377422758891e+00
9.770506648972673958e+00
6.203512324930608557e+00
4.145630166924250265e-02
4.904290534973464233e+00
5.586217832844231346e+00
6.366107687522383429e+00
3.459594259884830159e+00
5.541133808586764964e+00
5.332822872992788454e+00
6.004462077417325183e+00
6.340344965582115577e+00
1.208693347244704508e-01
9.429315690495315039e+00
5.951084674692687315e+00
2.837665312804255269e+00
8.354998949145144849e+00
6.260525022485501800e+00
6.740811435204753899e+00
9.603026771161506048e+00
6.058713018667954309e+00
1.659814662261858143e-01
8.665809163898792633e+00
5.587607073264618585e+00
4.330474198062678748e-01
4.478836758517399930e-01
1.460723900750833248e-01
5.706054801725201742e+00
6.661831129976675037e+00
1.102365480021430866e+00
5.188360378900686021e-02
6.169185015474516476e+00
3.498492996590880644e+00
4.260516293911326136e-02
3.467173083144366341e+00
8.033968826704386557e-02
5.800513150275835805e+00
5.602889351023732090e+00
6.290078401893516968e+00
5.857984349345055186e+00
5.954902715026600291e+00
5.607663959169456369e+00
4.881867833549458524e+00
3.559156316744221726e+00
6.257218154849283565e+00
5.600329135944152187e-02
8.853555715340716503e+00
6.191605969239254215e+00
6.225262099066781296e+00
5.336550631448972126e+00
1.454205019408717214e-01
5.785639022454880376e+00
1.629228114568842811e-01
4.883414202354626532e+00
1.588287632490113788e-01
5.698190843852518839e+00
5.098160364163828451e-01
6.212743707754509792e+00
4.276435515351712624e+00
6.315987891597948156e+00
5.946761553910289599e+00
3.890834869006034147e+00
6.907736547218618739e+00
4.151917571664127671e+00
9.359314806694785105e+00
2.844711573735144050e+00
2.680274749315125327e+00
1.695043701755726551e-01
3.825129313592965929e-01
3.689325522258007223e-02
6.156983964198313508e+00
3.455991406910672858e-01
1.318449640576715709e-01
1.802180576070616658e-01
5.794225321258394956e+00
9.104559076783310445e+00
8.038032734724059880e-02
4.974609823229681815e+00
4.947627544425023061e+00
6.423136043565865094e+00
7.496241854170713204e+00
5.305149611819916622e+00
3.305578276715905872e+00
5.828447215094222145e+00
1.573198383721622073e-01
1.208542182560149669e+00
5.608762032173453704e+00
5.538360610998044997e+00
9.906331063838139106e-02
9.712047414039602700e+00
4.655083070750884566e+00
6.253065273074043695e+00
2.630386727766132804e+00
9.352566293431207711e+00
5.614393799421860010e+00
1.168511275121021098e-01
7.135216561228781451e+00
5.789852942113305367e+00
1.791998732389745996e-01
6.302643511496892614e+00
5.878029044312823359e+00
2.265890423478388094e+00
6.291848057669178651e+00
5.457539783579495873e-01
1.476581645105864704e-01
3.491109711784445846e+00
6.231726986465424112e+00
6.737194541750151089e+00
6.216608974549776789e+00
9.824819968997480779e-02
3.949105577056180483e+00
5.681692849598487527e+00
3.802161806485969908e+00
5.892256095315727416e-02
7.294044265180847475e+00
6.385200025028709980e+00
5.793886158774528283e+00
6.936762109758773498e+00
5.549486272036704193e+00
9.595763800566468882e-02
1.557789986099346324e-01
5.869537631884752749e+00
5.201769599208826200e+00
8.077841995339678505e+00
1.906621677994451980e-01
6.048055658035575988e+00
9.588085189585420665e+00
5.130203780899329491e-01
5.901842845398228121e+00
6.091913180706203690e+00
6.155214469360641871e+00
6.104004208114277574e+00
5.630374765910402424e+00
1.340591977634723042e+00
8.452545182447238070e-02
1.542341482634522476e-01
6.562481395432408604e+00
6.339460692821283772e+00
7.598694417308299975e+00
2.316982464699292255e+00
4.358855225858963844e-02
4.448349444117778995e-01
6.205547312972938379e+00
1.259032082642758399e-01
1.993484473461837048e-01
6.245406697387102746e+00
6.912967714564207000e+00
8.286066944084614916e-02
1.472121876227553694e-01
6.333645198839009893e+00
8.023267599794493776e+00
3.685617427437336557e-01
1.457480396598635597e+00
6.223990531745611676e+00
5.847071617100271013e+00
6.667842291120425202e-02
5.745118585973320258e+00
1.130087551472293977e-01
7.034589792286221055e+00
4.167046609171807386e-02
9.730955459727011814e+00
5.473164700358932322e-01
4.594487706467611371e-02
6.542303099585554449e+00
1.154406880498692750e-01
5.811223444366762081e+00
8.109911491405505046e+00
6.063643860373020722e+00
6.050736528416052806e+00
5.612568896277803532e+00
5.931374262883608139e+00
6.235457687508676017e+00
8.767562392293838158e+00
2.429439297832192701e-01
4.635235931480448990e+00
6.342374050294590226e+00
6.976403276427922684e+00
5.705322440415053209e-02
6.519558230483511740e-02
3.133598738214565138e+00
9.451462722538309102e-02
6.330630408191563419e+00
5.664987599113456618e+00
6.515340147618779554e+00
1.148089710932748003e-01
3.749184208858189926e+00
6.424815789016107281e+00
3.951609357477518791e-02
6.422317574548582542e+00
9.131328840347341380e-02
1.989682692124322472e+00
4.111950556746709617e-01
5.101112199264634661e+00
8.335059122101371898e+00
4.378932437658333843e-02
1.292207250971926791e-01
6.870187138195077203e+00
8.458201018901545964e+00
7.627923637008833246e+00
5.237175919139490432e+00
7.511829146811844993e+00
5.772858496808993323e+00
5.596309028225967097e+00
7.927269637848763373e-02
2.018478676844304986e-01
1.917696985730263093e-01
3.445595187756393063e+00
6.732256695908946931e+00
1.650849597288210624e-01
5.704259087990043220e+00
1.333700451607224280e-01
1.969964560834210343e-01
5.943527615476337012e+00
5.555814850652150305e+00
4.122620539584278404e-02
5.957922495411604125e+00
5.947497974558889844e+00
5.725066716719336313e+00
6.438542847928330204e-02
1.857508318612090814e-01
5.381327188150891061e+00
1.276458811775336710e-01
4.087208102935276782e-02
5.949913586168580792e+00
1.362613120563472280e-01
3.800213460037983992e+00
4.533155677918630777e-02
5.892066506080138488e+00
6.879515054712251221e+00
9.064665620479798847e+00
6.282610193186787484e+00
9.517612051294338515e-02
1.815466158338370772e-01
9.760336911700964180e+00
5.860007346262692707e+00
5.513381309242423173e-02
5.367824146360445248e+00
8.609045187941220811e-02
2.002345280136044181e-01
1.219155400728528377e-01
2.840880851813887276e+00
8.114369350310719042e+00
5.676816632152529296e-01
6.019472202669817057e-02
1.292296271938993824e-01
5.910525637763772266e+00
5.316954700728529493e-02
6.346228939838877814e+00
3.721174032842368806e+00
5.814699373258345183e+00
5.672661181230942873e+00
6.733043524991717987e+00
6.690552137011555878e-02
6.631444580083457829e+00
5.632782215341752163e+00
1.854087943491988577e+00
7.486690122726876062e+00
9.731032970853865649e+00
6.318353414497990705e+00
1.697555141542381740e+00
5.356201861421343580e+00
8.262600759975380349e-02
5.714935847779255340e+00
5.683695329881875757e+00
3.076944161736649530e+00
5.983790913099172215e+00
5.694407560364467713e+00
2.777771960728406819e-01
1.116445620864833649e-01
4.641690454809110911e+00
9.929701574356922578e+00
6.074635917383627515e+00
1.841011278791086503e-01
2.478282357755297483e+00
8.739014469031781474e+00
3.739444693482942395e+00
4.229956655099746665e-02
8.295907760312985602e+00
8.460726482213107857e+00
4.686473707456797477e-01
8.460969751460723387e+00
8.757274954677214396e+00
1.442463765951833565e-01
6.060317546230640673e+00
1.507577078329964237e+00
6.354918482982848893e+00
3.818542140912704941e+00
4.802690182451321149e-02
6.441391935648616673e+00
6.544051715649223055e+00
6.306784844413693136e+00
5.102349296093583675e+00
6.017494723179713567e+00
1.463969624527522995e-01
5.838456305282775816e+00
5.793238819488107261e+00
8.009648780725093786e+00
5.504369385362168465e+00
1.375167844850873899e-01
4.330491350156824570e-02
1.020128138120644790e-01
8.156412472490668364e+00
5.465410144252845492e-02
2.707122452013804637e+00
5.746298055727877774e+00
5.933769034227934114e+00
8.264147470571377996e-01
1.597810142379173792e-01
5.577344158160208565e+00
6.042731732148867607e+00
1.689182608470340130e-01
3.007239829945241638e+00
6.225553760350142213e-02
2.793611865555508111e-01
3.104933332506806032e+00
8.034674237998858104e-02
6.805244877573481510e+00
1.971803703557625520e-01
8.228715118812432450e-02
5.741177342922158644e+00
6.508812815316697531e+00
9.022054855349793456e+00
5.949448946901801705e+00
4.744628269590193348e+00
5.780533011228920159e+00
9.271300955697896029e+00
1.295112110305940700e-01
2.586750620930334144e+00
7.165496174215959080e+00
6.047330190550076701e+00
8.403556364311663973e-01
6.245793221510592019e+00
1.197731678835908947e-01
6.073470930501172482e+00
7.019672261157685611e-01
1.327105525282621379e-01
8.082294460603810293e+00
5.768912782224339786e+00
6.172421196965264478e+00
1.535763725461967377e+00
6.133223604434014042e+00
6.128710730210084279e+00
6.091048205241521352e+00
1.517230318984733872e-01
9.973109493785571544e+00
5.033705522832179757e-02
6.554529108969985529e+00
3.699510700418290110e+00
1.430104839562482466e+00
6.195062137172981098e-02
8.513294707410058726e-02
6.821742729359391022e-02
1.557516383299564766e-01
3.351043916661603284e+00
1.225607510407897005e-01
2.785896250967870635e+00
6.237220248061214889e-02
4.391619441302629934e-01
6.749212419280281594e+00
7.530753663219814931e-02
8.128885721199051451e-02
7.512239405190004327e+00
7.498806133620709025e-01
1.440077446233312797e+00
7.288992173766163596e+00
2.608283317447240290e-01
9.714155405180773251e-01
5.454376915090386468e+00
4.421141898197724629e+00
3.612225376802686433e-02
6.226257683786020181e+00
4.803852828014210985e+00
7.308920086582167741e+00
3.583771605088217904e-01
2.168541390356771015e-01
2.705277764997904288e+00
9.248299730482729686e+00
5.701134064538972979e+00
5.350033268713747070e+00
3.357897510080607995e-01
1.212981560277983928e-01
3.407347306267360931e+00
6.051532573324836406e+00
6.151530386088877478e+00
2.318819202169752458e+00
4.292749470042681037e-02
5.404316060771727770e+00
6.588178988822369853e+00
2.743934674899282111e-01
2.190821242792636847e-01
2.861780244179991772e+00
1.047765668767648151e-01
6.477129458858936317e+00
2.888278695914556216e-01
8.753161700096924847e+00
1.344712925764120826e+00
2.942297148667341600e-01
4.481268994702392039e-01
3.059584875307604368e-01
3.521445983576924732e+00
6.572088045127645550e+00
4.527068503446257886e+00
3.959907847738330239e-02
4.176745714365750345e-02
8.525106649345400023e-02
4.535014128438794145e+00
6.057183702601220077e+00
5.076991130118998719e+00
1.189543993002187966e-01
3.614603560365569290e+00
7.279641495717788402e+00
9.718766668818222598e+00
6.538135273935043179e-02
6.705324832125081791e+00
3.746308755040266003e-02
3.283603960584161041e-01
6.793935024679198520e-02
5.722029570284820066e-02
1.357938580126535622e-01
9.921322195686463341e-02
3.769183520663071274e+00
2.025591795864592481e-01
1.460984396716136891e+00
5.738491078482315544e+00
1.187813633183629897e-01
5.347253944234102718e+00
4.316896918305419106e+00
6.302515620518463813e+00
5.713982314264548279e+00
2.087045683559755282e+00
1.808987030291293319e-01
9.045272115221197895e-02
7.496778677721588346e-02
6.367904064540775622e+00
8.440403949056170418e+00
1.321351068222850755e-01
5.360278050760255431e-01
6.565151210243359792e+00
3.129298561192837003e+00
9.511748114463614456e+00
4.389979647459334167e-02
2.961382386674435097e+00
6.990456976883288043e+00
6.409072536810137777e+00
5.708705326698640725e+00
6.259502373202975534e+00
4.430636687732744328e+00
5.884089968914063995e+00
6.061222205679025699e+00
6.351706431023447230e+00
5.319390933754934991e+00
5.960483001832516337e+00
1.343067624201015331e-01
3.029579788978616239e+00
9.892792592899411375e+00
7.527921415598296306e+00
9.182445700871409988e-01
1.904956178859813498e+00
5.991897180108987087e-01
1.135216349484098608e-01
3.195488769931979611e+00
6.897936105850603905e-01
5.794671250310036825e+00
5.832586168344748856e+00
6.710663446824041145e+00
1.967256905905616193e+00
6.497223184076692526e+00
3.535973716765288821e-01
6.505834834033319858e+00
6.793006505218619762e-02
9.993552748322988677e+00
5.532893296418420981e+00
6.536799411734150134e+00
1.023175579950181407e-01
6.074078292795973333e+00
2.455039757158195002e+00
3.690840468577596845e+00
4.639025728327966114e+00
3.569029824744046397e+00
5.776844738985956879e-02
1.034311055193427725e-01
7.263865769906464820e+00
5.105132396809225703e+00
1.685791183581982766e-01
1.201972164327486658e-01
6.617812619168411459e+00
8.324554209187569498e+00
2.094919340527446661e+00
1.478127017288985157e-01
6.172938693920964504e+00
6.095490919992305301e+00
6.132794024622623574e+00
2.435207384322008173e-01
5.870929670441888959e+00
5.551075599674468286e+00
5.486234913760087650e+00
6.357898347844079368e+00
2.485795284608052214e-01
8.424257322188976715e+00
7.422164205716019758e+00
5.394623429452494873e-02
4.037927014979876550e-02
6.041561029515991166e+00
1.452256007300233576e-01
1.707375711354538028e+00
3.150060927809827049e+00
8.556113533515850023e-01
3.781580458231603270e+00
6.214310130937998444e+00
5.439026993524816334e+00
1.687065358037199925e+00
5.202005696931116141e+00
6.077337145467383017e+00
6.175471336596495497e+00
9.156874438765456148e+00
6.075240189790787504e+00
9.981049045877345982e-01
5.349420230833129786e+00
3.454595079625440435e-01
1.978724096720938797e-01
6.042270279096695340e+00
6.745971830724048490e-02
4.191026528546763080e-02
2.153325494849809008e-01
6.058803870755578858e-02
3.594401293974027300e+00
9.524896991476076380e+00
1.639948462356859982e-01
1.012097740483838687e-01
6.363662924373158170e+00
5.599369265294331655e+00
6.049958289470269257e+00
6.681391504516783542e+00
6.195812164802518396e+00
6.110853354161802642e+00
5.886350180566346957e+00
6.312504372931120322e+00
5.366940747838982340e+00
6.133333950279958036e-02
6.818015948740582810e-02
8.486682030037915325e+00
5.750819585828919500e+00
6.255117503055453554e+00
2.232214443551163718e-01
6.589061958287190102e+00
9.500070906339965759e+00
5.785508562028431001e+00
8.496342774193122338e+00
1.744789854417367225e+00
5.343737658651216194e+00
9.109852514140188262e+00
6.920810660467195063e+00
6.530741237628054918e+00
2.865603150436987878e+00
6.890894081805931215e+00
6.300436036859263567e+00
1.883577755710477808e+00
6.710937348398450020e+00
6.301264342364186477e-02
2.191300404344766584e+00
1.706696656057679506e+00
5.979122058623919322e+00
4.311980731345861351e+00
5.867032491405638872e+00
6.783434536307188623e+00
1.165163642327992632e-01
5.996434342160218200e+00
9.422463165012568975e-01
3.579264842622979087e-02
6.216338180061350194e+00
5.491763559165724118e+00
5.574998363528987255e+00
1.021527241040343786e-01
7.596906543123110644e+00
4.698317460622834091e-02
7.311842393291075659e+00
6.550475946383999215e+00
1.478999578234465873e-01
6.616495034712232659e+00
1.422517680724029399e+00
5.774403803830342241e+00
4.240428616287254648e+00
6.774391764404048832e-02
6.137060553612568192e+00
5.679032961593555306e-01
7.111208359330539075e+00
8.891509774453741632e-02
5.396976410056768536e+00
3.441341243914460168e+00
1.335717836501682410e+00
2.176723396463111637e-01
5.540824952904003453e+00
1.192691659140387855e-01
1.724987123958885427e-01
1.839252711729918222e+00
8.802587907193590411e+00
2.782077443185030585e+00
3.562855820721352096e+00
5.111852172821852724e-02
8.502881778780846389e+00
6.685183337503297629e-02
1.353708416067289644e-01
6.426612537383018520e+00
6.370139856923112909e+00
9.189293531035071183e+00
2.539841533464771151e-01
5.372922159555889365e+00
1.186687483148848171e-01
1.885647055757241064e-01
6.613768918820557730e+00
5.153478706450268731e+00
6.448050112845131743e+00
2.148481934110844094e-01
6.069322319335202387e+00
5.251107118315848865e+00
8.323572990675048189e+00
8.840344412918877737e+00
1.493040242263005968e-01
5.148375201281046865e-01
7.310246215188007213e+00
1.625307000640333621e-01
8.006455781782481296e+00
4.360058375209779902e-02
5.284511843614945192e+00
3.463848014570741984e+00
6.791305542484625590e+00
5.862504346125193777e+00
6.780455357887250400e+00
5.514699414808839961e+00
9.537330160531055867e+00
1.184621356902586659e-01
5.817663443680256563e+00
3.816096296439397406e+00
8.371607347910506647e+00
6.436964832747761101e+00
5.424942819495732316e+00
1.217898512519177967e-01
3.016061122390437443e+00
5.742791774106366987e+00
6.158454258133208903e+00
7.093189590784879428e+00
3.226353229289784519e+00
6.535044215960684966e+00
9.778898251041665546e+00
5.322669453048417765e+00
4.966556236255878609e+00
6.033995115226603367e+00
6.406976038994310230e+00
6.286475738546011272e+00
5.262037952742673497e+00
7.935647641263690488e+00
1.316235207404961027e-01
8.218073982276949407e-02
5.870973202304403671e+00
2.315474672705512549e-01
1.038349255478448474e-01
5.803021709530621131e+00
6.012274755946156013e+00
5.680374501612765137e+00
7.256911444597227701e-02
5.430391455935824396e+00
5.423361126086247985e+00
6.093968618955899252e+00
3.555936533165181324e+00
5.190099074488594866e+00
5.880081355356538531e+00
6.295033800931521206e+00
4.860642156557320348e+00
2.536515049017232792e-01
2.000326573577429490e-01
9.454076499106656151e-02
6.615383196627623086e+00
4.334565990880409614e-02
3.834738143271362087e+00
6.563884838577243030e+00
6.457738837343804050e+00
9.394502081456742815e+00
5.631312610577375644e+00
1.040514814521230624e+00
6.463216685367676462e+00
5.558589681055809528e+00
