1.571016191604695800e-01
2.156409060111719178e-01
4.624754907683752414e+00
5.937987893468857692e+00
6.317930357750483950e+00
8.563642395106183969e+00
7.344754360908017254e+00
5.359043465578277932e+00
7.124789962334032722e+00
7.801215277541118986e+00
5.977546026008210056e+00
5.426343132120988955e+00
4.532214762095806648e+00
1.074313176580585921e-01
4.412516340229567097e-02
5.955639238578391392e+00
2.800484256531115879e+00
6.121064237000915398e+00
1.710440264519431652e+00
3.828112206599359468e-01
4.995879211526655261e+00
5.885498437528021043e+00
1.165455607551822426e-01
5.073202212299409375e+00
6.722150622252499375e+00
7.949718352415590772e+00
6.539529914191152038e+00
4.639295273142356457e+00
3.808301740616452935e-02
1.107594858531118776e-01
8.416082772787317978e+00
9.685592584829160856e+00
7.726616376597381097e-02
5.602593139116006427e+00
5.365890637592322321e+00
5.139557463384037739e+00
5.561734334067717000e+00
9.413652280592731125e-02
4.880755374093548316e-02
7.121823152976239357e-02
1.719395397288183691e-01
6.466543500837122593e+00
3.910116227151888557e-01
4.427157957967057023e+00
8.719045237450337438e-02
5.493506974422141198e+00
5.936242121443772390e+00
5.536257724662636548e+00
5.979093192014316216e+00
4.196718938768880136e+00
5.294710912206999215e-02
6.441263752843910673e-02
1.031665284521507131e-01
6.383451370266478297e-02
5.485117754267450962e+00
8.243485022646570570e+00
2.080351936568064719e+00
7.605580294055386048e+00
5.903477017537010596e+00
9.314787367767420889e-01
5.855056163829733151e+00
7.378818604472561771e-02
5.878286304558095310e+00
6.607879912706891845e-02
4.564013803033187267e-02
5.821932554306791019e+00
4.881482181624583916e+00
6.364839946128832082e+00
5.660749042141353549e+00
2.515798377907856764e+00
5.306389431420582170e+00
7.205329978335455188e-01
2.436422374272722569e-01
5.206256618992199492e+00
5.749968452601583735e+00
3.388990424795760292e-01
5.751830190333050652e+00
5.958830829861165412e+00
5.279448632634498928e+00
5.309393145558031435e+00
7.051250210268024787e+00
5.888187878611281789e+00
1.853733814553721881e-01
9.692570345571501989e+00
1.022218535841860620e-01
9.938799005793820029e+00
5.999885854510139893e+00
1.740773032470847248e+00
2.186857349964966002e-01
2.255146722371707213e+00
5.436301002817227612e+00
9.386810081333045730e+00
6.085788308969640070e+00
8.724473488124653286e+00
6.297580346905092830e-01
6.121216233660415895e+00
3.539889426120201854e-02
5.938394759753114371e+00
5.749536703593388864e+00
5.347010813175184119e+00
5.145406696430590898e+00
4.166173932355047432e-02
1.460249892794818871e+00
4.936419777529796882e+00
5.725615956909615889e+00
5.517668524762946863e-02
9.185118576084536079e-02
7.206145936819097209e-02
1.190976042125114626e-01
5.716771972417253878e+00
8.025478049732310382e+00
7.083319586556717340e+00
6.899706349019627538e+00
6.301672873336599423e+00
5.350828822249904526e+00
5.939966438988077080e+00
8.220042948370501201e-02
4.234591461065279283e+00
1.260083475381898743e-01
5.545867727720245277e+00
6.534268837085459580e+00
6.596237763177906110e+00
1.987083421164704600e+00
5.917025198381622886e+00
4.854423345309184512e+00
5.526499488804478943e+00
2.666428850436873277e-01
2.947091315001040823e-01
6.547746400491531560e+00
6.275108800494271222e+00
6.146582307711295101e+00
6.425120947826740370e+00
8.769531008363627700e-02
7.512879769209773961e+00
4.893545529407721695e+00
5.927019122860910372e+00
5.583911201283815906e+00
5.578805300923990629e+00
5.121574171570223655e+00
4.561571569749290345e-01
1.476284068146054285e-01
5.944318099112173570e+00
8.920132272489874836e+00
6.318869366420467593e+00
1.798417819754841440e-01
5.775987989492852748e+00
1.230297573506303477e-01
5.319627162892250460e+00
3.546180345921031929e+00
3.286205549660558223e+00
1.168160843262658899e-01
7.504718034846128205e+00
1.775461661698816695e-01
6.006991004564843806e+00
3.382109671790970662e+00
4.922105506466108449e-01
6.570072618002354758e+00
2.508627724061931463e-01
1.254489382945607856e+00
6.467676223834201821e+00
5.871646980086168810e+00
7.744854086409176830e+00
9.099297723586724729e+00
6.717268335581894512e+00
5.791525235259287641e+00
5.657546611088830169e+00
9.360938938274189880e+00
2.381114342360423297e+00
2.183409669960128530e-01
1.771307064391147712e+00
1.245848143861579410e-01
5.739574745730479322e+00
2.734291604450330149e-01
6.319586391138796166e+00
5.673770601102003042e+00
6.055428952305258683e+00
7.961130289480608191e+00
6.145650317855301914e+00
1.089459864590944127e+00
2.416059312943638737e+00
3.235034580244876001e-01
7.428250629781708858e-02
8.540045523960493767e+00
5.458243472175676736e+00
5.842890052649686083e+00
6.851902715676138733e+00
6.236104880478376522e+00
6.186596488963132856e+00
1.557282752500652734e+00
6.799650884310250165e-02
7.659347315075352824e+00
7.888436237376042826e+00
6.710317306180455965e+00
1.816213802899490637e-01
6.503628537016001299e-02
5.599513538358468878e+00
1.145611117542303103e-01
1.324423457145717853e+00
2.597382603770789000e+00
3.939468727716329166e+00
6.234054149432262548e+00
6.155701689688902967e+00
8.279720180662273776e+00
5.957834841415944993e+00
5.662593899952267362e-01
5.415007417423077563e+00
5.800964723396420553e+00
2.367488494468301397e-01
6.203605725918227343e+00
7.407897515389607612e+00
4.976511024937346761e+00
1.469768281736482662e-01
9.636953712927644133e+00
2.206033266071959209e-01
6.772264208502112304e+00
9.079675656934465877e+00
6.943623224855119069e+00
6.361616286745387150e+00
6.220161074958507008e+00
6.553122616088381314e+00
5.815478852046137348e+00
2.964448738771647274e-01
5.179349815444322047e+00
6.002877970460943402e+00
6.081085968713998646e+00
4.967857053647242033e-02
6.264223271649325575e+00
7.551874074677033200e+00
6.187914268135338069e+00
5.620026611167595831e+00
5.841851050206181561e+00
8.066006793576120160e+00
2.399126253994060820e-01
5.679599454059172103e+00
1.083992762707931268e-01
6.786399303237627967e-02
2.919344946484466741e-01
2.375859828134840590e-01
6.021168321396184631e+00
7.624559576950368900e+00
7.935308160314041181e+00
3.607496156195929421e-02
6.187943148954794026e+00
6.212728273025659220e+00
5.768364179216854737e+00
9.553564557912668675e+00
3.537481746537278759e+00
6.035831838542491390e+00
2.965488255407914053e+00
6.372178997710395087e+00
5.899555396457807355e+00
4.366408548521952260e-02
5.907556929254189626e+00
6.299900059337209868e+00
6.353764872423781185e+00
6.570566333946835869e+00
8.449219132549103506e+00
4.307129860993454074e+00
5.013323481678062521e+00
5.335825705892729864e+00
7.015391632258774379e+00
5.365145986627537944e+00
8.880243181589263235e-02
6.595299893866985563e+00
9.027779334035921366e-01
7.102749632072893782e+00
1.550007353001476851e-01
2.088997782021541738e+00
5.247950477132658165e+00
1.699480710826927476e-01
6.463068964442945763e+00
5.760976576916762681e+00
7.677785053408801852e-02
5.487058814210445945e+00
2.440403312156546267e+00
6.643815213218761784e+00
4.531697910881311159e-02
6.867754309668686830e+00
7.032761127606049989e+00
5.271017099633351854e+00
8.904488255329034985e-02
2.890446474455468540e+00
2.471498386740833109e+00
1.066289576769148928e+00
5.072111607962748181e+00
9.942613122331495745e+00
1.069134173950772038e+00
7.606983770887698615e-02
8.676857712470116724e+00
4.448268597640572253e+00
9.462796961801258178e+00
3.657167214266655808e+00
4.727864946139218816e+00
5.799630150413563889e+00
5.736765602834251965e+00
1.114433340721430604e-01
6.066153302997199681e+00
4.060595757862806021e-02
5.622277755619922601e+00
8.534496470441526483e+00
4.895717674993012025e+00
9.852841853570611264e+00
6.063232579131255129e+00
1.781943574076622072e-01
6.490429228169078080e+00
1.184496289639602601e-01
7.174511141968683781e+00
2.540380497815270533e-01
7.924401505523167799e+00
6.354594743513420241e+00
5.158767213937057505e+00
1.194056287783416659e+00
1.636919492101885365e-01
8.189790133035442565e+00
9.938927948989503491e+00
5.970572841272852926e+00
2.161093766346573464e-01
6.534159386061618946e+00
6.608698786470994513e+00
8.276172079109349322e-02
1.487052757156912819e-01
6.719794397018286070e-02
5.940920754573950191e+00
3.012371118058157382e+00
2.270463117660141972e-01
6.225891120576740434e+00
1.371981375102324374e-01
1.713210529265521975e+00
6.708476236017798300e+00
6.900935953541349477e+00
5.627244089000861038e+00
6.226785290276965590e+00
9.659933999641184599e+00
7.247796274209386880e+00
3.518170174070996831e-02
5.932201420938902459e+00
9.948562159097852131e+00
5.944014450610593414e+00
9.961291146610358638e+00
6.156844346957631942e+00
5.359402269771949889e+00
5.475534342502647256e+00
5.443184620041515487e+00
6.124401053831515895e+00
2.260675024141206857e-01
6.178398897630434095e-02
5.691984512018398945e+00
6.569112831084447990e+00
3.032936110990264389e+00
6.347525540659677834e-02
1.435269582123278875e-01
3.628635943565396094e+00
6.064782550867848343e+00
1.078451149178248220e-01
5.858590171901452592e+00
9.622320125322843865e+00
5.671360981288383840e+00
8.155950522296580019e+00
1.830677257127893753e+00
1.313367964655129394e-01
6.767466413707036388e+00
5.982126761996764408e+00
3.319468650364779450e+00
9.684033420693237415e-02
5.886462858605251647e+00
3.059598746186564244e-01
5.792658102622075589e+00
4.777334470607476291e+00
5.684565559852550187e+00
5.919532047598423219e+00
6.213644766632677729e+00
6.408394863179794676e+00
9.984991556623562525e-02
6.584944420982656865e+00
3.379158493137557340e+00
5.153834232420587830e-02
8.041786835399600264e+00
6.428982963559478847e+00
4.277441987132956508e-02
1.961267609150152413e-01
9.981602837332951950e+00
6.747566904668457433e+00
2.417087083279126691e+00
9.324660788404262490e+00
2.608951725989775206e+00
8.972914634452755500e-02
6.400089067188881486e+00
6.168463056423226926e-02
5.158637816362826811e+00
2.787699990917647530e-01
6.556415192423530769e+00
1.487745140526432752e-01
4.899810707655274933e-01
5.367540142526566527e+00
6.042950113360213038e+00
1.746725400093048330e+00
6.421867511002837148e+00
4.880611480174647632e+00
4.483357970654050284e+00
7.890377930522238792e+00
6.881919631110167135e-02
6.391911890457268264e+00
6.382707945825544238e-02
5.954439914202958484e+00
3.546172338725500639e-01
1.007059634760026079e-01
6.566825165636230865e-02
5.816411631255382630e+00
3.076676766194593182e-01
1.010451392975262097e+00
2.444727315544250879e-01
9.085940933367780303e+00
4.777888114170868228e+00
2.090718362963653598e-01
2.666231119111914349e+00
5.779590767129969109e+00
5.696901570680465099e+00
1.782330041078032667e-01
1.156888488576151008e+00
9.043497004881781431e-02
3.372664584717366409e+00
2.607410806482921117e+00
7.382551593506099685e+00
3.766839419691156432e-01
5.809949408000049331e+00
5.770508335568271363e+00
4.983383777936571057e+00
6.489346663891896405e+00
7.952487279151520205e+00
1.127417931065180928e-01
6.124008100636254781e+00
6.165668965977045168e+00
6.624612554635699091e+00
6.531927197057764367e+00
3.683561176437537554e+00
1.047911804187273976e-01
7.952030677691332428e-02
4.357787713265995677e+00
9.284061245652372563e+00
5.336205174998214673e+00
8.239760447866684601e+00
4.229278924799534378e-02
2.872937893877341775e+00
4.991351533214818836e+00
1.903458720874746657e+00
7.127194691486804068e+00
4.664011464003472995e-02
4.519907162862816463e+00
3.910353770274459934e-02
1.281481272888639333e+00
2.464729995372009486e-01
9.490272056675759238e-01
6.522120930551776219e+00
6.146678225948005725e+00
9.388349944431437777e+00
1.204276051963027172e-01
9.918129665425661212e-01
2.168074648510931457e-01
6.014413535016097434e+00
3.633040965872723349e-02
6.578451259547011709e+00
3.451492095305472407e+00
5.836491468359047197e+00
9.781231494925672010e+00
6.369417077852234321e+00
6.643181193574979382e+00
7.723145822869458499e+00
5.296024913308857718e-01
5.221859077392680071e+00
2.382401699828367025e+00
5.778389524054778903e-01
5.911980656207637352e+00
6.668293239823919194e+00
2.547788039959402617e+00
2.448477683746703437e-01
6.826079091435247825e+00
1.517623189572127052e-01
7.834024743475731523e-02
8.186013455253801641e-02
6.764923304854693065e+00
5.644538943544611165e+00
9.566145410660038817e-02
5.197293149224607944e+00
6.281387652547627987e+00
9.112876811111831898e-01
8.424472648118364049e+00
6.614201099672835760e+00
1.123893677076676506e-01
9.899114668604812317e-02
8.394885270821649925e+00
7.804505796238117910e+00
8.663634383071313394e+00
2.162701190867808432e+00
6.850717874602096025e+00
5.134770110798671183e+00
6.118819583712364896e+00
7.488669029979077685e+00
7.016987146302122724e+00
3.966326131263856247e+00
4.453847749304699732e+00
5.983053107958106409e+00
5.729648595310917081e+00
8.748939450944936524e+00
9.520282935173984828e-01
6.012747264351804510e+00
3.821782769475657204e+00
5.710480685752713725e+00
6.886404573865914536e+00
4.845468732342744084e-02
5.555026126938991560e+00
6.830223730443634622e+00
6.852153937985728582e+00
8.700656698960782975e+00
2.914172877292384722e-01
8.024688159151555089e-02
6.399061939015462386e+00
3.807301124752005439e+00
6.480981287074404129e+00
5.808619165825713360e+00
6.359182555349067734e+00
5.146685382505724604e-01
2.446886834286847168e-01
7.002371379925149242e+00
3.304299284455293750e-01
5.800819825299750931e+00
6.462833849766840721e+00
1.444396221803899427e-01
6.916957474861146871e+00
6.512557753283010342e+00
1.372492445849265996e-01
2.864860566357253280e+00
6.604750277780263801e+00
5.839466439574012707e-02
5.912624600463563418e+00
6.494717927348987452e+00
2.589869695118997672e+00
4.301458480901265702e+00
8.073020414679930923e+00
5.774992084206578724e+00
1.626184169476406094e+00
8.966577740374757965e+00
6.025632295368531288e+00
2.839579082055452730e+00
2.427525174954478171e+00
5.345266230817928843e+00
6.095681846084898936e+00
5.259272125844757007e+00
6.456609826313331801e+00
6.850203167133999571e+00
7.353263327382940417e+00
5.819527162495043981e+00
6.492772132292563114e+00
5.948369951690330559e+00
5.960847419685773474e+00
5.700881809751240148e+00
2.275658732432436770e-01
1.743727525652938593e-01
7.066554694380340618e-02
6.067639929399313736e+00
6.053131269049173008e-02
8.482134587137318604e+00
2.465655844339962321e-01
6.444559399503833497e+00
6.814191238272036877e+00
1.598576581493867943e-01
3.009979734896039538e+00
6.504518346315961708e+00
6.378027125772756101e+00
9.564748333360990618e-01
5.898228053807258675e+00
2.266686556486068316e+00
5.768717870413466287e+00
6.218572428994079360e+00
2.438638508080544831e+00
2.355819133648364150e-01
6.086447363526249710e+00
5.790138699334088646e-01
3.942909960130427938e-02
5.592560380948679466e+00
2.146675867449576280e+00
7.078260179134802321e+00
3.467598232488761312e+00
4.063469206734350969e+00
5.363890191845031019e+00
1.568044396268266083e-01
1.488287524518106253e-01
5.731847507688377086e-02
5.539392407589076583e+00
5.904435849269487946e+00
9.556297704563059270e+00
4.872878750309317830e+00
6.092885048351227795e+00
8.822442850373596102e+00
9.421509399947229468e+00
5.934791314322354516e+00
8.273998972484249148e-02
3.976080869257248462e+00
3.903477387174249191e+00
5.778810104227256161e+00
1.453021506122205153e-01
6.438301468172168640e+00
6.169361681531166042e+00
8.689381780875553296e-02
5.860444484081935634e+00
5.865841446437615403e+00
5.973421973523667106e+00
6.093847395469482287e+00
1.515639620392241760e+00
3.367927402428620431e-01
7.864122523831476919e+00
5.688849567190878531e+00
5.352823325744459737e+00
1.154832569486381244e+00
4.228195141089675424e+00
5.509903062933198953e-02
4.867549704944496708e-02
5.264629903442591186e+00
6.152123820395189568e+00
5.539318721075033036e-02
6.924487074864337899e+00
6.442937831324945464e+00
8.395471758298366893e+00
1.810051623796083975e-01
4.684694208372426338e+00
5.093148673772264878e+00
4.333575825915228386e+00
5.330685428737130138e+00
3.065181515560332359e-01
8.350954441908138570e-02
5.892368636870028986e+00
5.452373456029015131e+00
2.426695794118098437e+00
9.537969043728201868e+00
5.743465826291141774e+00
1.926098138876767285e+00
6.741722726892065864e+00
5.966187335684135284e+00
4.874765811764807111e-02
6.340959129349074352e+00
6.579630985750456240e+00
2.413222913220995913e+00
5.939182041986512672e+00
6.042101500859864416e+00
4.721237025634507312e+00
6.595646069449579763e+00
2.740677370174433136e+00
5.573153268914243341e+00
1.302799032089464459e-01
6.205826996277838958e+00
5.757526448109849149e+00
2.021094056451223420e+00
5.128062242602389631e+00
3.130132199924556602e+00
5.859818634812052451e+00
7.148526102224933787e+00
8.232245739284435260e+00
1.870202650473117567e-01
4.386748361831784848e+00
5.994933424464311322e+00
1.255637752196863133e-01
6.023002672874167018e+00
5.269942881841071625e+00
5.346809749005788426e+00
6.010058919888552786e+00
2.447260673319569257e-01
5.790205645676671509e+00
2.246264689646918777e-01
2.327876565729991853e-01
8.006785121759669999e-02
5.839322026411505107e+00
3.093756265488820656e+00
1.801163693297196111e-01
6.494762650556440420e+00
5.818159725014622197e+00
6.454758157779906524e-02
3.932239188446930545e+00
1.407570189163513397e-01
6.965779998853208199e-02
5.404423672020081781e+00
6.489182601956523300e+00
5.045802047118642442e+00
4.007992144295540626e+00
3.137500965524218088e+00
9.113785134956639555e-02
6.446475399551808039e+00
4.683847263424532059e+00
1.303045498940673119e-01
4.956532969688933754e+00
5.790611995285049218e+00
9.332104152831950827e+00
4.517058258049466007e-02
2.458650135708630169e-01
2.232066155711168731e-01
6.646807195097753862e+00
4.198008613113011656e+00
1.683577674725889872e-01
1.335598785441594605e-01
3.607880242716245522e+00
5.450826242772184749e+00
5.872122038718850412e+00
8.257302099527183969e+00
3.191656483509838882e+00
6.075782659124707052e+00
6.828876636626164398e+00
9.866541102750721492e+00
7.069244168762817360e+00
1.226303639431583159e+00
2.069327517647254200e-01
6.466973980401952149e-02
6.309854726257089652e+00
6.106369405007998630e+00
6.752636706427976421e+00
5.740306945824139362e+00
5.342902346011433323e+00
1.328471922470157995e-01
5.619108884010548977e+00
5.862826376460044564e+00
5.363870050419035529e+00
6.192947661672245196e+00
5.315840558484150158e+00
8.724271042817605348e+00
3.122187800619615206e-01
6.256771015186614271e+00
2.800898220530354532e+00
5.640262445744778752e+00
5.381686629441370329e+00
6.084636423606537114e+00
5.563081422305025114e+00
3.659566479136731054e+00
1.037048604640697230e-01
5.894756756659602637e+00
5.727542070352568793e+00
1.213274533899062063e-01
5.274178966832520493e-02
6.063177174186720753e-02
6.166929944365650007e-01
6.223278739386836733e+00
5.744571329905791224e+00
6.622261759620207577e+00
4.451342641250757848e-02
3.721089385623651408e-02
8.697599120643642934e+00
3.683090199239152929e-02
6.311201114040321691e+00
4.452173129758508097e+00
1.764000508293433744e-01
8.166159776635685263e-01
1.859625592121622040e-01
6.005053098138521506e+00
6.493904215978067107e+00
1.543092713763944968e-01
5.970948576666460283e+00
2.381185684455139340e-01
6.395648595873452358e+00
5.762165709076527698e+00
2.551031407823629027e-01
3.884459734937339287e-02
1.107690071666618814e-01
4.984375170349577999e+00
2.128215283660880308e-01
1.641816483803632265e-01
7.553698252507383692e+00
6.246678111713198867e+00
1.959650260258586352e+00
5.711060037376734400e+00
7.991183878066994428e-02
5.930176929848580275e-02
5.127002449664824768e-02
5.891970119502703440e+00
4.794189686748786094e+00
6.561102858434725960e+00
2.777707421567642276e-01
6.357951267242435200e+00
5.619582900599668918e+00
1.470546325845268232e+00
1.238466984184241948e+00
1.642605349045167085e+00
7.192869409636522271e-02
5.417242709217572560e+00
5.205737069788892057e+00
6.189473004241840215e+00
5.500175078949385288e+00
9.939445672312541280e-02
6.796216288633282865e+00
5.589748794985363034e+00
6.913894752842655866e-02
7.539827406385771980e+00
7.929877945088947833e+00
5.216407429835474840e-02
5.914028124420751986e+00
5.775599315162181391e+00
8.727027759701858400e+00
5.299463559143207547e+00
6.660410757571609608e+00
6.868385099134211913e+00
5.423430691596971442e+00
7.731815574408560821e+00
5.655126248720645954e+00
5.775247735310135688e+00
5.442822042610301558e+00
5.919691054808376762e+00
6.046767799722916475e-02
6.456250311525826291e+00
6.528716289687841901e+00
8.278407137388064940e-02
6.600638133141513819e+00
6.738253807783827654e+00
9.723089810374768049e+00
3.896958939894512586e+00
6.260808192790108251e+00
7.372047837629729372e+00
1.156109882462735272e-01
6.244070888046580947e+00
6.401347208731697491e-02
1.843977928811243450e+00
7.165772943507574266e-02
1.488412487188330413e+00
5.509941376116604062e+00
6.002589890209315826e-02
3.474457786335263254e-01
8.110057269676730130e+00
7.289160319111031683e+00
4.650952638785856408e+00
7.693216284140834416e-02
1.366366187120047426e+00
4.611547058792397458e+00
3.861964612564380506e+00
1.423901830270445923e-01
1.167002965314548613e-01
8.014999474258084788e+00
5.164225277667142677e+00
3.643018889619311640e-01
6.053984342689354037e+00
6.257523907882842629e+00
6.884247684905098197e+00
1.441878824522362379e+00
1.491767465184687946e-01
7.774612933256414671e+00
6.105672737540000838e+00
6.411148136207589054e+00
9.823486489579266845e+00
5.928307087523825736e+00
6.041506849294866477e+00
6.299678773697987844e-02
3.453644713496400787e+00
2.799758985517741827e+00
6.449164927257396762e+00
5.458221387332704566e+00
1.949881681124185029e+00
1.508509851688383918e+00
5.371977942800387318e+00
2.888271589597644962e+00
2.052694713560385964e-01
2.522963409618468322e+00
6.310096123538714963e+00
8.676543882641786498e-02
7.077610723982878660e-02
4.469780993183951168e+00
5.799833663146360507e+00
9.900062367208775527e+00
4.916592562374929365e+00
5.980583001138923827e+00
5.908898569132230882e+00
8.141869804133278210e-02
5.734743214218931268e-02
6.056713160451004718e+00
5.842247019723115109e+00
3.543959221253951242e+00
9.335659817782149261e+00
5.668193032386963787e-02
1.096015701920368401e-01
1.088963694583612446e-01
7.882393675782683573e+00
6.498413704570618954e+00
6.289328446555619401e+00
6.641762586495055132e+00
6.069800057879317201e+00
2.396144556039919993e-01
7.473623477429925721e+00
4.681683173490958777e-02
3.117361377418984336e+00
1.377353778723744704e-01
8.877608753269047859e-02
6.972646298753452321e+00
2.883884769315765872e+00
4.339984465192630481e+00
5.938517567988238710e+00
7.864584599711652579e+00
6.682069773243088484e+00
9.986525233391087275e-02
1.865118099744274449e+00
6.609448376456911411e+00
3.539683680065034560e-02
6.040031659130427499e+00
2.227755427252862130e+00
6.218597304708858076e+00
5.730532126855640840e+00
5.904332983817483615e+00
4.957658829445136028e+00
1.699350327025120344e-01
6.129789902517837064e+00
8.921141585217130299e+00
1.346221446309416592e-01
7.242242529502856740e+00
1.120748213881611166e+00
2.470944595208589001e-01
1.397012857752274462e-01
5.950003608263325638e+00
1.995486594815077674e-01
5.962031352603319512e+00
5.617612171953068945e+00
9.224481302342619315e+00
6.462693657743922238e+00
6.320709256341909554e-02
3.799732489656653528e-02
6.352218575128711464e+00
9.806572879174030533e+00
5.583095842427609590e+00
6.681957560383137817e+00
5.735097030137679575e+00
6.941361007979589270e-02
9.916426571020638292e+00
5.857103885859292980e+00
6.471158972067521553e+00
5.595325369462127441e+00
8.158314424698851042e+00
1.998349116522943336e-01
5.775558017314419423e+00
8.123433752983871825e-02
3.460768555642651290e+00
1.068010302179897703e-01
5.909960727941820480e+00
4.877233005671341992e+00
6.437038349151376349e-02
5.545136522793811196e+00
5.826463801295562739e+00
5.795102514131428073e+00
9.903860767130855391e-01
2.596575800376050402e+00
6.177409589322457428e+00
2.793347109794132699e+00
1.268838206460392692e+00
3.169385875435204891e+00
3.935502231211573387e-01
8.325296573366257391e+00
6.461037467927386757e+00
6.593193591420735966e-02
1.332659119989998975e-01
7.554689048858151068e+00
4.822085246084809040e-02
6.378572815861200063e+00
5.559018572788410495e+00
2.648086441504700073e-01
3.853098104360240139e+00
1.104854319101626764e-01
6.216250214139073194e+00
9.745577277010672446e-02
9.123123408721571792e+00
3.546338728067636392e+00
2.611441475483216590e-01
8.909406051628359080e+00
1.514683069761125767e-01
5.344994503623007098e+00
3.094930373517692512e-01
1.570360983829226786e-01
2.828971735288823730e+00
8.047335237498230709e-02
1.801821643743831136e-01
6.519331643521900865e+00
4.559256397461014743e+00
9.576003575353590591e+00
5.264328849280462685e-02
5.525618236968038444e-02
6.257600898260297306e+00
6.078921033947047192e+00
1.332383826366051460e-01
5.142519164712907376e+00
2.217300867497636219e+00
2.774685694280124348e+00
1.431386281563336582e-01
6.056260430758190344e-02
2.709435138514282304e+00
7.639131412253830966e+00
6.365432119273805256e+00
2.209035681132464624e-01
4.091101052803870708e+00
7.174552643194632040e+00
6.893600867149160538e-02
7.422278847360002985e+00
5.901883429156254302e+00
7.282053109844959238e+00
6.294234164368629758e-02
5.928754435924825650e+00
8.717035580883326917e-02
8.925277679315165358e+00
6.144838443451063448e+00
1.434547597182990186e+00
5.437187574808114654e+00
2.217021493499488349e-01
6.519358881412586904e+00
