5.177609675040164561e+00
8.422297376901705102e-02
5.656541739521634859e+00
2.626730216462656586e-01
4.579164658626903861e-02
5.650319929586060219e+00
6.228685663463178201e+00
5.975744151458398656e-01
9.839261352599809385e+00
5.700312191946474427e-02
6.561068591084613821e+00
5.322898386524992087e-02
1.085732437366382919e-01
6.791152087133563775e+00
1.736281882539193688e+00
1.643621623967175926e+00
5.015872317557487747e+00
6.086366950612809745e+00
8.468884079375591512e+00
3.730300813172771762e-02
7.084203022174841102e+00
3.875859601594893594e-02
7.764473009268284542e+00
6.015678350129094909e+00
9.571727727886064629e-02
4.823617507913255942e+00
5.851720895371843589e+00
6.433424545474091261e+00
7.769071511006059305e-01
4.018459034401232088e+00
5.964757367543404243e+00
7.882266941323731402e+00
6.280189902560739057e+00
7.980282578627147849e+00
2.297134865688047700e+00
6.784947520983751978e+00
3.986685251593397733e-02
6.010018806209950881e+00
9.537800221982932314e+00
6.033084387468206522e+00
5.818170416029555980e+00
6.317487881782945180e+00
6.283321919063570071e+00
6.005534778674475938e+00
1.770498450223101095e-01
4.437576261267613731e+00
1.046581016214542109e-01
2.797299912556907575e-01
3.673328997836285831e-02
5.845808896141853339e-02
5.981321346072396850e+00
6.305382078141556157e+00
1.918848057642331462e+00
3.434008483026413039e+00
6.422497999371207911e+00
2.165268107382809781e-01
5.845204643148987245e+00
1.072446371059144199e-01
4.681164926199971710e+00
6.298214557068121167e+00
2.498539455404752418e-01
5.738140499730667088e+00
6.111395352417995142e+00
7.648270926709537676e+00
7.224714840869800314e-02
6.774025657516051346e+00
1.476362564754515327e+00
6.263079166306573242e-02
5.330597131550714352e+00
6.179945374019298054e-02
1.077575826599547204e-01
6.332806420888064558e+00
4.508912380594023439e+00
3.036606730712401725e-01
4.566405216681432983e-02
6.172037495437852961e+00
1.690152107599690590e-01
6.861465635581582845e+00
3.302145907952131587e+00
6.807798978747362506e-01
2.708354270488395610e+00
5.316072879707681942e+00
7.326786846157851585e+00
8.740013285239911500e-02
2.377516939895630010e-01
2.500351479123995024e-01
5.549481981588872515e+00
5.632636155268046174e+00
5.896959729057003052e+00
2.113950511799693732e-01
8.874222542958047633e-02
2.066305118693941845e-01
7.242644245986074036e-02
5.730916748635599411e+00
5.103472194619729230e+00
8.118331804828413212e+00
5.180726107560974292e+00
6.856621543217392478e+00
1.254744834278166965e-01
6.002674038196431638e+00
1.770447357063664739e+00
6.987549377131249684e-02
1.025840969811155495e-01
6.745347347516457148e+00
1.419386654419917404e+00
1.869457333728515858e-01
1.395623057396332412e-01
6.998503109257004695e+00
6.241775989703992167e+00
3.770804970225822395e+00
5.330640331026404333e+00
5.596325801407922462e+00
7.066533471100530761e+00
6.371115563858699427e-02
1.495161766608604781e-01
7.258382648266005432e+00
1.106035162892459178e-01
4.915098596977814260e+00
4.647855785060292511e-02
2.373416993998303803e-01
3.600206350143623363e-02
5.836277233665056130e+00
2.308013600270107712e+00
6.326230750513564871e+00
2.917939129481896376e+00
7.347466421269109205e+00
5.815263631925317256e+00
9.347192714406896030e+00
6.000899879008678717e+00
5.611625503649595004e+00
3.593492244450560147e+00
5.249458879819927759e+00
5.860422332845047322e+00
7.014040697236381128e+00
5.659951334797547418e+00
4.440562763565561455e-02
7.476561235962599916e+00
9.701991720241158745e+00
1.205214864065739799e-01
8.794350146168737226e+00
6.553319769921709614e+00
5.612558920272635810e+00
4.879655114126627696e-02
5.421708976525885681e+00
6.916965060626824702e+00
5.783812281334363092e+00
7.291439261771518687e+00
4.239311953774204333e+00
2.131720385011788566e-01
5.791144375162057045e+00
2.418915963589131635e-01
6.055629304595314899e+00
1.160235418910984806e-01
5.922534335474854750e+00
4.579886229370757483e-02
5.445245150389206756e+00
5.756444511242408524e+00
2.196259225803918191e+00
4.365898565783952745e-01
1.200983079406898746e+00
7.025445051111650407e+00
7.775887629319326866e-01
3.405792729150369347e+00
6.456462307058539629e+00
6.598123997559644849e+00
4.564821432308718840e+00
6.024282426031336790e+00
3.978501368313385189e+00
5.559805976015109508e+00
5.120959960006769840e-02
7.086005738191669678e+00
5.703451911270580155e+00
6.063923177746316284e+00
5.185980722191391834e+00
1.299698392011921499e-01
5.577704647205631971e+00
6.190998973259732807e+00
5.994664294437760610e+00
5.283155339030205511e+00
4.987189103730008455e+00
6.013976080554430226e+00
8.559244020426314492e+00
5.453444862320306896e+00
6.341405555465771116e+00
7.075700317058996269e+00
5.874222451934863365e+00
2.174228587780636657e-01
5.834361239481400396e+00
6.893296761901096303e+00
6.295755306178271837e+00
7.259634785870035245e-02
9.491759294219194454e-02
8.261289016107504324e+00
6.341088136216146864e+00
9.506743559574247493e-02
3.883527674800038465e+00
2.666249125942298015e+00
1.486684106837373176e-01
3.781363931314670968e+00
5.320858106745209426e+00
2.227551798827212826e-01
5.505352231427838916e+00
5.760600127886132960e+00
8.138094149886636319e-02
3.166221681671599342e-01
2.878823998645815285e-01
2.182088961917686698e-01
4.603014014385882646e+00
9.117665186343225869e+00
3.239413136043507002e+00
6.208969332875140523e+00
3.356366807514974404e+00
6.089119342177763627e+00
7.541548857798779260e+00
1.162117860133344699e-01
4.650679274863708912e+00
4.780958745537835064e+00
6.537447522925792676e+00
1.124939168116590033e-01
6.543471681515028671e+00
1.980396201283513014e-01
7.414201238359042989e+00
7.154050268800281331e-02
8.087271471911009257e+00
3.978413390497431007e-02
5.911655601260625836e+00
4.022275956942679698e-01
2.498254461379431746e+00
2.148081256060795641e-01
6.384543223140486390e+00
6.351137949717356790e+00
6.077548407272896469e+00
1.931602742460420685e-01
7.354678654066142129e-02
2.338403898621931543e+00
5.825027807587808582e+00
9.241820576205389770e+00
6.268436916687194937e+00
3.788323289326383375e-02
7.376680262240237207e-02
5.483738608611703202e-02
2.841351070735943729e+00
1.010756914484137875e-01
5.680997438726905102e+00
6.432674982775965056e+00
2.784144829384448960e-01
2.107776585276806003e-01
1.012782922527358243e-01
8.876121224370153939e+00
5.614687392101542329e+00
1.595746389329903148e-01
5.557287751119400987e+00
8.516256019149169576e-02
6.333757480657463412e-02
7.206661405915604668e+00
2.385236641166663674e-01
6.817532511402625950e+00
5.121764884184450750e+00
4.276760601598964762e+00
4.218014642953107907e-01
5.586365079628365926e+00
6.100536893478852862e-02
3.842929061734965540e-02
8.026200935766253153e+00
9.865128446695326403e+00
5.171485638232554471e+00
8.851366148167416625e+00
2.238244212261008226e+00
1.678146908146374683e+00
2.707097649899888880e-01
2.573469421154229719e-01
6.432628387180017171e+00
9.883118551609719304e+00
5.283457952318190015e-02
8.831334956208644726e+00
7.270186984296979349e-02
7.832444918080551766e+00
1.056159156897384488e+00
5.802315988878588016e+00
6.783603171361806794e+00
5.274887424315587658e+00
1.293557712693792050e+00
6.106280224646346788e+00
6.065480255296824552e+00
6.246981770108826382e+00
5.881935352975936615e-02
2.983902460627601894e+00
2.875502403507067761e+00
8.331062488734794491e-02
6.209432889839953340e+00
3.115690205589360051e+00
7.282189620090057325e+00
1.065056769436878437e+00
3.966577891560666647e+00
6.013116329853819275e-01
6.157865932091938888e+00
5.973485953733994158e+00
5.947304375164426560e+00
5.117543188345701211e+00
2.281272065679462724e-01
6.714396439353973456e+00
9.500210359155547124e+00
1.082149755557652998e-01
5.915903359344780732e+00
6.009637278053812537e+00
1.474905975062172692e+00
7.128955391828402099e+00
4.621858391575930924e-01
6.468609782351924409e+00
6.362242871278261269e+00
5.562141927058487312e+00
1.671353076693529727e-01
1.494780654881185111e-01
8.256208927490117588e+00
1.005385667676913508e-01
4.606588460665488050e-02
6.052542362127834252e+00
6.666578973194396684e-02
6.283451907538628589e+00
6.703550734233171271e-01
1.226773905191251290e-01
2.413327647702716572e+00
2.013903345153748248e+00
1.692316396559879477e-01
5.757364571039873979e+00
2.557499747449190064e+00
2.936601120662528430e+00
6.547452419452324257e+00
8.801562095144740638e+00
5.673318609418575242e+00
5.738624519133577628e+00
1.679229097247990909e-01
9.180553980140240267e-01
5.147788307952971820e+00
6.618976643128530846e+00
4.078483831706879670e+00
6.505509318609469460e+00
2.150119873606990695e-01
1.231658330266724166e-01
5.823732130378438399e+00
5.390525652865952644e+00
7.504386070274422949e+00
6.344815721389571728e+00
4.871053279200479480e+00
1.967588850199341044e-01
2.036918563097755153e-01
8.567718652092115583e-02
5.992698416706765840e+00
1.829819237595984582e-01
5.604143955610535244e+00
5.592307085231587038e+00
6.657433172977829106e-01
9.969482720002579512e+00
4.587642447936595147e+00
1.595627743024893075e+00
2.110719214476502181e-01
2.495495628812891553e+00
9.587523145370295541e-02
3.387754842747294215e-01
5.802991620636658965e+00
5.637028215048336399e+00
3.434095695832131145e+00
5.491294526438475820e+00
1.097959988766765427e-01
6.853663832710883697e-02
5.522801916285901419e-02
2.553008952074344862e-01
3.737014270157973161e+00
2.378736466832953589e+00
6.873359480742431693e-02
4.814129926901882683e+00
6.187946546195037811e+00
5.807849494578521288e+00
7.782786206727691614e+00
9.933935547333095917e-01
7.101725030449181075e-02
6.089148746831623882e+00
6.949284823459179528e+00
4.714582843989600036e+00
8.138977321195968451e-02
8.706716420051211713e+00
1.232150740200867567e+00
8.675098500033820770e+00
1.444276596669630819e-01
9.609069170631695300e+00
4.840776883541388464e+00
2.795125971832270295e+00
6.327848450984203232e+00
3.537889564278823978e-02
8.727628803069215069e-02
4.766636458078034266e+00
5.425682334485007807e+00
5.279754422227401767e-01
9.151932420808549296e+00
5.746372655240623573e+00
5.673308248724051595e+00
5.542063415888891065e+00
6.340978209421868961e+00
2.011228507861010373e-01
5.430496407968377959e+00
6.504098470807878840e+00
6.610317782410276344e+00
1.277448367687400443e+00
4.917952268217569589e+00
8.266980945654569979e+00
5.668978806801352022e+00
8.490654809562553362e-02
7.376067350105036668e-01
1.877576322370333228e+00
3.384176078747278993e+00
3.805130782974974757e+00
6.370014846051705426e+00
6.548234633677657568e-02
5.266705537664635450e+00
5.592257666255799620e-02
5.692126573486874008e+00
3.811297071026022998e+00
5.991563905532221845e+00
5.563061113376306821e+00
9.332912866731044588e+00
5.696772102558316675e+00
6.130277158883846944e+00
6.851234306227065751e+00
3.998810666958456661e+00
4.012329710779679814e+00
6.288466753128163944e+00
6.575653133840782871e+00
5.855765866020697707e+00
8.985265897836052673e+00
9.018465691402577367e-01
5.408606062107508272e+00
5.926626115819604718e-02
3.989194942060511728e+00
9.587792338379109935e+00
5.881624120688627499e+00
4.771299883401793451e+00
2.006476111412225372e-01
8.256143761429953543e+00
8.248151524485418384e-02
7.341323620883998480e+00
3.056872510606452487e+00
5.422687467656648330e+00
4.127348621950785446e-01
5.740131114345963681e+00
6.150622368999687950e+00
5.528056098868798784e+00
9.940541759720073145e+00
2.087139125064388923e-01
4.679593079849594384e-01
1.344931517916889030e+00
2.675382013368452494e+00
4.485686967940230585e-01
6.462132080422707814e-01
6.094074548236722677e+00
9.238533647394865156e+00
6.871230068945642644e-02
6.038014056779815952e+00
8.612876470246028759e+00
2.921281144607416724e+00
1.050503086496420158e-01
1.126897889322110713e-01
9.625319675861906177e+00
5.970823226312019116e+00
5.871221975251108560e+00
1.958686654939985727e+00
1.548787374704866160e+00
7.187045836241284569e+00
6.229748913205146899e+00
4.775231387186219756e+00
7.219879445492677128e+00
1.096385774301172761e-01
4.189121984499259710e-02
7.425007397391250485e+00
6.933485089839181548e+00
9.431594980823604146e+00
3.890223243545118947e+00
9.558424445350157228e+00
5.734228666056052220e-02
6.381579072531079477e-02
6.153643179009119640e-02
1.112082955307241550e+00
7.279061683106666791e-01
5.926703691408063079e+00
4.948229401175115783e+00
4.252854125119082340e+00
7.262474267989518673e+00
2.034271093513901896e-01
3.391225119634741159e+00
2.729017273990740122e+00
3.561287991448252921e+00
7.438385390512586959e+00
5.977743830036736483e+00
3.180437213044648548e+00
1.443803892071760797e-01
6.774678755048710421e+00
5.904880417247800217e+00
9.775977074253806853e-02
6.244872288295178819e+00
8.704447766793567354e+00
3.605365725316936887e-01
5.545827122214058491e+00
5.734095336271583854e+00
3.132667634167244364e-01
8.427321312556698696e-02
2.603899493308459157e-01
6.265306146237993090e+00
4.008833999944583226e+00
8.443865536340620537e+00
7.974335332482266558e+00
8.642981198521551889e+00
9.544429512183892683e+00
5.993569405273986739e+00
3.913316695478756380e+00
7.823123464262050852e+00
8.146539783082285879e+00
5.973472607996666461e+00
6.178187188247942885e+00
3.699896344535691384e-01
8.429481725374035617e-02
6.380548389877628068e+00
3.191993886818247805e+00
7.107624032014833726e-02
4.983887383190923615e+00
2.675608538018209082e+00
5.234307467781453838e+00
1.603235541212267190e+00
1.224990216492455875e-01
3.573512109708524509e+00
6.360864556023221317e-02
6.116396957885303465e+00
4.416684177714876647e+00
9.800451604463454203e+00
6.752168816045167610e+00
5.845115049244927086e+00
1.303930666285247064e-01
4.585763733583113344e-02
5.710034606949924374e+00
6.751559199202156192e-01
5.274607584509404923e+00
3.975471098487642907e-02
5.607317019231386368e+00
8.916612077499477818e-02
3.419806937818744785e+00
5.010782433448377482e+00
4.449062954079950616e-02
7.303839050452493042e-02
5.165368097005208270e+00
6.585406105940413646e+00
9.381763647767579428e+00
6.243423233230301683e+00
5.303367749461217251e+00
6.274482511033770749e+00
6.044001174203047277e+00
6.553720338244843902e+00
6.440826307814722540e+00
6.098434950909601859e+00
1.834475691733098435e+00
5.514818372974898963e+00
7.919272603720176384e+00
2.022720275255671385e-01
5.833693333659481617e+00
1.151152993325847695e-01
9.574316296361455869e+00
7.101886133537590240e+00
6.772371703793719888e+00
7.750615869378627565e-01
5.788256820714663853e+00
5.510288373037334431e+00
5.749941305374095535e+00
1.003751334498211439e-01
5.230141867477638290e-02
6.222103171335833238e+00
5.925978711857608161e+00
3.572226545771089778e+00
1.389765807892166805e-01
1.897224384857273849e+00
6.212096900845329728e+00
6.581900767453949364e+00
6.562936413835581462e+00
7.314063318319167450e+00
7.166232159585382178e+00
6.215291472078276591e+00
5.641150559484227500e+00
2.302446528426380923e-01
6.592124845239080599e+00
2.214257921227698045e+00
6.132290587183802266e+00
6.590547831714633098e+00
6.446654466224899238e+00
6.035764775384238945e+00
5.792186489886145040e+00
9.276715036068922116e-01
3.389662571802626867e-01
6.957364870401270274e+00
6.787692788933486376e+00
7.227206623014615916e-01
5.713667790439534322e+00
7.735799598914772091e+00
1.154318464938165339e-01
1.098596633165606351e-01
6.103369915558465308e+00
5.614276603183419923e+00
3.758260500289627160e-02
5.604057692385519540e-02
4.729409668604164452e+00
7.390771832885846548e-02
1.834471440056054115e-01
2.009450388191805992e+00
1.385968805213984856e-01
5.259166921668958494e+00
7.542605436100704885e+00
5.554520326550795417e+00
3.459940371654689262e+00
1.997870953549823470e-01
1.120587303606792873e-01
2.691426737325524621e-01
5.205826074257002833e-02
2.296360917666700363e+00
2.504858202090644692e+00
1.982886433855563624e+00
1.257906951122343964e-01
4.769287233798268133e+00
7.274825806488586899e+00
7.829902021284226854e-02
6.602658529338511606e+00
5.852446455573454109e+00
5.451364666046615071e+00
7.019168053858336975e+00
6.770906951825924835e+00
5.779634715457094174e+00
6.388619676297309979e+00
7.039743749301785591e+00
5.560594100314752292e-02
7.640564863472275314e-02
1.290496021399083926e+00
1.928706001602145670e-01
6.101058456327937307e+00
5.636913468660337934e+00
6.074262809326476109e+00
6.976322108068721661e+00
6.027218419061259880e+00
6.114241703872490774e+00
6.741964387599312047e+00
8.857837826983047336e+00
5.778156579112597946e+00
2.569227068696091631e+00
4.962334385608121679e+00
1.781828196454872781e+00
4.378696782322983871e+00
8.751566014166539675e-02
6.219712083698233585e+00
5.729672022961535660e+00
6.138574219500042339e+00
4.261983696602253957e+00
3.555767664034062303e+00
8.305004279686755808e+00
3.715668679277269071e+00
5.004913049461774399e-01
9.950499222669368038e+00
6.116552744699438549e+00
2.230454778138179772e-01
5.857195309951738871e+00
8.836149366503427416e+00
5.121555734539527727e+00
5.958583069159963941e+00
2.425220563021672326e+00
5.674609466987905471e+00
2.961682039843460235e+00
6.317637424146393954e-01
4.382087736126198507e+00
6.490360889093056862e+00
5.238622331441828983e+00
5.991115486719612804e+00
1.788249019040430154e-01
6.805561912601542751e+00
1.190630382932246351e-01
8.131594062000625789e-02
5.550892694881786465e-02
8.146989553956494490e+00
6.534300749038696843e+00
5.827072577924970354e+00
9.209388342954738960e+00
5.030402027970175105e+00
1.820523740098887178e+00
6.220598894824406422e+00
6.126635688864118023e+00
5.683826862285765280e+00
3.337413182892714936e+00
1.002041791893640010e-01
2.182799986191127084e-01
2.853799744916249104e+00
4.063526597811336849e+00
7.962628828155503768e+00
5.077359048806122210e+00
6.491868709288790562e+00
6.322529429708136917e+00
6.615470869919119146e+00
4.294753359860690622e+00
6.554551862615732638e+00
4.786070041932123154e+00
5.746684142319255173e+00
5.949050274574858577e+00
7.469582680206189096e+00
6.693987547674124627e+00
1.104084478769084887e+00
5.330583559574121999e+00
5.681342912487723495e+00
7.780145259651304046e-02
1.144089768349883934e-01
7.373063579813136315e+00
5.946713773336822939e+00
6.986512173421101757e+00
3.409538109697049180e+00
3.797875539318334326e+00
1.540485164604739277e+00
5.825645766216489108e+00
6.972318616981347528e-02
3.025239578525381834e+00
5.393956387385581586e+00
1.077901880314760419e+00
3.844343227763248105e+00
4.011899228805687057e-01
2.733494646818406260e+00
8.378166628321318754e+00
7.676557224191402073e-02
5.502558549130375454e+00
5.733590731787414185e+00
6.262272984560408595e+00
4.870617502915974839e+00
5.981384586293974515e+00
3.099875521232353104e-01
1.758398885002748768e-01
6.552218729827528065e+00
6.228117767297371155e-02
4.063585919354382625e+00
5.839219416159865617e+00
5.611312872731930135e+00
5.439707286542772025e+00
6.582451512104695368e+00
4.129231333331881082e+00
4.756085412419547964e+00
3.859938043073747604e-02
5.589195218208654836e+00
5.668254435232753963e+00
6.050079984974899183e+00
5.800830412340469699e+00
6.418121955057707773e+00
8.795173166175335178e-02
8.728546564054841639e+00
2.069959938399722754e-01
5.672147346936573520e+00
7.556661913325223523e+00
7.252262087333803675e-02
6.310453104432713900e+00
7.293967511169940465e+00
6.846734800374815189e-02
6.396340686097755857e+00
5.658009229545656105e+00
7.867404117188474544e+00
3.902839012371410288e+00
8.686489325183849308e-02
5.950531552140737368e+00
1.082091356493275758e-01
9.585174854867043237e+00
9.692050307710648127e+00
7.806083654481450473e-01
5.698626228963720591e-02
4.882571256484543376e+00
6.186043403784588612e+00
8.077136362646714085e-02
6.594868140218928865e+00
3.192914098995104144e+00
8.876467823159751802e+00
5.369666777903180588e+00
6.125506821268317942e-02
3.562446397540623977e-01
3.249846531984148079e+00
2.785673633265304705e+00
4.623912390550272811e+00
5.747639841724828003e+00
3.491489121436261556e+00
3.643879913260354098e+00
5.480054984272821450e+00
6.821534678936796325e+00
4.784877391205512254e+00
4.237391221545031783e+00
6.998624598801799657e+00
5.217175873507619993e-02
6.716054727261367319e+00
5.537224024173383441e+00
8.100362106663092088e-02
6.235582076923103401e+00
8.151090126665064828e-01
2.275837005417353232e-01
3.527450839506938163e+00
6.574092063571050637e-02
1.146146288515008660e-01
6.526036571667319208e+00
9.408569079126971602e+00
5.722887720588463623e+00
3.340786635482807521e-01
5.484769931650198410e-02
5.740009033606326305e+00
5.368034382583763531e+00
1.274537589340975163e+00
4.895940201308887629e-02
5.526633028050317975e+00
9.424274546113029061e+00
6.572881375029933082e+00
1.474762018622519655e-01
8.958532200623080255e-02
4.720476573202858184e+00
1.948225055765479552e-01
8.217291122307575080e+00
4.666140106690893852e+00
8.028483030265160636e+00
5.282758890896191772e+00
5.498832816118471634e+00
1.395539712270484345e-01
4.672341604289211026e-02
1.442964434402061180e-01
5.667580346134627689e+00
9.355433373355193538e+00
3.214183194276003963e+00
6.254965392991552520e+00
3.554011038060040928e+00
5.820496851041088299e-02
7.959473164166968040e-01
6.194668280572131813e+00
6.510121691571748137e+00
1.076250083954373715e-01
5.805303153683325057e+00
7.060051166429236191e-02
5.020456223143527907e+00
6.072816934770406405e+00
5.016201158906657298e+00
6.457507341934967116e+00
6.047197170452124126e+00
5.733493054525543031e-02
1.018767926986818978e-01
4.614782598228376109e+00
2.806688123280174363e+00
5.717715657227286030e+00
4.824969322175984288e-02
6.736839439691503451e+00
8.855130924255036340e-02
4.489843752883041633e-02
8.409505296364431004e+00
3.670968671179165865e-02
7.259031001158128937e+00
5.992174266438406782e+00
6.165911866989906898e+00
6.366093870498223950e+00
4.455484094472991430e+00
9.459795136008215810e-02
6.994165731535378683e+00
6.752172839862446985e+00
5.627821437935973670e+00
5.460067484329640841e+00
5.499045126866755950e+00
5.176761851597420083e-01
4.319695344905867262e-01
7.473763534853851143e-01
6.488719148975630624e+00
6.410869553008727628e+00
6.115008471082796326e+00
2.697373331406195396e-01
4.085222539418897014e+00
3.614317514402251019e-01
6.610980099932219467e+00
6.237067314870357038e+00
6.262454023235223488e+00
1.328423424331327540e-01
6.406491825069606350e+00
7.234012115890924299e+00
6.583178407287212153e+00
6.952457652241251118e+00
4.761510095712035567e-02
1.007527139951241546e+00
5.663419000071609588e+00
9.658149072795824353e+00
7.879295044820541882e+00
5.322848459387390818e+00
2.669787891355575482e+00
6.535876526090887317e+00
5.597473537903161933e+00
6.186138278762224552e+00
2.336524844507744392e-01
9.736676102909821995e-02
5.666381138676113843e-02
2.668173712740495862e-01
5.726412309325410455e+00
5.807089765750298227e+00
8.995672631940392072e-02
5.589789888852058297e+00
4.835301071319020316e-02
1.357331085263674408e-01
9.996110673542654368e+00
4.718096788043964207e-02
6.388363905416367672e+00
4.266624918705156588e+00
9.450130306841641570e+00
8.883430774166878763e+00
6.051305145903778104e+00
5.338165883489626395e+00
7.240097896749578266e-02
4.794934556487236849e-02
1.582131317263637815e-01
9.897862317780144192e-02
5.411493477259576856e-02
5.410319527932286654e+00
9.462913650903004736e+00
5.593489862620295128e+00
3.382163886816063614e-01
1.149255960749660632e+00
6.186145966453730161e+00
5.494110505665761757e+00
2.754596703757094200e+00
3.229606712004238656e+00
3.510021174083669676e-02
9.296096846339681363e+00
8.789769166798677702e-02
2.274519183563793179e-01
5.427491065693557992e+00
8.598546204147561767e+00
5.697845050005621914e+00
6.351580901820817748e-02
2.929380302401945468e-01
6.162883065112492176e+00
3.897445711627146175e-02
4.120591800832179352e+00
5.794373908313362520e+00
7.104561250494047187e+00
6.319264402168402184e-02
6.129156692630545855e+00
7.931340700526314791e+00
6.010589414102632588e+00
5.331780764739137979e+00
3.518047945470598181e-02
8.310950629237409681e-02
6.580933001762303114e+00
1.982510813449486764e-01
5.500486200507104684e+00
5.256648476421769273e-02
5.848320301266078935e+00
5.216741039602688090e+00
1.176710284478688640e-01
6.789731191853636716e+00
6.029142757530023822e+00
5.871086299446948154e+00
6.198683703275507939e-02
4.652422755550808198e+00
7.465538196750162170e-01
2.028259371752251516e-01
6.635975992298462245e+00
1.812069326219966525e+00
6.633119961420541166e+00
4.206865991878157907e+00
1.596681696107863924e-01
4.252007772492150117e-02
7.683699549977579757e+00
5.073054885058421448e-02
5.678010855987933425e+00
1.617794615505428468e-01
1.051941987558992819e+00
1.365544036746055845e-01
6.341559008158184518e+00
7.749221059247920707e+00
5.092721971232436751e+00
6.158894138965705700e+00
2.866907010419749158e-01
5.966183397737878202e+00
5.337748222300239043e+00
4.603946914109264377e+00
3.217311754692470327e+00
4.863167243567915743e-01
6.166376247322248538e+00
6.393036039021184003e+00
8.243185262173340078e-02
5.878768723524369300e+00
7.157073471045909130e-02
3.930331549749951914e-02
6.472052483497886533e-02
3.679878111862048939e+00
5.589846415762385057e+00
7.262963779403866837e+00
5.995714727907586195e+00
5.824953957824370754e+00
9.203473217399343653e+00
8.712692734195707445e+00
9.173206537843694997e-02
9.554118855167702762e+00
1.195195828534450500e-01
3.198255230574347685e+00
1.135168342858593055e-01
5.535594410961209633e+00
9.263658517167456807e+00
9.709726018286930938e+00
2.097524573778697388e-01
4.149435737464576140e-02
