5.667623787106818689e+00
1.139896658502315363e+00
5.980690198013620673e+00
4.848086706097605170e-01
9.349685561697592462e+00
3.606295154511432788e+00
1.038717095446790584e+00
1.034533490413581114e-01
6.321943885785274553e+00
6.578639964334023205e+00
9.916189328028735872e+00
5.851194446861286202e+00
7.872297305189018823e-02
5.434930223237042668e+00
6.006392928796121744e+00
6.817518890620091199e+00
6.169959354967161858e+00
6.023589722487324494e+00
5.345186898224057792e+00
4.804375235984914561e+00
6.330676161417867931e+00
9.771686767770759730e-02
7.533733411510316891e-02
6.457121459157839638e+00
6.342438633890489896e+00
2.409562861587648985e+00
6.753268881064579787e+00
5.441973167473221351e-02
9.140324114412251566e-02
4.312988406171009564e-02
6.889307281497113189e-02
2.946746557734104766e+00
1.242720684555150001e-01
8.905470110648350257e+00
4.763056491031563588e+00
6.295807860429367131e-02
6.711861251254014782e+00
5.254720958979140377e+00
1.239486838672605895e+00
8.196677892121824183e-01
6.411583157817578815e+00
6.371783125972681816e+00
9.950215028186354616e+00
4.445331389588988991e+00
5.353343686771779630e+00
7.244941011966905542e-01
4.677068989569740154e+00
1.126627074537319001e-01
6.892022317614991955e+00
4.699456795576910373e-02
1.481859687413666082e-01
5.257503377570771796e+00
9.020870448201183223e+00
5.415237602593994559e+00
4.659036101483035708e+00
2.577926747732864676e+00
5.699339151615876453e+00
6.262976174407950403e+00
5.495151790630361077e+00
5.738194719719709624e+00
9.746908287416586325e-02
6.082615783194635029e+00
6.007375764861492051e+00
9.030279252744893848e-02
9.668495487799820154e+00
6.580028146334972128e+00
5.452078240854590696e+00
1.217603101709367891e-01
9.140044141598050231e+00
5.661545055464574538e+00
5.352158103841865078e+00
3.479116920233037646e+00
8.261433579917392578e+00
1.968999788209975899e+00
1.633090116853751772e-01
7.347215788418400173e+00
6.785720290768584850e-02
6.190330233830150242e+00
6.069800050501338973e+00
4.234884175929075845e+00
5.634936964128906212e+00
3.144347985211070617e-01
2.428258788688846703e+00
6.144587906813108624e+00
8.158556677945608016e+00
5.523895491506741529e+00
4.599870456170443433e-02
1.633572843802698904e-01
8.951795025578567433e+00
5.302309563227318279e+00
3.830269094670166297e+00
1.243547164839271107e-01
5.471790802416441224e+00
9.517664411013869952e+00
7.060243173615464052e+00
3.859310060674408849e+00
4.581603577730806315e-02
1.380559435570738736e-01
5.416285540327907988e+00
9.886375747682432547e+00
6.235229217696635295e+00
9.925599779087250496e-02
5.436330201966967479e+00
5.939833171589220306e+00
1.464640467307107841e-01
6.412902411718244267e+00
1.007626415888825677e-01
8.934840644468874160e+00
7.508641975675479918e-02
6.944669658196141349e+00
5.998171151101423071e+00
1.293632199392180104e-01
6.710303187612509213e+00
2.432074571982123790e-01
4.587995866704788761e-02
5.423000351954916809e+00
6.454174742021994149e+00
5.809592088763849027e+00
4.773625549349099551e+00
1.251341888012575676e-01
3.179127306498483740e+00
5.360096749275809813e+00
6.215033782877039947e-02
6.517756170359255918e+00
1.424629669901560369e-01
4.443587689817423136e-01
2.650930016191842542e-01
8.544192862824544932e+00
3.863231437374871735e+00
6.303792968043778977e+00
8.785721395787048082e-02
6.280871998317393012e-02
3.321338140642398629e-01
2.448855149414883581e-01
6.102650663282433996e+00
7.337917131168965323e-02
1.385471702700789565e-01
1.846493191999413419e+00
6.724960539545619120e+00
9.718105541997895669e-02
3.931754749089077378e-02
5.997457947979206949e+00
8.524600996821455112e+00
4.021618962906131078e-01
1.822917563924535134e-01
1.360803564296388102e-01
6.555040763600070264e+00
6.642008408967223332e+00
4.422755558070831650e-02
5.917835259538289705e+00
6.462986159701671340e+00
6.434436042692444069e+00
3.572390342261495821e-02
6.851376420595725492e+00
7.217411815152674492e-02
5.840350109964801639e+00
3.988104156248340360e+00
2.274747572233840887e-01
3.567385236201502802e-02
5.376315566687247305e+00
4.056416296886671269e+00
5.734558549775714553e+00
1.050895933683565708e+00
4.562063550764716702e+00
3.607612409884158877e-01
5.628556720914968281e+00
6.185162382375730239e+00
5.947996267219056499e+00
5.847934852234038416e+00
2.776937904608224317e-01
9.384496767742818435e-02
5.617252933283487515e+00
5.447038400971079136e-02
8.245339594131968042e+00
8.259869677781380704e-01
6.241128334424742019e-02
2.295927367932932284e-01
5.220131352424647986e+00
1.480806006522962237e-01
6.871810556637941048e+00
2.273122773137765673e+00
7.168216640927479233e+00
6.132712169795805579e+00
1.098290480277229753e-01
5.893798595550885366e+00
1.327345930484638836e-01
6.172854117994866385e+00
6.756247663306811368e+00
2.638063591910794869e+00
1.634016206930600790e-01
6.928569645888430273e+00
4.621920004472087840e+00
1.966425080468947317e-01
4.574094861673382084e+00
6.585915121591562560e+00
6.482917984946829471e+00
4.227716173281061141e-02
6.738042592506968020e+00
2.171831051226499887e-01
1.432939503889704702e-01
1.156345756413866971e-01
5.672586966114672613e+00
7.153589945147907692e+00
4.552929793493398075e-02
5.574019624610760282e+00
1.184286838116919149e-01
5.349587293507836350e+00
8.527518342758809433e-02
4.139583560744053869e+00
1.362541195058615817e-01
5.327860164474465421e+00
5.372000587258308535e+00
4.299249334091403973e+00
6.552608755388250827e+00
5.663652737070723475e+00
1.662667615921921416e-01
2.781073824362122693e+00
6.265937314771753641e+00
5.518667514650915429e+00
9.938180048151645352e+00
7.090531228184555890e-02
4.568618748431193533e-01
5.761041349132938194e+00
9.366092237003564858e-01
9.953318408144395946e+00
6.728647059098184613e+00
1.695483813835468201e+00
7.369273966979390522e+00
4.987818260588960939e+00
3.550721002966916728e-01
6.724576888273337438e+00
7.722364560526917998e+00
6.178744626188214378e-02
8.619124258069001954e+00
5.767180870520258296e+00
8.838009599576873043e+00
7.100704417160278226e+00
3.795132868706957652e+00
1.045178156725287549e-01
5.211425344995317843e+00
3.007851776488763562e-01
5.924664805335964068e+00
6.550261303862426665e+00
9.923697533364808643e-02
3.749911587653621314e+00
1.539587894589200090e+00
2.772479339771788953e-01
2.375890215258174010e+00
5.070265745777937205e+00
5.667635687267379652e+00
7.169813496414807752e-02
5.621469793715393237e+00
1.182850781358074643e+00
3.686490029622185194e+00
8.252340397148424600e+00
6.072239205267427664e+00
2.322906239437987352e+00
8.793687835304449862e+00
8.098278453252984121e+00
4.326270258585363848e+00
1.789342803128075032e-01
5.984645439419813862e+00
9.528200171727720047e+00
5.369698144988119953e-02
8.631341805987480242e+00
6.092958266739822548e+00
1.354363817033416295e-01
1.077427974017002299e-01
3.987871989458588451e-02
8.031480745834121748e+00
9.089676593964737705e+00
3.202704554324947051e+00
7.155252507871198375e+00
9.152061920888694690e-02
5.298583243522284825e+00
5.437128662940321489e-02
2.847847336105612470e+00
1.082636475289469602e-01
1.225398989951150958e-01
1.418933587906987981e+00
1.579609332688155232e-01
6.249087161659335088e+00
6.878988881994780868e+00
6.309843156966670641e+00
6.466195235454120116e+00
1.600837227363799131e-01
6.196730980471818029e+00
3.074727176330979805e+00
8.261556532386617191e-02
5.530227161662460311e+00
5.535232770485427167e+00
4.472113831744502832e+00
7.660383358147282884e+00
5.617433376411248153e-02
4.625884373325241938e+00
1.074039769361459506e-01
3.682247674902019430e-01
5.761588148091578709e+00
8.743026070865297927e-02
5.843878882970496846e+00
5.933895333235867930e+00
1.478029993590428137e-01
5.452532622922366956e-01
5.724418615914300013e+00
2.881280210134938624e+00
9.851283934694265998e-01
9.307011784667958310e+00
8.054109886886939407e+00
5.555070722594207311e+00
1.603190156663401700e+00
6.065002458990005785e+00
1.268383493586950905e+00
6.641280923410797676e+00
6.571147341905065886e+00
7.739975791481064349e-02
6.503752532335326464e+00
5.954217152125162310e-02
6.967036029061213220e+00
1.271848207643972162e-01
6.511260631338199545e+00
5.655549037788621725e+00
7.279918213789218662e+00
2.301092298914768186e+00
1.471665721630073254e-01
1.176479761202526286e-01
1.228415558635830157e-01
5.215298135554288450e+00
6.968007622213768570e+00
1.441682408012443517e+00
6.400662247957258910e-02
6.614906703368036212e+00
4.053245570997513619e-02
3.819343290235620803e+00
2.818070273709396001e-01
4.807745089295299701e-02
7.434265147211150726e+00
9.351983427327953402e-02
9.654961103610963491e+00
5.611354965462503230e+00
6.415099280377752677e+00
6.938278832001911312e+00
6.397099374536439065e-01
6.394798478513756379e+00
5.524280529786182448e-02
7.407049022132835780e+00
3.161756923346129011e-01
5.745671079286280403e+00
6.435089554243170973e+00
4.322056935906398500e+00
5.700678273063729762e+00
2.507088631252287758e-01
5.405638662453998045e+00
7.456057459247678487e+00
7.952354324129238705e+00
5.686327164103131437e+00
6.710967545606078666e+00
7.062749422432076152e+00
6.460644774364226350e+00
7.492058612445252841e+00
5.127097346641607878e+00
4.220583733223318923e+00
5.543983634036990793e+00
6.502916073237494099e-02
5.994759857100970812e+00
6.066014622915142596e+00
5.309613990555356544e+00
5.587753617349629387e+00
6.519643261016415892e+00
4.669634971779942134e+00
5.631288753227059019e+00
6.879412200033118374e+00
6.274115289883900992e+00
6.676961010811188757e-02
5.493388263725709209e+00
2.139129439476479710e+00
1.093039636715580770e-01
2.040290270433778197e+00
6.452383631958915622e+00
7.504420633485457681e-02
8.738896413265606622e-02
5.097352320684430893e+00
1.314146841669344035e+00
5.528580046803354797e+00
4.015999470025468199e+00
5.379088765065161759e+00
1.084900804570238658e-01
1.086101350152405415e-01
3.473867189770309949e+00
5.860558373024942647e+00
5.934014864753753393e+00
1.822774870074564957e-01
6.052319481156290953e-02
5.690102504631018299e+00
8.092037550775758870e-02
1.782047994912628330e-01
7.025430764632639935e+00
3.135511249818741852e+00
7.600399621130464745e+00
3.982583939065891254e+00
1.699835304319977203e+00
1.232688212023899249e-01
4.619314445869444619e-01
5.546326196117067120e+00
7.691482408538855786e+00
3.307013072012228716e-01
7.029833810531245675e+00
5.891721441976138784e-02
5.996066071901672068e+00
5.122912348229851087e-01
7.171348539831789992e-02
5.604376270325150261e-02
4.240377390718000683e+00
9.370860457442709013e-02
2.907562667477606166e-01
1.654973207664788837e-01
4.571830831495742042e-02
3.698862045538219512e+00
7.475363066971094095e-02
1.005204337859144509e-01
5.637246216732232362e+00
2.844460039883443536e-01
8.930327067853820189e-02
2.671201199220491596e+00
4.370414325051319993e-01
4.954260611770861189e+00
2.473384565533887358e-01
5.876407262945622989e+00
3.711970389826897421e+00
1.309570874861820000e+00
3.984257378862634535e-01
6.647281740800904670e-02
5.809878750062456021e+00
4.949258525793271524e+00
5.164452465861254282e+00
3.643448322595781885e+00
6.308872322218824102e+00
6.471284390050462854e+00
6.292293595264512263e+00
8.618194289551214804e-02
7.830012220708655768e+00
5.819203655676308706e+00
6.274092339289975229e+00
7.648117483984174569e+00
1.870403752176138745e+00
5.823558152512214647e+00
8.052495387633155921e-02
7.382306001608111845e-02
6.221388592614478519e+00
3.415053546334326784e-01
5.751330169225368216e+00
5.274048226690652541e+00
6.635197155997301088e+00
5.265222220435276240e-02
2.803578321333843881e-01
3.329389970995587644e-01
3.889245165167131368e+00
8.954349444637880184e-01
5.164336331964367588e+00
5.671195602631642352e+00
5.538364000123978670e+00
8.191876181029003612e-02
6.627393954573339130e+00
9.318361846648293145e-02
3.435646855929781918e+00
5.796173730343862296e+00
6.744152749115366774e+00
5.618163031599507029e+00
1.583580635855766638e-01
5.562809109479728065e+00
5.304013380755771223e+00
6.475298951123713564e+00
6.616372764135534545e+00
6.743466035641758616e+00
2.121085715997648169e+00
3.036632511834400638e-01
4.081407530144650408e+00
5.972026878314819598e+00
5.554818019955565234e+00
6.167142296090163178e+00
1.795422827448948933e-01
1.717052271169074551e+00
5.904846354133010067e+00
7.831873082267374109e+00
1.241075010435038067e-01
4.568907204371248643e-01
6.870954275265672706e+00
5.957827935369846450e+00
5.813482970209993717e+00
7.621510127529409040e+00
9.374200146301444603e-01
9.191744123430385827e+00
5.469361861981081319e-01
5.735350226837368837e+00
5.182408389559562956e+00
3.800724921234579501e-01
9.589712108844492988e+00
2.299793297658879521e+00
1.377980115244742398e-01
2.041305134685766909e+00
1.691094129630990872e-01
4.477107946109917691e+00
7.496361185383623393e+00
5.392047276078359097e+00
3.248645412008336897e-01
5.701878303134756187e+00
6.476069721459733586e+00
1.950355227946369563e-01
3.442194880875626417e+00
1.120050165520047186e-01
3.847562559274022576e-01
5.280672756096043585e+00
3.306328512068096970e+00
1.547788342083680213e-01
6.409834383688780335e+00
6.188972128417628227e+00
1.623484799848252946e-01
2.225434007476275067e+00
1.435459406651652392e+00
5.368340849541033855e+00
2.886362032601722305e+00
5.752069819059952849e+00
1.070539961229152737e-01
5.552919749127917193e+00
4.617373173918677687e-02
1.365245836160568604e+00
1.375547977716661541e-01
5.917764461780974372e+00
4.340206566119902298e+00
2.923054771798507812e-01
6.984562889449316692e-02
8.225800926658104473e+00
8.278523192751284510e-02
6.295642640648878796e+00
4.643164972374782096e+00
6.431434030013137182e+00
4.310642743407478328e+00
8.375292190975737461e-02
8.634490908135374454e+00
6.166664873755316190e-02
3.105338729740017456e+00
4.990941053871514654e+00
6.322762879871513420e+00
5.540614595480305660e+00
1.407776137907900960e-01
1.696787382778769115e-01
9.850236011761793975e+00
4.633312262189335229e+00
3.770537222034486380e+00
1.067172521257730156e-01
1.667790697295801206e+00
7.791019829499353122e+00
6.390164855523388532e+00
6.346060700974953228e+00
5.377267521571801545e+00
7.256288048551562397e-02
9.891946671576172523e-02
9.781152428035564839e+00
4.897025953940482346e+00
1.381837615337349612e-01
7.358549229837182959e-02
4.730863352345754613e+00
5.966304243515828887e+00
6.887578070247384332e+00
3.077404094334703188e+00
4.382457273766656947e+00
6.443992011745026893e+00
4.397981102772450690e+00
6.734825706232880016e+00
6.463300936788029638e+00
7.047042451231874338e+00
7.156622067699632161e+00
1.647798859382672010e+00
1.278695510237075894e-01
5.391704272113209129e+00
1.548265229413529342e-01
3.071562930945697656e-01
5.389512832070138870e+00
5.481232353979602401e+00
9.863169500962760960e-02
6.928311357398789783e-01
7.143448905918219793e+00
6.254995686471683136e+00
2.632810754778543760e+00
6.496391254463623532e+00
7.925864979395088383e+00
5.691491369676279888e+00
8.887022899994685421e-01
7.715236822177630460e-02
5.821641957540259149e+00
4.844879859504387654e-02
6.902083612371529009e-02
5.387950280771299560e+00
5.721051412888787269e+00
7.452238837244614444e+00
6.374938628240559346e+00
4.258765731621983797e+00
5.535172904901870083e+00
7.038071142030573490e+00
1.705936222830145566e-01
5.932093799853070060e+00
7.735245303096164982e+00
5.955253745677254962e+00
5.872666970072876191e-02
4.754005659084982405e+00
5.821564474272205914e+00
6.141628175866820527e+00
4.061215900306771043e-01
3.937369448781971926e+00
9.456952345118699199e+00
5.960086943870621212e+00
7.166300050220729467e+00
9.555214589738605824e+00
6.431861189621627339e+00
6.839418464778698747e-02
8.865257134416133056e+00
2.665176304875407354e-01
7.639061718173501880e+00
6.276166817499879258e+00
6.436755253840745539e+00
9.033644463453036622e+00
2.454140492631243786e-01
9.502522466565780590e+00
6.523791138575116832e+00
5.642016993622822163e+00
5.772658836640897739e+00
1.064842564973472183e-01
8.438476613909402790e-02
7.823959186882898820e+00
5.271663978248007254e+00
1.022627304418608218e-01
4.865245910939707485e+00
6.271627818624073925e+00
5.898756446904366513e+00
6.167948067536219270e+00
1.386479907787920296e-01
5.695818346343615168e+00
1.803789990403839583e-01
5.911038562360490189e+00
4.979179528230798013e+00
3.791277662815759175e+00
5.025672187741588637e+00
6.108188689371544022e+00
6.554600289172725525e+00
6.200925159930750219e+00
5.643387466671896391e+00
6.918541658441057507e+00
5.960109358157463788e+00
3.969442146766844370e+00
3.445299234011529599e-01
5.687644206508387867e+00
3.573911108556552918e+00
3.551656317035221555e+00
2.107156485921549027e+00
1.392173223111486113e-01
2.478706112410190565e-01
5.675870250071744394e+00
5.601279860199431110e-02
5.207968814231483279e+00
7.080159158689631305e+00
5.992552904713095430e+00
5.999586456604167672e+00
6.947794023386204110e+00
5.792550418156190872e+00
5.381057956005538045e+00
1.294990310175019310e+00
5.423819876505268311e+00
9.451061347666925627e+00
2.235795862783655497e-01
6.545159125073577222e+00
3.131952413075257624e+00
1.708574624085549276e+00
1.770784226474279854e-01
5.694585524346088334e+00
5.545548914360942661e+00
4.043677044612375288e-02
7.130375894341770326e+00
3.537235136167363070e+00
4.051952791900428785e+00
5.133247892757560743e-02
4.065988000273442760e-01
9.498145352841575573e+00
6.098833679632052807e+00
8.832672895948283198e+00
5.979106015417158027e+00
6.677628247489480806e+00
8.087862950340461765e+00
6.476275482570365227e+00
5.563615545695629550e+00
5.596152381659774910e+00
6.120573281581902947e+00
6.832951783563792625e-02
5.175750005066610815e-02
1.088222880409958071e+00
1.688978201041586025e-01
5.779996018056399620e+00
6.162639182707815522e+00
5.312561643797487854e+00
1.497740182553882304e+00
8.010946962053391851e-02
5.843983256856973618e+00
6.720264709079180887e-02
6.665947200581219256e+00
2.247160437064172012e+00
9.870846511668779355e-02
9.196343091078275078e-01
5.913526795616671272e+00
1.427085638441607518e-01
4.151294060684349141e+00
1.102951334429935204e-01
7.249295315259396411e-01
6.540878170099108324e+00
4.681240591507026316e+00
2.569043113079291785e-01
5.611362532733757291e+00
6.622107612283732792e+00
7.938320298397139041e+00
4.292474974376616181e+00
3.518191582005499640e+00
1.517077236282368569e+00
3.003145168709578705e+00
3.689011687346221285e-02
1.129955815461535090e-01
3.519552239070265376e+00
5.443452765936179993e+00
7.979098832887006054e+00
4.949556330824021799e+00
1.127335543153174524e-01
6.368779432326306278e+00
8.928396305718925063e+00
5.697437721006120420e-02
6.371351319571313176e+00
2.126993911503839652e+00
9.315228682853037512e+00
5.983643775879922799e+00
4.968233909781413771e-01
6.293223775351416194e+00
4.897959961177504873e+00
6.807927123390372870e+00
2.414343093836681386e-01
5.599615257132741775e+00
4.204691818133587944e+00
6.005518626324094278e+00
9.153122578094671780e-02
3.324686638014416884e-01
5.804719229159113425e+00
5.808399161212123296e+00
1.837374693333924780e+00
4.049141390287400166e-01
1.016092773669216021e-01
2.511300211002990501e+00
1.256695563499635737e-01
3.849167613120326958e+00
6.182170610177133874e+00
6.243766864381739695e-02
9.944405874714103144e-02
6.031225619991573694e+00
6.317756501444989681e+00
1.779424521373475787e-01
8.963828476581246818e+00
7.991456703317050270e+00
6.504657009942986789e+00
3.100117774745756005e+00
1.658362376365774826e-01
8.818863078892018592e+00
5.694972408436536959e+00
5.862873300170891255e+00
5.550489491804357023e+00
5.888464454412008386e+00
2.507636560245749102e+00
1.999319719909141146e-01
5.564408968581643578e+00
7.125155234862354803e+00
2.916824775611315701e+00
6.137959398176384695e+00
6.253185422253468850e+00
4.669197921967958465e+00
9.249948837978667626e+00
4.149691188468179193e-01
3.904963476288878965e+00
6.352185681663299555e+00
8.393676790533161736e+00
4.916788650404040339e+00
5.931680688047922700e+00
5.563927576706478639e+00
2.112696535221800787e-01
5.908867890609020179e+00
6.720672955938939097e+00
5.235521905773283358e+00
5.667682164262476813e-02
3.311308421201966112e-01
8.851362235717063598e+00
6.705933022532537535e+00
3.616875138943995843e-02
6.301054271133857299e+00
3.243306031818262714e-01
1.869249627733428509e+00
7.728786530078785022e-02
4.241548400330702462e-01
4.437020408037781194e-01
6.042058545249156865e+00
5.701767921583182630e-02
5.963807668740901846e+00
9.013668813008603564e+00
1.074112632120270278e-01
6.097215813612385515e-01
1.354328601709995639e-01
2.724365224978965383e+00
7.959303838423166688e+00
5.492570195356129226e+00
9.199631149580982381e+00
7.937370625536014357e-01
5.482058112193950450e+00
8.779864516006615105e+00
2.098722113884583795e-01
2.556098275199528702e-01
3.722543450318489988e+00
5.467900234549322391e+00
3.340945826054146028e+00
6.083208188677859063e+00
6.214403645641831453e+00
9.517222838320307687e+00
5.493578321329183112e+00
3.858518865757590288e-02
9.904628764939138463e+00
5.899871609303470876e+00
5.010326213132582751e+00
5.588074704484723654e+00
8.615851235624797155e+00
7.532140449764027634e-01
2.682599806926888597e+00
7.555350929071241062e+00
1.197319805515619784e-01
3.228525268199240461e-01
8.060831453458572327e-02
6.048756202826568895e+00
5.918781384131599488e+00
4.943661676114412984e+00
6.181643696466999627e-01
4.554808641232017952e-02
1.166914736941058850e+00
7.928558668655781183e+00
3.378869756178203509e+00
7.329410890649458388e+00
5.682307079403689620e+00
8.801842052087020807e-02
5.011936609814187094e+00
6.461278058857826245e+00
6.600358586274861494e+00
5.274809017624722429e+00
4.048224253041030618e-01
5.928191941305498425e+00
1.087115665150900495e-01
5.593167195546731030e+00
6.213310634635749868e-02
7.065371776813047511e+00
6.194633424207345307e+00
5.707073197440418966e+00
1.188983436123090265e-01
5.966238769174907475e+00
1.171123834742307107e-01
9.298872936043464654e-02
3.916935849920837764e+00
5.809478599631300533e+00
2.524362226223030969e+00
3.781295815859488790e-02
6.258713241434128882e+00
5.799579698629599850e-02
6.746763251551428198e+00
5.761690152004208976e+00
2.224631257075058155e+00
1.286837930642616978e-01
5.031878345635554695e+00
5.469431406002170371e-02
8.284470089278601179e+00
3.843241240919746282e+00
5.975456682723121027e+00
6.010595435412895426e+00
4.849164850809594363e+00
1.676770542850567036e+00
6.789489355520760938e+00
7.137734103892691417e-02
2.648234082109770515e+00
5.213597820538172556e+00
4.254853372545301049e+00
6.397399506466961761e+00
5.624144659427916970e+00
3.935780627214803262e-01
3.239517448456146198e+00
5.800068653716378364e+00
5.602188379344302582e+00
7.925497703049355636e+00
7.719096682139006682e-02
6.389437142331111374e+00
1.409988435733694478e-01
1.756429025488813966e+00
7.787576800356703355e-02
7.425230561099357973e-02
1.495221873785770317e+00
8.699650911212344906e-02
1.045228578669113728e-01
6.064001249862452703e+00
2.583127948139078089e+00
6.564609191437547064e-01
5.335442112030560402e+00
9.508718433414616200e+00
5.569974889896552206e+00
9.865206555061849514e+00
6.709686671564459637e+00
1.160297495062942164e-01
5.455995520179361513e+00
3.817863148587626210e+00
6.235831055724036176e+00
4.251611118764105690e+00
2.789760896768074261e-01
8.897133706853185942e+00
3.511342972922062877e+00
9.630659249799876420e+00
6.421915432647133493e+00
6.635297542898685563e+00
5.689573863425533062e+00
2.800071918712466523e+00
5.098816184287448261e-02
5.451908601974942314e+00
6.100872189564098685e-02
2.061186753769062907e+00
6.477149107208891365e+00
6.403480750547799194e-02
6.573742415013186680e+00
1.544754427403444708e-01
1.605310336935040494e-01
5.665451331896062537e-02
5.856186889195934775e+00
6.639064311670405338e+00
8.092293093079350186e+00
2.051499931187110992e-01
5.763625381856319230e+00
8.182059932448860096e+00
5.723307844758667606e+00
4.539737881210360371e+00
6.796542662709679661e+00
6.269621287699277623e+00
3.430560269199657508e+00
4.473134393537261250e-02
4.374036823074405334e+00
8.502052322736423307e+00
5.920491649977104309e+00
5.658230213661482821e+00
5.604568624781579800e+00
5.233352934204442697e+00
1.518877839173050914e-01
1.488312556530788422e+00
6.350903366950121087e-02
1.782005799922514733e-01
5.510576893480623878e-02
7.621699677053516808e+00
1.589676279457319097e-01
9.814195313468159654e+00
6.162418633996002981e+00
4.194298992022479911e-02
2.697923361990484104e-01
6.908924882277672985e+00
6.123840365922029072e+00
6.337968628893103862e+00
9.938254959481596984e+00
2.509237196147477422e-01
6.199035476044522319e+00
8.151562702994493037e+00
7.307814277082587406e-02
8.098977986839798859e+00
6.680764154888198192e+00
8.417714597289507883e-02
8.409591863519191079e+00
6.200259895711217162e+00
5.703193240792172602e+00
4.756576357086656159e+00
6.390344015220549068e+00
6.610770963295900415e+00
5.950981832160483265e+00
6.088340173319710225e+00
2.933281042905896197e+00
7.540477030673606862e+00
6.219458352597367679e+00
4.976084542810875477e-02
1.182002086138764368e-01
1.785246750666643623e+00
2.028588363640008718e-01
7.149354774055710848e+00
5.981230961138974678e+00
1.070480846844226314e-01
9.336645087300352586e+00
5.843156744049696094e+00
4.327755303722008229e+00
6.495338820284204395e+00
4.369470795861640083e-02
7.486513660333313780e+00
6.151067103594767271e-01
3.621919801087217228e-02
6.667716704460070254e+00
5.846877376445976715e+00
6.012660052748078243e+00
