6.001425200420502648e+00
4.004260223176255018e-02
6.078807788202340134e+00
2.439241971853578939e+00
5.036091964853313563e+00
2.026825493930267952e-01
7.458489358448877615e-02
3.255860176367788128e+00
5.581544165628375964e+00
1.262956839847226398e+00
8.736457511497604855e+00
4.610530908868445271e-02
6.268119021488859133e+00
1.222043988158636185e-01
9.186404222965418143e+00
6.085160670851752940e+00
5.494455583334880266e+00
8.984654288484543450e-02
8.747940832366755959e-02
9.843687580425886097e+00
5.505652769534069790e+00
6.209663878564215089e+00
4.981916629509595573e+00
1.658279292675624683e+00
6.229648514299772621e+00
7.401024636944753432e+00
1.638508477548956677e-01
4.280899549681412702e-02
1.168043509400743807e-01
1.194854776666250673e-01
5.808565862801851942e+00
2.322913688906907970e-01
1.530330706339467772e-01
8.116572664712354168e+00
7.004307930483466116e+00
5.382237429131262907e+00
9.058660742059293502e-01
1.620178743690730561e-01
5.421642928834991437e+00
5.612844110015529075e+00
8.569893293461603889e+00
4.294929350500638343e-02
5.788686983743471792e+00
8.507789914067496184e+00
6.521454941538282313e+00
3.690037475142622370e-01
6.694621882851340189e+00
3.036032584173985249e+00
5.885979768731409933e+00
1.451424645844088535e-01
1.136134472522913663e+00
5.269114586717499549e+00
5.109094684201315878e-02
5.168324973120335564e+00
1.294480651578912289e-01
9.185268658348176629e+00
5.367745898444573172e+00
6.286061041173987007e+00
5.656325402738824337e+00
8.224793324386613591e+00
8.429902552338222610e-02
6.440424821475364325e+00
7.780297482827308819e+00
6.028236723758237048e+00
6.993233749724389603e-02
6.768217294926208716e+00
5.302887900338731697e+00
1.497309750825053687e+00
7.053476508106860943e-02
5.167230556322573776e+00
2.819526490671348196e+00
6.855009652953254040e+00
6.457683228819634635e+00
4.323863470338372927e+00
5.972105322514646986e+00
4.680486977939615073e-02
6.568587161651732842e+00
4.919565367448795357e+00
1.625850941680582473e-01
6.132974404605778140e+00
5.343945549029673892e+00
6.411547018106216633e+00
5.540346888840898210e+00
1.359739285473041015e+00
9.836356674159738023e-02
5.853028900157974057e+00
5.814311252495222071e+00
5.825146261894702526e+00
7.807089991999714707e-02
5.817457611174695842e+00
6.070587909492222156e-01
6.001669054365293299e+00
5.231796375041022351e+00
8.214088578396827600e+00
3.376435386104030378e+00
1.488623307648321736e+00
7.444573254346881441e+00
5.874479548980105825e+00
6.859676779882687647e+00
1.032551936428714318e-01
1.201319337744480298e-01
1.004909551689466163e+00
5.046706960923907914e+00
5.789647391483890182e+00
5.604590652533119943e+00
6.531277694582311000e+00
6.601423003424557123e+00
1.439193454706787278e+00
1.331853806796131634e-01
6.556801011871066898e+00
5.921304907094750547e+00
3.522229583208440207e-02
1.497334262662757487e+00
1.850673001259203754e-01
5.442259424256526756e+00
7.521861203989282929e-02
4.382102295269753256e+00
6.735716385660604821e+00
5.375138903000330898e-02
8.869147979273742877e+00
6.393057263372553756e+00
3.631026768709416097e-01
5.415485497724575659e+00
6.093073935525860740e+00
5.634347920638400176e+00
5.699639677662280413e+00
5.531439248557218136e+00
1.720306429560479744e-01
5.571697912782664019e+00
6.498486736747018711e+00
1.151851858560398179e-01
6.898690636838526125e+00
4.908741606268215207e+00
6.010991461020612547e+00
5.669791870627255648e+00
2.723481418973460189e-01
6.018025979081597754e+00
5.982521521139545051e+00
4.877835194827596921e-02
2.102008899024984334e+00
6.316632944673770567e+00
6.103564794766261237e+00
3.925759664591796483e+00
1.086820754761406604e+00
2.357646390393712821e-01
6.534492762896301876e+00
7.742004279884931450e-02
3.772506697617286631e-02
1.441523039297834263e-01
2.941453761494895236e+00
3.197130825554001632e+00
1.522304695520683149e-01
5.242179182457801012e+00
5.423074881229021926e+00
4.623196754762718963e-01
6.035078033589623414e-02
9.623631357691406762e+00
1.540141518473611970e-01
6.375681714457476446e+00
8.394979967508474417e+00
3.480231081258082337e+00
6.622851619772413656e+00
5.581520192812169157e+00
5.662937810479388823e+00
1.958520928817686135e+00
6.204841136021290282e+00
5.850835795694966812e+00
1.016376109030213970e-01
2.889485798209365797e+00
9.918698340322455564e+00
6.037829895775364442e+00
6.352165551047813885e+00
4.538147695013182437e-02
6.081485671099749801e+00
2.139317817486784123e-01
2.750440534805527193e-01
1.114122091976749857e-01
7.307607222257982149e-02
8.165847027448567275e+00
4.755178826800942282e+00
5.640003970277136514e-01
4.788519824620177445e+00
6.029125623446998539e+00
5.000608649317548782e+00
2.688094782675646499e+00
6.177966068368379027e+00
1.281028393120632602e-01
5.762472667138994531e+00
5.066509840126062869e+00
6.135103884897995741e+00
6.483590879586173195e+00
6.923030851406361208e+00
6.068641072102473721e+00
4.004115161189946370e+00
5.562610024632047789e+00
8.209493372818073453e+00
2.863596315174644413e+00
6.641395918695425671e+00
6.666013667823729172e+00
6.462502211607812797e+00
2.445288046995985898e+00
4.755593450124795396e+00
1.634713386335793217e-01
6.611668435902162244e+00
4.825037104493007378e-02
6.615243412702150883e-01
5.490482462794503249e+00
3.148635747104426841e+00
5.259587531712718977e+00
6.214876609971039301e+00
5.782411768953322984e+00
3.938943444973824981e+00
1.290728985359297643e-01
2.562736383512226990e+00
6.071798235888342887e+00
1.167391895379493033e-01
5.767312283437726173e+00
5.580682429578352810e+00
8.125994666870962391e+00
6.919229725821674393e+00
6.184876187194618957e+00
5.655147703858530939e+00
8.986542022646991867e+00
6.473759401281612647e+00
5.942262791789790555e+00
2.235718143906476607e-01
4.433206799175126028e-02
6.553741366885796893e+00
5.955438962733216712e+00
8.101530755115006477e-02
4.866448265088324732e+00
4.256434459185576974e-02
7.782697070413046703e+00
6.365663890121803448e+00
5.907546109525168454e+00
6.068154441132802113e+00
5.118790158353384356e+00
3.872879922182593582e+00
3.493359525103897911e-01
1.244792162527755958e-01
6.263658738531592718e+00
8.690155615387466170e+00
9.257817410498493160e+00
3.602080335028139402e+00
4.377570048615563730e-02
5.727332084063755602e+00
5.681067769805372869e+00
5.381129097022188112e+00
8.071175062330355754e-01
7.160612350599719456e+00
7.139765454367569042e+00
3.739054587298296095e-02
5.166375827094365825e+00
5.877321548632314041e+00
6.830542912222369978e+00
5.680046398087927884e+00
7.157563221232374207e-02
6.706607608773347273e+00
5.736920473533083431e+00
5.572747889264779708e+00
6.400273473529274781e+00
1.283190967845480590e-01
7.686518211087637553e+00
6.351356476377957527e+00
6.017284036164227246e+00
4.803830700493103123e+00
6.522895611072733857e+00
5.311085611218240743e+00
3.011324099345972782e-01
1.736691307322588473e+00
2.298080516513011928e-01
1.497938727023487293e-01
8.817009264559729331e+00
5.797465006905806462e+00
6.759632494095003885e+00
6.134134703804397404e+00
1.198127368402774340e-01
7.891642271523180874e+00
5.971906031219799793e+00
6.024257812759134190e+00
7.873051307870460924e+00
5.733194582255626948e+00
9.340436377402834722e+00
1.120543814300132279e-01
5.968940370191925915e+00
7.605274667103655017e-02
3.321343371310216064e+00
8.724641043990962075e+00
5.847091942500415307e+00
3.718148658743703622e-02
8.282639797318189778e+00
6.108117591488403164e+00
1.383551148144827048e-01
3.946038456283296886e-02
5.836763780853440942e+00
1.008195738205569930e-01
6.015824083520100451e+00
1.240121973369049807e-01
2.923791627869904430e-01
7.954436814042659343e+00
2.555463908769147530e+00
6.273639815567013223e+00
5.460751807235976862e+00
1.715292639952793741e-01
3.625463083764272898e-02
1.149282192554827997e-01
5.649755316349177825e+00
3.815156249243437880e+00
7.435772597697341446e+00
6.696841340924629016e+00
6.161154278111172111e+00
1.068212207021856514e-01
6.003997699820429190e-02
6.152476557113765177e-01
9.245547351093367894e+00
7.249573276410169242e+00
3.805631226387952426e-02
5.954399641589969150e+00
5.342726699509237953e+00
6.346657824594694297e+00
6.771960616991090198e+00
8.893604311770632265e+00
6.062634237270195930e-02
5.811259080156854218e+00
3.365634153916801541e+00
6.016967662142599593e+00
5.968931355775288772e+00
9.940981598608457759e+00
7.657295138662410849e+00
5.998933912603856417e-02
1.699003972853544708e-01
2.210856252080549922e+00
4.826738767019846804e-02
6.572909821798600838e+00
5.604171430671907039e+00
2.407490667695136199e+00
5.780211460942763502e+00
5.822782574884020512e+00
3.718171296718695285e-01
6.655035105393872108e+00
5.739351513630287727e+00
8.236987750317137369e+00
4.808085091543662593e+00
4.891899482060478199e+00
1.484118557496415802e-01
6.186325030587399354e+00
1.811871650038208992e-01
5.273555397682162110e-02
8.602815879956226652e+00
6.914369339346717602e+00
5.978490304521028698e+00
8.839460238384775792e+00
5.210770926222833666e+00
6.025652862553032563e+00
3.307401674109020195e+00
5.747424383374975854e+00
5.473694682624397956e+00
1.182727423668634148e-01
3.112946333291585876e+00
2.983763265985789892e-01
6.163497447090182213e+00
5.874963838534121408e+00
5.960648588224680466e+00
6.589963778671813266e+00
1.126827737281110853e-01
7.272545798670127404e+00
1.917808276702928527e+00
5.943398714933540994e+00
6.818307368900697440e+00
8.080515934730401639e+00
8.240973909848289480e+00
4.578507102297815656e+00
1.045031524450529131e-01
4.762114084929246899e-02
5.836990922143236560e+00
6.522223683083744561e+00
3.990110299048178072e-02
9.629995568702710784e+00
7.440010159033434711e-02
6.382822355823552840e+00
6.042228860154930992e+00
5.180069962382274795e+00
4.828696591658936832e+00
9.990721721713949677e+00
6.037414627237616571e+00
7.685304937994200891e+00
2.791661476436580802e+00
6.615772107201597918e-02
6.195140408690325451e+00
5.466373476486043437e+00
1.192449876866608971e+00
1.438241919876275809e-01
1.190638256775360809e-01
6.960227024822558839e+00
4.739538652409425623e+00
1.482609861416712971e-01
1.465896478388121482e-01
1.499562252415070684e+00
6.185425156304015459e+00
1.062968011023121884e+00
6.675460240768221531e+00
5.844273560468306705e+00
8.292065003513901189e+00
2.506591669196690297e+00
1.912958530686446890e-01
6.290133325902646177e+00
6.337842342467531198e-01
6.499777049878064261e+00
4.159184912210178275e+00
5.739266870122213149e+00
2.466390736784159543e+00
9.092028636910570727e-02
4.790206719501746591e+00
6.073296132671448078e+00
9.355139968179436438e-02
9.492949123569484726e+00
8.363986236662633189e+00
5.079732175379534503e-02
6.510092075464779526e+00
5.967732818695228758e+00
4.646933176634436280e-01
3.155927062544713113e+00
6.559072216548252676e+00
6.248133939507185985e+00
2.076651439166059987e+00
6.189307395203758055e+00
1.081094644495616403e-01
8.863985339503990701e+00
6.674268734588020280e+00
1.080460878547943177e-01
2.421708397982065719e+00
2.029736273106942157e+00
6.117681875046408813e+00
5.051707637067905488e+00
5.681395204009005440e-01
6.177743174016731231e+00
1.140311091403744259e-01
7.946284719894894266e+00
6.000380658069511597e+00
5.026728495043148115e+00
2.791989512551043551e-01
2.199925471966502344e-01
7.269627429392402362e+00
6.163480991808023557e-02
1.235322566217072482e-01
6.858828283865365805e+00
1.829194311195875722e+00
1.148415239502715623e+00
1.205048891598738542e-01
8.173437085103884669e+00
9.875405665975247160e+00
6.369524662194695708e+00
8.235600882103749631e-02
4.947188161335771106e+00
5.844346970541290709e+00
6.197780630379181588e-01
1.638721809260300200e+00
4.818903280658606292e+00
5.942730931804458550e+00
6.075930697698094463e+00
1.417725154791233400e-01
1.954593555516975223e-01
6.819304393851094437e-01
6.940653344777541811e+00
5.530042575299060736e+00
5.835853867487790225e+00
6.274634258018131128e+00
5.920127591269574996e-02
6.051572285423864273e+00
7.084998291343009846e+00
7.709116570608978591e+00
5.085695200643662872e-01
1.470352665446900353e+00
6.009967427041122079e+00
5.909892930506925879e+00
8.080285851799947849e+00
2.553694211096388944e+00
3.279484443233416369e-01
7.395099509499203361e-02
5.694927408489774967e-02
1.917209770149647330e+00
7.201387627255723345e+00
2.214173460532242288e+00
5.579831456843575843e+00
3.602137037126394326e+00
4.203481215491788880e-02
3.034921672631910039e-01
6.040007379178001123e+00
6.415856106013444193e-02
4.724770014198249185e-02
7.331511241503394061e+00
8.728493558511196682e+00
4.599812939894151853e+00
6.502622553073146072e+00
9.577178323549647709e-01
1.206381901088023623e-01
7.059190812014064065e+00
6.882551671354740996e+00
6.201376311394495744e+00
2.179443079847220577e-01
1.076861119301410818e+00
1.372043065593307576e+00
6.440279268231187404e-02
3.300801602893455033e-01
7.993750886818525636e+00
1.363261954651578123e-01
2.495579744261284261e-01
6.049334026470643444e+00
6.323473971159680573e+00
6.198500504252353771e+00
2.030174556831460253e-01
5.899180834644043969e+00
6.747699211129090102e+00
8.151371520190172637e-01
8.337921467267344511e+00
7.522005676182140554e+00
5.693515713207991880e+00
4.316915762861842781e-02
7.279198516020643162e+00
3.958278782257181216e+00
5.598349946904768865e-02
5.482941714070340922e+00
9.510327232661528463e-01
5.943576545481007223e+00
6.088678633053199007e+00
1.833310014203406890e+00
8.937046308272517336e+00
6.165171356293221855e-02
7.209701678718720252e+00
7.294180521623832902e+00
5.292862367011582414e+00
6.864761342613324935e+00
8.476074871528936683e+00
5.650509842240062142e+00
5.150629037949966182e+00
5.928506270724278160e+00
8.802066465727895306e+00
4.924642379060330255e-02
1.522517170704022760e-01
1.509656209153222017e-01
3.360858618499803274e+00
2.532393758322812882e+00
2.180753757560058015e-01
6.326201572256975325e+00
8.855273945509278377e+00
5.896829892010543972e+00
8.144694184176112017e+00
6.864213236230756188e+00
8.970183382029330854e-01
1.138720649889689851e-01
8.062044341296719097e+00
6.556655306642507064e+00
2.611699555575012877e+00
5.165743809913932338e+00
2.309717968495030582e-01
4.865317623768285138e+00
3.909692397605605829e-01
5.949655862564735997e+00
5.706595111082696903e+00
4.828313675403991256e-01
5.779873337017587431e+00
5.996495964867624373e+00
2.636040511456362312e-01
1.541249582254237360e+00
6.145519757793609372e+00
2.597826414143505902e-01
6.986677215685944964e-02
6.040031208201629198e+00
1.394427824834273966e-01
5.916762332595465246e+00
6.620785707049480884e+00
5.007676179863200794e+00
5.842714534765677925e+00
7.397928579235109048e+00
6.227502431710413511e+00
4.661480619529415059e-02
2.680892349882568748e-01
6.338719389547620153e+00
3.377066884087240872e-01
3.758762955319685378e-02
6.004065532301820163e+00
3.921188720125590721e-01
8.818741636517646754e+00
1.275852805642877730e+00
2.198708572227360825e-01
9.245904409864026674e-02
1.073203803974498882e+00
6.650249545223561043e+00
7.074216771638063506e+00
6.008201247508670129e+00
6.660577667518674971e+00
6.233912121036936149e+00
6.340962943980309241e+00
6.061032229846536445e+00
5.638501978968724515e+00
8.305628004856233204e+00
5.554532189188211788e+00
5.669157568248859747e+00
9.408390660124661409e+00
4.526443631792375494e-02
4.827410656107541165e+00
6.371937310304343072e+00
4.961165856166493526e+00
2.482582351804635490e+00
5.885383810507242686e+00
8.580426288457617900e+00
5.110842192524398087e+00
3.695783014252842363e-02
1.048363126090031822e-01
7.400772808982293505e+00
6.420274174016394220e+00
8.870549665049425769e+00
1.247947711104969160e-01
1.004996463080693875e-01
5.847130916118843835e+00
6.848570081987007896e+00
5.983091977733518974e+00
6.113831075136901383e+00
6.946147648821952458e+00
5.261888606752609832e+00
6.087277975062458601e+00
5.943815221678549143e+00
5.807380976285188012e+00
2.695849140663815646e+00
5.529487685133935848e+00
5.611080053900844966e+00
7.054184306317012876e+00
8.526734993639433213e+00
8.460216393768581256e+00
1.876531412785062969e-01
5.838718322618993817e+00
3.410134536872583055e+00
4.683122232473158064e-01
3.027797016097166227e-01
5.898174951447934689e+00
6.112917593729646271e+00
1.344320343744798418e-01
5.558904305088191222e+00
8.204071453671700098e+00
1.006809144853419435e-01
5.798185779611204183e+00
5.802778410754473093e+00
6.131251813515752325e+00
6.979986897329795603e+00
5.754808701813987071e+00
5.869364296341632148e+00
2.924646418654249125e+00
2.536981000740707870e+00
1.448950160815297705e-01
4.355015781835969157e-02
5.681814423685962900e+00
4.659161048780084413e-01
2.196367623850259132e-01
6.729880555413024545e+00
8.420740912381829091e+00
5.273016233113314577e+00
1.132930016668861339e-01
7.140318148732404779e+00
6.819085022713660571e+00
8.756466678231662748e-02
6.773115966796948939e+00
6.547025912141895887e+00
1.307375190494397266e-01
6.705971106917408164e+00
2.156481293525608134e+00
5.992159414742403989e-01
2.306266035409102244e+00
4.935782355492020379e+00
5.841611971474303111e+00
9.909964781588202765e-02
5.407114946641917719e+00
3.187081556793692982e+00
8.600312409627129284e+00
7.663119245205249896e+00
7.200251784029456203e+00
5.949204949568703604e+00
1.697864420432586285e-01
7.061158830594910896e+00
6.185329424693379430e+00
7.945105211422943015e+00
1.392302623403178785e-01
6.978730805762503486e+00
6.368774810859826552e+00
5.725873948500716182e+00
5.593426926779850733e-02
8.436064697100996435e-02
1.639296740093266092e+00
6.540470582470292449e+00
4.092774938672542717e+00
6.538137557368847830e+00
4.026347080926812039e-02
5.672437951848470661e+00
4.023311921147867259e-02
5.669548295990168185e+00
6.611889996461699504e+00
5.710839285323467962e+00
5.701718073122353125e+00
1.029528653403895544e-01
7.708217440455154446e+00
6.599144092317061450e+00
6.317127451630686785e+00
1.600364411013732169e-01
6.261062077465371800e+00
6.699507756442363293e-02
6.121497444526377230e+00
5.539726543481185983e-01
6.184524260285154895e+00
6.343929233234875120e+00
4.706271851080746416e+00
7.611271155720707782e+00
9.645272801744841917e-02
3.072915659419683809e+00
3.034113765482171043e+00
6.256647196489924845e+00
1.478058305954044749e-01
6.607376277662005748e+00
6.240934931044116674e+00
4.537394972697115669e+00
5.855261978512584342e+00
2.917430096921356686e+00
6.248627776408537393e-01
5.597589537307859686e+00
6.179410509044246602e+00
1.270117019464590824e-01
1.570617096969104676e-01
9.356235716035980587e+00
7.084727233738030705e+00
8.736093082882420702e-02
8.510175288010750350e-02
4.873189156747765871e+00
4.517552071944203052e-02
5.378112807638752990e+00
6.980549617040467503e+00
3.577802450766258413e-02
2.384110681632460427e+00
6.510907574091830519e+00
1.086263841716855749e+00
1.427816963514111359e+00
4.751858195793323691e-02
3.267000156809426459e-01
6.376711855049583377e+00
6.086123535730356693e+00
5.936234001397618698e+00
5.049861813328564430e+00
6.725487308110603024e+00
8.360580436752723665e-02
5.723093205150678209e+00
1.230874826758147494e-01
9.877452906604947125e-02
5.608401044783267508e+00
6.648665402947966818e+00
6.209816137356908072e+00
5.804443692835101309e+00
7.098280290899176836e-02
6.020879768179698388e+00
7.641164929426316754e-02
5.495042008430659486e+00
9.066223444730608705e+00
6.270229772303510529e+00
5.909334412335784492e+00
6.629360082220902228e+00
6.473248453778738032e+00
6.049145986174930378e+00
7.115253445987680614e+00
5.366951789204730261e-01
4.045917323548214178e-02
2.473653250229795209e+00
2.392859378714153606e-01
5.402320907040234488e+00
2.708046517057972835e+00
8.010830238728132713e+00
6.392446552874167409e+00
6.370309135736900608e+00
3.327568136300759871e+00
2.745348405545207648e-01
6.320296037453062787e+00
9.661359669221438295e+00
1.331550663115070865e-01
9.328577047227464003e-02
5.299742345688833289e+00
5.444413209990834446e+00
6.371658049528891254e+00
5.809154021438842186e+00
5.841662618451999300e+00
5.535410135905496354e+00
6.020038481636714067e+00
8.214134607944224342e+00
1.033621323966280175e-01
6.524297837060030858e+00
2.589547446002704034e-01
5.689290773503095977e+00
6.226070197439147691e+00
3.654216032523421864e-02
5.748678095504593522e+00
6.653518073230570096e+00
4.598851060029035764e+00
4.238517437229006868e-01
4.589102401243949636e+00
2.248911293957249202e-01
7.242615768895353801e-02
5.425560507245668518e+00
4.691704728203147101e-02
6.594813803605943825e+00
6.087287917958260408e+00
5.899637150870940872e+00
6.498117680339718483e+00
5.743395478883512872e+00
3.283644506472585878e+00
6.276349983942179911e+00
1.781051995251652920e-01
5.925430138252022694e+00
5.320578436869225492e+00
6.328214726544964641e+00
6.377324374657129979e+00
6.513772643994766298e+00
5.744614056970811511e+00
2.178745938856597952e+00
6.592629644177403492e+00
8.273470687049487182e+00
6.648121773578430371e+00
3.141072327447756773e+00
8.243437399838926538e+00
2.542466260277069789e-01
5.576567475103204607e+00
6.303894705561843281e+00
6.620999355857128954e+00
5.249521268347251635e+00
7.097024696565055635e+00
3.663994839082577837e+00
1.525018154483460453e+00
6.233060472971780008e+00
1.239956585087471364e-01
6.011792718982476913e+00
6.872836632636478704e-01
5.221721502784417268e+00
5.983025452181744086e+00
6.086848849128768890e+00
1.039797637410512093e-01
2.099484227223313848e+00
4.462611032809410183e+00
5.937424285218208198e+00
8.762590086859446403e-01
4.386098673972867346e+00
9.566151050690793411e+00
5.073242926247514828e-02
4.821814443410824325e+00
3.404925369842790595e+00
5.717823460946195979e+00
3.612159349486926185e+00
6.269582500578315454e+00
4.495693590450294264e-01
6.312694216017473992e-02
5.814698183456386893e+00
3.698224831335807039e+00
5.458448000343834927e+00
4.516064096319069576e-02
8.743136413134520168e+00
5.787808298955177122e+00
4.191715536741579484e+00
9.779755346851793263e+00
3.692902593271012890e+00
6.511077727959181161e+00
3.172832247485880330e+00
6.000085027347948241e+00
1.243238043670789189e-01
6.200792179822288475e+00
5.637778120279879346e+00
5.049782778850715026e+00
1.082596230295455181e-01
6.046801327463829701e+00
4.046905539036179889e+00
6.199482836635970828e-02
6.693732994546881088e+00
7.297085927781907788e-01
4.824343546974343977e-02
4.304091109023332473e-01
5.415620772067235578e+00
9.325788336385736343e+00
5.679590342866593033e+00
8.306152403753863656e-01
8.341080200433047764e+00
5.421032196246136969e+00
1.501055891566070777e+00
5.829358494930713341e+00
4.091727528840191752e+00
7.303914965975232043e+00
4.683058116065986987e+00
5.260195409433326752e+00
4.724358684658184870e+00
9.184261834226356669e+00
3.292158504352708626e+00
3.963675000903427864e-02
2.693806959096073150e+00
2.892003326184937606e-01
6.596800648911833598e+00
8.606197281531926535e+00
9.215480099251282198e+00
1.222052758146382895e-01
5.546261206520432196e+00
3.664859589438096421e-02
3.886126070432304597e-02
9.475411665633552971e+00
9.568004552131707641e+00
3.044494472950408426e+00
6.769881307195657172e+00
6.045069827970000809e+00
3.651316055199967936e-01
3.688315601237103225e-01
5.677908802918019582e+00
6.842752781057291678e+00
6.974593942039350125e+00
3.890447497993882564e+00
2.525986258868522238e-01
5.546680096308376662e+00
6.152108254942911358e+00
6.739091716192693760e+00
4.858623056598543322e-01
4.366302943122380320e+00
5.495239006536788651e+00
8.638906975448344683e-02
8.166233595028217496e-02
4.695929551841513394e+00
6.431821690792825841e+00
7.282837452797555344e-02
1.497796620790261546e+00
6.188525886871542703e+00
6.511255449446518018e-02
4.885718409688218244e+00
3.677007211015978161e+00
5.556113916875988323e+00
3.584450952449373951e+00
7.603615460699028716e+00
6.680121659343535301e-02
2.065530996639567629e+00
6.805062100318472196e-02
5.740822514573434177e+00
9.936531438582568709e-02
4.089697935826068331e+00
4.363898242079775613e-01
3.010207006850924016e-01
5.864014643443412389e+00
5.816998179459409002e+00
3.625102091572397767e-02
5.133158293848976150e+00
8.007545761839445220e+00
4.625481203008801057e-01
4.300233569838465136e-02
7.433168940160593818e-01
6.030128168869655525e+00
6.671492035576904733e+00
6.634545040121222925e+00
8.994412855002794416e+00
6.309138266326674405e+00
6.479558132260383907e+00
2.757646634334002922e+00
6.011913277956788093e+00
4.048049103798454951e+00
5.223150597372890225e+00
3.251661499566724345e+00
9.668155120225797816e+00
4.604088480471139888e-02
4.654907643564826003e+00
7.707705740635978131e+00
4.757434545304202622e+00
1.578508601609532047e-01
8.859055935238709267e+00
6.957660779664220918e+00
6.367840961739823058e+00
5.465691420102215758e+00
5.172206595639534665e-01
4.557535731706890303e+00
6.104409753454987708e+00
5.436189461080330965e+00
5.254465083181962370e+00
2.085212034098479494e-01
4.939595080813656836e+00
9.642346814929825261e-01
6.143181170153527937e+00
3.906900747915711403e+00
4.816843233254912426e-02
6.054445077706820805e-02
5.867831792344451181e+00
5.950459429893455859e-02
3.307476797997764173e+00
4.142450630881740814e+00
4.980578864599724653e+00
1.278663268444222567e-01
9.976449087295170770e+00
5.679710369316926410e+00
7.627560924487585270e-01
2.600089326886181329e-01
5.784312024588658119e+00
6.071342539483978840e+00
7.059999688277479812e+00
6.245326053610132711e+00
6.126112485956586085e+00
1.881773585070225741e+00
6.027995543228151121e+00
5.797851361422038607e+00
7.840348972566514085e+00
