6.775062028324861652e-02
1.906885955179982717e-01
5.591957716086976227e+00
1.228354153065898818e-01
8.249868086791870780e+00
5.251390653387101537e+00
5.566246400250011384e+00
6.116643771601722790e+00
5.981601792696138453e+00
4.946766269917717007e-02
9.356552211342277658e+00
1.004113730422897671e-01
6.093412981144058271e+00
8.522908329952743500e+00
7.103147391155340884e+00
1.667942561487828046e+00
6.483871172034772812e+00
6.138062120939336452e+00
6.286481066720701172e+00
3.814528156964754224e+00
5.939366670672512782e+00
3.891833284936619730e+00
5.757056731324950327e+00
9.791075208445386480e+00
6.315421255865186545e+00
5.564687830488575848e+00
2.678251914611032625e+00
6.315920789860791196e+00
7.752372888865291523e-02
2.112376592866837655e+00
1.757000787891584537e+00
4.771057505624640704e+00
5.562905254853682813e+00
1.734560022884057418e+00
2.513004435763648736e+00
4.240993831149724169e-01
7.777606943153406505e+00
5.101340412939435964e+00
6.052589412382448408e+00
6.120921330290178375e+00
9.344353752661570311e+00
6.151933303459342639e+00
8.523328138860154723e+00
6.161601212138458905e+00
6.055942150625988063e-01
6.259326228574467521e+00
7.078042920868716337e+00
6.353594862875334925e+00
9.568730759034916877e-01
6.561382746084841067e+00
7.490256726053502456e-01
2.695278948177497025e+00
5.866349392638595894e+00
2.622500708596126606e-01
4.042825968760071359e-02
7.993432165208663731e-02
8.143058619629973960e-02
6.386436336440047545e-02
9.253949289161302050e-02
7.103285639910970062e+00
5.689913296354434991e+00
5.179981736595615338e+00
6.738753286607284565e+00
1.349518740183952570e-01
2.340941226450146129e-01
8.881569665191161533e+00
6.224409917374159384e+00
5.755435871009419557e+00
1.230588079690271841e-01
1.039807770625446465e-01
7.918490815671717975e+00
9.773327945372194847e+00
2.805314550072679936e+00
1.910565011963927695e+00
5.663216568678212326e+00
4.218703511692641683e+00
5.477564785209088072e-02
6.652791118540109849e+00
8.388445592665911832e+00
6.823915567281288452e-02
3.223604133623043100e-01
5.996396334874805945e+00
5.381219889559172742e+00
3.632322726860615775e-02
5.848729191800245530e+00
3.701475340460895769e-01
4.421715461650189027e+00
5.531830532086819296e+00
3.060794041820875666e+00
5.591871442887341281e+00
7.260492497593513950e-02
8.744671049372058746e+00
5.520549582631018914e+00
6.296114508604397919e+00
1.286095677761022460e-01
1.658725409086845071e+00
2.853660530914047033e+00
7.476998683078002195e+00
5.754625210101924182e+00
7.967915124137539884e+00
9.451988493495749877e-02
3.438740172959795949e+00
5.685073268282826220e+00
9.637792460453407983e+00
6.075618068855740544e-02
6.539685921262871737e+00
9.337767381577458892e+00
6.073380036508450874e-02
5.614782533097172568e+00
6.191569566663315705e+00
4.784376802827326747e-02
9.074493897222165373e+00
5.904121240837162610e+00
1.257947336659879789e-01
6.141700514863332572e+00
6.598561150662574981e+00
8.416845191261650427e+00
5.422028778943550620e+00
8.826258980902569107e+00
5.897499842747490340e-02
8.699971100827896819e-02
7.208057292034432406e-02
6.202582773845216613e-01
1.755951089327035253e-01
5.483283940421004310e+00
6.310584296874759858e+00
6.417639415869532016e+00
5.425702209766821577e-02
2.869421947071217005e+00
6.015011614437518084e+00
5.952337490187241897e+00
2.869182143575966570e+00
6.939604098353443495e-01
7.681894191153228135e+00
5.540147988113827360e+00
5.432085820603016479e-02
6.054229939033401564e+00
8.873585075795999144e-02
6.649569986851673775e+00
3.485964871214550787e+00
4.415381915128323287e-02
6.633955811755458676e+00
7.490687383301855573e-02
5.070774594244243261e+00
7.062989846274992267e+00
2.634489702432247782e-01
8.459300668620143071e+00
5.931874063168558919e+00
7.482478283900133309e-02
9.853951596112247913e+00
5.927449681425703609e+00
5.179874211737356404e-02
5.933966713326046083e+00
7.358439414913026333e+00
5.033270647593034164e-02
5.232557812897677074e+00
5.983573101068330402e+00
6.139711988142447119e+00
5.482672029354729304e+00
6.892313899001014654e+00
7.738885136062452486e-02
1.584043054750422230e-01
8.085504403173385812e-01
5.945132435102267188e+00
1.936213775449871166e+00
5.403836767644857098e+00
6.240998999447244344e+00
8.344776120817408438e-02
4.486781661180227587e+00
6.922044116285121618e+00
1.673523099758142396e-01
6.817341504987329159e+00
6.444015533006507646e+00
1.838990613472455848e+00
8.179447423516233995e-02
2.135303065840752801e+00
5.605551665579929121e+00
5.889578760481020692e-02
6.291923349564605417e+00
4.673007412693297447e+00
1.199956139185131554e-01
4.157795294959596433e+00
6.280036701178562275e+00
9.060447673747801245e-02
6.207284726159473243e-01
5.269468997758530032e-02
1.160599539863354235e-01
1.360351957611906915e-01
7.748841982508364090e+00
1.409902561775757679e-01
8.075737172433279376e-01
5.788177112229599824e-02
6.210134145954280704e+00
6.606635056167348807e+00
5.608207536206383459e+00
9.255095094779682008e-02
4.550425136627983314e+00
5.624775359670140418e+00
6.796180748071105171e+00
1.748293609176377328e-01
6.835725273107242650e+00
7.904776314068823195e-02
7.546899819867475268e-02
1.164150724219325667e-01
9.734538703892774147e-02
4.581055189452091364e-02
5.488039524072927833e+00
8.110497902498671863e+00
6.126544736625874066e+00
8.043605448921484213e-02
7.741516790908717027e+00
5.695810226853638414e-02
9.549245573851463220e+00
5.873888050276028228e-01
2.061884339647766851e+00
8.913221111964579890e-01
5.152263078836303301e+00
5.365744594219828301e+00
1.276870205510722278e-01
4.236629597812008319e-02
9.298354919205769065e+00
5.284529217199178674e+00
7.899975751052672912e+00
1.406111737850229471e+00
9.245729003936300927e+00
6.428234777411239165e+00
7.429906084400966781e-02
6.168653232828352984e+00
4.914670037123538116e+00
3.264435943333854784e+00
1.197415578160481303e-01
4.354365183045092597e-02
5.071197292851695737e-01
2.809270921068739657e+00
6.574645560264480437e+00
2.032814641470290784e-01
2.339338197465536118e-01
5.452353361802954268e+00
6.303111593488874398e+00
8.423421984797552220e-01
6.784051613520113655e+00
4.759831233731968980e-02
6.099657324983562390e+00
5.967328541913947682e+00
8.982130194597020889e+00
5.292737592003712521e+00
6.348449727753229688e+00
3.347024227221269577e+00
8.716146227925481327e+00
9.325444016599336194e+00
4.006805451556375020e-02
5.126861218997962766e+00
8.188829874599193315e-02
9.409777534730769111e-02
8.629320609554765653e+00
7.177329329182812856e+00
3.864472688345356399e+00
5.919311150826494838e+00
2.428385582072640325e+00
6.432125622161343204e-01
6.852571318768058362e+00
8.489261177799667379e-02
5.913619781975407719e+00
6.670745927440928646e+00
6.457235854358283511e+00
2.159565438074887989e-01
1.307536839154797459e+00
6.228373908513815810e-02
6.428323054413498383e-02
6.143788045958228139e+00
7.917808887461979417e+00
5.183385883316141474e+00
3.360270669828454571e-01
6.307976067863641845e+00
6.003567901941070595e+00
7.487734877698715152e-01
5.975430641236453511e+00
2.548890064723694948e+00
9.952491966511043842e+00
3.628974999344444091e-02
2.445678216535311089e-01
5.318434571243048303e+00
4.954413501546457987e-01
6.283101762838938509e-02
4.438075200185715580e-02
7.293787790188695830e+00
5.800843443903742624e+00
5.970813071587724785e+00
7.025202540120224270e+00
5.448170910678660661e+00
6.127133651826488503e+00
7.746422606672868916e-02
7.062868382681624091e+00
7.124999542983204925e+00
4.522398076981869186e-02
4.665632887328889034e+00
8.177391617821559322e+00
5.830197227786166003e+00
8.115398700208746874e+00
4.966927028086514512e-02
8.144801293404967168e+00
4.738235849981842662e+00
9.119258849413046875e+00
5.634381063452696736e+00
1.579699379342943966e-01
6.805471893521461979e+00
1.098815854965591976e+00
7.182006051808667024e+00
8.165753331777714230e-01
5.983340229607602367e+00
5.890927874903323591e+00
1.845104293268520490e-01
3.621694138462451029e+00
1.980192096239408839e+00
6.613556583310712389e-01
2.408624501708741761e+00
3.998305206384299648e+00
1.573106432775624730e-01
6.506668068479389611e+00
5.147446222633655921e+00
5.782258875033086554e+00
3.563837260346776947e+00
6.911027217624653218e+00
6.953009897095324909e+00
6.187518333907339851e+00
9.637278078734135889e+00
5.678420082472157127e+00
8.045502257830514647e-01
8.123215975362754193e+00
1.314657223100121342e-01
2.024382715194076865e-01
4.092955242954368633e-02
1.050241153284951351e-01
9.830747959051515383e-02
4.845977150255778021e+00
2.031569268822978724e+00
5.545095901557201223e+00
5.800296404240147474e+00
2.297256324400580141e+00
7.540977565408869765e+00
5.684520436100919838e+00
3.478709892883156574e+00
5.037546908014391533e+00
3.876577084954682562e+00
5.899571905429589869e+00
3.623902078677006255e-02
9.508295506692877874e-02
3.025981703441836812e-01
5.012877571495016227e+00
1.098162754337830421e-01
5.247409920963127306e+00
3.463797604518578654e-01
6.515300932097822795e+00
9.548124484762648967e-02
4.017990818975412104e+00
5.848960924536308781e+00
9.150958330170272603e+00
4.350154264716841329e-02
5.573385629269756336e+00
1.126774215397291057e+00
6.511345361171527735e+00
6.619452089900301317e+00
6.299305804513295470e+00
5.099957354549988775e-02
1.639638516154535985e-01
5.895750334216243616e+00
4.864576081986864864e+00
1.019729711460002214e-01
5.851882231295754799e+00
4.219008498813876074e+00
1.668011334394924605e-01
3.819592112556111196e+00
6.407067097517766818e+00
5.583159920559356948e+00
7.105392831059885062e+00
5.829407889619488081e+00
6.122971049723630266e+00
2.826548508041048513e-01
6.395472763489111756e+00
5.277557011573678736e+00
2.971365034892591295e-01
4.868939919293407748e+00
6.310436837815426969e+00
3.649027485135756699e+00
5.263483146768432874e+00
2.441491836636678237e+00
6.311004618652953368e+00
3.826672160074088058e+00
9.695246496072511988e+00
6.111354181173533906e-02
7.095392050196276834e+00
5.834569120916150098e+00
2.224250700386689594e-01
6.406233820515961241e+00
1.077241286293022238e-01
8.281141211068185015e+00
6.843572099260372354e+00
4.815265587816000559e-01
2.080336796249481424e+00
5.098329683315602878e+00
6.363454727068697636e+00
6.812233582111923980e+00
5.076364223970367462e+00
3.716772864829167022e-01
5.406759241666895477e+00
5.746164553511702522e+00
1.353612642275320077e+00
4.519472199482583996e-02
7.794770759137080951e+00
4.229680312054462377e-02
4.423298139003484231e+00
1.162430966593851894e-01
8.762503378630279727e+00
5.694698058138711438e+00
9.430223726082266111e+00
5.604323253070635502e+00
1.077363713508053406e-01
4.000350879339607424e+00
4.540283112479668759e+00
5.578752687219701301e+00
1.057287399885141310e+00
1.378163021785877851e-01
1.187989929428838742e+00
5.969642257774314231e+00
5.899662810674601410e+00
6.062010635761049038e+00
1.158756541272935314e-01
1.547687186867105380e+00
5.097453437160050227e-02
1.583095376566324153e-01
5.570697165494702396e+00
1.671028729219501130e-01
5.912839958038174970e+00
5.900903756539019440e+00
8.340817328866325653e+00
5.694369893351939993e+00
5.449712473716568084e+00
1.684762023483586391e-01
1.467337705658733615e-01
6.517349732096564097e+00
6.321571479976362262e-02
4.550728789328802648e+00
6.281054111505896209e+00
6.749052967103197354e+00
5.601871343241061396e+00
6.068966990885847679e+00
3.106907347945513820e+00
1.873971730062028884e+00
6.170603788011389312e+00
6.287536863626681516e+00
5.711341449788351454e+00
2.765221206991484326e+00
8.412446536304778455e-01
5.619725779146709677e+00
8.401838437000694881e+00
2.099548733984774040e-01
8.643890074589110739e+00
6.289144019058309776e-02
5.558329039438450359e+00
6.721760056754781942e+00
5.352839876115185191e+00
5.075589804194292204e-02
5.414094983397972349e+00
2.003652908650878917e-01
9.734506199408533789e+00
5.805111280880504765e+00
2.575523360330596034e+00
9.912719036299467490e+00
3.073942332953049306e+00
6.545936586231452026e+00
7.228758383685465638e+00
9.813045105256767542e+00
2.144025870271642487e-01
6.926019193975103960e-02
6.416594011820747845e+00
9.938924583571884241e+00
6.401457228609665151e+00
6.853802472220836606e+00
5.493899732845656914e+00
5.747402540984619890e+00
4.166765683228779160e+00
4.199698049716256598e+00
1.049127733805309826e-01
1.610012763518538226e-01
1.442862985699109590e-01
1.317748747201127613e-01
4.821561896727504681e+00
3.272804927346398163e+00
5.117029230972594434e+00
2.322662075135250304e-01
1.524712793466063698e-01
2.158908030364734276e-01
9.777990158931450237e-02
1.487795643942387558e-01
1.123611925065442219e-01
4.624375993162000986e-01
9.016367883255315130e-01
6.595919574168623178e+00
3.374747315864219388e+00
1.043446412826765923e-01
5.241702709014265160e+00
2.612211945321558648e-01
5.732217765948504073e+00
4.512402998464920323e+00
5.644472989201999802e+00
3.083291871026860420e+00
6.800025791105832162e+00
5.208179404428356030e+00
5.998286010971566995e+00
3.113687108495887812e-01
5.765620711365477824e+00
6.633230487265385555e+00
6.322994912899575048e+00
5.519606304476821990e+00
1.374252946422550581e-01
1.242544711543447367e-01
5.658787961739454531e+00
6.351020289071590774e+00
9.933730029138708062e+00
3.729314460510953222e-02
7.245045245253413091e-01
6.086478217285141490e+00
6.382839909061408967e+00
4.993716714263159162e-02
7.624819485132104724e+00
6.154908337536146412e+00
5.532293428661127166e+00
8.733101150093212084e+00
4.656706407078833876e-01
7.478357357695637753e-02
1.002539785522647220e+00
3.687539743983476725e+00
4.342943702390288790e-02
1.785289802402936776e-01
4.998134090093570236e+00
6.582869697595843839e+00
5.748251311149769727e+00
2.328774128329953730e-01
7.291256907334937865e-02
8.536290176505184846e+00
1.844174417617033546e-01
6.346754467675594924e+00
1.558506272746099652e+00
7.788946472271230270e+00
7.100409573939141517e+00
5.717343745436077818e+00
4.418157211729644374e+00
5.938866751766441077e+00
5.844760605574826684e+00
2.136766489778083589e+00
6.453315262134687202e+00
6.432494756985822626e+00
1.734002040534945666e+00
2.616533054778049205e+00
5.189783121618326334e+00
7.272381669277126370e+00
7.540742389470549423e-01
5.341723345129391731e+00
9.811078981072688165e+00
1.450345017366195810e+00
1.550514859037867010e-01
1.393396882265486858e-01
3.430504377058897769e-01
7.694472498588087461e+00
3.397250840366880187e+00
1.630782321873143204e+00
2.308092620692359931e-01
5.834313901073936215e+00
2.049394833171435948e-01
5.947721626756596880e-02
5.497937309884164847e+00
1.141213397610812419e-01
9.869772650921285972e+00
6.023589211072554184e-01
7.406825993232207139e+00
2.484924635767939427e-01
5.763255883622323772e+00
6.485802678108181674e+00
6.463762988472048221e+00
5.655558721114289256e+00
1.089002350473846858e+00
6.122678906620714123e+00
6.844994596716378332e+00
6.038410633872850042e+00
4.052685489106443661e+00
6.069224381067201968e+00
4.546216312100235801e-01
2.249496970465724166e-01
5.262140648334270310e+00
6.212672686424639323e+00
6.046443902772620227e+00
5.352802072687133261e+00
5.665883786464457117e+00
9.237656855499812636e+00
5.992578062730304467e+00
6.038903309199294966e+00
6.367046270350422255e+00
8.670053222685091043e+00
3.003531059561580285e+00
5.717665473353709338e+00
7.048690349690545531e+00
3.180098595522714788e+00
5.244202894096758882e+00
4.954960718555426524e+00
5.653104677468143713e+00
1.577252125275165340e-01
8.172336486676311296e+00
9.526436888218213994e+00
5.979107406846579487e+00
2.516228048566896192e+00
1.001151106526073920e-01
7.242196861354251169e-02
3.351174461176824604e+00
5.057358090690525915e-02
4.388994766776052714e+00
2.694758184928764955e-01
1.119056436962315437e-01
4.843949986551911863e-02
6.749673271929814256e+00
6.775771125833719211e+00
6.330505212293960682e+00
9.162683593363137646e+00
2.817327376944900319e-01
5.914857232964915390e+00
1.008306488930321293e-01
6.351669561232073491e+00
1.593484918417653051e-01
5.815144940341527402e+00
5.526268181185909789e+00
6.490176752474927646e+00
7.176197429335220979e-02
1.068478325779045612e-01
4.072947909498885188e+00
5.573129046345798088e+00
1.211309690165761205e-01
6.751277560980405212e+00
5.359118179228254952e+00
7.224414890852211002e+00
1.324492613092029258e-01
7.166808070342943759e-01
1.796640423389259666e+00
1.563294031921474703e-01
4.565406543855569765e+00
7.924040082262499840e-02
3.701613259822662816e-02
5.664220374525645418e+00
5.216207880941123420e+00
6.624011028614772145e-02
5.637018841521062029e+00
1.145448751381448194e-01
7.508258985727255030e+00
6.145870142063205144e+00
7.518812699651299392e-01
5.792175458793693998e+00
1.146269712066880220e-01
9.706662659334432064e+00
1.729395656726733455e+00
5.986487685553260718e+00
8.133551075701955568e+00
4.110068794223998623e+00
6.434362611657882702e+00
5.623790241019472447e+00
5.459241479008118958e+00
6.448780925722393143e+00
4.335482420788991931e+00
1.622705155158101487e-01
2.282930571739521797e-01
2.068304846569917643e+00
3.796454455872128736e-02
2.201195302802441411e-01
6.300625483507602986e+00
4.614184251573949069e+00
7.517686563330614469e+00
6.480810691218918507e+00
3.624558013351903557e-02
5.706183640709845406e+00
5.464648106060152166e+00
6.625892013009819337e+00
6.343225108505760268e+00
6.891299882349163908e-02
6.900446958012715348e-02
5.950371227305566002e+00
7.737591521510508663e+00
6.245194401151779928e+00
7.285746228533176883e+00
3.738584900719014170e-01
9.064229363956298968e+00
9.660360285634814193e-02
5.586323699328651360e-01
6.056581948290946926e-02
6.725978539196770356e+00
6.190113258371277460e+00
4.149021337833986439e-02
5.995399262036403165e+00
6.091078041127272691e+00
5.242675746801534586e+00
6.221512974921779987e-02
1.834494088893194319e-01
9.912412451493798571e+00
1.596592914913989025e-01
1.109599347420550663e-01
1.352916299503828856e+00
4.853003266709555064e+00
3.243058170329270684e+00
1.049009656774911869e+00
5.446936310770853495e+00
1.617636864581839806e-01
5.927949453015039616e+00
1.904930964126525739e+00
7.940376778736299102e+00
6.269934260915444035e+00
7.838450528923360250e-02
5.268650375680593356e+00
6.771013262999633575e+00
2.579348705823747867e+00
8.290924606532515284e+00
5.349792928634884426e+00
8.132749891881940751e-02
5.972298865204994200e+00
8.291181741613155853e-02
6.160401490732251517e+00
6.227954699695543300e-02
1.203368857971334610e-01
6.294472555477069520e+00
8.343057796188384223e-02
7.160929405513988266e-02
1.813352758137340537e+00
8.546884791552619376e+00
2.110220793736783840e+00
2.142498810044290714e-01
4.655799022015104371e-02
2.583252165413184365e+00
6.441704222237894406e+00
9.282830642743645555e+00
5.766760836022436720e+00
9.406166618771086618e+00
5.956101960709363041e+00
3.679416057292603931e-02
1.300429714737375009e-01
5.644060951688745220e+00
7.977605126324788465e+00
1.055253535404078735e-01
4.035755694698248242e+00
6.659338292642806856e+00
1.665139621212362142e+00
2.456183537504315895e-01
7.269544734259472563e+00
1.142581334805473775e-01
8.161283873430495106e+00
5.582274513272262872e+00
9.751312348172168853e+00
8.355532373893895581e+00
5.489402232073222976e+00
8.208525925215299779e+00
6.689093378393446976e+00
1.088496347963985172e-01
6.018810920931965569e+00
6.749616096595359438e-02
3.538790146914579104e-02
5.108238912017624284e-02
5.845513675253185326e+00
3.154021147839872752e-01
5.152844568070528375e+00
8.786477098096233007e+00
3.365427810732650737e-01
8.129480775011893812e+00
4.313077126945501494e-01
5.819860279430796979e+00
7.403108027856340756e-02
4.677639345650147717e+00
7.226982441669695945e+00
4.977262386703020347e+00
5.493521697060766762e+00
6.232433734817860227e+00
6.496549106181362276e+00
3.180877414291798377e+00
2.103895290953334385e+00
6.226316850730531982e+00
5.320178610009301146e+00
7.714115157066413708e+00
6.183307654271411380e+00
8.808803955025682697e+00
4.456994090705647393e-02
8.094556070137198800e-02
5.182328935539722181e+00
6.526891094726165576e+00
6.357519174346866642e+00
9.904072330463513374e-02
5.646855691737125760e+00
4.054167782901815009e+00
1.160735982261318494e-01
2.941897489286462442e+00
1.473411099035910887e-01
6.937974824639295157e+00
1.761614584979824816e+00
6.628426664334913454e+00
2.319941583496980098e+00
8.230669580706316546e-02
5.343783040198194279e+00
6.153604138809521729e+00
6.070902599846217385e+00
2.499425831795013320e+00
9.212764489350133701e+00
8.178479860531039591e+00
2.680449933585127287e-01
6.135706513738978241e-02
6.250882777049009853e+00
8.650458263035302409e+00
5.230072193325169927e+00
5.677890871303521436e+00
5.696284433981682938e+00
5.960787573033895725e+00
2.176469963081231751e-01
7.029379771682937594e+00
1.003001396288176472e-01
5.531790850913093749e+00
5.356917590406169438e+00
8.216193547667455244e-02
1.117167714950245000e-01
7.305478445843768043e+00
6.299576752486509612e+00
5.509187670760709032e+00
1.903535411799862909e-01
6.628781312141605042e+00
5.730060921978043176e+00
6.048306812235731300e+00
6.587827106994051718e+00
1.379951253999919913e+00
5.815280428739245444e+00
6.116317857043069850e+00
6.532287872649137128e+00
7.670955735527335007e-02
8.893057454721997601e-02
6.049463077534126043e+00
2.308915750134824807e-01
1.005934840385344087e-01
4.672825081270118308e-02
1.182903118549755994e-01
5.586141635253417448e+00
4.751706305355972049e+00
2.936029847711815410e+00
6.189549532172254231e+00
8.855256948132968375e+00
6.100006859354868638e+00
5.404910009725309022e-02
5.998807512988781454e+00
5.817126141845814224e+00
4.865493931767995939e+00
7.754826308853313144e-02
5.364389778814510734e+00
4.082133113135883562e+00
3.823970200993386026e+00
3.602989733785358362e-02
2.990129594808443869e+00
5.699106741440507662e+00
6.168223325186674266e+00
2.603741653313126125e+00
1.902782773739506716e-01
9.414678846038934679e-02
9.132155733747927329e+00
4.803078629921502668e-02
6.274827328669899451e+00
6.671743013742600148e+00
5.440428681627702545e+00
5.635785356555217618e+00
9.410201396443529376e+00
2.646680175862133333e-01
6.749818985472896493e+00
1.340648287249483206e-01
2.052082199225737369e-01
4.381346287141416745e-02
6.504741465865985006e+00
7.655669106682711167e+00
6.653717438841320941e+00
2.526431742385091272e-01
5.854470403928563549e+00
1.630889703756287223e-01
5.589981754491518906e+00
4.803612661016297025e+00
7.239689946768695705e+00
8.409514976008228615e+00
1.842758671720977626e-01
3.712826048030450077e-02
6.941741368719723582e+00
8.235346365814807945e-02
5.189719891253552930e+00
9.811590465559639540e+00
6.849843761159828404e+00
8.533641249693483033e+00
4.842079899227531570e+00
7.013280008583752334e+00
8.061681641986515601e+00
9.824486755475072997e+00
6.704281771019243941e+00
4.971365777501758565e+00
2.808435588243685999e+00
2.408933303589663177e-01
6.783284606786236459e+00
5.670232994029526630e+00
4.542129103918780331e+00
5.634395070042726772e+00
5.259396534720625738e+00
1.923204265331919516e-01
1.834641481047220024e-01
4.221508741071306581e+00
3.291627393072887653e+00
2.731264715764891715e-01
1.470299677782237746e-01
6.451298860477010066e+00
9.352226357786191713e+00
4.936691102699409583e+00
1.128316360664126383e-01
2.248192275641638815e+00
6.429840360242178754e+00
6.582624500925420286e+00
6.197911578594962556e+00
1.423181080220265737e-01
3.955873937945883489e-02
4.829092710702706626e+00
5.288825189654593473e+00
7.896576255257431676e+00
2.331764300860087236e+00
6.107567040863441932e+00
6.761716203468734143e+00
2.964795920180526512e+00
5.918345492636687410e+00
1.363756279727305065e-01
1.131262956739541720e-01
8.414394785072150995e+00
6.274518428468891962e+00
4.270172184719409070e-02
8.365873424079545151e-01
6.106130262555862664e+00
8.766537490695281321e+00
5.266761640442039649e+00
5.810026571481412994e+00
5.575354380305300950e+00
2.013974757796866299e+00
7.073167340522349633e+00
1.650432444645938412e-01
8.585524480524589497e-02
7.196181248758810878e-02
5.989355634421241525e+00
3.454583655933965769e+00
1.223587455012596775e-01
9.798907346848828581e-02
6.195641592683881704e+00
6.370516734377900114e+00
9.578816629897358992e-02
3.568167002993223591e-02
5.482461669064051080e+00
6.102192921219477206e+00
5.069004739432575235e+00
7.437765346415314838e+00
8.433448942975902085e+00
6.003026901348418320e-02
5.128645123469196321e+00
5.902339235844717535e+00
3.798152701232719419e+00
5.454489724687903163e+00
2.225464136943258620e+00
2.232523062622017829e+00
6.206095074934292910e+00
6.323459308386476074e+00
6.235327938622802629e-02
6.263388059091501425e+00
1.863601769834617228e+00
6.018057034567313224e+00
6.201960259002386344e+00
6.571409576424539267e+00
6.991493910911702692e+00
4.714981358387985821e+00
2.800642845509550227e+00
6.691425715816414765e+00
6.822864068268048143e+00
8.972067734566238073e+00
6.354480807739399495e+00
6.181147092460014036e+00
6.836526490478795459e+00
3.830279978520212403e+00
6.219017595030862822e+00
6.152509467707365648e-02
4.349402067713604048e+00
8.162811601368018088e+00
2.413374618892168311e+00
5.850126297575496820e-02
8.011456033697260892e+00
6.381420166503043445e-02
2.285208147821779168e+00
5.572766784948241181e+00
5.941907460126699680e-02
5.253452643004161260e+00
6.481700722652180779e+00
2.411358096698374087e+00
1.807583260271996006e-01
7.116641539788624904e+00
5.498685910750729988e+00
2.514613271108241399e-01
8.451908015756691483e+00
3.744074317311259392e+00
