3.162277660168379134e-02 1.582161567149429615e+01
3.665241237079627790e-02 1.332228259450705288e+01
4.248201698162612505e-02 1.167735389674590429e+01
4.923882631706739260e-02 1.058002906511649499e+01
5.707031326057167286e-02 9.855263845938974754e+00
6.614740641230149043e-02 9.405012946153936682e+00
7.666822074546214560e-02 9.180191870405879584e+00
8.886238162743402558e-02 9.161560454753260530e+00
1.029960365809989981e-01 9.356912570928221484e+00
1.193776641714436315e-01 9.804343698409352825e+00
1.383648068032459488e-01 1.059700633893561061e+01
1.603718743751330056e-01 1.194315438020103137e+01
1.858791891146563680e-01 1.433512140944375801e+01
2.154434690031883370e-01 1.916602262064491669e+01
2.497099786006540811e-01 3.232087456549307802e+01
2.894266124716750044e-01 1.260276525971044350e+02
3.354602185954043136e-01 1.242329026120718680e+02
3.888155180308087155e-01 5.343081413872345564e+01
4.506570337745472998e-01 3.299967337176604332e+01
5.223345074266840804e-01 2.351273963430549330e+01
6.054123584037268690e-01 1.802766311242416819e+01
7.017038286703826122e-01 1.443102693176720486e+01
8.133105582266927369e-01 1.186626835246048906e+01
9.426684551178848848e-01 9.925265950885199473e+00
1.092600861117377864e+00 8.393233891541642677e+00
1.266380173467402726e+00 7.148816970894052325e+00
1.467799267622069026e+00 6.154380914091798438e+00
1.701254279852588258e+00 5.407467007070768439e+00
1.971840556512642006e+00 4.868507374322165404e+00
2.285463864134989365e+00 4.506004002907830319e+00
2.648969287610527079e+00 4.295998470464472696e+00
3.070290629757848055e+00 4.222117455126150887e+00
3.558623573050965661e+00 4.276207660776518260e+00
4.124626382901348087e+00 4.458152905301939306e+00
4.780652533007380356e+00 4.776183513597096031e+00
5.541020330009492234e+00 5.247911325888390266e+00
6.422325422229356207e+00 5.900872396469663883e+00
7.443803013251680589e+00 6.775380474691460542e+00
8.627747685955865720e+00 7.927383743626877255e+00
1.000000000000000000e+01 9.432497895709705205e+00
