1.000000000000000021e-02 1.198129163187977131e+00
1.266380173467403399e-02 7.517698629848632574e-01
1.603718743751330125e-02 5.207758664479441579e-01
2.030917620904735751e-02 4.008957423787938290e-01
2.571913809059344497e-02 3.456707131339102901e-01
3.257020655659782771e-02 3.353629780099451341e-01
4.124626382901352278e-02 3.652616667173871901e-01
5.223345074266843441e-02 4.411454779491860712e-01
6.614740641230149043e-02 5.746986447474559112e-01
8.376776400682915680e-02 7.631873682704937156e-01
1.060818355139448305e-01 9.149410866156577615e-01
1.343399332598900209e-01 8.466430336086491204e-01
1.701254279852589257e-01 6.009467757834230373e-01
2.154434690031883370e-01 3.659548764488454453e-01
2.728333376486767881e-01 2.120477797807640008e-01
3.455107294592218437e-01 1.262921929074765637e-01
4.375479375074184385e-01 8.146800282655408676e-02
5.541020330009491790e-01 5.840669775127031033e-02
7.017038286703826122e-01 4.674799361790790003e-02
8.886238162743402835e-01 4.136239766570317528e-02
1.125335582600764495e+00 3.978091515174041887e-02
1.425102670302997865e+00 4.091167970101160928e-02
1.804721766827170226e+00 4.441941766623454246e-02
2.285463864134990697e+00 5.033656684146652072e-02
2.894266124716751598e+00 5.876966753948102001e-02
3.665241237079626124e+00 6.976325249473051826e-02
4.641588833612777520e+00 8.343392402505921124e-02
5.878016072274911963e+00 1.001966983403030087e-01
7.443803013251688583e+00 1.208478968483375632e-01
9.426684551178853511e+00 1.464030866410128695e-01
1.193776641714435804e+01 1.779305792669396979e-01
1.511775070615661498e+01 2.167215558353725313e-01
1.914481976169957633e+01 2.646613241333147237e-01
2.424462017082328202e+01 3.253429787975634646e-01
3.070290629757849743e+01 4.053008626683130555e-01
3.888155180308085335e+01 5.155405786243946187e-01
4.923882631706736390e+01 6.714243331045900431e-01
6.235507341273912374e+01 8.918390682340228137e-01
7.896522868499724268e+01 1.195030527476994786e+00
1.000000000000000000e+02 1.588901647426871344e+00
