3.162277660168379134e-02 2.875975438745762247e+01
3.665241237079627790e-02 2.600218688073754336e+01
4.248201698162612505e-02 2.513695818517515690e+01
4.923882631706739260e-02 2.597836728247844817e+01
5.707031326057167286e-02 2.892779313625155169e+01
6.614740641230149043e-02 3.551624611274485233e+01
7.666822074546214560e-02 5.111871030454688025e+01
8.886238162743402558e-02 1.084585071779872294e+02
1.029960365809989981e-01 1.360538262145885255e+02
1.193776641714436315e-01 5.847326117855027405e+01
1.383648068032459488e-01 2.622136061811986352e+01
1.603718743751330056e-01 1.542350868851848134e+01
1.858791891146563680e-01 1.044898200525059551e+01
2.154434690031883370e-01 7.769990760217780235e+00
2.497099786006540811e-01 6.179407349524868032e+00
2.894266124716750044e-01 5.165752200263058036e+00
3.354602185954043136e-01 4.484492688595055121e+00
3.888155180308087155e-01 4.009387348352853486e+00
4.506570337745472998e-01 3.672799270489329082e+00
5.223345074266840804e-01 3.437138726107867637e+00
6.054123584037268690e-01 3.280397736647160833e+00
7.017038286703826122e-01 3.188224704587105496e+00
8.133105582266927369e-01 3.150202019716644930e+00
9.426684551178848848e-01 3.158349795235502189e+00
1.092600861117377864e+00 3.206379544348009869e+00
1.266380173467402726e+00 3.289744988212684795e+00
1.467799267622069026e+00 3.405721082732930949e+00
1.701254279852588258e+00 3.553968873728376554e+00
1.971840556512642006e+00 3.737029324686496956e+00
2.285463864134989365e+00 3.960582738655222368e+00
2.648969287610527079e+00 4.233955330292505259e+00
3.070290629757848055e+00 4.569867025500276903e+00
3.558623573050965661e+00 4.985212188736246830e+00
4.124626382901348087e+00 5.501635048988611665e+00
4.780652533007380356e+00 6.146895423238346368e+00
5.541020330009492234e+00 6.956833162122123326e+00
6.422325422229356207e+00 7.977493439549445675e+00
7.443803013251680589e+00 9.269544735848759487e+00
8.627747685955865720e+00 1.091196121044856504e+01
1.000000000000000000e+01 1.300863804108026400e+01
