3.162277660168379134e-02 1.681964890515739830e+00
3.842513346254321227e-02 1.387926958924328158e+00
4.669074130371086984e-02 1.202985034147418419e+00
5.673435918225600005e-02 1.075745651054225149e+00
6.893845379073933188e-02 9.779691734312114804e-01
8.376776400682915680e-02 8.967158079013642924e-01
1.017869984146125700e-01 8.292250409883689111e-01
1.236823397292983878e-01 7.764244536846959255e-01
1.502875750260604659e-01 7.338592605751912412e-01
1.826158468270260848e-01 6.796735241002055394e-01
2.218982341458970720e-01 5.745281187227132547e-01
2.696306326783701746e-01 4.209062189764054551e-01
3.276307193627228664e-01 2.824276881927512695e-01
3.981071705534971472e-01 1.880213191337621881e-01
4.837437696757803662e-01 1.292373728584558512e-01
5.878016072274911963e-01 9.317062159097741492e-02
7.142432649639980369e-01 7.098244044726242929e-02
8.678837132695964574e-01 5.744151699160497671e-02
1.054573667973740303e+00 4.952766415579856057e-02
1.281422388944083446e+00 4.549841132032236141e-02
1.557068404753729984e+00 4.432413725230689716e-02
1.892008472772299665e+00 4.533208952631315874e-02
2.298997301668542992e+00 4.796306819239076757e-02
2.793533257985219453e+00 5.164530883850106807e-02
3.394448552769389948e+00 5.584863352714485030e-02
4.124626382901348087e+00 6.023166247916672544e-02
5.011872336272719330e+00 6.474795657815018979e-02
6.089973244419446985e+00 6.961961864452854976e-02
7.399983804321420777e+00 7.522829319154235306e-02
8.991789964660114265e+00 8.205041224589341986e-02
1.092600861117377953e+01 9.065541915855143684e-02
1.327629589221125350e+01 1.017559795470654449e-01
1.613215208683695323e+01 1.163232173388124291e-01
1.960232982646277122e+01 1.357668339940562852e-01
2.381897545702918961e+01 1.622481797934225978e-01
2.894266124716748934e+01 1.991874056576305729e-01
3.516850007169744430e+01 2.520876109588079950e-01
4.273357542109315688e+01 3.295662557548613147e-01
5.192596967591166646e+01 4.442202325049851575e-01
6.309573444801932851e+01 6.133588201519547534e-01
