1.000000000000000021e-02 4.002703448719326218e+01
1.193776641714436315e-02 2.882821319336163057e+01
1.425102670302997795e-02 2.174703711438397136e+01
1.701254279852589327e-02 1.702842021931083849e+01
2.030917620904735751e-02 1.382082039788476813e+01
2.424462017082328405e-02 1.165044685146715331e+01
2.894266124716751709e-02 1.022559649163513917e+01
3.455107294592219686e-02 9.368753555707849401e+00
4.124626382901352278e-02 8.996580454884595568e+00
4.923882631706739260e-02 9.138601847664364897e+00
5.878016072274912240e-02 1.003681529216305890e+01
7.017038286703829175e-02 1.258361576528715631e+01
8.376776400682919843e-02 2.143281362966121861e+01
1.000000000000000056e-01 1.368367342950451757e+02
1.193776641714437009e-01 1.311359274223918874e+02
1.425102670302998420e-01 7.834421908063083606e+01
1.701254279852589257e-01 5.016120984392176041e+01
2.030917620904735821e-01 3.602948565259357849e+01
2.424462017082328336e-01 2.755056662577437265e+01
2.894266124716751709e-01 2.196055533715199815e+01
3.455107294592220102e-01 1.810056498399919533e+01
4.124626382901352417e-01 1.540189106698168509e+01
4.923882631706741342e-01 1.355693960076114557e+01
5.878016072274915294e-01 1.238946349846070838e+01
7.017038286703829453e-01 1.179971219089444645e+01
8.376776400682920398e-01 1.173563099697630641e+01
1.000000000000000000e+00 1.217303676951288161e+01
1.193776641714436870e+00 1.309946201795308340e+01
1.425102670302999197e+00 1.450469265835033639e+01
1.701254279852589146e+00 1.638178888188324578e+01
2.030917620904737042e+00 1.875221599923257187e+01
2.424462017082328114e+00 2.169435234039096017e+01
2.894266124716751598e+00 2.537234308846038644e+01
3.455107294592221656e+00 3.005402030072053776e+01
4.124626382901352528e+00 3.612636165294177459e+01
4.923882631706741897e+00 4.412913490507308722e+01
5.878016072274911963e+00 5.480615156923231268e+01
7.017038286703829897e+00 6.917741394142885270e+01
8.376776400682924617e+00 8.867270314372034079e+01
1.000000000000000000e+01 1.152768294269572635e+02
