1.000000000000000021e-02 1.322790395718287160e+00
1.266380173467403399e-02 8.509367130751968045e-01
1.603718743751330125e-02 6.087811619691413378e-01
2.030917620904735751e-02 4.847145968662813775e-01
2.571913809059344497e-02 4.299053087542457630e-01
3.257020655659782771e-02 4.251339735898856942e-01
4.124626382901352278e-02 4.704999347222251771e-01
5.223345074266843441e-02 5.919367700452512482e-01
6.614740641230149043e-02 8.954364051699688076e-01
8.376776400682915680e-02 2.064889607783209513e+00
1.060818355139448305e-01 6.316543115902527816e+00
1.343399332598900209e-01 1.901966161770380470e+00
1.701254279852589257e-01 7.917459648128057914e-01
2.154434690031883370e-01 4.016791554084231941e-01
2.728333376486767881e-01 2.248904981887221988e-01
3.455107294592218437e-01 1.371696722071083507e-01
4.375479375074184385e-01 9.203900337255252473e-02
5.541020330009491790e-01 6.856830504511289559e-02
7.017038286703826122e-01 5.671903130321337416e-02
8.886238162743402835e-01 5.150824952506603827e-02
1.125335582600764495e+00 5.041383012567166727e-02
1.425102670302997865e+00 5.225685813566525312e-02
1.804721766827170226e+00 5.665791812005905453e-02
2.285463864134990697e+00 6.361420104949583321e-02
2.894266124716751598e+00 7.318052387608563192e-02
3.665241237079626124e+00 8.510768846418095834e-02
4.641588833612777520e+00 9.867604805281236791e-02
5.878016072274911963e+00 1.145110258279923854e-01
7.443803013251688583e+00 1.335428637405823016e-01
9.426684551178853511e+00 1.567506669058978119e-01
1.193776641714435804e+01 1.849680738022239090e-01
1.511775070615661498e+01 2.193810442401606942e-01
1.914481976169957633e+01 2.646001940071737168e-01
2.424462017082328202e+01 3.208769360854936692e-01
3.070290629757849743e+01 3.933922738482322767e-01
3.888155180308085335e+01 5.365552121684106224e-01
4.923882631706736390e+01 7.108331988555359748e-01
6.235507341273912374e+01 9.473599761600088875e-01
7.896522868499724268e+01 1.278248927935218715e+00
1.000000000000000000e+02 1.702561403857272282e+00
