3.162277660168379412e-01 3.140312385251997074e-01
3.665241237079627790e-01 2.150946603838643223e-01
4.248201698162611950e-01 1.541932614086114206e-01
4.923882631706739121e-01 1.152339931082433794e-01
5.707031326057167009e-01 8.950122904500998344e-02
6.614740641230149043e-01 7.209993279093522556e-02
7.666822074546214560e-01 6.018969549222357579e-02
8.886238162743402835e-01 5.206078784686545002e-02
1.029960365809989842e+00 4.665744132887032769e-02
1.193776641714436426e+00 4.330784273921581273e-02
1.383648068032459433e+00 4.157418196882686073e-02
1.603718743751330056e+00 4.116144797428557961e-02
1.858791891146563513e+00 4.185641586966234312e-02
2.154434690031883370e+00 4.347595546406405470e-02
2.497099786006540700e+00 4.584280085242421754e-02
2.894266124716750266e+00 4.877392764900480987e-02
3.354602185954043136e+00 5.209836250822740683e-02
3.888155180308087377e+00 5.568744149503767477e-02
4.506570337745473331e+00 5.948410110712863685e-02
5.223345074266840804e+00 6.350877254561800023e-02
6.054123584037268024e+00 6.785140347201046307e-02
7.017038286703826344e+00 7.265865843809064806e-02
8.133105582266926703e+00 7.811649558289279760e-02
9.426684551178849958e+00 8.445138104409087576e-02
1.092600861117377953e+01 9.193284382997182758e-02
1.266380173467402770e+01 1.008974831869727806e-01
1.467799267622068982e+01 1.117634356507335863e-01
1.701254279852588169e+01 1.250954357918401538e-01
1.971840556512641740e+01 1.416508758132824508e-01
2.285463864134989720e+01 1.624886508576957045e-01
2.648969287610526990e+01 1.891107160112356356e-01
3.070290629757848322e+01 2.236683791974896085e-01
3.558623573050965661e+01 2.692309344496703893e-01
4.124626382901347910e+01 3.288375499782750233e-01
4.780652533007380356e+01 4.062804998029150294e-01
5.541020330009492056e+01 5.063209368524108633e-01
6.422325422229356207e+01 6.341241534603291319e-01
7.443803013251681477e+01 7.946230752848486567e-01
8.627747685955866075e+01 9.913135909252805966e-01
1.000000000000000000e+02 1.224422168456877236e+00
