3.162277660168379134e-02 8.389669219873063355e+00
3.842513346254321227e-02 6.047806600137804800e+00
4.669074130371086984e-02 4.507423830645878482e+00
5.673435918225600005e-02 3.461561658174192591e+00
6.893845379073933188e-02 2.818357966062276621e+00
8.376776400682915680e-02 2.384919058275550618e+00
1.017869984146125700e-01 2.115524210408189276e+00
1.236823397292983878e-01 2.043564131600889233e+00
1.502875750260604659e-01 2.035011571564091071e+00
1.826158468270260848e-01 1.936607130507794094e+00
2.218982341458970720e-01 1.258940425048711509e+00
2.696306326783701746e-01 5.139181691220168213e-01
3.276307193627228664e-01 2.562828546388337125e-01
3.981071705534971472e-01 1.542933708143308658e-01
4.837437696757803662e-01 1.052081247514701501e-01
5.878016072274911963e-01 7.900725023286253590e-02
7.142432649639980369e-01 6.424545535696948861e-02
8.678837132695964574e-01 5.567035991977145604e-02
1.054573667973740303e+00 5.055993348429939360e-02
1.281422388944083446e+00 4.747429330131587577e-02
1.557068404753729984e+00 4.573453313601649750e-02
1.892008472772299665e+00 4.509647394806404197e-02
2.298997301668542992e+00 4.551405276437903158e-02
2.793533257985219453e+00 4.699591896780497963e-02
3.394448552769389948e+00 4.957010737820643359e-02
4.124626382901348087e+00 5.329741637540873905e-02
5.011872336272719330e+00 5.831546558565105232e-02
6.089973244419446985e+00 6.489374930428774835e-02
7.399983804321420777e+00 7.348800383081692533e-02
8.991789964660114265e+00 8.479727574075072993e-02
1.092600861117377953e+01 9.985215918137786695e-02
1.327629589221125350e+01 1.201428437168682861e-01
1.613215208683695323e+01 1.477457762696395838e-01
1.960232982646277122e+01 1.841847548532735135e-01
2.381897545702918961e+01 2.338595101878618021e-01
2.894266124716748934e+01 3.026014276526297064e-01
3.516850007169744430e+01 3.835312640417396501e-01
4.273357542109315688e+01 5.290842781468433342e-01
5.192596967591166646e+01 6.697301427536838103e-01
6.309573444801932851e+01 8.751930361536358616e-01
