1.000000000000000021e-02 1.530450401329626509e+01
1.193776641714436315e-02 1.185597547240780081e+01
1.425102670302997795e-02 9.900266645392964193e+00
1.701254279852589327e-02 8.859468293778345327e+00
2.030917620904735751e-02 8.443978276067815258e+00
2.424462017082328405e-02 8.517813726241330485e+00
2.894266124716751709e-02 9.036622380691580858e+00
3.455107294592219686e-02 1.001373508724486605e+01
4.124626382901352278e-02 1.150631826368392119e+01
4.923882631706739260e-02 1.361788680362857384e+01
5.878016072274912240e-02 1.647804753318144222e+01
7.017038286703829175e-02 2.029217147107032915e+01
8.376776400682919843e-02 2.441876698251726907e+01
1.000000000000000056e-01 2.632948188402549405e+01
1.193776641714437009e-01 2.345952873813866901e+01
1.425102670302998420e-01 1.723638993384630780e+01
1.701254279852589257e-01 1.123644283183219272e+01
2.030917620904735821e-01 7.021533188295542516e+00
2.424462017082328336e-01 4.583292246562725047e+00
2.894266124716751709e-01 3.215315545845079725e+00
3.455107294592220102e-01 2.408605752747205564e+00
4.124626382901352417e-01 1.901365544687761089e+00
4.923882631706741342e-01 1.565947552597811265e+00
5.878016072274915294e-01 1.337050272675298856e+00
7.017038286703829453e-01 1.178684274055420866e+00
8.376776400682920398e-01 1.069320940529496555e+00
1.000000000000000000e+00 9.954840351833401657e-01
1.193776641714436870e+00 9.488280860367463987e-01
1.425102670302999197e+00 9.245560090539844955e-01
1.701254279852589146e+00 9.203338154408921001e-01
2.030917620904737042e+00 9.356254220027738766e-01
2.424462017082328114e+00 9.710807211465302125e-01
2.894266124716751598e+00 1.028650761938471048e+00
3.455107294592221656e+00 1.111785216594748604e+00
4.124626382901352528e+00 1.226055336057736200e+00
4.923882631706741897e+00 1.379789713613282842e+00
5.878016072274911963e+00 1.585108377775580779e+00
7.017038286703829897e+00 1.859085388262039951e+00
8.376776400682924617e+00 2.225577534679385572e+00
1.000000000000000000e+01 2.717675954278190087e+00
