3.162277660168379134e-02 2.987068637379022817e+01
3.665241237079627790e-02 2.673370013890362173e+01
4.248201698162612505e-02 2.525033190837508101e+01
4.923882631706739260e-02 2.514799763558457357e+01
5.707031326057167286e-02 2.664238457730570175e+01
6.614740641230149043e-02 3.078683398521002346e+01
7.666822074546214560e-02 4.136664745699101076e+01
8.886238162743402558e-02 8.154046533900006466e+01
1.029960365809989981e-01 1.586788718562522718e+02
1.193776641714436315e-01 9.838584774918572862e+01
1.383648068032459488e-01 4.453049065661915762e+01
1.603718743751330056e-01 2.752362911386266475e+01
1.858791891146563680e-01 1.937324838221084988e+01
2.154434690031883370e-01 1.485715024815171148e+01
2.497099786006540811e-01 1.215117144332690025e+01
2.894266124716750044e-01 1.045773420848080093e+01
3.354602185954043136e-01 9.373977711239659172e+00
3.888155180308087155e-01 8.677446696963119877e+00
4.506570337745472998e-01 8.237758345137944360e+00
5.223345074266840804e-01 7.978645447693884840e+00
6.054123584037268690e-01 7.857045375693327394e+00
7.017038286703826122e-01 7.850262548569610921e+00
8.133105582266927369e-01 7.946863840199662299e+00
9.426684551178848848e-01 8.140372879224951674e+00
1.092600861117377864e+00 8.425740553022547985e+00
1.266380173467402726e+00 8.798528516222264173e+00
1.467799267622069026e+00 9.256250558054146538e+00
1.701254279852588258e+00 9.801185647108093590e+00
1.971840556512642006e+00 1.044034207007206305e+01
2.285463864134989365e+00 1.118935415084979823e+01
2.648969287610527079e+00 1.206954042823138273e+01
3.070290629757848055e+00 1.310910444736420466e+01
3.558623573050965661e+00 1.434436185146454079e+01
4.124626382901348087e+00 1.582286855706355944e+01
4.780652533007380356e+00 1.760801969435206971e+01
5.541020330009492234e+00 1.978469039417726805e+01
6.422325422229356207e+00 2.246494926672091808e+01
7.443803013251680589e+00 2.579846778101744675e+01
8.627747685955865720e+00 2.997858702797052999e+01
1.000000000000000000e+01 3.526132599528276756e+01
