1.000000000000000021e-02 2.439198454097716606e+01
1.193776641714436315e-02 1.790672785577190851e+01
1.425102670302997795e-02 1.362047253914814782e+01
1.701254279852589327e-02 1.067758384796052873e+01
2.030917620904735751e-02 8.668949381865694193e+00
2.424462017082328405e-02 7.370911415221333307e+00
2.894266124716751709e-02 6.660324328324811916e+00
3.455107294592219686e-02 6.497753896822163533e+00
4.124626382901352278e-02 6.954846157003083285e+00
4.923882631706739260e-02 8.301225456501670763e+00
5.878016072274912240e-02 1.125509058573501164e+01
7.017038286703829175e-02 1.794154171474670179e+01
8.376776400682919843e-02 3.865826239703971368e+01
1.000000000000000056e-01 5.514443803439226599e+01
1.193776641714437009e-01 1.079567915499549180e+01
1.425102670302998420e-01 4.581616340101683171e+00
1.701254279852589257e-01 2.747502478179962182e+00
2.030917620904735821e-01 1.950840896420717341e+00
2.424462017082328336e-01 1.541243418882400240e+00
2.894266124716751709e-01 1.310797272796524693e+00
3.455107294592220102e-01 1.175098450112213255e+00
4.124626382901352417e-01 1.094586109998150425e+00
4.923882631706741342e-01 1.048932774402062895e+00
5.878016072274915294e-01 1.026813731033876520e+00
7.017038286703829453e-01 1.021377906936759450e+00
8.376776400682920398e-01 1.028195634424843741e+00
1.000000000000000000e+00 1.044407605288133478e+00
1.193776641714436870e+00 1.068940823451473454e+00
1.425102670302999197e+00 1.102583828455274695e+00
1.701254279852589146e+00 1.147879161627178624e+00
2.030917620904737042e+00 1.208722934241048153e+00
2.424462017082328114e+00 1.290097839850295358e+00
2.894266124716751598e+00 1.398233988032221875e+00
3.455107294592221656e+00 1.541314473146093489e+00
4.124626382901352528e+00 1.730287169556061322e+00
4.923882631706741897e+00 1.980302892184709007e+00
5.878016072274911963e+00 2.312466063337097921e+00
7.017038286703829897e+00 2.755530239853337893e+00
8.376776400682924617e+00 3.349518179606025381e+00
1.000000000000000000e+01 4.149939052949118690e+00
