1.000000000000000021e-02 1.928971488974681279e+02
1.193776641714436315e-02 1.228152054588271369e+02
1.425102670302997795e-02 9.212256807417341520e+01
1.701254279852589327e-02 7.287516169191782467e+01
2.030917620904735751e-02 6.068216760127823051e+01
2.424462017082328405e-02 5.302978356889764200e+01
2.894266124716751709e-02 4.849651656249557163e+01
3.455107294592219686e-02 4.629633707651610308e+01
4.124626382901352278e-02 4.609910106597222779e+01
4.923882631706739260e-02 4.806191770455320977e+01
5.878016072274912240e-02 5.331303284088958350e+01
7.017038286703829175e-02 6.604794555222198937e+01
8.376776400682919843e-02 1.082240230064858224e+02
1.000000000000000056e-01 1.321468928026883418e+02
1.193776641714437009e-01 4.537227025764173760e+01
1.425102670302998420e-01 2.545827009592475676e+01
1.701254279852589257e-01 1.899685866684149360e+01
2.030917620904735821e-01 1.555994295873915156e+01
2.424462017082328336e-01 1.332093852292640257e+01
2.894266124716751709e-01 1.174602535797547986e+01
3.455107294592220102e-01 1.063305628429831629e+01
4.124626382901352417e-01 9.883372516312647349e+00
4.923882631706741342e-01 9.433141453467211335e+00
5.878016072274915294e-01 9.231347663339159126e+00
7.017038286703829453e-01 9.235199841875992632e+00
8.376776400682920398e-01 9.410461417341418056e+00
1.000000000000000000e+00 9.731948492549866714e+00
1.193776641714436870e+00 1.018378120647293272e+01
1.425102670302999197e+00 1.076226067164117950e+01
1.701254279852589146e+00 1.147997361141863948e+01
2.030917620904737042e+00 1.237682069038916488e+01
2.424462017082328114e+00 1.352233280659831749e+01
2.894266124716751598e+00 1.501952907017655114e+01
3.455107294592221656e+00 1.700798871247980060e+01
4.124626382901352528e+00 1.967162399975902787e+01
4.923882631706741897e+00 2.325656618351600358e+01
5.878016072274911963e+00 2.809642933543857879e+01
7.017038286703829897e+00 3.464932169152542230e+01
8.376776400682924617e+00 4.400246629355017802e+01
1.000000000000000000e+01 5.615254935376545831e+01
