1.000000000000000021e-02 2.777887391517469240e+01
1.193776641714436315e-02 1.975540584620170037e+01
1.425102670302997795e-02 1.491522316753545319e+01
1.701254279852589327e-02 1.195549610265445750e+01
2.030917620904735751e-02 1.017916679433830573e+01
2.424462017082328405e-02 9.209136086063143267e+00
2.894266124716751709e-02 8.855519066154895924e+00
3.455107294592219686e-02 9.058602886080725725e+00
4.124626382901352278e-02 9.881439726731311879e+00
4.923882631706739260e-02 1.157758161610748893e+01
5.878016072274912240e-02 1.484729822503250318e+01
7.017038286703829175e-02 2.190092422743353850e+01
8.376776400682919843e-02 4.395312089538398226e+01
1.000000000000000056e-01 1.355693589946034763e+02
1.193776641714437009e-01 8.383830315557875679e+01
1.425102670302998420e-01 3.519730397304631708e+01
1.701254279852589257e-01 1.992027746966301649e+01
2.030917620904735821e-01 1.289046487526323936e+01
2.424462017082328336e-01 9.082367031554321457e+00
2.894266124716751709e-01 6.830913097965994218e+00
3.455107294592220102e-01 5.437530154672048255e+00
4.124626382901352417e-01 4.565339604236113402e+00
4.923882631706741342e-01 4.035944889318488826e+00
5.878016072274915294e-01 3.749516840809179463e+00
7.017038286703829453e-01 3.650459621858148207e+00
8.376776400682920398e-01 3.710552063535073497e+00
1.000000000000000000e+00 3.921713485482480444e+00
1.193776641714436870e+00 4.290620336991966433e+00
1.425102670302999197e+00 4.836200501147766673e+00
1.701254279852589146e+00 5.587751010667821205e+00
2.030917620904737042e+00 6.585627862088242246e+00
2.424462017082328114e+00 7.886385093397898061e+00
2.894266124716751598e+00 9.571281683386839489e+00
3.455107294592221656e+00 1.175924682795658427e+01
4.124626382901352528e+00 1.462292464201047792e+01
4.923882631706741897e+00 1.840847123016370546e+01
5.878016072274911963e+00 2.346367934494262641e+01
7.017038286703829897e+00 3.027457860267026746e+01
8.376776400682924617e+00 3.952580900761317650e+01
1.000000000000000000e+01 5.217809357733193565e+01
