1.000000000000000021e-02 4.636389038736439971e+01
1.193776641714436315e-02 3.390280818769350901e+01
1.425102670302997795e-02 2.599067019682988189e+01
1.701254279852589327e-02 2.088708811327673587e+01
2.030917620904735751e-02 1.757704164638015953e+01
2.424462017082328405e-02 1.546582204055967580e+01
2.894266124716751709e-02 1.423929794683415295e+01
3.455107294592219686e-02 1.379326505354774746e+01
4.124626382901352278e-02 1.421280894197513511e+01
4.923882631706739260e-02 1.583879603912433609e+01
5.878016072274912240e-02 1.958050574763307239e+01
7.017038286703829175e-02 2.827266816459058418e+01
8.376776400682919843e-02 5.622302698091512241e+01
1.000000000000000056e-01 1.365342141018422240e+02
1.193776641714437009e-01 6.529494747368981677e+01
1.425102670302998420e-01 2.776943904875487235e+01
1.701254279852589257e-01 1.612039090516112694e+01
2.030917620904735821e-01 1.088623775184628784e+01
2.424462017082328336e-01 8.147397933325544628e+00
2.894266124716751709e-01 6.597570003580412568e+00
3.455107294592220102e-01 5.685333026737021456e+00
4.124626382901352417e-01 5.142855229872694167e+00
4.923882631706741342e-01 4.825386648393563682e+00
5.878016072274915294e-01 4.649218583593825116e+00
7.017038286703829453e-01 4.565377961842830068e+00
8.376776400682920398e-01 4.546944012786364731e+00
1.000000000000000000e+00 4.582802341259094803e+00
1.193776641714436870e+00 4.671690037858024169e+00
1.425102670302999197e+00 4.820065266873379883e+00
1.701254279852589146e+00 5.040611195322258986e+00
2.030917620904737042e+00 5.355133935466419359e+00
2.424462017082328114e+00 5.794973415506302850e+00
2.894266124716751598e+00 6.403426423276283863e+00
3.455107294592221656e+00 7.238503565088072023e+00
4.124626382901352528e+00 8.378046324016077406e+00
4.923882631706741897e+00 9.927300089210284284e+00
5.878016072274911963e+00 1.203126994729095856e+01
7.017038286703829897e+00 1.489059548437371561e+01
8.376776400682924617e+00 1.878654198992775903e+01
1.000000000000000000e+01 2.411203101542145433e+01
