3.162277660168379134e-02 1.927024209876650573e+01
3.665241237079627790e-02 1.584531763457079556e+01
4.248201698162612505e-02 1.342324599646365968e+01
4.923882631706739260e-02 1.169265362267867481e+01
5.707031326057167286e-02 1.046414279488915255e+01
6.614740641230149043e-02 9.620839014694189117e+00
7.666822074546214560e-02 9.094935807347335199e+00
8.886238162743402558e-02 8.857740883137385168e+00
1.029960365809989981e-01 8.916979117651687048e+00
1.193776641714436315e-01 9.326520048937997132e+00
1.383648068032459488e-01 1.021464868635135126e+01
1.603718743751330056e-01 1.186015367510293572e+01
1.858791891146563680e-01 1.491320280650039720e+01
2.154434690031883370e-01 2.120734426966643937e+01
2.497099786006540811e-01 3.848975671699162859e+01
2.894266124716750044e-01 1.284635619166293168e+02
3.354602185954043136e-01 1.002704405246598327e+02
3.888155180308087155e-01 3.921452248787210237e+01
4.506570337745472998e-01 2.302137488248433073e+01
5.223345074266840804e-01 1.585670361873594558e+01
6.054123584037268690e-01 1.207533187500189342e+01
7.017038286703826122e-01 9.882743012012921824e+00
8.133105582266927369e-01 8.549954375234660731e+00
9.426684551178848848e-01 7.729450029000636491e+00
1.092600861117377864e+00 7.237092089951721263e+00
1.266380173467402726e+00 6.971264819690361492e+00
1.467799267622069026e+00 6.874479449352844718e+00
1.701254279852588258e+00 6.917514443116083989e+00
1.971840556512642006e+00 7.080683193976769374e+00
2.285463864134989365e+00 7.373682256046010686e+00
2.648969287610527079e+00 7.808960500010070582e+00
3.070290629757848055e+00 8.409415857434595409e+00
3.558623573050965661e+00 9.206014888434280508e+00
4.124626382901348087e+00 1.023908153260825493e+01
4.780652533007380356e+00 1.156122485071578510e+01
5.541020330009492234e+00 1.324122969987784870e+01
6.422325422229356207e+00 1.537205225009194898e+01
7.443803013251680589e+00 1.807501656393177569e+01
8.627747685955865720e+00 2.151371432254885363e+01
1.000000000000000000e+01 2.590322147015130483e+01
