3.162277660168379412e-01 3.469586020639416346e-01
3.665241237079627790e-01 2.313700562379819858e-01
4.248201698162611950e-01 1.625569739598289321e-01
4.923882631706739121e-01 1.195749898988202053e-01
5.707031326057167009e-01 9.157089055943194722e-02
6.614740641230149043e-01 7.263906950317741695e-02
7.666822074546214560e-01 5.942195750296841439e-02
8.886238162743402835e-01 4.993480755140204674e-02
1.029960365809989842e+00 4.296400120921968491e-02
1.193776641714436426e+00 3.774614300353533458e-02
1.383648068032459433e+00 3.379015055841273069e-02
1.603718743751330056e+00 3.077356020449889887e-02
1.858791891146563513e+00 2.848275037259955997e-02
2.154434690031883370e+00 2.677520377875644911e-02
2.497099786006540700e+00 2.555534401424684743e-02
2.894266124716750266e+00 2.476308086901161942e-02
3.354602185954043136e+00 2.436500566917686184e-02
3.888155180308087377e+00 2.434731591590468328e-02
4.506570337745473331e+00 2.471380363260841651e-02
5.223345074266840804e+00 2.548195927863080440e-02
6.054123584037268024e+00 2.668416830688873434e-02
7.017038286703826344e+00 2.836395576298244778e-02
8.133105582266926703e+00 3.058174807248116231e-02
9.426684551178849958e+00 3.341194064679170461e-02
1.092600861117377953e+01 3.695321779460882666e-02
1.266380173467402770e+01 4.132816094838059201e-02
1.467799267622068982e+01 4.669199007047339367e-02
1.701254279852588169e+01 5.324437414450138017e-02
1.971840556512641740e+01 6.125565330077969300e-02
2.285463864134989720e+01 7.108844938694715287e-02
2.648969287610526990e+01 8.325792280926885836e-02
3.070290629757848322e+01 9.849152234733747624e-02
3.558623573050965661e+01 1.178093919126379230e-01
4.124626382901347910e+01 1.426081282019682761e-01
4.780652533007380356e+01 1.747112910767396055e-01
5.541020330009492056e+01 2.162978386878579296e-01
6.422325422229356207e+01 2.695568702603128308e-01
7.443803013251681477e+01 3.358573611083596755e-01
8.627747685955866075e+01 4.144089243544462620e-01
1.000000000000000000e+02 5.007880696052392500e-01
