1.000000000000000021e-02 5.064459202190636233e+01
1.266380173467403399e-02 2.462613740131014239e+01
1.603718743751330125e-02 1.159424292745221230e+01
2.030917620904735751e-02 7.071828716316573171e+00
2.571913809059344497e-02 5.384724302884481340e+00
3.257020655659782771e-02 4.197205635207694741e+00
4.124626382901352278e-02 3.815211434459671924e+00
5.223345074266843441e-02 6.048306536549041823e-01
6.614740641230149043e-02 8.265665348863686646e-01
8.376776400682915680e-02 1.502509389456804234e+00
1.060818355139448305e-01 4.504014208079297532e+00
1.343399332598900209e-01 2.543364631172869483e+00
1.701254279852589257e-01 1.339334300301795233e+00
2.154434690031883370e-01 9.009505858991614380e-01
2.728333376486767881e-01 6.729990555767573213e-01
3.455107294592218437e-01 2.354595752558125810e+00
4.375479375074184385e-01 4.233890018820791745e-01
5.541020330009491790e-01 3.514110487061664623e-01
7.017038286703826122e-01 1.522105742031158560e+00
8.886238162743402835e-01 1.627870033694998941e+00
1.125335582600764495e+00 1.517253259072001370e+00
1.425102670302997865e+00 1.742677300011602204e-01
1.804721766827170226e+00 1.514691644655277447e-01
2.285463864134990697e+00 1.369497082820257394e-01
2.894266124716751598e+00 1.002368617547163998e+00
3.665241237079626124e+00 9.872962432951790657e-01
4.641588833612777520e+00 1.348931903351753836e-01
5.878016072274911963e+00 1.294663285104829864e+00
7.443803013251688583e+00 1.654997903531451320e-01
9.426684551178853511e+00 1.925671340975796120e-01
1.193776641714435804e+01 1.689028789819358778e+00
1.511775070615661498e+01 2.697575552518725606e-01
1.914481976169957633e+01 3.332037032149940958e-01
2.424462017082328202e+01 3.988389130098896063e-01
3.070290629757849743e+01 4.954316190775184814e-01
3.888155180308085335e+01 6.220122364606189835e-01
4.923882631706736390e+01 7.868123631492570658e-01
6.235507341273912374e+01 1.020504484209825424e+00
7.896522868499724268e+01 1.323828280704818283e+00
1.000000000000000000e+02 1.702766067714682308e+00
