3.162277660168379412e-01 3.191668879237010148e-01
3.665241237079627790e-01 2.236732616965123877e-01
4.248201698162611950e-01 1.674260163673235990e-01
4.923882631706739121e-01 1.344968783593695483e-01
5.707031326057167009e-01 1.164602655289607158e-01
6.614740641230149043e-01 1.088247264149535681e-01
7.666822074546214560e-01 1.089773759606928738e-01
8.886238162743402835e-01 1.146035018018251445e-01
1.029960365809989842e+00 1.228243942223778279e-01
1.193776641714436426e+00 1.301911489505808706e-01
1.383648068032459433e+00 1.323577971646537066e-01
1.603718743751330056e+00 1.316170617154959199e-01
1.858791891146563513e+00 1.298472578448592596e-01
2.154434690031883370e+00 1.280385520734752258e-01
2.497099786006540700e+00 1.267279694472652762e-01
2.894266124716750266e+00 1.261843744693521840e-01
3.354602185954043136e+00 1.265579501790674022e-01
3.888155180308087377e+00 1.279196391347054151e-01
4.506570337745473331e+00 1.303049574185312087e-01
5.223345074266840804e+00 1.337484166706508493e-01
6.054123584037268024e+00 1.383015472079989205e-01
7.017038286703826344e+00 1.440412545609975892e-01
8.133105582266926703e+00 1.510685942657671588e-01
9.426684551178849958e+00 1.595040969507289241e-01
1.092600861117377953e+01 1.694889463186953216e-01
1.266380173467402770e+01 1.812001416180745172e-01
1.467799267622068982e+01 1.948821598367697083e-01
1.701254279852588169e+01 2.108856921556633846e-01
1.971840556512641740e+01 2.297308422841518594e-01
2.285463864134989720e+01 2.521384651161071577e-01
2.648969287610526990e+01 2.790898507901862224e-01
3.070290629757848322e+01 3.118771014535050567e-01
3.558623573050965661e+01 3.521563404431107269e-01
4.124626382901347910e+01 4.020119359635863643e-01
4.780652533007380356e+01 4.639329643000909553e-01
5.541020330009492056e+01 5.408689894420239952e-01
6.422325422229356207e+01 6.361506704706235693e-01
7.443803013251681477e+01 7.533806035717722782e-01
8.627747685955866075e+01 8.961125277822403756e-01
1.000000000000000000e+02 1.067037441726809366e+00
