1.000000000000000021e-02 1.372330875540569650e+00
1.266380173467403399e-02 9.411834842501540788e-01
1.603718743751330125e-02 7.286451882216796738e-01
2.030917620904735751e-02 6.158645076695306031e-01
2.571913809059344497e-02 5.465038417605793120e-01
3.257020655659782771e-02 4.922954207012029682e-01
4.124626382901352278e-02 4.455545805123384828e-01
5.223345074266843441e-02 4.139605609931086838e-01
6.614740641230149043e-02 4.124384967406888869e-01
8.376776400682915680e-02 4.618551748631157805e-01
1.060818355139448305e-01 5.876174911135133572e-01
1.343399332598900209e-01 7.365725105029544695e-01
1.701254279852589257e-01 7.446650175501374758e-01
2.154434690031883370e-01 6.545405241243866801e-01
2.728333376486767881e-01 5.408723149624937721e-01
3.455107294592218437e-01 4.204309576281075045e-01
4.375479375074184385e-01 3.181178975238750928e-01
5.541020330009491790e-01 2.400003076034593619e-01
7.017038286703826122e-01 1.816875370317383720e-01
8.886238162743402835e-01 1.298312655203315846e-01
1.125335582600764495e+00 1.112008182795959227e-01
1.425102670302997865e+00 1.099322495849663767e-01
1.804721766827170226e+00 1.031722282942185570e-01
2.285463864134990697e+00 9.577589197999160364e-02
2.894266124716751598e+00 1.071636909685346473e-01
3.665241237079626124e+00 1.170196873021992212e-01
4.641588833612777520e+00 1.481671397643100352e-01
5.878016072274911963e+00 1.677444484430210547e-01
7.443803013251688583e+00 2.111961894456487188e-01
9.426684551178853511e+00 2.522749508237931981e-01
1.193776641714435804e+01 2.870010578910940913e-01
1.511775070615661498e+01 3.249297448886810380e-01
1.914481976169957633e+01 3.763155206468438152e-01
2.424462017082328202e+01 4.432375805211606346e-01
3.070290629757849743e+01 5.255806409648170474e-01
3.888155180308085335e+01 6.339371461281121389e-01
4.923882631706736390e+01 7.782723080142840422e-01
6.235507341273912374e+01 9.717510833812641469e-01
7.896522868499724268e+01 1.224934366696852184e+00
1.000000000000000000e+02 1.547233943426352898e+00
