3.162277660168379412e-01 3.469587348020201079e-01
3.665241237079627790e-01 2.313708023876783759e-01
4.248201698162611950e-01 1.625601925684397875e-01
4.923882631706739121e-01 1.195860564925820269e-01
5.707031326057167009e-01 9.160221860334311073e-02
6.614740641230149043e-01 7.271409747822710212e-02
7.666822074546214560e-01 5.957764241315809117e-02
8.886238162743402835e-01 5.022037057650573233e-02
1.029960365809989842e+00 4.343908559537923431e-02
1.193776641714436426e+00 3.846936081986728623e-02
1.383648068032459433e+00 3.482033753850819618e-02
1.603718743751330056e+00 3.216729071855088662e-02
1.858791891146563513e+00 3.029612361851080973e-02
2.154434690031883370e+00 2.906767738872182913e-02
2.497099786006540700e+00 2.839152247196322434e-02
2.894266124716750266e+00 2.821182989120762583e-02
3.354602185954043136e+00 2.849605884818660548e-02
3.888155180308087377e+00 2.923095911966692995e-02
4.506570337745473331e+00 3.041882612449304385e-02
5.223345074266840804e+00 3.208312117454378831e-02
6.054123584037268024e+00 3.426697894339174322e-02
7.017038286703826344e+00 3.703814100572854623e-02
8.133105582266926703e+00 4.049193937075381416e-02
9.426684551178849958e+00 4.475352545637175522e-02
1.092600861117377953e+01 4.998056178130230037e-02
1.266380173467402770e+01 5.636889702363635790e-02
1.467799267622068982e+01 6.415894497356701420e-02
1.701254279852588169e+01 7.364513520379714628e-02
1.971840556512641740e+01 8.521822154690880669e-02
2.285463864134989720e+01 9.940521833943702368e-02
2.648969287610526990e+01 1.169588158329473854e-01
3.070290629757848322e+01 1.389803694108677212e-01
3.558623573050965661e+01 1.670940489219256975e-01
4.124626382901347910e+01 2.036672881808397340e-01
4.780652533007380356e+01 2.520800686780970135e-01
5.541020330009492056e+01 3.169643739863711174e-01
6.422325422229356207e+01 4.042422359125659170e-01
7.443803013251681477e+01 5.206995203006268280e-01
8.627747685955866075e+01 6.724590151016525130e-01
1.000000000000000000e+02 8.573693176582453113e-01
