1.000000000000000021e-02 3.833497344327684431e+01
1.193776641714436315e-02 3.047753938781456640e+01
1.425102670302997795e-02 2.638183464917441512e+01
1.701254279852589327e-02 2.465102404366527367e+01
2.030917620904735751e-02 2.450711344812847159e+01
2.424462017082328405e-02 2.543983790079411023e+01
2.894266124716751709e-02 2.709457252211191047e+01
3.455107294592219686e-02 2.931507003416983181e+01
4.124626382901352278e-02 3.081987052733452259e+01
4.923882631706739260e-02 3.451138945119276258e+01
5.878016072274912240e-02 4.110726021830261345e+01
7.017038286703829175e-02 5.872150326313834512e+01
8.376776400682919843e-02 1.049749027260808845e+02
1.000000000000000056e-01 1.338137865962970068e+02
1.193776641714437009e-01 4.211254104923329322e+01
1.425102670302998420e-01 2.061739637167256234e+01
1.701254279852589257e-01 1.368716440485442831e+01
2.030917620904735821e-01 1.039360735102501465e+01
2.424462017082328336e-01 8.548029167533643502e+00
2.894266124716751709e-01 7.416735271130288076e+00
3.455107294592220102e-01 6.684864343932540365e+00
4.124626382901352417e-01 6.197240844577597940e+00
4.923882631706741342e-01 5.869305469368836015e+00
5.878016072274915294e-01 5.647317003743827613e+00
7.017038286703829453e-01 5.490605464456998597e+00
8.376776400682920398e-01 5.366718998338114055e+00
1.000000000000000000e+00 5.254940552882593430e+00
1.193776641714436870e+00 5.152266354277224458e+00
1.425102670302999197e+00 5.075300578369688509e+00
1.701254279852589146e+00 5.056197086235193261e+00
2.030917620904737042e+00 5.133374067917158001e+00
2.424462017082328114e+00 5.345915883372427402e+00
2.894266124716751598e+00 5.734449429480127591e+00
3.455107294592221656e+00 6.346208522101939309e+00
4.124626382901352528e+00 7.242848212387192675e+00
4.923882631706741897e+00 8.509741390497604030e+00
5.878016072274911963e+00 1.026724156360323903e+01
7.017038286703829897e+00 1.268547325083174826e+01
8.376776400682924617e+00 1.600486561591308643e+01
1.000000000000000000e+01 2.056384432827963948e+01
