3.162277660168379134e-02 1.570992718058054827e+01
3.665241237079627790e-02 1.249514338687127513e+01
4.248201698162612505e-02 1.038267483137675029e+01
4.923882631706739260e-02 9.010542771197828316e+00
5.707031326057167286e-02 8.159821976357603646e+00
6.614740641230149043e-02 7.697183607181978360e+00
7.666822074546214560e-02 7.541540553702526850e+00
8.886238162743402558e-02 7.646733075329963825e+00
1.029960365809989981e-01 7.989431310924806517e+00
1.193776641714436315e-01 8.570137605523589386e+00
1.383648068032459488e-01 9.428582946047388447e+00
1.603718743751330056e-01 1.069156756152543686e+01
1.858791891146563680e-01 1.271199946122116486e+01
2.154434690031883370e-01 1.655497341352152674e+01
2.497099786006540811e-01 2.679115288942015383e+01
2.894266124716750044e-01 1.144801778568091351e+02
3.354602185954043136e-01 1.185171205270046215e+02
3.888155180308087155e-01 6.529414496296710979e+01
4.506570337745472998e-01 4.199455164402987606e+01
5.223345074266840804e-01 3.122885457051094704e+01
6.054123584037268690e-01 2.508503895554558838e+01
7.017038286703826122e-01 2.116119146159919140e+01
8.133105582266927369e-01 1.848426712927153659e+01
9.426684551178848848e-01 1.658505555164643752e+01
1.092600861117377864e+00 1.521116378219151599e+01
1.266380173467402726e+00 1.421365300089975214e+01
1.467799267622069026e+00 1.349992468104369259e+01
1.701254279852588258e+00 1.301102609283247702e+01
1.971840556512642006e+00 1.271005923646784552e+01
2.285463864134989365e+00 1.257590525237777968e+01
2.648969287610527079e+00 1.259988956716317077e+01
3.070290629757848055e+00 1.278433127461422281e+01
3.558623573050965661e+00 1.314235243644719375e+01
4.124626382901348087e+00 1.369850260337086922e+01
4.780652533007380356e+00 1.448997757276415932e+01
5.541020330009492234e+00 1.556776730455154301e+01
6.422325422229356207e+00 1.700206719924451804e+01
7.443803013251680589e+00 1.888200219592511786e+01
8.627747685955865720e+00 2.132656340963002961e+01
1.000000000000000000e+01 2.448950249016146685e+01
