3.162277660168379412e-01 3.140240163846138022e-01
3.665241237079627790e-01 2.150678783478991163e-01
4.248201698162611950e-01 1.541126272553453025e-01
4.923882631706739121e-01 1.150306112447589818e-01
5.707031326057167009e-01 8.905972507303651364e-02
6.614740641230149043e-01 7.125703398534453947e-02
7.666822074546214560e-01 5.873875353082991246e-02
8.886238162743402835e-01 4.977721923629953998e-02
1.029960365809989842e+00 4.331086126147922627e-02
1.193776641714436426e+00 3.867554063731924036e-02
1.383648068032459433e+00 3.544179500593010873e-02
1.603718743751330056e+00 3.332764727232054303e-02
1.858791891146563513e+00 3.214092988133541301e-02
2.154434690031883370e+00 3.174662395795837394e-02
2.497099786006540700e+00 3.204936836719254889e-02
2.894266124716750266e+00 3.297912652386816856e-02
3.354602185954043136e+00 3.448409891108574626e-02
3.888155180308087377e+00 3.652895862125457582e-02
4.506570337745473331e+00 3.909465904909815992e-02
5.223345074266840804e+00 4.218466849614922048e-02
6.054123584037268024e+00 4.582885752342679558e-02
7.017038286703826344e+00 5.008888118380938614e-02
8.133105582266926703e+00 5.506244882692877540e-02
9.426684551178849958e+00 6.088315128807103571e-02
1.092600861117377953e+01 6.772582234003073076e-02
1.266380173467402770e+01 7.580125128044180871e-02
1.467799267622068982e+01 8.538058774313998789e-02
1.701254279852588169e+01 9.679367097003582776e-02
1.971840556512641740e+01 1.104607135889783404e-01
2.285463864134989720e+01 1.269261873109326644e-01
2.648969287610526990e+01 1.469008672082967037e-01
3.070290629757848322e+01 1.713225259821198332e-01
3.558623573050965661e+01 2.013749459002228681e-01
4.124626382901347910e+01 2.384887928182377048e-01
4.780652533007380356e+01 2.841766872162324598e-01
5.541020330009492056e+01 3.398608217005543719e-01
6.422325422229356207e+01 4.064320625240614437e-01
7.443803013251681477e+01 4.838397806085387165e-01
8.627747685955866075e+01 5.707380618466978417e-01
1.000000000000000000e+02 6.642249422549452165e-01
