1.000000000000000021e-02 9.009250281475009725e-01
1.266380173467403399e-02 5.873730423025457226e-01
1.603718743751330125e-02 4.410729988388970013e-01
2.030917620904735751e-02 3.776601212520715456e-01
2.571913809059344497e-02 3.651382911152251109e-01
3.257020655659782771e-02 3.928378796894089198e-01
4.124626382901352278e-02 4.591265934551331807e-01
5.223345074266843441e-02 5.714753703233957927e-01
6.614740641230149043e-02 7.866524792741298455e-01
8.376776400682915680e-02 1.547863162919096425e+00
1.060818355139448305e-01 6.191198178116866124e+00
1.343399332598900209e-01 3.443008180291199594e+00
1.701254279852589257e-01 1.696699916888778858e+00
2.154434690031883370e-01 9.644032579920363002e-01
2.728333376486767881e-01 5.523459572409454843e-01
3.455107294592218437e-01 3.035863051864486906e-01
4.375479375074184385e-01 1.749774306829530723e-01
5.541020330009491790e-01 1.190870061343809183e-01
7.017038286703826122e-01 9.965000384069383488e-02
8.886238162743402835e-01 9.932594814323775223e-02
1.125335582600764495e+00 1.079533890931658469e-01
1.425102670302997865e+00 1.140473171676894548e-01
1.804721766827170226e+00 1.152781296511574821e-01
2.285463864134990697e+00 1.155009682095165247e-01
2.894266124716751598e+00 1.165409331719372554e-01
3.665241237079626124e+00 1.191393424052288319e-01
4.641588833612777520e+00 1.236764377619077315e-01
5.878016072274911963e+00 1.304397359734951189e-01
7.443803013251688583e+00 1.397890798897186704e-01
9.426684551178853511e+00 1.522407061347506307e-01
1.193776641714435804e+01 1.683301688976379662e-01
1.511775070615661498e+01 1.889599284753854525e-01
1.914481976169957633e+01 2.154868580069177475e-01
2.424462017082328202e+01 2.504024763155209277e-01
3.070290629757849743e+01 2.985926170580469052e-01
3.888155180308085335e+01 3.660845054368333518e-01
4.923882631706736390e+01 4.591220188540655611e-01
6.235507341273912374e+01 5.889714944302587574e-01
7.896522868499724268e+01 8.682224979122392661e-01
1.000000000000000000e+02 1.151764072927255578e+00
