1.000000000000000021e-02 2.207763199219499484e+00
1.266380173467403399e-02 1.469782588484503050e+00
1.603718743751330125e-02 1.064259145409646168e+00
2.030917620904735751e-02 8.369901688510178461e-01
2.571913809059344497e-02 7.127272824884082203e-01
3.257020655659782771e-02 6.596864174501040345e-01
4.124626382901352278e-02 6.767282452614751254e-01
5.223345074266843441e-02 7.985481994705043718e-01
6.614740641230149043e-02 1.162142598259092718e+00
8.376776400682915680e-02 2.638393200003858130e+00
1.060818355139448305e-01 6.265928752535625534e+00
1.343399332598900209e-01 1.494497399673466953e+00
1.701254279852589257e-01 6.456861952656711701e-01
2.154434690031883370e-01 3.507021847100266210e-01
2.728333376486767881e-01 2.138526643857616427e-01
3.455107294592218437e-01 1.401522050757308679e-01
4.375479375074184385e-01 9.678291821983248111e-02
5.541020330009491790e-01 6.990624355637033160e-02
7.017038286703826122e-01 5.276209981678951083e-02
8.886238162743402835e-01 4.170118552158676856e-02
1.125335582600764495e+00 3.466748480976210300e-02
1.425102670302997865e+00 3.048014016345390251e-02
1.804721766827170226e+00 2.844523417600336099e-02
2.285463864134990697e+00 2.814957104245617917e-02
2.894266124716751598e+00 2.933940756958524493e-02
3.665241237079626124e+00 3.186981483589664682e-02
4.641588833612777520e+00 3.567574583857185955e-02
5.878016072274911963e+00 4.079504203928460693e-02
7.443803013251688583e+00 4.741614000631886455e-02
9.426684551178853511e+00 5.592544805638763328e-02
1.193776641714435804e+01 6.693917341811013444e-02
1.511775070615661498e+01 8.134887837046744785e-02
1.914481976169957633e+01 1.004274855306050429e-01
2.424462017082328202e+01 1.260587027774183466e-01
3.070290629757849743e+01 1.611295174502576366e-01
3.888155180308085335e+01 2.099684872081683806e-01
4.923882631706736390e+01 2.781981972983715856e-01
6.235507341273912374e+01 3.711580070384352670e-01
7.896522868499724268e+01 4.904404182030662751e-01
1.000000000000000000e+02 6.300850828099765488e-01
