3.162277660168379134e-02 2.568665479448345224e+01
3.665241237079627790e-02 2.293506246808081173e+01
4.248201698162612505e-02 2.089766949912745986e+01
4.923882631706739260e-02 1.922903537557719389e+01
5.707031326057167286e-02 1.778319881353213106e+01
6.614740641230149043e-02 1.653103578207030466e+01
7.666822074546214560e-02 1.550505185736036040e+01
8.886238162743402558e-02 1.477186463674036432e+01
1.029960365809989981e-01 1.442980093292933752e+01
1.193776641714436315e-01 1.462340197221516114e+01
1.383648068032459488e-01 1.558937288189658865e+01
1.603718743751330056e-01 1.777875141197231201e+01
1.858791891146563680e-01 2.221145337190843705e+01
2.154434690031883370e-01 3.175666258140936549e+01
2.497099786006540811e-01 5.858150346272352493e+01
2.894266124716750044e-01 1.350632108422512090e+02
3.354602185954043136e-01 6.390025724955695097e+01
3.888155180308087155e-01 2.375638478940854625e+01
4.506570337745472998e-01 1.324713160435971027e+01
5.223345074266840804e-01 8.694108289756252717e+00
6.054123584037268690e-01 6.309067248122798510e+00
7.017038286703826122e-01 4.931372540745288191e+00
8.133105582266927369e-01 4.091275268478402616e+00
9.426684551178848848e-01 3.566901098220341737e+00
1.092600861117377864e+00 3.243745154648579376e+00
1.266380173467402726e+00 3.059615345842677581e+00
1.467799267622069026e+00 2.980280012580341253e+00
1.701254279852588258e+00 2.987241206097798418e+00
1.971840556512642006e+00 3.071004575765614142e+00
2.285463864134989365e+00 3.227140766123359317e+00
2.648969287610527079e+00 3.454735935801375835e+00
3.070290629757848055e+00 3.755032359917732432e+00
3.558623573050965661e+00 4.132207671781681135e+00
4.124626382901348087e+00 4.594639190491528247e+00
4.780652533007380356e+00 5.156788880377336959e+00
5.541020330009492234e+00 5.841216072877669419e+00
6.422325422229356207e+00 6.680402533269263365e+00
7.443803013251680589e+00 7.719280824444195055e+00
8.627747685955865720e+00 9.017831504210056082e+00
1.000000000000000000e+01 1.065497251571174608e+01
