1.000000000000000021e-02 1.912365211694692135e+01
1.193776641714436315e-02 1.321294790512655482e+01
1.425102670302997795e-02 9.763093410595521604e+00
1.701254279852589327e-02 7.653133852269473181e+00
2.030917620904735751e-02 6.329392390990737916e+00
2.424462017082328405e-02 5.506478321300748213e+00
2.894266124716751709e-02 5.034411538803314379e+00
3.455107294592219686e-02 4.837574435629776737e+00
4.124626382901352278e-02 4.889848386146778303e+00
4.923882631706739260e-02 5.215904777483497234e+00
5.878016072274912240e-02 5.948283853768590035e+00
7.017038286703829175e-02 7.579917888704265749e+00
8.376776400682919843e-02 1.274743599949336037e+01
1.000000000000000056e-01 5.688614308371116834e+01
1.193776641714437009e-01 4.821150661706769824e+01
1.425102670302998420e-01 2.138580304063017934e+01
1.701254279852589257e-01 1.360746513524218670e+01
2.030917620904735821e-01 9.905974489056882604e+00
2.424462017082328336e-01 8.159668373060336322e+00
2.894266124716751709e-01 7.009445933661175410e+00
3.455107294592220102e-01 6.262939446567052038e+00
4.124626382901352417e-01 5.738766155926252388e+00
4.923882631706741342e-01 5.354326958347606080e+00
5.878016072274915294e-01 5.071093444121011373e+00
7.017038286703829453e-01 4.866323994040486767e+00
8.376776400682920398e-01 4.737258730360690784e+00
1.000000000000000000e+00 4.652954710577907882e+00
1.193776641714436870e+00 4.628556793488733057e+00
1.425102670302999197e+00 4.656310389186675280e+00
1.701254279852589146e+00 4.738776298621826477e+00
2.030917620904737042e+00 4.873666682182078880e+00
2.424462017082328114e+00 5.096659506714813936e+00
2.894266124716751598e+00 5.390544450994688930e+00
3.455107294592221656e+00 6.158018601914105439e+00
4.124626382901352528e+00 6.857281331443423333e+00
4.923882631706741897e+00 7.945224630179772873e+00
5.878016072274911963e+00 9.455078040756374591e+00
7.017038286703829897e+00 1.079066400758704702e+01
8.376776400682924617e+00 1.345449262112313704e+01
1.000000000000000000e+01 1.668389421157556285e+01
