3.162277660168379134e-02 7.715085610943316352e-01
3.842513346254321227e-02 5.952818018224196317e-01
4.669074130371086984e-02 5.061071087287695169e-01
5.673435918225600005e-02 4.714140168809615727e-01
6.893845379073933188e-02 4.766098904928267044e-01
8.376776400682915680e-02 5.153837454820646702e-01
1.017869984146125700e-01 5.845275007705581505e-01
1.236823397292983878e-01 6.801722718356352226e-01
1.502875750260604659e-01 7.892327716329859966e-01
1.826158468270260848e-01 8.569980909498333688e-01
2.218982341458970720e-01 7.443534182554747414e-01
2.696306326783701746e-01 4.683519503037115173e-01
3.276307193627228664e-01 2.682532205297954997e-01
3.981071705534971472e-01 1.655030322530158526e-01
4.837437696757803662e-01 1.146452099883433079e-01
5.878016072274911963e-01 9.006626928641567331e-02
7.142432649639980369e-01 8.009673418209659057e-02
8.678837132695964574e-01 7.912284457036981855e-02
1.054573667973740303e+00 8.331131000288116706e-02
1.281422388944083446e+00 8.919854668510986129e-02
1.557068404753729984e+00 9.286593592359254634e-02
1.892008472772299665e+00 9.396305811327498869e-02
2.298997301668542992e+00 9.458226906524809519e-02
2.793533257985219453e+00 9.573700293481582357e-02
3.394448552769389948e+00 9.792519668139208766e-02
4.124626382901348087e+00 1.014179135226101064e-01
5.011872336272719330e+00 1.064137323129007023e-01
6.089973244419446985e+00 1.130811472507558951e-01
7.399983804321420777e+00 1.215944564556183521e-01
8.991789964660114265e+00 1.322196119583756713e-01
1.092600861117377953e+01 1.516236816775020646e-01
1.327629589221125350e+01 1.625268757090057026e-01
1.613215208683695323e+01 1.805636164555098622e-01
1.960232982646277122e+01 2.034723190572314822e-01
2.381897545702918961e+01 2.328497794922038955e-01
2.894266124716748934e+01 2.731196804824501667e-01
3.516850007169744430e+01 3.313205624272696492e-01
4.273357542109315688e+01 4.003543086446698651e-01
5.192596967591166646e+01 4.864022483277595232e-01
6.309573444801932851e+01 6.289917252522282398e-01
