1.000000000000000021e-02 5.112218372453789073e+01
1.266380173467403399e-02 1.814997046209508724e+01
1.603718743751330125e-02 4.624047326455703377e+00
2.030917620904735751e-02 1.962198189609262844e+00
2.571913809059344497e-02 9.182277177789955891e-01
3.257020655659782771e-02 8.140791991510186731e-01
4.124626382901352278e-02 8.244703335575197523e-01
5.223345074266843441e-02 9.777853630783795991e-01
6.614740641230149043e-02 1.405139181998903863e+00
8.376776400682915680e-02 3.067553342863762023e+00
1.060818355139448305e-01 4.362862003892094442e+00
1.343399332598900209e-01 1.138611627392548842e+00
1.701254279852589257e-01 5.958739896167480898e-01
2.154434690031883370e-01 3.721054669195877351e-01
2.728333376486767881e-01 2.362079607983667451e+00
3.455107294592218437e-01 8.132187117624873895e-01
4.375479375074184385e-01 1.897551608560723579e+00
5.541020330009491790e-01 1.674105996629103865e+00
7.017038286703826122e-01 1.562645675197652961e+00
8.886238162743402835e-01 1.442640219786005762e+00
1.125335582600764495e+00 1.388233410303691739e+00
1.425102670302997865e+00 1.366298840585107088e+00
1.804721766827170226e+00 1.325369912104115144e+00
2.285463864134990697e+00 1.357352944396481353e+00
2.894266124716751598e+00 1.373616904927397631e+00
3.665241237079626124e+00 1.403596855262353227e+00
4.641588833612777520e+00 1.414727014213766454e+00
5.878016072274911963e+00 1.416825073354426978e+00
7.443803013251688583e+00 1.380895907757895724e+00
9.426684551178853511e+00 1.522593181274441543e+00
1.193776641714435804e+01 1.641794624460848118e+00
1.511775070615661498e+01 1.524740078005864419e+00
1.914481976169957633e+01 9.950476311448763767e-01
2.424462017082328202e+01 6.810231390502151649e-01
3.070290629757849743e+01 1.745868273695062367e+00
3.888155180308085335e+01 1.043626421682356087e+00
4.923882631706736390e+01 5.787709214302968475e-01
6.235507341273912374e+01 7.107496045855021816e-01
7.896522868499724268e+01 6.918504185436760157e-01
1.000000000000000000e+02 7.742935716719788752e-01
