1.000000000000000021e-02 1.162085504860588703e+00
1.266380173467403399e-02 7.551927655664620875e-01
1.603718743751330125e-02 5.550744594499461559e-01
2.030917620904735751e-02 4.694760640964549259e-01
2.571913809059344497e-02 4.708110797607875098e-01
3.257020655659782771e-02 5.788343638782006417e-01
4.124626382901352278e-02 8.625205700832937472e-01
5.223345074266843441e-02 1.338074990740374615e+00
6.614740641230149043e-02 1.840089667166732612e+00
8.376776400682915680e-02 2.147158911180667484e+00
1.060818355139448305e-01 1.968479751973643888e+00
1.343399332598900209e-01 1.282355390406987317e+00
1.701254279852589257e-01 6.208330353189369655e-01
2.154434690031883370e-01 2.932061245078716460e-01
2.728333376486767881e-01 1.566684359976004970e-01
3.455107294592218437e-01 9.441859979691887006e-02
4.375479375074184385e-01 6.340820797523118169e-02
5.541020330009491790e-01 4.720949398535308900e-02
7.017038286703826122e-01 3.874165676273075981e-02
8.886238162743402835e-01 3.461234320574325257e-02
1.125335582600764495e+00 3.301826613784090980e-02
1.425102670302997865e+00 3.296097901333603503e-02
1.804721766827170226e+00 3.397982374399710626e-02
2.285463864134990697e+00 3.598547680590512970e-02
2.894266124716751598e+00 3.907127609192514311e-02
3.665241237079626124e+00 4.339607099585464367e-02
4.641588833612777520e+00 4.917998759373038570e-02
5.878016072274911963e+00 5.681848881262475254e-02
7.443803013251688583e+00 6.701121176413918357e-02
9.426684551178853511e+00 8.094022300477235476e-02
1.193776641714435804e+01 1.004741682420795534e-01
1.511775070615661498e+01 1.285147320936115556e-01
1.914481976169957633e+01 1.694615326915706599e-01
2.424462017082328202e+01 2.299327637920567657e-01
3.070290629757849743e+01 3.202033898832839509e-01
3.888155180308085335e+01 4.568265511905616472e-01
4.923882631706736390e+01 6.672424367840639192e-01
6.235507341273912374e+01 9.960602268567775308e-01
7.896522868499724268e+01 1.512313422579367961e+00
1.000000000000000000e+02 2.304524472071582952e+00
