1.000000000000000021e-02 1.891953921585623988e+01
1.193776641714436315e-02 1.354035636089428252e+01
1.425102670302997795e-02 1.050867353867889520e+01
1.701254279852589327e-02 8.804278810955509016e+00
2.030917620904735751e-02 7.930911048368860072e+00
2.424462017082328405e-02 7.650326442669362237e+00
2.894266124716751709e-02 7.858315750020946844e+00
3.455107294592219686e-02 8.520883072338122588e+00
4.124626382901352278e-02 9.642425521088327400e+00
4.923882631706739260e-02 1.129417244253278163e+01
5.878016072274912240e-02 1.381317839394589342e+01
7.017038286703829175e-02 1.856899236596316882e+01
8.376776400682919843e-02 3.287536197390667070e+01
1.000000000000000056e-01 1.296555583834411323e+02
1.193776641714437009e-01 1.148986386190615576e+02
1.425102670302998420e-01 5.478726916484315268e+01
1.701254279852589257e-01 3.496166909325548033e+01
2.030917620904735821e-01 2.514689275366524868e+01
2.424462017082328336e-01 1.931946247261932825e+01
2.894266124716751709e-01 1.548731244433327880e+01
3.455107294592220102e-01 1.280155861353573776e+01
4.124626382901352417e-01 1.083605008521382729e+01
4.923882631706741342e-01 9.355551642597969675e+00
5.878016072274915294e-01 8.225760839898352828e+00
7.017038286703829453e-01 7.374225841489510103e+00
8.376776400682920398e-01 6.769556925629058419e+00
1.000000000000000000e+00 6.419734826801780869e+00
1.193776641714436870e+00 6.348167987004061708e+00
1.425102670302999197e+00 6.549759069797003619e+00
1.701254279852589146e+00 7.036623040156769093e+00
2.030917620904737042e+00 7.840581924036468031e+00
2.424462017082328114e+00 9.018640988288414206e+00
2.894266124716751598e+00 1.065992854710455084e+01
3.455107294592221656e+00 1.289678859004041200e+01
4.124626382901352528e+00 1.592140945268497276e+01
4.923882631706741897e+00 2.000742154022881891e+01
5.878016072274911963e+00 2.554358525999704099e+01
7.017038286703829897e+00 3.307813007809549788e+01
8.376776400682924617e+00 4.338331982384162444e+01
1.000000000000000000e+01 5.754893843661140096e+01
