3.162277660168379134e-02 3.345661333822902872e+00
3.842513346254321227e-02 2.428181953723545394e+00
4.669074130371086984e-02 1.784338158646574968e+00
5.673435918225600005e-02 1.354185996424974059e+00
6.893845379073933188e-02 1.075928523085376343e+00
8.376776400682915680e-02 9.006608643348601451e-01
1.017869984146125700e-01 7.944761238313399199e-01
1.236823397292983878e-01 7.349481157038538770e-01
1.502875750260604659e-01 7.027826761051533255e-01
1.826158468270260848e-01 6.676092634254789937e-01
2.218982341458970720e-01 5.835140770081846950e-01
2.696306326783701746e-01 4.492847365208715305e-01
3.276307193627228664e-01 3.305144610709377928e-01
3.981071705534971472e-01 2.547249370153498726e-01
4.837437696757803662e-01 2.086308791148862585e-01
5.878016072274911963e-01 1.765744511345618828e-01
7.142432649639980369e-01 1.519574270782980130e-01
8.678837132695964574e-01 1.318605040727357791e-01
1.054573667973740303e+00 1.174783446261805642e-01
1.281422388944083446e+00 1.089917899327181444e-01
1.557068404753729984e+00 1.052725874456083566e-01
1.892008472772299665e+00 1.050189009855073546e-01
2.298997301668542992e+00 1.071370798261610385e-01
2.793533257985219453e+00 1.109242392550175843e-01
3.394448552769389948e+00 1.160806231645575143e-01
4.124626382901348087e+00 1.225688285717220494e-01
5.011872336272719330e+00 1.304597683295420918e-01
6.089973244419446985e+00 1.398461255265869563e-01
7.399983804321420777e+00 1.508586131332011748e-01
8.991789964660114265e+00 1.637258728942072583e-01
1.092600861117377953e+01 1.788420852056775145e-01
1.327629589221125350e+01 1.968394684359933700e-01
1.613215208683695323e+01 2.186918038680095988e-01
1.960232982646277122e+01 2.458420451041372634e-01
2.381897545702918961e+01 2.804687589580820428e-01
2.894266124716748934e+01 3.256822926739592616e-01
3.516850007169744430e+01 3.857718175981048603e-01
4.273357542109315688e+01 4.663854681412026859e-01
5.192596967591166646e+01 5.759833357426660250e-01
6.309573444801932851e+01 7.207704726023751451e-01
