3.162277660168379134e-02 1.324745696066143896e+00
3.842513346254321227e-02 1.073281386356584877e+00
4.669074130371086984e-02 9.365387873284862774e-01
5.673435918225600005e-02 8.720642200278012623e-01
6.893845379073933188e-02 8.605157187593330814e-01
8.376776400682915680e-02 8.949345352909080509e-01
1.017869984146125700e-01 9.734564865419108592e-01
1.236823397292983878e-01 1.090584390335490372e+00
1.502875750260604659e-01 1.216739998881614770e+00
1.826158468270260848e-01 1.237049411612036298e+00
2.218982341458970720e-01 9.152290347348176480e-01
2.696306326783701746e-01 4.831344734419329434e-01
3.276307193627228664e-01 2.643694269820613951e-01
3.981071705534971472e-01 1.639225259197701345e-01
4.837437696757803662e-01 1.135113622075205886e-01
5.878016072274911963e-01 8.637632788433331765e-02
7.142432649639980369e-01 7.107688917975896192e-02
8.678837132695964574e-01 6.203791437059562319e-02
1.054573667973740303e+00 5.635662344386579981e-02
1.281422388944083446e+00 5.263008035566757448e-02
1.557068404753729984e+00 5.035417946767175440e-02
1.892008472772299665e+00 4.948261680248386418e-02
2.298997301668542992e+00 5.013563636944509683e-02
2.793533257985219453e+00 5.248415777433746571e-02
3.394448552769389948e+00 5.672130390480632778e-02
4.124626382901348087e+00 6.308171898412959222e-02
5.011872336272719330e+00 7.185382901785909715e-02
6.089973244419446985e+00 8.339009790457883875e-02
7.399983804321420777e+00 9.785203075390451477e-02
8.991789964660114265e+00 1.154225119439585973e-01
1.092600861117377953e+01 1.366386546354515785e-01
1.327629589221125350e+01 1.621420573481348326e-01
1.613215208683695323e+01 1.930936985855052634e-01
1.960232982646277122e+01 2.310990670440855044e-01
2.381897545702918961e+01 2.783382174045374025e-01
2.894266124716748934e+01 3.380940417069426829e-01
3.516850007169744430e+01 4.158306583866668849e-01
4.273357542109315688e+01 5.165952645851265013e-01
5.192596967591166646e+01 6.441205414621941072e-01
6.309573444801932851e+01 8.520480901973669363e-01
