1.000000000000000021e-02 2.662842567847813413e+01
1.193776641714436315e-02 1.913807444327998297e+01
1.425102670302997795e-02 1.463163276134662283e+01
1.701254279852589327e-02 1.188273491993428976e+01
2.030917620904735751e-02 1.027498000540380119e+01
2.424462017082328405e-02 9.507433008327133450e+00
2.894266124716751709e-02 9.475128624730471572e+00
3.455107294592219686e-02 1.024175606329278132e+01
4.124626382901352278e-02 1.208321493607041397e+01
4.923882631706739260e-02 1.563588488155907896e+01
5.878016072274912240e-02 2.232573732380912190e+01
7.017038286703829175e-02 3.612738041250024423e+01
8.376776400682919843e-02 7.654771285763777655e+01
1.000000000000000056e-01 1.312003436753072947e+02
1.193776641714437009e-01 4.822545052441245161e+01
1.425102670302998420e-01 2.090287023373017661e+01
1.701254279852589257e-01 1.231084969578757082e+01
2.030917620904735821e-01 8.245875854819242790e+00
2.424462017082328336e-01 5.936181237233387087e+00
2.894266124716751709e-01 4.493258041276787296e+00
3.455107294592220102e-01 3.550552274737333480e+00
4.124626382901352417e-01 2.926958132295806259e+00
4.923882631706741342e-01 2.520399127554684870e+00
5.878016072274915294e-01 2.268543095877999516e+00
7.017038286703829453e-01 2.132939906019052145e+00
8.376776400682920398e-01 2.091225668242063129e+00
1.000000000000000000e+00 2.132819164993839056e+00
1.193776641714436870e+00 2.256291497815733571e+00
1.425102670302999197e+00 2.468078678954824579e+00
1.701254279852589146e+00 2.782174881664381427e+00
2.030917620904737042e+00 3.220820276067480226e+00
2.424462017082328114e+00 3.816708164002059700e+00
2.894266124716751598e+00 4.616075853464627343e+00
3.455107294592221656e+00 5.684286541125799452e+00
4.124626382901352528e+00 7.113686017787171245e+00
4.923882631706741897e+00 9.033975270048454576e+00
5.878016072274911963e+00 1.162833773949047966e+01
7.017038286703829897e+00 1.515386885722207388e+01
8.376776400682924617e+00 1.997134176997792565e+01
1.000000000000000000e+01 2.659212241973597912e+01
