3.162277660168379134e-02 1.260550965517234001e+00
3.842513346254321227e-02 9.797975798990716800e-01
4.669074130371086984e-02 8.011865821477297533e-01
5.673435918225600005e-02 6.868858412390784762e-01
6.893845379073933188e-02 6.169211524542873581e-01
8.376776400682915680e-02 5.810074168732768385e-01
1.017869984146125700e-01 5.750969101708420794e-01
1.236823397292983878e-01 5.999297513715473595e-01
1.502875750260604659e-01 6.669210909034655188e-01
1.826158468270260848e-01 8.371479127164054290e-01
2.218982341458970720e-01 1.230730399479175174e+00
2.696306326783701746e-01 1.389131342930922441e+00
3.276307193627228664e-01 9.455486481163933865e-01
3.981071705534971472e-01 6.291275472497045440e-01
4.837437696757803662e-01 3.530280303812157183e-01
5.878016072274911963e-01 2.444595984771631147e-01
7.142432649639980369e-01 1.853864577182912088e-01
8.678837132695964574e-01 1.486876933444414572e-01
1.054573667973740303e+00 1.253390329874992937e-01
1.281422388944083446e+00 1.106194226533532970e-01
1.557068404753729984e+00 1.018762538088506253e-01
1.892008472772299665e+00 9.773758192705303549e-02
2.298997301668542992e+00 9.761443677343058234e-02
2.793533257985219453e+00 1.013946188254181702e-01
3.394448552769389948e+00 1.091412358674781341e-01
4.124626382901348087e+00 1.207899773019372180e-01
5.011872336272719330e+00 1.358896216600838092e-01
6.089973244419446985e+00 1.537214323306530517e-01
7.399983804321420777e+00 1.733973309182542111e-01
8.991789964660114265e+00 1.939878968737834830e-01
1.092600861117377953e+01 2.169954851455364320e-01
1.327629589221125350e+01 2.419203643241839841e-01
1.613215208683695323e+01 2.723935322977183993e-01
1.960232982646277122e+01 3.113979524352217809e-01
2.381897545702918961e+01 3.539583351501291442e-01
2.894266124716748934e+01 4.118609291353543811e-01
3.516850007169744430e+01 4.762742369980809687e-01
4.273357542109315688e+01 5.552611360615516967e-01
5.192596967591166646e+01 6.951746810553380840e-01
6.309573444801932851e+01 9.898708236219303513e-01
