1.000000000000000021e-02 1.875722087345233291e+01
1.193776641714436315e-02 1.365510989167484013e+01
1.425102670302997795e-02 1.042607901829713768e+01
1.701254279852589327e-02 8.345974175960678920e+00
2.030917620904735751e-02 7.004751057074378728e+00
2.424462017082328405e-02 6.170661671586969987e+00
2.894266124716751709e-02 5.720557279681391272e+00
3.455107294592219686e-02 5.603202557032180842e+00
4.124626382901352278e-02 5.817384332902364008e+00
4.923882631706739260e-02 6.389182728552938784e+00
5.878016072274912240e-02 7.323770704838994838e+00
7.017038286703829175e-02 8.468227073124102944e+00
8.376776400682919843e-02 9.254942342201557537e+00
1.000000000000000056e-01 8.722248993809607498e+00
1.193776641714437009e-01 6.704183825354976811e+00
1.425102670302998420e-01 4.491650941461215574e+00
1.701254279852589257e-01 2.989406872856397168e+00
2.030917620904735821e-01 2.126348562999669234e+00
2.424462017082328336e-01 1.639946770797294784e+00
2.894266124716751709e-01 1.363795976913144914e+00
3.455107294592220102e-01 1.212172098434299183e+00
4.124626382901352417e-01 1.142403280094063556e+00
4.923882631706741342e-01 1.133620585711092810e+00
5.878016072274915294e-01 1.176166831712986527e+00
7.017038286703829453e-01 1.265731043597894123e+00
8.376776400682920398e-01 1.399370339403631425e+00
1.000000000000000000e+00 1.572382792759883463e+00
1.193776641714436870e+00 1.777276618116544249e+00
1.425102670302999197e+00 2.005727815337125630e+00
1.701254279852589146e+00 2.253426136223147580e+00
2.030917620904737042e+00 2.524886523600775146e+00
2.424462017082328114e+00 2.836134234355389694e+00
2.894266124716751598e+00 3.214364439303242449e+00
3.455107294592221656e+00 3.696854128978581233e+00
4.124626382901352528e+00 4.331043615750731490e+00
4.923882631706741897e+00 5.177142464757003459e+00
5.878016072274911963e+00 6.313258472259925647e+00
7.017038286703829897e+00 7.843916687676745880e+00
8.376776400682924617e+00 9.911952560281624969e+00
1.000000000000000000e+01 1.271588751017466024e+01
