1.000000000000000021e-02 6.400326993759748007e+01
1.193776641714436315e-02 4.863246064564390281e+01
1.425102670302997795e-02 3.883175848048388445e+01
1.701254279852589327e-02 3.214261140212380496e+01
2.030917620904735751e-02 2.735256088848795386e+01
2.424462017082328405e-02 2.388334248162984608e+01
2.894266124716751709e-02 2.149337657018857328e+01
3.455107294592219686e-02 2.012673923528723918e+01
4.124626382901352278e-02 1.986798784203066148e+01
4.923882631706739260e-02 2.102874256558147437e+01
5.878016072274912240e-02 2.450254710610829889e+01
7.017038286703829175e-02 3.318512005990934455e+01
8.376776400682919843e-02 6.187195373876713944e+01
1.000000000000000056e-01 1.241337650503080141e+02
1.193776641714437009e-01 6.202702245532073277e+01
1.425102670302998420e-01 2.874313956463615938e+01
1.701254279852589257e-01 1.832672363051162989e+01
2.030917620904735821e-01 1.366294392185580797e+01
2.424462017082328336e-01 1.129179408563196318e+01
2.894266124716751709e-01 1.003785169633558816e+01
3.455107294592220102e-01 9.365476117490214136e+00
4.124626382901352417e-01 9.015166735622122118e+00
4.923882631706741342e-01 8.860184287919226520e+00
5.878016072274915294e-01 8.843202692832335288e+00
7.017038286703829453e-01 8.946560744379366881e+00
8.376776400682920398e-01 9.176237583049275059e+00
1.000000000000000000e+00 9.551893835069243721e+00
1.193776641714436870e+00 1.010067799884135198e+01
1.425102670302999197e+00 1.085553408131328901e+01
1.701254279852589146e+00 1.185896966207235792e+01
2.030917620904737042e+00 1.317167490578169087e+01
2.424462017082328114e+00 1.488366301469150343e+01
2.894266124716751598e+00 1.712616270373212046e+01
3.455107294592221656e+00 2.008485193951347725e+01
4.124626382901352528e+00 2.401766190194209472e+01
4.923882631706741897e+00 2.928093533402025628e+01
5.878016072274911963e+00 3.636814216919323428e+01
7.017038286703829897e+00 4.596571758532962804e+01
8.376776400682924617e+00 5.903307197793203898e+01
1.000000000000000000e+01 7.691576298863097350e+01
