1.000000000000000021e-02 8.231179939354411612e-01
1.266380173467403399e-02 5.242575732316857584e-01
1.603718743751330125e-02 3.778255277122878342e-01
2.030917620904735751e-02 3.027550982691385451e-01
2.571913809059344497e-02 2.653692606659364683e-01
3.257020655659782771e-02 2.503147193678703086e-01
4.124626382901352278e-02 2.504725797388258068e-01
5.223345074266843441e-02 2.651500859363030704e-01
6.614740641230149043e-02 3.035075325766238286e-01
8.376776400682915680e-02 3.964279371723883894e-01
1.060818355139448305e-01 6.304309391093562143e-01
1.343399332598900209e-01 1.014103309528527230e+00
1.701254279852589257e-01 1.083266365889983485e+00
2.154434690031883370e-01 8.329316157566244438e-01
2.728333376486767881e-01 5.177481167750256352e-01
3.455107294592218437e-01 2.785552346631565701e-01
4.375479375074184385e-01 1.510892000285679049e-01
5.541020330009491790e-01 9.673141626100256740e-02
7.017038286703826122e-01 7.611055671322722316e-02
8.886238162743402835e-01 7.149933076247158570e-02
1.125335582600764495e+00 7.494634578317682649e-02
1.425102670302997865e+00 8.126845658540417239e-02
1.804721766827170226e+00 8.753394075439813182e-02
2.285463864134990697e+00 9.312889544492794491e-02
2.894266124716751598e+00 9.842115637332940481e-02
3.665241237079626124e+00 1.041179603540562659e-01
4.641588833612777520e+00 1.113938454656197841e-01
5.878016072274911963e+00 1.198848601945274872e-01
7.443803013251688583e+00 1.313028658240854851e-01
9.426684551178853511e+00 1.455867605230381778e-01
1.193776641714435804e+01 1.633213375767619269e-01
1.511775070615661498e+01 1.852487146764600634e-01
1.914481976169957633e+01 2.133186575132164642e-01
2.424462017082328202e+01 2.499307944375343260e-01
3.070290629757849743e+01 2.999632269005906848e-01
3.888155180308085335e+01 3.708040682912932540e-01
4.923882631706736390e+01 4.733925051619705116e-01
6.235507341273912374e+01 6.227010007094267996e-01
7.896522868499724268e+01 8.373427766095066227e-01
1.000000000000000000e+02 1.135840226330092628e+00
