3.162277660168379134e-02 1.034992557493805476e+00
3.842513346254321227e-02 8.321183253358147569e-01
4.669074130371086984e-02 7.145606543784556175e-01
5.673435918225600005e-02 6.459046531989134365e-01
6.893845379073933188e-02 6.088829986906537650e-01
8.376776400682915680e-02 5.956592600007667437e-01
1.017869984146125700e-01 6.025575539410537029e-01
1.236823397292983878e-01 6.260198491168890156e-01
1.502875750260604659e-01 6.563080926440834073e-01
1.826158468270260848e-01 6.633625884850828935e-01
2.218982341458970720e-01 5.888121060695814535e-01
2.696306326783701746e-01 4.283646653220112288e-01
3.276307193627228664e-01 2.780953066462521495e-01
3.981071705534971472e-01 1.798923253996647376e-01
4.837437696757803662e-01 1.211234095679657591e-01
5.878016072274911963e-01 8.569408850421517121e-02
7.142432649639980369e-01 6.365135216462984580e-02
8.678837132695964574e-01 4.951918472917499897e-02
1.054573667973740303e+00 4.030833006892037274e-02
1.281422388944083446e+00 3.434782675635161819e-02
1.557068404753729984e+00 3.066673333652559716e-02
1.892008472772299665e+00 2.867788891900501305e-02
2.298997301668542992e+00 2.801732117136669989e-02
2.793533257985219453e+00 2.846176952370346042e-02
3.394448552769389948e+00 2.988033357824988051e-02
4.124626382901348087e+00 3.220592431691232660e-02
5.011872336272719330e+00 3.543262619916869027e-02
6.089973244419446985e+00 3.961305005303541321e-02
7.399983804321420777e+00 4.487422502558986032e-02
8.991789964660114265e+00 5.143045816296579198e-02
1.092600861117377953e+01 5.959575180802829941e-02
1.327629589221125350e+01 6.980126948296705436e-02
1.613215208683695323e+01 8.262678200496227643e-02
1.960232982646277122e+01 9.886001822198331457e-02
2.381897545702918961e+01 1.196019860692574682e-01
2.894266124716748934e+01 1.464356930649421684e-01
3.516850007169744430e+01 1.816003425448049491e-01
4.273357542109315688e+01 2.280107809567431809e-01
5.192596967591166646e+01 2.889329172245804211e-01
6.309573444801932851e+01 3.670114651973941378e-01
