1.000000000000000021e-02 4.318644338501792959e+02
1.193776641714436315e-02 2.774099205756402853e+02
1.425102670302997795e-02 1.929389933735812690e+02
1.701254279852589327e-02 1.437166645431218797e+02
2.030917620904735751e-02 1.624170554298808611e+01
2.424462017082328405e-02 9.136999570320663011e+00
2.894266124716751709e-02 7.386243307749599474e+00
3.455107294592219686e-02 7.305004028480070133e+00
4.124626382901352278e-02 7.699548932033017934e+00
4.923882631706739260e-02 8.963999488346258815e+00
5.878016072274912240e-02 1.153948744289311712e+01
7.017038286703829175e-02 1.695939616153075491e+01
8.376776400682919843e-02 3.360228145037078917e+01
1.000000000000000056e-01 4.530591221424709403e+01
1.193776641714437009e-01 1.290690031334139576e+01
1.425102670302998420e-01 5.957351718254230377e+00
1.701254279852589257e-01 3.216744106582223761e+00
2.030917620904735821e-01 2.298354271546088956e+00
2.424462017082328336e-01 1.928771302975530899e+00
2.894266124716751709e-01 3.192750783387307667e+00
3.455107294592220102e-01 3.170153064410077715e+00
4.124626382901352417e-01 2.775787723990708500e+00
4.923882631706741342e-01 2.867635967285675935e+00
5.878016072274915294e-01 2.803740151633737909e+00
7.017038286703829453e-01 2.785989728408673205e+00
8.376776400682920398e-01 2.637193262717186126e+00
1.000000000000000000e+00 2.529134378855063758e+00
1.193776641714436870e+00 2.829607273164495229e+00
1.425102670302999197e+00 2.805017201973134977e+00
1.701254279852589146e+00 3.094814393413763298e+00
2.030917620904737042e+00 3.384576181000609640e+00
2.424462017082328114e+00 3.320751200298142081e+00
2.894266124716751598e+00 3.040054142404022830e+00
3.455107294592221656e+00 1.435799893039199970e+00
4.124626382901352528e+00 1.808054214561991779e+00
4.923882631706741897e+00 2.441763200510506326e+00
5.878016072274911963e+00 3.121201198801574872e+00
7.017038286703829897e+00 3.300913105155967475e+00
8.376776400682924617e+00 4.002942386362092542e+00
1.000000000000000000e+01 3.554561949292412759e+00
