3.162277660168379412e-01 3.470381719167400791e-01
3.665241237079627790e-01 2.315942568792868639e-01
4.248201698162611950e-01 1.630923297877010514e-01
4.923882631706739121e-01 1.206870628283444047e-01
5.707031326057167009e-01 9.363435018869291360e-02
6.614740641230149043e-01 7.612308125278434423e-02
7.666822074546214560e-01 6.487958095654761115e-02
8.886238162743402835e-01 5.801006650768690542e-02
1.029960365809989842e+00 5.439743823620478425e-02
1.193776641714436426e+00 5.338371024625475358e-02
1.383648068032459433e+00 5.456130253568319127e-02
1.603718743751330056e+00 5.761047233927440309e-02
1.858791891146563513e+00 6.215360626202162675e-02
2.154434690031883370e+00 6.772775807972132578e-02
2.497099786006540700e+00 7.388296438756376816e-02
2.894266124716750266e+00 8.034887889712255538e-02
3.354602185954043136e+00 8.713211330172836167e-02
3.888155180308087377e+00 9.447142132155550431e-02
4.506570337745473331e+00 1.023722464021452200e-01
5.223345074266840804e+00 1.114012892219793799e-01
6.054123584037268024e+00 1.222613941543305854e-01
7.017038286703826344e+00 1.356018824482524698e-01
8.133105582266926703e+00 1.520430232016176386e-01
9.426684551178849958e+00 1.721781201550814933e-01
1.092600861117377953e+01 1.965599851232680273e-01
1.266380173467402770e+01 2.256682187804337769e-01
1.467799267622068982e+01 2.599317130777560325e-01
1.701254279852588169e+01 2.997123450840065706e-01
1.971840556512641740e+01 3.454035684437996578e-01
2.285463864134989720e+01 3.975915988090516495e-01
2.648969287610526990e+01 4.572172557330002607e-01
3.070290629757848322e+01 5.258628354267927962e-01
3.558623573050965661e+01 6.059306774782017291e-01
4.124626382901347910e+01 7.008120914755272546e-01
4.780652533007380356e+01 8.150071775291324316e-01
5.541020330009492056e+01 9.542421321018613734e-01
6.422325422229356207e+01 1.125538303570344123e+00
7.443803013251681477e+01 1.337320948158915446e+00
8.627747685955866075e+01 1.598601959836133179e+00
1.000000000000000000e+02 1.916662149551641825e+00
