1.000000000000000021e-02 1.638843348002516720e+01
1.193776641714436315e-02 1.158092790165490094e+01
1.425102670302997795e-02 8.484878318405593589e+00
1.701254279852589327e-02 6.397706777806976497e+00
2.030917620904735751e-02 4.979388901985686289e+00
2.424462017082328405e-02 4.031023102837578698e+00
2.894266124716751709e-02 3.419806002203882311e+00
3.455107294592219686e-02 3.057444494220688203e+00
4.124626382901352278e-02 2.894331043155446093e+00
4.923882631706739260e-02 2.923966703889788743e+00
5.878016072274912240e-02 3.212285558648761974e+00
7.017038286703829175e-02 4.036917956243723182e+00
8.376776400682919843e-02 6.883066286598661598e+00
1.000000000000000056e-01 5.701430381269184267e+01
1.193776641714437009e-01 5.856209547342469790e+01
1.425102670302998420e-01 3.645251228284328704e+01
1.701254279852589257e-01 2.061141847063975874e+01
2.030917620904735821e-01 1.352204718420657947e+01
2.424462017082328336e-01 8.939618093562719636e+00
2.894266124716751709e-01 7.145101441786605001e+00
3.455107294592220102e-01 5.811250594883108356e+00
4.124626382901352417e-01 5.089658661975174248e+00
4.923882631706741342e-01 4.431377193462831876e+00
5.878016072274915294e-01 4.102631433497603730e+00
7.017038286703829453e-01 3.861364459203282973e+00
8.376776400682920398e-01 4.066120769287195458e+00
1.000000000000000000e+00 3.960706364065375684e+00
1.193776641714436870e+00 4.330209974435178744e+00
1.425102670302999197e+00 4.315315319766430235e+00
1.701254279852589146e+00 4.612645542997484860e+00
2.030917620904737042e+00 5.894927042390193606e+00
2.424462017082328114e+00 5.651346483205661464e+00
2.894266124716751598e+00 6.359492991728804334e+00
3.455107294592221656e+00 7.308591819054941929e+00
4.124626382901352528e+00 7.738261371356716545e+00
4.923882631706741897e+00 1.038200425658235204e+01
5.878016072274911963e+00 1.201021574610032339e+01
7.017038286703829897e+00 1.427827414367744119e+01
8.376776400682924617e+00 1.703853756504121364e+01
1.000000000000000000e+01 2.091261323533300143e+01
