1.000000000000000021e-02 1.717424524917076756e+00
1.266380173467403399e-02 1.048560808640603970e+00
1.603718743751330125e-02 7.212736292653008086e-01
2.030917620904735751e-02 5.637454881683421348e-01
2.571913809059344497e-02 5.014729023743574876e-01
3.257020655659782771e-02 5.078874456674287163e-01
4.124626382901352278e-02 5.892541109004683086e-01
5.223345074266843441e-02 7.978126552931991133e-01
6.614740641230149043e-02 1.322634893851597049e+00
8.376776400682915680e-02 3.304354337630565297e+00
1.060818355139448305e-01 5.837555613563185197e+00
1.343399332598900209e-01 1.176071566030150839e+00
1.701254279852589257e-01 5.362513995614563989e-01
2.154434690031883370e-01 3.081585345874124360e-01
2.728333376486767881e-01 1.942710684135897092e-01
3.455107294592218437e-01 1.277513539331173731e-01
4.375479375074184385e-01 8.680213496151199803e-02
5.541020330009491790e-01 6.157467289123550597e-02
7.017038286703826122e-01 4.627954771499362407e-02
8.886238162743402835e-01 3.729689384780039002e-02
1.125335582600764495e+00 3.246820659636326378e-02
1.425102670302997865e+00 3.056237049996134506e-02
1.804721766827170226e+00 3.090616196300241189e-02
2.285463864134990697e+00 3.310960657659572925e-02
2.894266124716751598e+00 3.686769960276438385e-02
3.665241237079626124e+00 4.186350989202518302e-02
4.641588833612777520e+00 4.784367873179960762e-02
5.878016072274911963e+00 5.476958948141334022e-02
7.443803013251688583e+00 6.291979029003566537e-02
9.426684551178853511e+00 7.287406504086541004e-02
1.193776641714435804e+01 8.554140688395683867e-02
1.511775070615661498e+01 1.022887414929939953e-01
1.914481976169957633e+01 1.252527141040251091e-01
2.424462017082328202e+01 1.579747083876276159e-01
3.070290629757849743e+01 2.066520682837979794e-01
3.888155180308085335e+01 2.822334211460715281e-01
4.923882631706736390e+01 4.033162863115328234e-01
6.235507341273912374e+01 5.961377341526592488e-01
7.896522868499724268e+01 8.980398997682844664e-01
1.000000000000000000e+02 1.333239339293045056e+00
