3.162277660168379134e-02 2.946340933604134094e+01
3.665241237079627790e-02 2.713551043282932440e+01
4.248201698162612505e-02 2.684840980266240607e+01
4.923882631706739260e-02 2.835041114984440824e+01
5.707031326057167286e-02 3.185565733109475417e+01
6.614740641230149043e-02 3.849467163337731535e+01
7.666822074546214560e-02 5.269133496682670881e+01
8.886238162743402558e-02 1.023912978891842300e+02
1.029960365809989981e-01 1.407551475436038118e+02
1.193776641714436315e-01 8.285701805435395784e+01
1.383648068032459488e-01 4.140470461829685433e+01
1.603718743751330056e-01 2.766375861795352264e+01
1.858791891146563680e-01 2.102453076562467871e+01
2.154434690031883370e-01 1.725794410930498657e+01
2.497099786006540811e-01 1.489519439200947026e+01
2.894266124716750044e-01 1.329820003352138436e+01
3.354602185954043136e-01 1.214752058570218729e+01
3.888155180308087155e-01 1.127122130506061026e+01
4.506570337745472998e-01 1.057102805554818481e+01
5.223345074266840804e-01 9.990991332932010138e+00
6.054123584037268690e-01 9.499145189757697949e+00
7.017038286703826122e-01 9.077140011464253533e+00
8.133105582266927369e-01 8.714030783870308383e+00
9.426684551178848848e-01 8.402774164967427240e+00
1.092600861117377864e+00 8.138692822518992287e+00
1.266380173467402726e+00 7.919423936752664872e+00
1.467799267622069026e+00 7.745837503293854454e+00
1.701254279852588258e+00 7.623279722454016749e+00
1.971840556512642006e+00 7.562906632470110857e+00
2.285463864134989365e+00 7.580613474544295016e+00
2.648969287610527079e+00 7.699174674611747982e+00
3.070290629757848055e+00 7.946096694052587672e+00
3.558623573050965661e+00 8.354507017354489307e+00
4.124626382901348087e+00 8.963966311958339261e+00
4.780652533007380356e+00 9.822556875492979955e+00
5.541020330009492234e+00 1.099033894645781118e+01
6.422325422229356207e+00 1.254384381844250740e+01
7.443803013251680589e+00 1.458411911719072762e+01
8.627747685955865720e+00 1.724292306313001788e+01
1.000000000000000000e+01 2.069722624454251303e+01
