3.162277660168379134e-02 2.402511627429883134e+01
3.665241237079627790e-02 2.200053806678952384e+01
4.248201698162612505e-02 2.201969959330690685e+01
4.923882631706739260e-02 2.410374371505589508e+01
5.707031326057167286e-02 2.892866326657328457e+01
6.614740641230149043e-02 3.843722754793758867e+01
7.666822074546214560e-02 5.900172109729599157e+01
8.886238162743402558e-02 1.294524142165554395e+02
1.029960365809989981e-01 1.423877431408880057e+02
1.193776641714436315e-01 5.635728431577799569e+01
1.383648068032459488e-01 2.640810125396084018e+01
1.603718743751330056e-01 1.646700643866939018e+01
1.858791891146563680e-01 1.192048244010499225e+01
2.154434690031883370e-01 9.510412333290647169e+00
2.497099786006540811e-01 8.132595242532961066e+00
2.894266124716750044e-01 7.322025742254557379e+00
3.354602185954043136e-01 6.827566880828654483e+00
3.888155180308087155e-01 6.522803241631438098e+00
4.506570337745472998e-01 6.346458052896620572e+00
5.223345074266840804e-01 6.261246368713569765e+00
6.054123584037268690e-01 6.241912373507568113e+00
7.017038286703826122e-01 6.269386417089537034e+00
8.133105582266927369e-01 6.327929279363941006e+00
9.426684551178848848e-01 6.404127352062961798e+00
1.092600861117377864e+00 6.487084428397627001e+00
1.266380173467402726e+00 6.569217918165285219e+00
1.467799267622069026e+00 6.647035688596355740e+00
1.701254279852588258e+00 6.721722827347925033e+00
1.971840556512642006e+00 6.797395713936627892e+00
2.285463864134989365e+00 6.882676358464245858e+00
2.648969287610527079e+00 6.988336977666158134e+00
3.070290629757848055e+00 7.128170486539579187e+00
3.558623573050965661e+00 7.319445832091600046e+00
4.124626382901348087e+00 7.583635920396552876e+00
4.780652533007380356e+00 7.947078287135819430e+00
5.541020330009492234e+00 8.460458022456501581e+00
6.422325422229356207e+00 9.181271622582702463e+00
7.443803013251680589e+00 1.016297392761443952e+01
8.627747685955865720e+00 1.147267516285859124e+01
1.000000000000000000e+01 1.319789929683360619e+01
