3.162277660168379134e-02 2.025203441838846175e+01
3.665241237079627790e-02 1.714368006374985498e+01
4.248201698162612505e-02 1.516514036810232646e+01
4.923882631706739260e-02 1.395929966212302986e+01
5.707031326057167286e-02 1.332219484237167606e+01
6.614740641230149043e-02 1.314854536906510418e+01
7.666822074546214560e-02 1.339694265494325087e+01
8.886238162743402558e-02 1.407328635112430604e+01
1.029960365809989981e-01 1.522439932342738977e+01
1.193776641714436315e-01 1.694965194516513307e+01
1.383648068032459488e-01 1.944778452453449091e+01
1.603718743751330056e-01 2.295724517236266493e+01
1.858791891146563680e-01 2.864736357441962156e+01
2.154434690031883370e-01 3.934597963625641626e+01
2.497099786006540811e-01 6.725603176202633904e+01
2.894266124716750044e-01 1.311179920888945958e+02
3.354602185954043136e-01 6.631679662563702493e+01
3.888155180308087155e-01 2.798926812773635575e+01
4.506570337745472998e-01 1.769713802739106612e+01
5.223345074266840804e-01 1.301234714500335521e+01
6.054123584037268690e-01 1.037503932574373877e+01
7.017038286703826122e-01 8.706089379848611642e+00
8.133105582266927369e-01 7.570062112860852288e+00
9.426684551178848848e-01 6.760997999933913150e+00
1.092600861117377864e+00 6.171697445817451388e+00
1.266380173467402726e+00 5.744026567013142071e+00
1.467799267622069026e+00 5.447077234504598131e+00
1.701254279852588258e+00 5.266281937418542114e+00
1.971840556512642006e+00 5.198098422025243970e+00
2.285463864134989365e+00 5.247015859662194082e+00
2.648969287610527079e+00 5.424383295988136844e+00
3.070290629757848055e+00 5.748325756126277497e+00
3.558623573050965661e+00 6.244691103385262565e+00
4.124626382901348087e+00 6.948786117422137920e+00
4.780652533007380356e+00 7.907580939856786451e+00
5.541020330009492234e+00 9.183259728348369677e+00
6.422325422229356207e+00 1.085818035177713270e+01
7.443803013251680589e+00 1.304220017211353699e+01
8.627747685955865720e+00 1.587905649740501879e+01
1.000000000000000000e+01 1.952298256695489087e+01
