1.000000000000000021e-02 1.965764660881804460e+00
1.266380173467403399e-02 1.255173941430142381e+00
1.603718743751330125e-02 8.550979606879325345e-01
2.030917620904735751e-02 6.229281938369901628e-01
2.571913809059344497e-02 4.878075323536607000e-01
3.257020655659782771e-02 4.144570457022662135e-01
4.124626382901352278e-02 3.862880855377666123e-01
5.223345074266843441e-02 3.968876415773371358e-01
6.614740641230149043e-02 4.447924939993917470e-01
8.376776400682915680e-02 5.223423998489428177e-01
1.060818355139448305e-01 5.827725206719253093e-01
1.343399332598900209e-01 5.397930887987179016e-01
1.701254279852589257e-01 4.095398962590478531e-01
2.154434690031883370e-01 2.839025411007228272e-01
2.728333376486767881e-01 1.947389635758822179e-01
3.455107294592218437e-01 1.354845882426121695e-01
4.375479375074184385e-01 9.606390461513572565e-02
5.541020330009491790e-01 6.967980176519675273e-02
7.017038286703826122e-01 5.203064407148991904e-02
8.886238162743402835e-01 4.032913375921876042e-02
1.125335582600764495e+00 3.276212554866556742e-02
1.425102670302997865e+00 2.814782368191010714e-02
1.804721766827170226e+00 2.572188641812676521e-02
2.285463864134990697e+00 2.499996759274195762e-02
2.894266124716751598e+00 2.569500926659940010e-02
3.665241237079626124e+00 2.766128336931332823e-02
4.641588833612777520e+00 3.085954163409385803e-02
5.878016072274911963e+00 3.535420620075494652e-02
7.443803013251688583e+00 4.133757860456250405e-02
9.426684551178853511e+00 4.916243448743366079e-02
1.193776641714435804e+01 5.938548203885353483e-02
1.511775070615661498e+01 7.281768894769653777e-02
1.914481976169957633e+01 9.062722184874996700e-02
2.424462017082328202e+01 1.145563964981905908e-01
3.070290629757849743e+01 1.472922932761999149e-01
3.888155180308085335e+01 1.928661695164515244e-01
4.923882631706736390e+01 2.565559023552265172e-01
6.235507341273912374e+01 3.434130583877021414e-01
7.896522868499724268e+01 4.550175467022689602e-01
1.000000000000000000e+02 5.858915581520419691e-01
