1.000000000000000021e-02 1.834746587938895956e+01
1.193776641714436315e-02 1.302640398662307852e+01
1.425102670302997795e-02 9.590857967574235587e+00
1.701254279852589327e-02 7.325974355817830741e+00
2.030917620904735751e-02 5.814101813205756031e+00
2.424462017082328405e-02 4.805162444795565868e+00
2.894266124716751709e-02 4.151221108450801722e+00
3.455107294592219686e-02 3.766732883856651615e+00
4.124626382901352278e-02 3.605636362071790391e+00
4.923882631706739260e-02 3.647299769816979786e+00
5.878016072274912240e-02 3.886928078047565460e+00
7.017038286703829175e-02 4.319261087239852692e+00
8.376776400682919843e-02 4.894697238066787470e+00
1.000000000000000056e-01 5.424661071068438645e+00
1.193776641714437009e-01 5.557907963684841413e+00
1.425102670302998420e-01 5.113134116727027667e+00
1.701254279852589257e-01 4.353261094921195173e+00
2.030917620904735821e-01 3.627236876080491612e+00
2.424462017082328336e-01 3.080158005921589393e+00
2.894266124716751709e-01 2.711842178261070213e+00
3.455107294592220102e-01 2.478098316507209464e+00
4.124626382901352417e-01 2.332670597192842532e+00
4.923882631706741342e-01 2.236206148090503554e+00
5.878016072274915294e-01 2.157805537668599172e+00
7.017038286703829453e-01 2.075976664635999835e+00
8.376776400682920398e-01 1.980416737504656410e+00
1.000000000000000000e+00 1.871350953265924488e+00
1.193776641714436870e+00 1.756619009371516604e+00
1.425102670302999197e+00 1.648039173089648202e+00
1.701254279852589146e+00 1.558079468349707453e+00
2.030917620904737042e+00 1.497274680700831029e+00
2.424462017082328114e+00 1.473874645848589404e+00
2.894266124716751598e+00 1.494504053257131426e+00
3.455107294592221656e+00 1.566009182892620366e+00
4.124626382901352528e+00 1.697156880620059871e+00
4.923882631706741897e+00 1.900690045901471059e+00
5.878016072274911963e+00 2.195287928603995464e+00
7.017038286703829897e+00 2.608075308622415989e+00
8.376776400682924617e+00 3.177722513877930144e+00
1.000000000000000000e+01 3.959268661274739198e+00
