3.162277660168379134e-02 5.114926154562103733e+01
3.665241237079627790e-02 4.011139192727630842e+01
4.248201698162612505e-02 3.149060483939215160e+01
4.923882631706739260e-02 2.520956783752586361e+01
5.707031326057167286e-02 2.055549277771725158e+01
6.614740641230149043e-02 1.721908101600043750e+01
7.666822074546214560e-02 1.487192541770489917e+01
8.886238162743402558e-02 1.327022259480134991e+01
1.029960365809989981e-01 1.225632726979354636e+01
1.193776641714436315e-01 1.175452337886725296e+01
1.383648068032459488e-01 1.178174185958226694e+01
1.603718743751330056e-01 1.248224153174870743e+01
1.858791891146563680e-01 1.426870794750949578e+01
2.154434690031883370e-01 1.836945538578198622e+01
2.497099786006540811e-01 3.007354180066946370e+01
2.894266124716750044e-01 1.216782564490241754e+02
3.354602185954043136e-01 1.202589209637789196e+02
3.888155180308087155e-01 5.769326719047329277e+01
4.506570337745472998e-01 3.615045755278763551e+01
5.223345074266840804e-01 2.606977916449354993e+01
6.054123584037268690e-01 2.022393529021222847e+01
7.017038286703826122e-01 1.642146285032546160e+01
8.133105582266927369e-01 1.377555646947926071e+01
9.426684551178848848e-01 1.185965014697671371e+01
1.092600861117377864e+00 1.044378469679573662e+01
1.266380173467402726e+00 9.392517730596356529e+00
1.467799267622069026e+00 8.621522554100502944e+00
1.701254279852588258e+00 8.076297210866590248e+00
1.971840556512642006e+00 7.721229429375460640e+00
2.285463864134989365e+00 7.533997696839676017e+00
2.648969287610527079e+00 7.502903140453299535e+00
3.070290629757848055e+00 7.625778283456170037e+00
3.558623573050965661e+00 7.909744788200647747e+00
4.124626382901348087e+00 8.371550335728779046e+00
4.780652533007380356e+00 9.040046864904734747e+00
5.541020330009492234e+00 9.955075027667266596e+00
6.422325422229356207e+00 1.117101772180266472e+01
7.443803013251680589e+00 1.276161591510521376e+01
8.627747685955865720e+00 1.482574075909451494e+01
1.000000000000000000e+01 1.749566945131586593e+01
