1.000000000000000021e-02 8.394662503086831151e+00
1.266380173467403399e-02 5.539099612883996215e+00
1.603718743751330125e-02 3.819865937144652168e+00
2.030917620904735751e-02 2.752912631405953103e+00
2.571913809059344497e-02 2.061327444545129506e+00
3.257020655659782771e-02 1.598942929826780102e+00
4.124626382901352278e-02 1.292704488592967493e+00
5.223345074266843441e-02 1.117125643857646233e+00
6.614740641230149043e-02 1.111733574996750518e+00
8.376776400682915680e-02 1.671607273094032564e+00
1.060818355139448305e-01 5.949294653109350683e+00
1.343399332598900209e-01 3.138463631094124739e+00
1.701254279852589257e-01 1.792552048791697938e+00
2.154434690031883370e-01 1.214188327328406425e+00
2.728333376486767881e-01 8.589894349035989141e-01
3.455107294592218437e-01 6.011415441693438444e-01
4.375479375074184385e-01 3.987398165974601616e-01
5.541020330009491790e-01 2.401858822737987786e-01
7.017038286703826122e-01 1.324866074857479759e-01
8.886238162743402835e-01 7.593422912214617404e-02
1.125335582600764495e+00 4.944026337926761550e-02
1.425102670302997865e+00 3.623370324150784055e-02
1.804721766827170226e+00 2.908844624367103865e-02
2.285463864134990697e+00 2.508896346937464564e-02
2.894266124716751598e+00 2.297055250814662372e-02
3.665241237079626124e+00 2.216583214165085414e-02
4.641588833612777520e+00 2.244281578347297537e-02
5.878016072274911963e+00 2.376228741302569350e-02
7.443803013251688583e+00 2.621142889878437868e-02
9.426684551178853511e+00 2.998821594451326136e-02
1.193776641714435804e+01 3.541485366907620030e-02
1.511775070615661498e+01 4.297165468923348081e-02
1.914481976169957633e+01 5.338589899122942600e-02
2.424462017082328202e+01 6.782362984590531441e-02
3.070290629757849743e+01 8.828486436862308107e-02
3.888155180308085335e+01 1.182144833923326616e-01
4.923882631706736390e+01 1.632108604400790142e-01
6.235507341273912374e+01 2.309435821036902592e-01
7.896522868499724268e+01 3.276178592999494099e-01
1.000000000000000000e+02 4.481411087897801404e-01
