3.162277660168379412e-01 9.557867515462130648e-01
3.665241237079627790e-01 6.711291221915495209e-01
4.248201698162611950e-01 4.883766922034453173e-01
4.923882631706739121e-01 3.680864784670985768e-01
5.707031326057167009e-01 2.868040051748459440e-01
6.614740641230149043e-01 2.305491963997158555e-01
7.666822074546214560e-01 1.908640478255717032e-01
8.886238162743402835e-01 1.624805928637918784e-01
1.029960365809989842e+00 1.420716851037622797e-01
1.193776641714436426e+00 1.274625366313472119e-01
1.383648068032459433e+00 1.172221565519491887e-01
1.603718743751330056e+00 1.104261170562656075e-01
1.858791891146563513e+00 1.065082335997279972e-01
2.154434690031883370e+00 1.051623105581833972e-01
2.497099786006540700e+00 1.062601050010897052e-01
2.894266124716750266e+00 1.097750712986727412e-01
3.354602185954043136e+00 1.157055220240648247e-01
3.888155180308087377e+00 1.239962619088149365e-01
4.506570337745473331e+00 1.344794990395286050e-01
5.223345074266840804e+00 1.468377326851973141e-01
6.054123584037268024e+00 1.606836857198975788e-01
7.017038286703826344e+00 1.756650462479576180e-01
8.133105582266926703e+00 1.915960459225330703e-01
9.426684551178849958e+00 2.085244900234714260e-01
1.092600861117377953e+01 2.267260732403713341e-01
1.266380173467402770e+01 2.466480005409811271e-01
1.467799267622068982e+01 2.688754691140081143e-01
1.701254279852588169e+01 2.940766399051084057e-01
1.971840556512641740e+01 3.230132601146937232e-01
2.285463864134989720e+01 3.565618076567341754e-01
2.648969287610526990e+01 3.957551903029831730e-01
3.070290629757848322e+01 4.418535052299285559e-01
3.558623573050965661e+01 4.963281037421180542e-01
4.124626382901347910e+01 5.609729824812110799e-01
4.780652533007380356e+01 6.378536734325342961e-01
5.541020330009492056e+01 7.292883460627428427e-01
6.422325422229356207e+01 8.377592171334670157e-01
7.443803013251681477e+01 9.657255884162408988e-01
8.627747685955866075e+01 1.115203998182064504e+00
1.000000000000000000e+02 1.286816520633036642e+00
