3.162277660168379412e-01 3.140294074109384881e-01
3.665241237079627790e-01 2.150866311641918271e-01
4.248201698162611950e-01 1.541655813833580080e-01
4.923882631706739121e-01 1.151555524701031175e-01
5.707031326057167009e-01 8.931209774449205829e-02
6.614740641230149043e-01 7.170147805609854152e-02
7.666822074546214560e-01 5.943724872228896977e-02
8.886238162743402835e-01 5.076065464687724849e-02
1.029960365809989842e+00 4.457064022003150161e-02
1.193776641714436426e+00 4.015036136678402923e-02
1.383648068032459433e+00 3.702361110280921047e-02
1.603718743751330056e+00 3.486966648075776054e-02
1.858791891146563513e+00 3.347224644478810629e-02
2.154434690031883370e+00 3.268386984960349601e-02
2.497099786006540700e+00 3.240824686090239964e-02
2.894266124716750266e+00 3.258419734152086938e-02
3.354602185954043136e+00 3.317627779496375856e-02
3.888155180308087377e+00 3.417361964889682746e-02
4.506570337745473331e+00 3.558823288497858089e-02
5.223345074266840804e+00 3.745992201009198247e-02
6.054123584037268024e+00 3.986081453041170203e-02
7.017038286703826344e+00 4.290038115486040360e-02
8.133105582266926703e+00 4.672671042611260817e-02
9.426684551178849958e+00 5.153004561699499331e-02
1.092600861117377953e+01 5.753828738367711138e-02
1.266380173467402770e+01 6.502662883942474104e-02
1.467799267622068982e+01 7.431144206550428788e-02
1.701254279852588169e+01 8.575944463763400527e-02
1.971840556512641740e+01 9.980755518575551433e-02
2.285463864134989720e+01 1.170057713378020170e-01
2.648969287610526990e+01 1.380867304758749414e-01
3.070290629757848322e+01 1.640801783877753328e-01
3.558623573050965661e+01 1.964465223171513730e-01
4.124626382901347910e+01 2.372620671987752672e-01
4.780652533007380356e+01 2.893059924483826761e-01
5.541020330009492056e+01 3.561314517647317657e-01
6.422325422229356207e+01 4.418815145797110877e-01
7.443803013251681477e+01 5.508190986180522275e-01
8.627747685955866075e+01 6.847682438513047476e-01
1.000000000000000000e+02 8.413321095746257861e-01
