1.000000000000000021e-02 1.639730204959996440e+00
1.266380173467403399e-02 1.186571576211371548e+00
1.603718743751330125e-02 9.778535400931921417e-01
2.030917620904735751e-02 9.046827154285235206e-01
2.571913809059344497e-02 9.258569220168295644e-01
3.257020655659782771e-02 1.032204895761376751e+00
4.124626382901352278e-02 1.232673805653525800e+00
5.223345074266843441e-02 1.551602664947829835e+00
6.614740641230149043e-02 2.027295783231210624e+00
8.376776400682915680e-02 2.612069770173775840e+00
1.060818355139448305e-01 2.757652598830944601e+00
1.343399332598900209e-01 2.002554060778293898e+00
1.701254279852589257e-01 1.046151949940980375e+00
2.154434690031883370e-01 4.791781248538863336e-01
2.728333376486767881e-01 2.381377801127201599e-01
3.455107294592218437e-01 1.341801722791998719e-01
4.375479375074184385e-01 8.397296836596367109e-02
5.541020330009491790e-01 5.737187988001007932e-02
7.017038286703826122e-01 4.234623784493702497e-02
8.886238162743402835e-01 3.351500820218691890e-02
1.125335582600764495e+00 2.825682683196448913e-02
1.425102670302997865e+00 2.521123390586548982e-02
1.804721766827170226e+00 2.364027358451205665e-02
2.285463864134990697e+00 2.314705503535124595e-02
2.894266124716751598e+00 2.352726788971272812e-02
3.665241237079626124e+00 2.470567998250201153e-02
4.641588833612777520e+00 2.671444884807518821e-02
5.878016072274911963e+00 2.971078172951748669e-02
7.443803013251688583e+00 3.401760832771039827e-02
9.426684551178853511e+00 4.016240933294267651e-02
1.193776641714435804e+01 4.891399736310786395e-02
1.511775070615661498e+01 6.130453699693828862e-02
1.914481976169957633e+01 7.868398228579716325e-02
2.424462017082328202e+01 1.028916214434148074e-01
3.070290629757849743e+01 1.367713133478606902e-01
3.888155180308085335e+01 1.851764076093118105e-01
4.923882631706736390e+01 2.563647582160661909e-01
6.235507341273912374e+01 3.628830059370341532e-01
7.896522868499724268e+01 5.200537034059878883e-01
1.000000000000000000e+02 7.391055451807313492e-01
