3.162277660168379134e-02 1.954165553490103679e+00
3.842513346254321227e-02 1.707583418882237192e+00
4.669074130371086984e-02 1.637060056064903568e+00
5.673435918225600005e-02 1.736381687451485689e+00
6.893845379073933188e-02 2.143697420051551727e+00
8.376776400682915680e-02 3.722186373146588512e+00
1.017869984146125700e-01 1.043169308868109546e+01
1.236823397292983878e-01 4.850277800536798800e+00
1.502875750260604659e-01 2.114130317282426841e+00
1.826158468270260848e-01 1.281568617908064978e+00
2.218982341458970720e-01 9.497412143538989104e-01
2.696306326783701746e-01 7.801505657862524146e-01
3.276307193627228664e-01 6.501957038538769273e-01
3.981071705534971472e-01 4.426995162502565528e-01
4.837437696757803662e-01 3.410392521718345060e-01
5.878016072274911963e-01 2.736149206372258669e-01
7.142432649639980369e-01 2.243767042299475711e-01
8.678837132695964574e-01 1.898934306188341525e-01
1.054573667973740303e+00 1.670412446019601260e-01
1.281422388944083446e+00 1.530082196870788114e-01
1.557068404753729984e+00 1.455029936715779015e-01
1.892008472772299665e+00 1.426587378266890027e-01
2.298997301668542992e+00 1.428970626602476812e-01
2.793533257985219453e+00 1.450573800907851152e-01
3.394448552769389948e+00 1.483908472721622573e-01
4.124626382901348087e+00 1.529676219931044023e-01
5.011872336272719330e+00 1.592268865748990847e-01
6.089973244419446985e+00 1.679943685203903192e-01
7.399983804321420777e+00 1.800030351339312051e-01
8.991789964660114265e+00 1.963530573876585139e-01
1.092600861117377953e+01 2.179638527477152643e-01
1.327629589221125350e+01 2.461072784414196080e-01
1.613215208683695323e+01 2.819159752901753691e-01
1.960232982646277122e+01 3.272303866705035258e-01
2.381897545702918961e+01 3.898795601670359545e-01
2.894266124716748934e+01 4.771828290232417724e-01
3.516850007169744430e+01 6.033537570722821153e-01
4.273357542109315688e+01 8.207725953964023491e-01
5.192596967591166646e+01 1.070765618035625755e+00
6.309573444801932851e+01 1.376498385041889705e+00
