1.000000000000000021e-02 1.559628740955764137e+01
1.193776641714436315e-02 1.103994587168643982e+01
1.425102670302997795e-02 8.271284449278667239e+00
1.701254279852589327e-02 6.555947855459929308e+00
2.030917620904735751e-02 5.482205205156625460e+00
2.424462017082328405e-02 4.807406956629288963e+00
2.894266124716751709e-02 4.381412534855992469e+00
3.455107294592219686e-02 4.108392127170133357e+00
4.124626382901352278e-02 3.932682226398085401e+00
4.923882631706739260e-02 3.833725082725869537e+00
5.878016072274912240e-02 3.822635303809894580e+00
7.017038286703829175e-02 3.931920930356489929e+00
8.376776400682919843e-02 4.196719880396735824e+00
1.000000000000000056e-01 4.609589563147898694e+00
1.193776641714437009e-01 5.026649637068052456e+00
1.425102670302998420e-01 5.159806010834991241e+00
1.701254279852589257e-01 4.880184083658635430e+00
2.030917620904735821e-01 4.361522407487478326e+00
2.424462017082328336e-01 3.819705899138993388e+00
2.894266124716751709e-01 3.358253325881307205e+00
3.455107294592220102e-01 2.994310025390392482e+00
4.124626382901352417e-01 2.711457761750985185e+00
4.923882631706741342e-01 2.488653363947845865e+00
5.878016072274915294e-01 2.310465613916357075e+00
7.017038286703829453e-01 2.168666692021247844e+00
8.376776400682920398e-01 2.060608928315977639e+00
1.000000000000000000e+00 1.986582828986795946e+00
1.193776641714436870e+00 1.948013348028537317e+00
1.425102670302999197e+00 1.946315815216338452e+00
1.701254279852589146e+00 1.983050408801687370e+00
2.030917620904737042e+00 2.060311423423977661e+00
2.424462017082328114e+00 2.182108894336488358e+00
2.894266124716751598e+00 2.355006771285112155e+00
3.455107294592221656e+00 2.589338664301144899e+00
4.124626382901352528e+00 2.900520284242672275e+00
4.923882631706741897e+00 3.310841963415863010e+00
5.878016072274911963e+00 3.851843796554042409e+00
7.017038286703829897e+00 4.567729877594492116e+00
8.376776400682924617e+00 5.520042361001425313e+00
1.000000000000000000e+01 6.794410894569686832e+00
