1.000000000000000021e-02 1.268010270404450246e+00
1.266380173467403399e-02 8.277202408408929069e-01
1.603718743751330125e-02 6.023778831182861060e-01
2.030917620904735751e-02 4.892782132470638867e-01
2.571913809059344497e-02 4.483418369667040992e-01
3.257020655659782771e-02 4.707338867047587416e-01
4.124626382901352278e-02 5.753332599411289383e-01
5.223345074266843441e-02 8.285678317234639323e-01
6.614740641230149043e-02 1.436436401467387380e+00
8.376776400682915680e-02 3.590067561747598557e+00
1.060818355139448305e-01 5.883974745064611156e+00
1.343399332598900209e-01 1.127016821699819760e+00
1.701254279852589257e-01 5.026597785412642017e-01
2.154434690031883370e-01 2.741855810594675535e-01
2.728333376486767881e-01 1.628205505119005303e-01
3.455107294592218437e-01 1.033351865617862797e-01
4.375479375074184385e-01 7.081017813362069924e-02
5.541020330009491790e-01 5.301471770599511940e-02
7.017038286703826122e-01 4.350928832540430086e-02
8.886238162743402835e-01 3.880544596363762200e-02
1.125335582600764495e+00 3.691842486619457964e-02
1.425102670302997865e+00 3.671185940683165810e-02
1.804721766827170226e+00 3.765989476710376871e-02
2.285463864134990697e+00 3.966541296207610340e-02
2.894266124716751598e+00 4.283262411553621224e-02
3.665241237079626124e+00 4.732847968413303463e-02
4.641588833612777520e+00 5.337982017991724226e-02
5.878016072274911963e+00 6.140107667279200848e-02
7.443803013251688583e+00 7.214479405693624559e-02
9.426684551178853511e+00 8.686907080118295987e-02
1.193776641714435804e+01 1.075801365530413278e-01
1.511775070615661498e+01 1.373637666451495709e-01
1.914481976169957633e+01 1.804206720318269896e-01
2.424462017082328202e+01 2.419362550763995146e-01
3.070290629757849743e+01 3.255704949793218894e-01
3.888155180308085335e+01 4.517485303860376278e-01
4.923882631706736390e+01 6.549013127244434074e-01
6.235507341273912374e+01 9.922514433468995199e-01
7.896522868499724268e+01 1.351946881710881954e+00
1.000000000000000000e+02 2.397496420135048822e+00
