1.000000000000000021e-02 3.606639720741090116e+01
1.193776641714436315e-02 2.464659650303081406e+01
1.425102670302997795e-02 1.797970885546383712e+01
1.701254279852589327e-02 1.407033886274907708e+01
2.030917620904735751e-02 1.183876873323706214e+01
2.424462017082328405e-02 1.071340067704652554e+01
2.894266124716751709e-02 1.042611912489726222e+01
3.455107294592219686e-02 1.092474418086647425e+01
4.124626382901352278e-02 1.237556982262299599e+01
4.923882631706739260e-02 1.528529943641359168e+01
5.878016072274912240e-02 2.093155171876756881e+01
7.017038286703829175e-02 3.310573381332635279e+01
8.376776400682919843e-02 7.044576995265403241e+01
1.000000000000000056e-01 1.293961249023510618e+02
1.193776641714437009e-01 5.041104279587854364e+01
1.425102670302998420e-01 2.192869459922944486e+01
1.701254279852589257e-01 1.322098406178087338e+01
2.030917620904735821e-01 9.275927540087401724e+00
2.424462017082328336e-01 7.126518106469768910e+00
2.894266124716751709e-01 5.803725077080029493e+00
3.455107294592220102e-01 4.906071792246734731e+00
4.124626382901352417e-01 4.247072639689885243e+00
4.923882631706741342e-01 3.738122923908471229e+00
5.878016072274915294e-01 3.339878743346939238e+00
7.017038286703829453e-01 3.035040083555345269e+00
8.376776400682920398e-01 2.813984356185912805e+00
1.000000000000000000e+00 2.668401141119396858e+00
1.193776641714436870e+00 2.591145542528953349e+00
1.425102670302999197e+00 2.577460599137253450e+00
1.701254279852589146e+00 2.626973101215810846e+00
2.030917620904737042e+00 2.744710723807602726e+00
2.424462017082328114e+00 2.941942451918747814e+00
2.894266124716751598e+00 3.236972543277983227e+00
3.455107294592221656e+00 3.656666391225638080e+00
4.124626382901352528e+00 4.238990329773205445e+00
4.923882631706741897e+00 5.037118963493329105e+00
5.878016072274911963e+00 6.125565831058898958e+00
7.017038286703829897e+00 7.608459036414183529e+00
8.376776400682924617e+00 9.632054921497562816e+00
1.000000000000000000e+01 1.240174920837445072e+01
