3.162277660168379134e-02 1.027679142127040590e+00
3.842513346254321227e-02 7.666674211030187758e-01
4.669074130371086984e-02 6.171348974058162851e-01
5.673435918225600005e-02 5.352555318837942666e-01
6.893845379073933188e-02 4.982230508713227923e-01
8.376776400682915680e-02 4.937306700844116270e-01
1.017869984146125700e-01 5.141562614734965786e-01
1.236823397292983878e-01 5.516467947328355104e-01
1.502875750260604659e-01 5.914893405852498232e-01
1.826158468270260848e-01 6.029710518159046018e-01
2.218982341458970720e-01 5.425850670953061838e-01
2.696306326783701746e-01 4.137970089122424699e-01
3.276307193627228664e-01 2.860063343281781800e-01
3.981071705534971472e-01 1.950002482353937749e-01
4.837437696757803662e-01 1.362499112994925154e-01
5.878016072274911963e-01 9.880478623824018314e-02
7.142432649639980369e-01 7.475776767366511255e-02
8.678837132695964574e-01 5.923657639837713595e-02
1.054573667973740303e+00 4.929665841141279287e-02
1.281422388944083446e+00 4.312144457966921030e-02
1.557068404753729984e+00 3.958672891230988200e-02
1.892008472772299665e+00 3.798106640661906563e-02
2.298997301668542992e+00 3.784685844359773899e-02
2.793533257985219453e+00 3.887507921643060249e-02
3.394448552769389948e+00 4.083567551720283101e-02
4.124626382901348087e+00 4.356254651937959549e-02
5.011872336272719330e+00 4.694169131483734436e-02
6.089973244419446985e+00 5.092172776340919693e-02
7.399983804321420777e+00 5.550841891157361208e-02
8.991789964660114265e+00 6.076253098603860703e-02
1.092600861117377953e+01 6.681722696813924278e-02
1.327629589221125350e+01 7.392034372789864360e-02
1.613215208683695323e+01 8.248435510092835821e-02
1.960232982646277122e+01 9.315209604940784260e-02
2.381897545702918961e+01 1.069014729974334665e-01
2.894266124716748934e+01 1.252352555785570809e-01
3.516850007169744430e+01 1.505201289109937557e-01
4.273357542109315688e+01 1.866866199971155826e-01
5.192596967591166646e+01 2.405281030359358030e-01
6.309573444801932851e+01 3.243866316953445961e-01
