3.162277660168379134e-02 1.680185496714920568e+00
3.842513346254321227e-02 1.453837802088289166e+00
4.669074130371086984e-02 1.294913018840436303e+00
5.673435918225600005e-02 1.166090525150691004e+00
6.893845379073933188e-02 1.059127117513757765e+00
8.376776400682915680e-02 9.778951888580942331e-01
1.017869984146125700e-01 9.303860190255511808e-01
1.236823397292983878e-01 9.236278988670356682e-01
1.502875750260604659e-01 9.524516600608908812e-01
1.826158468270260848e-01 9.609361158856331020e-01
2.218982341458970720e-01 7.913149906544069134e-01
2.696306326783701746e-01 4.738613056080503427e-01
3.276307193627228664e-01 2.635387277333125500e-01
3.981071705534971472e-01 1.583937960571642212e-01
4.837437696757803662e-01 1.053568501133622382e-01
5.878016072274911963e-01 7.733339119995798205e-02
7.142432649639980369e-01 6.205655472889132218e-02
8.678837132695964574e-01 5.375178188114886763e-02
1.054573667973740303e+00 4.959571156916985774e-02
1.281422388944083446e+00 4.820509008453893046e-02
1.557068404753729984e+00 4.896066685070184221e-02
1.892008472772299665e+00 5.164245455247126748e-02
2.298997301668542992e+00 5.620776438702133893e-02
2.793533257985219453e+00 6.265701743824372838e-02
3.394448552769389948e+00 7.099303288545326385e-02
4.124626382901348087e+00 8.121126583794362197e-02
5.011872336272719330e+00 9.255456931505975926e-02
6.089973244419446985e+00 1.058853089323934932e-01
7.399983804321420777e+00 1.219293380657068548e-01
8.991789964660114265e+00 1.397991473380054972e-01
1.092600861117377953e+01 1.622364738637522563e-01
1.327629589221125350e+01 1.924429140905901947e-01
1.613215208683695323e+01 2.252644840415307659e-01
1.960232982646277122e+01 2.705296677797343619e-01
2.381897545702918961e+01 3.257055770943220185e-01
2.894266124716748934e+01 3.849317958816663165e-01
3.516850007169744430e+01 4.513976525699610054e-01
4.273357542109315688e+01 5.541081499464897142e-01
5.192596967591166646e+01 7.163893292923260159e-01
6.309573444801932851e+01 9.304264433762794440e-01
