1.000000000000000021e-02 4.495452221380604101e+02
1.193776641714436315e-02 4.721310399418910464e+01
1.425102670302997795e-02 2.393899897119768738e+01
1.701254279852589327e-02 1.460244378069367599e+01
2.030917620904735751e-02 1.048010898547245695e+01
2.424462017082328405e-02 8.864568222110102980e+00
2.894266124716751709e-02 7.271562520345979941e+00
3.455107294592219686e-02 6.577423173171861315e+00
4.124626382901352278e-02 6.209897189637799464e+00
4.923882631706739260e-02 6.702680957100931813e+00
5.878016072274912240e-02 7.601931867461271253e+00
7.017038286703829175e-02 1.035860102913317959e+01
8.376776400682919843e-02 1.913857834758911736e+01
1.000000000000000056e-01 4.593401534524820562e+01
1.193776641714437009e-01 2.427338189261183743e+01
1.425102670302998420e-01 1.049580866780381960e+01
1.701254279852589257e-01 6.256677051242117038e+00
2.030917620904735821e-01 4.416302807238202455e+00
2.424462017082328336e-01 3.667011946478764717e+00
2.894266124716751709e-01 2.754188609230153517e+00
3.455107294592220102e-01 2.396897285659553845e+00
4.124626382901352417e-01 2.271604198643880856e+00
4.923882631706741342e-01 2.071730027369806049e+00
5.878016072274915294e-01 1.957625143216535468e+00
7.017038286703829453e-01 1.922564205334689413e+00
8.376776400682920398e-01 1.799228760723175613e+00
1.000000000000000000e+00 1.881827790730402405e+00
1.193776641714436870e+00 2.104313850629539129e+00
1.425102670302999197e+00 2.993093835825419546e+00
1.701254279852589146e+00 2.487557034265787337e+00
2.030917620904737042e+00 2.282151822362135096e+00
2.424462017082328114e+00 2.575553493473287325e+00
2.894266124716751598e+00 2.898143422169635386e+00
3.455107294592221656e+00 3.456662829228610345e+00
4.124626382901352528e+00 3.429810150254041456e+00
4.923882631706741897e+00 4.022183049903810037e+00
5.878016072274911963e+00 4.838221581980715058e+00
7.017038286703829897e+00 5.869160823818752704e+00
8.376776400682924617e+00 7.198441992670797873e+00
1.000000000000000000e+01 8.695100808339683240e+00
