1.000000000000000021e-02 3.047657297432899703e+00
1.266380173467403399e-02 2.138312384046494152e+00
1.603718743751330125e-02 1.624678134916815120e+00
2.030917620904735751e-02 1.302500810071443693e+00
2.571913809059344497e-02 1.093925534865893612e+00
3.257020655659782771e-02 9.745792845409638749e-01
4.124626382901352278e-02 9.460623220284948287e-01
5.223345074266843441e-02 1.040628691527430316e+00
6.614740641230149043e-02 1.396051768622563305e+00
8.376776400682915680e-02 2.936677832807818245e+00
1.060818355139448305e-01 5.724893484818038836e+00
1.343399332598900209e-01 1.579597190866308010e+00
1.701254279852589257e-01 7.707648121152218534e-01
2.154434690031883370e-01 4.706757886613425756e-01
2.728333376486767881e-01 3.117819265084312841e-01
3.455107294592218437e-01 2.102788170404631674e-01
4.375479375074184385e-01 1.422377956180429504e-01
5.541020330009491790e-01 9.883514094458953347e-02
7.017038286703826122e-01 7.344915271092918030e-02
8.886238162743402835e-01 6.036680430434612776e-02
1.125335582600764495e+00 5.571459233352248075e-02
1.425102670302997865e+00 5.730572741589790714e-02
1.804721766827170226e+00 6.355103789329540065e-02
2.285463864134990697e+00 7.245342906942456307e-02
2.894266124716751598e+00 8.221218173617518554e-02
3.665241237079626124e+00 9.258022431599392810e-02
4.641588833612777520e+00 1.038036207471066674e-01
5.878016072274911963e+00 1.184460260537911203e-01
7.443803013251688583e+00 1.389508536655695292e-01
9.426684551178853511e+00 1.682975538438792051e-01
1.193776641714435804e+01 2.067885707555605634e-01
1.511775070615661498e+01 2.760738496852784274e-01
1.914481976169957633e+01 3.524177753155898762e-01
2.424462017082328202e+01 4.427568301596501166e-01
3.070290629757849743e+01 5.509607933512900013e-01
3.888155180308085335e+01 7.423188163412445251e-01
4.923882631706736390e+01 9.460656569192612553e-01
6.235507341273912374e+01 1.319005333245853118e+00
7.896522868499724268e+01 1.872624269195291014e+00
1.000000000000000000e+02 2.239314912170955463e+00
