1.000000000000000021e-02 1.860275063546579011e+00
1.266380173467403399e-02 1.227134562446685395e+00
1.603718743751330125e-02 9.100059182914581601e-01
2.030917620904735751e-02 7.592898927038895796e-01
2.571913809059344497e-02 7.086911192974318929e-01
3.257020655659782771e-02 7.300750425214508343e-01
4.124626382901352278e-02 8.166143830150867089e-01
5.223345074266843441e-02 9.893504648479987118e-01
6.614740641230149043e-02 1.366157238721324330e+00
8.376776400682915680e-02 2.760071881895238555e+00
1.060818355139448305e-01 5.664369845985572027e+00
1.343399332598900209e-01 1.668570635211083397e+00
1.701254279852589257e-01 7.966817660613417784e-01
2.154434690031883370e-01 4.474846147007421338e-01
2.728333376486767881e-01 2.621522803964788650e-01
3.455107294592218437e-01 1.573966063947328242e-01
4.375479375074184385e-01 9.905680902968816426e-02
5.541020330009491790e-01 6.674408825188295202e-02
7.017038286703826122e-01 4.848608075195683098e-02
8.886238162743402835e-01 3.795569937237718711e-02
1.125335582600764495e+00 3.194799085142495387e-02
1.425102670302997865e+00 2.882937590257831501e-02
1.804721766827170226e+00 2.776142411387242173e-02
2.285463864134990697e+00 2.831680772254957859e-02
2.894266124716751598e+00 3.027812588148943648e-02
3.665241237079626124e+00 3.351337864107218484e-02
4.641588833612777520e+00 3.791263181921546155e-02
5.878016072274911963e+00 4.337877124574537196e-02
7.443803013251688583e+00 4.985185848420898430e-02
9.426684551178853511e+00 5.735835089145679272e-02
1.193776641714435804e+01 6.608801993709405298e-02
1.511775070615661498e+01 7.652765879419454187e-02
1.914481976169957633e+01 8.961151761593996734e-02
2.424462017082328202e+01 1.069562347542468567e-01
3.070290629757849743e+01 1.312895162867327714e-01
3.888155180308085335e+01 1.674112842849561911e-01
4.923882631706736390e+01 2.243143745511708698e-01
6.235507341273912374e+01 3.201013856292138082e-01
7.896522868499724268e+01 4.934601234681556536e-01
1.000000000000000000e+02 8.265070576279831549e-01
