3.162277660168379412e-01 3.163654383954432325e-01
3.665241237079627790e-01 2.189412240216032646e-01
4.248201698162611950e-01 1.599503029964585432e-01
4.923882631706739121e-01 1.232028773640571062e-01
5.707031326057167009e-01 9.984743647958309321e-02
6.614740641230149043e-01 8.483846190151568545e-02
7.666822074546214560e-01 7.520056865061695850e-02
8.886238162743402835e-01 6.913123563228787405e-02
1.029960365809989842e+00 6.552957543543774799e-02
1.193776641714436426e+00 6.375400919634859054e-02
1.383648068032459433e+00 6.345273597630883555e-02
1.603718743751330056e+00 6.445019848287915354e-02
1.858791891146563513e+00 6.667640427426424488e-02
2.154434690031883370e+00 7.010218145196638051e-02
2.497099786006540700e+00 7.470861696798489215e-02
2.894266124716750266e+00 8.048033274789112568e-02
3.354602185954043136e+00 8.727171280075443627e-02
3.888155180308087377e+00 9.481285652328243219e-02
4.506570337745473331e+00 1.032001455490647868e-01
5.223345074266840804e+00 1.125971054567113383e-01
6.054123584037268024e+00 1.231991670913828857e-01
7.017038286703826344e+00 1.352261064496165788e-01
8.133105582266926703e+00 1.489066938917665561e-01
9.426684551178849958e+00 1.644722697294894731e-01
1.092600861117377953e+01 1.821624417963335907e-01
1.266380173467402770e+01 2.022372443896311989e-01
1.467799267622068982e+01 2.250296133775865348e-01
1.701254279852588169e+01 2.509770566737902220e-01
1.971840556512641740e+01 2.807078015779621571e-01
2.285463864134989720e+01 3.151300009871820240e-01
2.648969287610526990e+01 3.555452682356310401e-01
3.070290629757848322e+01 4.036781122382746556e-01
3.558623573050965661e+01 4.617967654706733871e-01
4.124626382901347910e+01 5.326455236277026772e-01
4.780652533007380356e+01 6.193942959505996937e-01
5.541020330009492056e+01 7.254926888412722707e-01
6.422325422229356207e+01 8.544431168048431946e-01
7.443803013251681477e+01 1.009374922047479473e+00
8.627747685955866075e+01 1.192474923942309806e+00
1.000000000000000000e+02 1.403404208914438511e+00
