3.162277660168379412e-01 3.153782953706104619e-01
3.665241237079627790e-01 2.174649351443168344e-01
4.248201698162611950e-01 1.579295946820090113e-01
4.923882631706739121e-01 1.206171666559248956e-01
5.707031326057167009e-01 9.667181801342977776e-02
6.614740641230149043e-01 8.102795548490769606e-02
7.666822074546214560e-01 7.064999520364369234e-02
8.886238162743402835e-01 6.364670709501207835e-02
1.029960365809989842e+00 5.881971087895521838e-02
1.193776641714436426e+00 5.542911512071569541e-02
1.383648068032459433e+00 5.305465816198339651e-02
1.603718743751330056e+00 5.149121444913323103e-02
1.858791891146563513e+00 5.065466697070810514e-02
2.154434690031883370e+00 5.052109589007765245e-02
2.497099786006540700e+00 5.108604252684798702e-02
2.894266124716750266e+00 5.234992412975485870e-02
3.354602185954043136e+00 5.431810749328518789e-02
3.888155180308087377e+00 5.701064880313227307e-02
4.506570337745473331e+00 6.047391729078269162e-02
5.223345074266840804e+00 6.479964930016085534e-02
6.054123584037268024e+00 7.013604187460957540e-02
7.017038286703826344e+00 7.669857790159388677e-02
8.133105582266926703e+00 8.479415173566899611e-02
9.426684551178849958e+00 9.482952397834155944e-02
1.092600861117377953e+01 1.073565430696082484e-01
1.266380173467402770e+01 1.230883980059748056e-01
1.467799267622068982e+01 1.429639460242535520e-01
1.701254279852588169e+01 1.677741391489529776e-01
1.971840556512641740e+01 1.986115322481456780e-01
2.285463864134989720e+01 2.368562388662906748e-01
2.648969287610526990e+01 2.842743922980638382e-01
3.070290629757848322e+01 3.431718866499291476e-01
3.558623573050965661e+01 4.165880978187005423e-01
4.124626382901347910e+01 5.086213698195872768e-01
4.780652533007380356e+01 6.247297561640461350e-01
5.541020330009492056e+01 7.721011792551557562e-01
6.422325422229356207e+01 9.600102156916945351e-01
7.443803013251681477e+01 1.200120208710534264e+00
8.627747685955866075e+01 1.505790973768668328e+00
1.000000000000000000e+02 1.888909305423802421e+00
