1.000000000000000021e-02 1.825426568557590334e+00
1.266380173467403399e-02 1.370550478747204037e+00
1.603718743751330125e-02 1.191434387430342579e+00
2.030917620904735751e-02 1.166975006451564933e+00
2.571913809059344497e-02 1.234453300455512048e+00
3.257020655659782771e-02 1.357567333938391352e+00
4.124626382901352278e-02 1.535589544332200518e+00
5.223345074266843441e-02 1.831912199061359825e+00
6.614740641230149043e-02 2.484123486567921368e+00
8.376776400682915680e-02 4.933594873054276242e+00
1.060818355139448305e-01 5.314820323463559149e+00
1.343399332598900209e-01 1.072273526375439268e+00
1.701254279852589257e-01 5.553761766593758864e-01
2.154434690031883370e-01 3.487428175791314477e-01
2.728333376486767881e-01 2.326942204335236131e-01
3.455107294592218437e-01 1.579062615409854708e-01
4.375479375074184385e-01 1.086483700545731179e-01
5.541020330009491790e-01 7.694316681000858138e-02
7.017038286703826122e-01 5.694608987800712369e-02
8.886238162743402835e-01 4.445234819779263213e-02
1.125335582600764495e+00 3.672554430381265445e-02
1.425102670302997865e+00 3.208435501312935367e-02
1.804721766827170226e+00 2.952823957007676484e-02
2.285463864134990697e+00 2.848157779980091397e-02
2.894266124716751598e+00 2.862751462506987407e-02
3.665241237079626124e+00 2.981369778952954255e-02
4.641588833612777520e+00 3.201980015165103999e-02
5.878016072274911963e+00 3.537781413477244369e-02
7.443803013251688583e+00 4.022021490117914932e-02
9.426684551178853511e+00 4.712612683506171157e-02
1.193776641714435804e+01 5.693360060839734726e-02
1.511775070615661498e+01 7.076094772130510357e-02
1.914481976169957633e+01 9.003681457336389082e-02
2.424462017082328202e+01 1.167136845514181037e-01
3.070290629757849743e+01 1.538280706370410145e-01
3.888155180308085335e+01 2.066341220839055803e-01
4.923882631706736390e+01 2.840352591005720351e-01
6.235507341273912374e+01 3.994799256831922385e-01
7.896522868499724268e+01 5.692126168367722672e-01
1.000000000000000000e+02 8.047497631453821576e-01
