1.000000000000000021e-02 1.522218021023458157e+00
1.266380173467403399e-02 1.079825921464520055e+00
1.603718743751330125e-02 8.799372263151687967e-01
2.030917620904735751e-02 7.941878693765699326e-01
2.571913809059344497e-02 7.588991582574622363e-01
3.257020655659782771e-02 7.413050607792387448e-01
4.124626382901352278e-02 7.371390889544007230e-01
5.223345074266843441e-02 7.746751098925241941e-01
6.614740641230149043e-02 9.462343308192627811e-01
8.376776400682915680e-02 1.774486587071297139e+00
1.060818355139448305e-01 5.945128328612941715e+00
1.343399332598900209e-01 2.664728930324227196e+00
1.701254279852589257e-01 1.301173968947588522e+00
2.154434690031883370e-01 8.166286206460728891e-01
2.728333376486767881e-01 5.857914514150946994e-01
3.455107294592218437e-01 3.994914131464336604e-01
4.375479375074184385e-01 2.840007053364643208e-01
5.541020330009491790e-01 2.104898859804793243e-01
7.017038286703826122e-01 1.637811151609661342e-01
8.886238162743402835e-01 1.335483540560043758e-01
1.125335582600764495e+00 1.144498011308985042e-01
1.425102670302997865e+00 1.031816454146178424e-01
1.804721766827170226e+00 9.788895104376618694e-02
2.285463864134990697e+00 9.784250423251969475e-02
2.894266124716751598e+00 1.030671953728832246e-01
3.665241237079626124e+00 1.137978863652938516e-01
4.641588833612777520e+00 1.298464230355856619e-01
5.878016072274911963e+00 1.502391455801991849e-01
7.443803013251688583e+00 1.733531498433648621e-01
9.426684551178853511e+00 1.988797458067577129e-01
1.193776641714435804e+01 2.278783350866618873e-01
1.511775070615661498e+01 2.613403055185833379e-01
1.914481976169957633e+01 3.022633624249578266e-01
2.424462017082328202e+01 3.566159712356969380e-01
3.070290629757849743e+01 4.245159347610338307e-01
3.888155180308085335e+01 5.130351535462902568e-01
4.923882631706736390e+01 7.549144640655579552e-01
6.235507341273912374e+01 9.336360162799072215e-01
7.896522868499724268e+01 1.209941030736415124e+00
1.000000000000000000e+02 1.615511497970198773e+00
