1.000000000000000021e-02 9.185607771084708162e+00
1.266380173467403399e-02 6.257859234310346075e+00
1.603718743751330125e-02 4.565672095968709598e+00
2.030917620904735751e-02 3.594626988460830397e+00
2.571913809059344497e-02 3.049529905515709238e+00
3.257020655659782771e-02 2.775055345745520263e+00
4.124626382901352278e-02 2.706424253420451453e+00
5.223345074266843441e-02 2.823056347847999525e+00
6.614740641230149043e-02 3.343404534112358828e+00
8.376776400682915680e-02 5.696957196635169751e+00
1.060818355139448305e-01 5.699610913715854821e+00
1.343399332598900209e-01 1.320522370217231733e+00
1.701254279852589257e-01 8.031179077139622979e-01
2.154434690031883370e-01 5.599895525900501214e-01
2.728333376486767881e-01 3.862879165385747493e-01
3.455107294592218437e-01 2.535293689711888288e-01
4.375479375074184385e-01 1.615326034489678597e-01
5.541020330009491790e-01 1.050075396295075958e-01
7.017038286703826122e-01 7.219569464380831691e-02
8.886238162743402835e-01 5.294441256978662386e-02
1.125335582600764495e+00 4.119587026960166293e-02
1.425102670302997865e+00 3.375203779917005514e-02
1.804721766827170226e+00 2.895481737980344986e-02
2.285463864134990697e+00 2.592956757181500219e-02
2.894266124716751598e+00 2.421274809364536151e-02
3.665241237079626124e+00 2.357704236039905379e-02
4.641588833612777520e+00 2.394851697217491304e-02
5.878016072274911963e+00 2.536407470584819968e-02
7.443803013251688583e+00 2.795444973219907495e-02
9.426684551178853511e+00 3.194769409640578484e-02
1.193776641714435804e+01 3.769396404031200715e-02
1.511775070615661498e+01 4.570938596956671679e-02
1.914481976169957633e+01 5.676654924008414649e-02
2.424462017082328202e+01 7.211239653247636383e-02
3.070290629757849743e+01 9.387285192730726591e-02
3.888155180308085335e+01 1.257146975554682689e-01
4.923882631706736390e+01 1.735990218231759086e-01
6.235507341273912374e+01 2.456884186059798691e-01
7.896522868499724268e+01 3.486274940384786469e-01
1.000000000000000000e+02 4.770503098688170240e-01
