1.000000000000000021e-02 4.436754833286806132e+01
1.193776641714436315e-02 3.277604173954983224e+01
1.425102670302997795e-02 2.449796980125673329e+01
1.701254279852589327e-02 1.865748398133056440e+01
2.030917620904735751e-02 1.456684122446635321e+01
2.424462017082328405e-02 1.173779484530851569e+01
2.894266124716751709e-02 9.847499949578550016e+00
3.455107294592219686e-02 8.699756393530742926e+00
4.124626382901352278e-02 8.211317527380359138e+00
4.923882631706739260e-02 8.441935593206185473e+00
5.878016072274912240e-02 9.739276220854183208e+00
7.017038286703829175e-02 1.335722473348683259e+01
8.376776400682919843e-02 2.582991106054264563e+01
1.000000000000000056e-01 4.539946924298004660e+01
1.193776641714437009e-01 1.416156041504935637e+01
1.425102670302998420e-01 5.711768320058440374e+00
1.701254279852589257e-01 3.150060201228269019e+00
2.030917620904735821e-01 2.025857852670228443e+00
2.424462017082328336e-01 1.445396421638412976e+00
2.894266124716751709e-01 1.115685454234310647e+00
3.455107294592220102e-01 9.167977445169221973e-01
4.124626382901352417e-01 7.931097545077410160e-01
4.923882631706741342e-01 7.165767366159127016e-01
5.878016072274915294e-01 6.721929787720415383e-01
7.017038286703829453e-01 6.515820618207716075e-01
8.376776400682920398e-01 6.500272146690341257e-01
1.000000000000000000e+00 6.651041098918540895e-01
1.193776641714436870e+00 6.960403750441254145e-01
1.425102670302999197e+00 7.434402005474095576e-01
1.701254279852589146e+00 8.092603547405317066e-01
2.030917620904737042e+00 8.969331474047463892e-01
2.424462017082328114e+00 1.011554972422763710e+00
2.894266124716751598e+00 1.160337283652103979e+00
3.455107294592221656e+00 1.353361201130056202e+00
4.124626382901352528e+00 1.604292422667110030e+00
4.923882631706741897e+00 1.932076223221303346e+00
5.878016072274911963e+00 2.362433756693510745e+00
7.017038286703829897e+00 2.931670676729939640e+00
8.376776400682924617e+00 3.689475689130759406e+00
1.000000000000000000e+01 4.706420557110736702e+00
