1.000000000000000021e-02 6.272245996303665549e+01
1.193776641714436315e-02 4.312260613246871799e+01
1.425102670302997795e-02 3.582419903879511480e+01
1.701254279852589327e-02 3.139365077033433593e+01
2.030917620904735751e-02 2.877354661919791923e+01
2.424462017082328405e-02 2.770821038143255421e+01
2.894266124716751709e-02 2.788606094705479421e+01
3.455107294592219686e-02 2.942390103960012837e+01
4.124626382901352278e-02 3.288398926853340498e+01
4.923882631706739260e-02 3.915107411575733209e+01
5.878016072274912240e-02 5.044610102513696148e+01
7.017038286703829175e-02 7.350280450496606477e+01
8.376776400682919843e-02 1.240230650852335401e+02
1.000000000000000056e-01 1.163431802483583652e+02
1.193776641714437009e-01 2.444845417463494641e+01
1.425102670302998420e-01 1.069728464208519725e+01
1.701254279852589257e-01 8.740158811773783398e+00
2.030917620904735821e-01 6.456765389773579500e+00
2.424462017082328336e-01 5.173057955414028797e+00
2.894266124716751709e-01 4.125916345938877683e+00
3.455107294592220102e-01 3.784079943348118924e+00
4.124626382901352417e-01 3.375593896423641382e+00
4.923882631706741342e-01 2.967419051002155417e+00
5.878016072274915294e-01 1.317428996144869657e+01
7.017038286703829453e-01 1.287097254997258133e+01
8.376776400682920398e-01 1.286773837291555367e+01
1.000000000000000000e+00 1.315232685241107369e+01
1.193776641714436870e+00 1.372386389966896658e+01
1.425102670302999197e+00 3.256565125028150653e+00
1.701254279852589146e+00 3.619943005507042955e+00
2.030917620904737042e+00 4.197748059898586348e+00
2.424462017082328114e+00 4.752286433489484097e+00
2.894266124716751598e+00 5.183768363068960383e+00
3.455107294592221656e+00 6.542797339316683392e+00
4.124626382901352528e+00 7.591004134255695313e+00
4.923882631706741897e+00 8.332410416533905462e+00
5.878016072274911963e+00 1.020897002528621655e+01
7.017038286703829897e+00 1.209250585803564526e+01
8.376776400682924617e+00 1.506903281878298273e+01
1.000000000000000000e+01 1.953237367918359979e+01
