1.000000000000000021e-02 1.625481932463320049e+02
1.266380173467403399e-02 2.658634322315790044e+01
1.603718743751330125e-02 1.234099830404228548e+01
2.030917620904735751e-02 6.842702284013761016e+00
2.571913809059344497e-02 5.451756525162319456e+00
3.257020655659782771e-02 4.220586174325915430e+00
4.124626382901352278e-02 4.087141955208466904e+00
5.223345074266843441e-02 4.770329757817902916e+00
6.614740641230149043e-02 9.792230565982517065e-01
8.376776400682915680e-02 2.053410598161736988e+00
1.060818355139448305e-01 3.950875864197745280e+00
1.343399332598900209e-01 1.344477878303609542e+00
1.701254279852589257e-01 6.133828676950056069e-01
2.154434690031883370e-01 3.593281658022537961e-01
2.728333376486767881e-01 7.658241735102654379e-01
3.455107294592218437e-01 2.280384775981557421e+00
4.375479375074184385e-01 2.012639795043306812e+00
5.541020330009491790e-01 1.767055920169147143e+00
7.017038286703826122e-01 1.585565599026430350e+00
8.886238162743402835e-01 1.513413120051879890e+00
1.125335582600764495e+00 1.426561182286037788e+00
1.425102670302997865e+00 1.365961033187015117e+00
1.804721766827170226e+00 1.308345142799868244e+00
2.285463864134990697e+00 1.263886932423974541e+00
2.894266124716751598e+00 1.210564480566698631e+00
3.665241237079626124e+00 1.238017926071580233e+00
4.641588833612777520e+00 1.289729340308208849e+00
5.878016072274911963e+00 1.038264612332998743e-01
7.443803013251688583e+00 1.237997722159723674e-01
9.426684551178853511e+00 1.526714872532590972e+00
1.193776641714435804e+01 1.614693499760889495e+00
1.511775070615661498e+01 5.377869148147873535e-01
1.914481976169957633e+01 7.004660759217904431e-01
2.424462017082328202e+01 3.734669186066812974e-01
3.070290629757849743e+01 4.678909777730319575e-01
3.888155180308085335e+01 5.902265857251437486e-01
4.923882631706736390e+01 7.504177239394775878e-01
6.235507341273912374e+01 9.703771744722974324e-01
7.896522868499724268e+01 1.280131126307616496e+00
1.000000000000000000e+02 1.710579473187519906e+00
