1.000000000000000021e-02 1.332520533981546018e+00
1.266380173467403399e-02 8.590494600321308960e-01
1.603718743751330125e-02 6.126426561580189389e-01
2.030917620904735751e-02 4.683426106154113255e-01
2.571913809059344497e-02 3.863656550601379247e-01
3.257020655659782771e-02 3.374877644416384714e-01
4.124626382901352278e-02 3.227110354360748778e-01
5.223345074266843441e-02 3.429281316127099077e-01
6.614740641230149043e-02 4.322739432273082216e-01
8.376776400682915680e-02 8.306313114393564234e-01
1.060818355139448305e-01 5.413228437451261144e+00
1.343399332598900209e-01 3.141627724107215247e+00
1.701254279852589257e-01 1.596177235582824094e+00
2.154434690031883370e-01 1.032562305761919763e+00
2.728333376486767881e-01 7.371323269866266736e-01
3.455107294592218437e-01 5.456551221102318161e-01
4.375479375074184385e-01 4.099601706129217260e-01
5.541020330009491790e-01 3.102485727617553812e-01
7.017038286703826122e-01 2.379467232809452104e-01
8.886238162743402835e-01 1.888082155246681160e-01
1.125335582600764495e+00 1.584246939096127793e-01
1.425102670302997865e+00 1.418193179874554233e-01
1.804721766827170226e+00 1.346505494338753606e-01
2.285463864134990697e+00 1.335195100867238027e-01
2.894266124716751598e+00 1.359324300794151064e-01
3.665241237079626124e+00 1.405268608585965862e-01
4.641588833612777520e+00 1.472108951597597415e-01
5.878016072274911963e+00 1.568741782510728044e-01
7.443803013251688583e+00 1.709130218224252373e-01
9.426684551178853511e+00 1.909121713336180970e-01
1.193776641714435804e+01 2.186064379988660877e-01
1.511775070615661498e+01 2.560580376773315403e-01
1.914481976169957633e+01 3.059815799037355899e-01
2.424462017082328202e+01 3.721875334446641537e-01
3.070290629757849743e+01 4.600951979308827711e-01
3.888155180308085335e+01 5.772503212499536795e-01
4.923882631706736390e+01 7.336784879689194350e-01
6.235507341273912374e+01 9.420646378155301814e-01
7.896522868499724268e+01 1.217267202145961846e+00
1.000000000000000000e+02 1.571423234203088271e+00
