1.000000000000000021e-02 2.269272954619514238e+01
1.193776641714436315e-02 1.710152065405998556e+01
1.425102670302997795e-02 1.355253204270641554e+01
1.701254279852589327e-02 1.114744102481255261e+01
2.030917620904735751e-02 9.464455131968035673e+00
2.424462017082328405e-02 8.320490190769159966e+00
2.894266124716751709e-02 7.642488358574379248e+00
3.455107294592219686e-02 7.423615330117460331e+00
4.124626382901352278e-02 7.711629489053412279e+00
4.923882631706739260e-02 8.659553610145687585e+00
5.878016072274912240e-02 1.067676512200869077e+01
7.017038286703829175e-02 1.505526804058501078e+01
8.376776400682919843e-02 2.834660202100075921e+01
1.000000000000000056e-01 5.516422095410315052e+01
1.193776641714437009e-01 1.925525711482714186e+01
1.425102670302998420e-01 8.804810476034001354e+00
1.701254279852589257e-01 5.569826847663797764e+00
2.030917620904735821e-01 4.100207294625850096e+00
2.424462017082328336e-01 3.309598641022659660e+00
2.894266124716751709e-01 2.833900295568919869e+00
3.455107294592220102e-01 2.518389722471156666e+00
4.124626382901352417e-01 2.290252723518441780e+00
4.923882631706741342e-01 2.119440852230129568e+00
5.878016072274915294e-01 1.995960795173353119e+00
7.017038286703829453e-01 1.920228042901952703e+00
8.376776400682920398e-01 1.897814623317826355e+00
1.000000000000000000e+00 1.936253630299638262e+00
1.193776641714436870e+00 2.042821051085613515e+00
1.425102670302999197e+00 2.223531420496459798e+00
1.701254279852589146e+00 2.483310861829371330e+00
2.030917620904737042e+00 2.827842910497096796e+00
2.424462017082328114e+00 3.266442259969339901e+00
2.894266124716751598e+00 3.814926535532180640e+00
3.455107294592221656e+00 4.498137557211749460e+00
4.124626382901352528e+00 5.352660975913061669e+00
4.923882631706741897e+00 6.430501620014696051e+00
5.878016072274911963e+00 7.804963983552069884e+00
7.017038286703829897e+00 9.579054891886917389e+00
8.376776400682924617e+00 1.189690124683356309e+01
1.000000000000000000e+01 1.496024822092204865e+01
