1.000000000000000021e-02 8.211589850030010851e+00
1.266380173467403399e-02 5.282290112943657689e+00
1.603718743751330125e-02 3.730470228680660139e+00
2.030917620904735751e-02 2.889633097150819729e+00
2.571913809059344497e-02 2.439109676821344941e+00
3.257020655659782771e-02 2.228529506516760073e+00
4.124626382901352278e-02 2.195192421148403739e+00
5.223345074266843441e-02 2.349584684366145204e+00
6.614740641230149043e-02 2.875734596362476303e+00
8.376776400682915680e-02 5.143707644309460036e+00
1.060818355139448305e-01 5.699660701574062571e+00
1.343399332598900209e-01 1.320655450674601328e+00
1.701254279852589257e-01 8.031751811271480301e-01
2.154434690031883370e-01 5.599843949293104028e-01
2.728333376486767881e-01 3.863419299919325645e-01
3.455107294592218437e-01 2.538087292756084912e-01
4.375479375074184385e-01 2.550082825929339769e+00
5.541020330009491790e-01 2.328338600208088138e+00
7.017038286703826122e-01 7.351003918300397233e-02
8.886238162743402835e-01 5.449494262619246354e-02
1.125335582600764495e+00 4.569691565143257916e-02
1.425102670302997865e+00 3.552629118798033420e-02
1.804721766827170226e+00 2.990404645510322604e-02
2.285463864134990697e+00 2.606853182445623487e-02
2.894266124716751598e+00 2.465400707087141846e-02
3.665241237079626124e+00 2.613806762779460890e-02
4.641588833612777520e+00 2.456182612872890442e-02
5.878016072274911963e+00 2.716704950096647878e-02
7.443803013251688583e+00 2.804703020354225307e-02
9.426684551178853511e+00 3.391769008108122541e-02
1.193776641714435804e+01 4.626261587382522744e-02
1.511775070615661498e+01 1.581103644544547882e+00
1.914481976169957633e+01 1.524456702726486812e+00
2.424462017082328202e+01 7.516441273353380303e-02
3.070290629757849743e+01 9.627448616695960526e-02
3.888155180308085335e+01 1.317170310295918689e-01
4.923882631706736390e+01 1.742034104153277196e-01
6.235507341273912374e+01 2.473204452162428013e-01
7.896522868499724268e+01 3.498160213813223951e-01
1.000000000000000000e+02 4.778246726649593712e-01
