3.162277660168379134e-02 1.462824941176491533e+00
3.842513346254321227e-02 1.240214690451277413e+00
4.669074130371086984e-02 1.171930709643878465e+00
5.673435918225600005e-02 1.242981767419167882e+00
6.893845379073933188e-02 1.536143408952728162e+00
8.376776400682915680e-02 2.654257747708518966e+00
1.017869984146125700e-01 9.785055355462036530e+00
1.236823397292983878e-01 5.986296438484639992e+00
1.502875750260604659e-01 2.607825252037338171e+00
1.826158468270260848e-01 1.491507268830555510e+00
2.218982341458970720e-01 9.517761138282900824e-01
2.696306326783701746e-01 6.336816484629030910e-01
3.276307193627228664e-01 4.194769279078656155e-01
3.981071705534971472e-01 2.683978204928821887e-01
4.837437696757803662e-01 2.229664571560148634e+00
5.878016072274911963e-01 2.230196789160071358e+00
7.142432649639980369e-01 8.410062259237729987e-02
8.678837132695964574e-01 6.315863173299943178e-02
1.054573667973740303e+00 1.754209619259283315e+00
1.281422388944083446e+00 1.718525738132399283e+00
1.557068404753729984e+00 3.903940386416991648e-02
1.892008472772299665e+00 3.709614841933814300e-02
2.298997301668542992e+00 3.611373345414103930e-02
2.793533257985219453e+00 1.473847373695305274e+00
3.394448552769389948e+00 3.751596329474061325e-02
4.124626382901348087e+00 3.970262027947306371e-02
5.011872336272719330e+00 4.366341618642821665e-02
6.089973244419446985e+00 4.755898173578736871e-02
7.399983804321420777e+00 5.289541482533215849e-02
8.991789964660114265e+00 5.975324693098840734e-02
1.092600861117377953e+01 6.522289551006209274e-02
1.327629589221125350e+01 7.254231052794657408e-02
1.613215208683695323e+01 8.084109700035332913e-02
1.960232982646277122e+01 1.709468130322857604e+00
2.381897545702918961e+01 1.020793614158091861e-01
2.894266124716748934e+01 1.171071508203409689e-01
3.516850007169744430e+01 1.371276915405415242e-01
4.273357542109315688e+01 1.649730136165629690e-01
5.192596967591166646e+01 2.051075605060103391e-01
6.309573444801932851e+01 2.632089474205946411e-01
