1.000000000000000021e-02 5.569934080119629982e+01
1.193776641714436315e-02 4.310312538806022786e+01
1.425102670302997795e-02 3.567432691632618003e+01
1.701254279852589327e-02 3.124723482695665666e+01
2.030917620904735751e-02 2.877262126724045999e+01
2.424462017082328405e-02 2.770904532839543322e+01
2.894266124716751709e-02 2.784792295476322721e+01
3.455107294592219686e-02 2.942344061944358558e+01
4.124626382901352278e-02 3.288348349020648698e+01
4.923882631706739260e-02 3.915106169302780614e+01
5.878016072274912240e-02 5.043446074696543491e+01
7.017038286703829175e-02 7.350116922941761288e+01
8.376776400682919843e-02 1.351843995422715921e+02
1.000000000000000056e-01 1.323961795104708585e+02
1.193776641714437009e-01 2.263247593159504589e+01
1.425102670302998420e-01 1.031108972857947492e+01
1.701254279852589257e-01 6.482307898350560649e+00
2.030917620904735821e-01 4.698410467891592113e+00
2.424462017082328336e-01 3.745259961358553991e+00
2.894266124716751709e-01 3.171772862173118490e+00
3.455107294592220102e-01 2.902369716126722121e+00
4.124626382901352417e-01 2.577072066774677594e+00
4.923882631706741342e-01 2.400387505780650521e+00
5.878016072274915294e-01 2.296147789970374387e+00
7.017038286703829453e-01 2.254654926922905922e+00
8.376776400682920398e-01 2.278130824651442676e+00
1.000000000000000000e+00 2.344176563190423668e+00
1.193776641714436870e+00 2.432528536166415289e+00
1.425102670302999197e+00 2.610092703755834354e+00
1.701254279852589146e+00 2.847499156465349124e+00
2.030917620904737042e+00 3.175803262260587623e+00
2.424462017082328114e+00 3.613695945073214233e+00
2.894266124716751598e+00 4.168115330430288701e+00
3.455107294592221656e+00 4.925233288924236952e+00
4.124626382901352528e+00 5.935655533924464322e+00
4.923882631706741897e+00 7.229521721403679990e+00
5.878016072274911963e+00 9.007197001908771483e+00
7.017038286703829897e+00 1.142381037893382789e+01
8.376776400682924617e+00 1.468877862050414684e+01
1.000000000000000000e+01 1.917580341385764697e+01
