3.162277660168379134e-02 2.562905671283673215e+01
3.665241237079627790e-02 2.275961865790778305e+01
4.248201698162612505e-02 2.178010452682300979e+01
4.923882631706739260e-02 2.255035650174383122e+01
5.707031326057167286e-02 2.551547579550165423e+01
6.614740641230149043e-02 3.224566457821687493e+01
7.666822074546214560e-02 4.824649759711248009e+01
8.886238162743402558e-02 1.070018209288885629e+02
1.029960365809989981e-01 1.399199018329871933e+02
1.193776641714436315e-01 5.739552238804775897e+01
1.383648068032459488e-01 2.436596698429588059e+01
1.603718743751330056e-01 1.349156098657917546e+01
1.858791891146563680e-01 8.547884933046754341e+00
2.154434690031883370e-01 5.911033229518269927e+00
2.497099786006540811e-01 4.357468925265389537e+00
2.894266124716750044e-01 3.380454101444233306e+00
3.354602185954043136e-01 2.733513853340969746e+00
3.888155180308087155e-01 2.296749337588753104e+00
4.506570337745472998e-01 2.022530607710455453e+00
5.223345074266840804e-01 1.778846602441861657e+00
6.054123584037268690e-01 1.627009872191790496e+00
7.017038286703826122e-01 1.535030527447792448e+00
8.133105582266927369e-01 4.709247060166620535e+00
9.426684551178848848e-01 5.245257679072863333e+00
1.092600861117377864e+00 1.443225288313467525e+00
1.266380173467402726e+00 5.322173043664330194e+00
1.467799267622069026e+00 1.490509394246256614e+00
1.701254279852588258e+00 5.729987035648617777e+00
1.971840556512642006e+00 1.729814641002016762e+00
2.285463864134989365e+00 1.855217460161795673e+00
2.648969287610527079e+00 1.923499321310000454e+00
3.070290629757848055e+00 2.090514289189597807e+00
3.558623573050965661e+00 2.407921224229249368e+00
4.124626382901348087e+00 2.591060346271289117e+00
4.780652533007380356e+00 2.929987327807263231e+00
5.541020330009492234e+00 3.332743014079706967e+00
6.422325422229356207e+00 3.875226205057613615e+00
7.443803013251680589e+00 4.487673648335450238e+00
8.627747685955865720e+00 5.301186151129492430e+00
1.000000000000000000e+01 6.363093122497153864e+00
