1.000000000000000021e-02 4.675797432725717329e+01
1.193776641714436315e-02 3.290456985258084899e+01
1.425102670302997795e-02 2.501174084931962938e+01
1.701254279852589327e-02 2.034578411945124543e+01
2.030917620904735751e-02 1.755312398987528155e+01
2.424462017082328405e-02 1.587708180248788992e+01
2.894266124716751709e-02 1.499117608801846835e+01
3.455107294592219686e-02 1.464714871629145421e+01
4.124626382901352278e-02 1.479701751332965287e+01
4.923882631706739260e-02 1.551559282470116941e+01
5.878016072274912240e-02 1.721992494795200912e+01
7.017038286703829175e-02 2.134244057706748876e+01
8.376776400682919843e-02 3.527791799971252829e+01
1.000000000000000056e-01 1.365270954516394113e+02
1.193776641714437009e-01 1.202088755314097455e+02
1.425102670302998420e-01 5.991653270497376838e+01
1.701254279852589257e-01 3.999988567581183929e+01
2.030917620904735821e-01 3.022514960665105122e+01
2.424462017082328336e-01 2.455417174798125401e+01
2.894266124716751709e-01 2.096284694340975108e+01
3.455107294592220102e-01 1.857198686116148423e+01
4.124626382901352417e-01 1.694204731017747889e+01
4.923882631706741342e-01 1.584168675720397879e+01
5.878016072274915294e-01 1.515110129772026504e+01
7.017038286703829453e-01 1.481200137511596537e+01
8.376776400682920398e-01 1.479833007602758776e+01
1.000000000000000000e+00 1.509883148665133490e+01
1.193776641714436870e+00 1.570835954216009078e+01
1.425102670302999197e+00 1.662847943421005326e+01
1.701254279852589146e+00 1.787837949698906570e+01
2.030917620904737042e+00 1.951221924286683418e+01
2.424462017082328114e+00 2.163532459220046533e+01
2.894266124716751598e+00 2.441515519866263162e+01
3.455107294592221656e+00 2.809117735417037665e+01
4.124626382901352528e+00 3.299164602081832953e+01
4.923882631706741897e+00 3.956345010051454381e+01
5.878016072274911963e+00 4.841930167831754517e+01
7.017038286703829897e+00 6.040687385132928000e+01
8.376776400682924617e+00 7.670712563594376832e+01
1.000000000000000000e+01 9.897350550757951737e+01
