3.162277660168379134e-02 2.780163179655204786e+01
3.665241237079627790e-02 2.459482928631254239e+01
4.248201698162612505e-02 2.316702502163774824e+01
4.923882631706739260e-02 2.321091281583219512e+01
5.707031326057167286e-02 2.501577832628760945e+01
6.614740641230149043e-02 2.967075778710542266e+01
7.666822074546214560e-02 4.121097141374441009e+01
8.886238162743402558e-02 8.440695825175853884e+01
1.029960365809989981e-01 1.436853733188327737e+02
1.193776641714436315e-01 8.091910203693608139e+01
1.383648068032459488e-01 3.718180585830081952e+01
1.603718743751330056e-01 2.202091795190027668e+01
1.858791891146563680e-01 1.474767652624133518e+01
2.154434690031883370e-01 1.066087586792336772e+01
2.497099786006540811e-01 8.144993511073517212e+00
2.894266124716750044e-01 6.492490643097263536e+00
3.354602185954043136e-01 5.353658649870482122e+00
3.888155180308087155e-01 4.541983417004375134e+00
4.506570337745472998e-01 3.951182739314712755e+00
5.223345074266840804e-01 3.519578294132572172e+00
6.054123584037268690e-01 3.209963217154443438e+00
7.017038286703826122e-01 2.995672440804117986e+00
8.133105582266927369e-01 2.859556242374019508e+00
9.426684551178848848e-01 2.788810576251658180e+00
1.092600861117377864e+00 2.775508619223793882e+00
1.266380173467402726e+00 2.812332022134798937e+00
1.467799267622069026e+00 2.896347127451992076e+00
1.701254279852588258e+00 3.027246708787006302e+00
1.971840556512642006e+00 3.208281906894133950e+00
2.285463864134989365e+00 3.439341190831245232e+00
2.648969287610527079e+00 3.733600172223620728e+00
3.070290629757848055e+00 4.099108125504004718e+00
3.558623573050965661e+00 4.554583959245533720e+00
4.124626382901348087e+00 5.114957556649367021e+00
4.780652533007380356e+00 5.812249143469750301e+00
5.541020330009492234e+00 6.677163831249151471e+00
6.422325422229356207e+00 7.759666714871960025e+00
7.443803013251680589e+00 9.122290127383916314e+00
8.627747685955865720e+00 1.084564768727340933e+01
1.000000000000000000e+01 1.303761517957667238e+01
