1.000000000000000021e-02 1.620408238442618298e+01
1.193776641714436315e-02 1.239504684970753523e+01
1.425102670302997795e-02 1.019393282350613816e+01
1.701254279852589327e-02 8.815595286683210574e+00
2.030917620904735751e-02 7.933422406528261916e+00
2.424462017082328405e-02 7.390302121838913330e+00
2.894266124716751709e-02 7.144690761631120601e+00
3.455107294592219686e-02 7.230591414011635187e+00
4.124626382901352278e-02 7.766451599855116683e+00
4.923882631706739260e-02 9.007225006212209450e+00
5.878016072274912240e-02 1.152751585559694014e+01
7.017038286703829175e-02 1.691175089588758951e+01
8.376776400682919843e-02 3.335627704218367029e+01
1.000000000000000056e-01 5.115070197952389464e+01
1.193776641714437009e-01 1.182097768638883473e+01
1.425102670302998420e-01 4.883851265286093479e+00
1.701254279852589257e-01 2.766811207980797604e+00
2.030917620904735821e-01 1.817734714105882832e+00
2.424462017082328336e-01 1.316399345824497580e+00
2.894266124716751709e-01 1.024844790715169873e+00
3.455107294592220102e-01 8.454788643337277643e-01
4.124626382901352417e-01 7.427671763356570311e-01
4.923882631706741342e-01 6.686196961362850244e-01
5.878016072274915294e-01 6.512306878885836259e-01
7.017038286703829453e-01 6.202472911544442136e-01
8.376776400682920398e-01 6.280970381837441829e-01
1.000000000000000000e+00 6.405696310420886386e-01
1.193776641714436870e+00 6.680211010178789266e-01
1.425102670302999197e+00 7.058419977874129669e-01
1.701254279852589146e+00 7.550066997193080054e-01
2.030917620904737042e+00 8.591977582265228897e-01
2.424462017082328114e+00 8.914281188961666880e-01
2.894266124716751598e+00 9.863185700993358784e-01
3.455107294592221656e+00 1.105800176986330596e+00
4.124626382901352528e+00 1.262375524046915887e+00
4.923882631706741897e+00 1.465160571043431892e+00
5.878016072274911963e+00 1.730450086314847979e+00
7.017038286703829897e+00 2.077621453360304571e+00
8.376776400682924617e+00 2.530740285128465938e+00
1.000000000000000000e+01 3.141723559252155962e+00
