1.000000000000000021e-02 4.422583142702030301e+01
1.193776641714436315e-02 3.201381225786875717e+01
1.425102670302997795e-02 2.357674877091081456e+01
1.701254279852589327e-02 1.789456760818177372e+01
2.030917620904735751e-02 1.405687351101983040e+01
2.424462017082328405e-02 1.145634030743748788e+01
2.894266124716751709e-02 9.725702597132199756e+00
3.455107294592219686e-02 8.665118770395604741e+00
4.124626382901352278e-02 8.208146150853965040e+00
4.923882631706739260e-02 8.441991263137738954e+00
5.878016072274912240e-02 9.739287983250127567e+00
7.017038286703829175e-02 1.335524239306797512e+01
8.376776400682919843e-02 2.572163350686935246e+01
1.000000000000000056e-01 4.540114019397530143e+01
1.193776641714437009e-01 1.416325541350296113e+01
1.425102670302998420e-01 5.714351216013157320e+00
1.701254279852589257e-01 3.152631709227063705e+00
2.030917620904735821e-01 2.028383053108743450e+00
2.424462017082328336e-01 1.450621275343483729e+00
2.894266124716751709e-01 1.122348476982430343e+00
3.455107294592220102e-01 9.187493935083913543e-01
4.124626382901352417e-01 8.017618691245563811e-01
4.923882631706741342e-01 7.203892522515334962e-01
5.878016072274915294e-01 6.947213555349028846e-01
7.017038286703829453e-01 6.743345656954186085e-01
8.376776400682920398e-01 6.511406838756802484e-01
1.000000000000000000e+00 6.739710044097270147e-01
1.193776641714436870e+00 7.030809625387967055e-01
1.425102670302999197e+00 7.445441617317625216e-01
1.701254279852589146e+00 8.131190823362723918e-01
2.030917620904737042e+00 8.995379462589404573e-01
2.424462017082328114e+00 1.024264134430400874e+00
2.894266124716751598e+00 1.160915665227579607e+00
3.455107294592221656e+00 1.357178948717618683e+00
4.124626382901352528e+00 1.607905442412134178e+00
4.923882631706741897e+00 1.940242912630115946e+00
5.878016072274911963e+00 2.366962843039839282e+00
7.017038286703829897e+00 2.935768831549019797e+00
8.376776400682924617e+00 3.690432109894610235e+00
1.000000000000000000e+01 4.708255801566754606e+00
