3.162277660168379412e-01 3.473583317225829026e-01
3.665241237079627790e-01 2.325567307640864778e-01
4.248201698162611950e-01 1.630587642466109766e-01
4.923882631706739121e-01 1.260525884343054182e-01
5.707031326057167009e-01 9.472385180487913336e-02
6.614740641230149043e-01 7.844016747906218390e-02
7.666822074546214560e-01 6.420240688865763712e-02
8.886238162743402835e-01 5.872708327163991132e-02
1.029960365809989842e+00 5.343819249476672306e-02
1.193776641714436426e+00 5.345597164205985463e-02
1.383648068032459433e+00 5.639480163254266543e-02
1.603718743751330056e+00 6.188655078695734502e-02
1.858791891146563513e+00 7.706142034978871735e-02
2.154434690031883370e+00 8.448313636929997983e-02
2.497099786006540700e+00 1.015093815134134603e-01
2.894266124716750266e+00 1.190942493869622670e-01
3.354602185954043136e+00 1.328606732763903397e-01
3.888155180308087377e+00 1.438290835189441896e-01
4.506570337745473331e+00 1.534761824537684005e-01
5.223345074266840804e+00 1.629244924575451170e-01
6.054123584037268024e+00 1.730941753096243707e-01
7.017038286703826344e+00 1.847801521413169890e-01
8.133105582266926703e+00 1.986883865490788881e-01
9.426684551178849958e+00 2.154527738855843144e-01
1.092600861117377953e+01 2.356453794065363760e-01
1.266380173467402770e+01 2.597873855066997195e-01
1.467799267622068982e+01 2.883667698663526235e-01
1.701254279852588169e+01 3.218684005501289414e-01
1.971840556512641740e+01 3.608200073064538049e-01
2.285463864134989720e+01 4.058602172626435411e-01
2.648969287610526990e+01 4.578243882173782531e-01
3.070290629757848322e+01 5.178406226704953541e-01
3.558623573050965661e+01 5.874142614097590531e-01
4.124626382901347910e+01 6.684640804355644894e-01
4.780652533007380356e+01 7.632664435708967909e-01
5.541020330009492056e+01 8.742573394594909120e-01
6.422325422229356207e+01 1.003639090546149193e+00
7.443803013251681477e+01 1.152738061479284593e+00
8.627747685955866075e+01 1.321040437262845479e+00
1.000000000000000000e+02 1.504925808386868180e+00
