1.000000000000000021e-02 4.004437548807586467e+01
1.193776641714436315e-02 2.884825422983604426e+01
1.425102670302997795e-02 2.177239587125909637e+01
1.701254279852589327e-02 1.707877312932039970e+01
2.030917620904735751e-02 1.384540907761169493e+01
2.424462017082328405e-02 1.167771323686830698e+01
2.894266124716751709e-02 1.024125172688486352e+01
3.455107294592219686e-02 9.383120030632182917e+00
4.124626382901352278e-02 9.004925897597626516e+00
4.923882631706739260e-02 9.141535725292333936e+00
5.878016072274912240e-02 1.008046085822653559e+01
7.017038286703829175e-02 1.258958254951534705e+01
8.376776400682919843e-02 2.143614996972721443e+01
1.000000000000000056e-01 1.368375333876870741e+02
1.193776641714437009e-01 1.311368929286700222e+02
1.425102670302998420e-01 7.834418474434633595e+01
1.701254279852589257e-01 5.016233199870261927e+01
2.030917620904735821e-01 3.602939234014847614e+01
2.424462017082328336e-01 2.755056870214177778e+01
2.894266124716751709e-01 2.196109578047510169e+01
3.455107294592220102e-01 1.810064807336970816e+01
4.124626382901352417e-01 1.540191781866007759e+01
4.923882631706741342e-01 1.355695800342034296e+01
5.878016072274915294e-01 1.238947723655021882e+01
7.017038286703829453e-01 1.179973213499895301e+01
8.376776400682920398e-01 1.173565915580056895e+01
1.000000000000000000e+00 1.217309556094010681e+01
1.193776641714436870e+00 1.309961874950827010e+01
1.425102670302999197e+00 1.450444522332898956e+01
1.701254279852589146e+00 1.638179007869966242e+01
2.030917620904737042e+00 1.875221830093990860e+01
2.424462017082328114e+00 2.169434615166375124e+01
2.894266124716751598e+00 2.537228433394902183e+01
3.455107294592221656e+00 3.005351857190261100e+01
4.124626382901352528e+00 3.612640271076669762e+01
4.923882631706741897e+00 4.413007153319426834e+01
5.878016072274911963e+00 5.480615789735252008e+01
7.017038286703829897e+00 6.917900311282555492e+01
8.376776400682924617e+00 8.867271514714792602e+01
1.000000000000000000e+01 1.152782655991949241e+02
