1.000000000000000021e-02 2.049213846526817040e+00
1.266380173467403399e-02 1.271705276183161981e+00
1.603718743751330125e-02 8.845389742777357567e-01
2.030917620904735751e-02 6.807547764134679324e-01
2.571913809059344497e-02 5.701310022560820423e-01
3.257020655659782771e-02 5.228093666659855421e-01
4.124626382901352278e-02 5.240723159854617785e-01
5.223345074266843441e-02 5.790046174209085850e-01
6.614740641230149043e-02 7.358618740746997178e-01
8.376776400682915680e-02 1.362824481038069635e+00
1.060818355139448305e-01 6.020799064900127284e+00
1.343399332598900209e-01 2.488344835812039690e+00
1.701254279852589257e-01 1.335586157359241133e+00
2.154434690031883370e-01 9.018158366117472458e-01
2.728333376486767881e-01 6.718282808565584352e-01
3.455107294592218437e-01 5.251809811032356334e-01
4.375479375074184385e-01 4.235617310197497543e-01
5.541020330009491790e-01 3.503847345914294364e-01
7.017038286703826122e-01 2.929349727336775233e-01
8.886238162743402835e-01 2.447076029563808319e-01
1.125335582600764495e+00 2.049998559772271689e-01
1.425102670302997865e+00 1.740289196943687333e-01
1.804721766827170226e+00 1.515022263200123120e-01
2.285463864134990697e+00 1.368577126452415471e-01
2.894266124716751598e+00 1.294876983175424767e-01
3.665241237079626124e+00 1.289175453905667956e-01
4.641588833612777520e+00 1.349031483576682011e-01
5.878016072274911963e+00 1.474043250220915535e-01
7.443803013251688583e+00 1.665232236069259797e-01
9.426684551178853511e+00 1.925805865244922810e-01
1.193776641714435804e+01 2.264495517527647106e-01
1.511775070615661498e+01 2.699921344714402704e-01
1.914481976169957633e+01 3.262761159632546759e-01
2.424462017082328202e+01 3.996157884847347797e-01
3.070290629757849743e+01 4.958111493677318515e-01
3.888155180308085335e+01 6.229751197882125169e-01
4.923882631706736390e+01 7.927009956148102221e-01
6.235507341273912374e+01 1.020269605655123479e+00
7.896522868499724268e+01 1.321612121050206312e+00
1.000000000000000000e+02 1.702931433853802190e+00
