1.000000000000000021e-02 1.907378619252911855e+00
1.266380173467403399e-02 1.245288509477073813e+00
1.603718743751330125e-02 8.774858817840273106e-01
2.030917620904735751e-02 6.583192877407649801e-01
2.571913809059344497e-02 5.294565898130751957e-01
3.257020655659782771e-02 4.912010167636318592e+00
4.124626382901352278e-02 4.286570614218943032e-01
5.223345074266843441e-02 4.509720570962022279e+00
6.614740641230149043e-02 5.450128890539939208e-01
8.376776400682915680e-02 1.019175406428098452e+00
1.060818355139448305e-01 6.431867849548986271e+00
1.343399332598900209e-01 4.415695254436500683e+00
1.701254279852589257e-01 2.260038502698765495e+00
2.154434690031883370e-01 1.385948813444509931e+00
2.728333376486767881e-01 8.830583031462549970e-01
3.455107294592218437e-01 5.397145691652857069e-01
4.375479375074184385e-01 2.829416311675828632e-01
5.541020330009491790e-01 1.433887724200954839e-01
7.017038286703826122e-01 2.143806829091070565e+00
8.886238162743402835e-01 6.275250601176322884e-02
1.125335582600764495e+00 5.532365244780942937e-02
1.425102670302997865e+00 4.114289797941965421e-02
1.804721766827170226e+00 3.870413598538295641e-02
2.285463864134990697e+00 3.681907762272189355e-02
2.894266124716751598e+00 3.743769111228792412e-02
3.665241237079626124e+00 4.010302122581362733e-02
4.641588833612777520e+00 4.374411269750955872e-02
5.878016072274911963e+00 4.904285620058990158e-02
7.443803013251688583e+00 5.524687175562826430e-02
9.426684551178853511e+00 6.251506687256865036e-02
1.193776641714435804e+01 7.166607029001184626e-02
1.511775070615661498e+01 8.039972632767034000e-02
1.914481976169957633e+01 9.194437393554946714e-02
2.424462017082328202e+01 1.061173591932348809e-01
3.070290629757849743e+01 1.254751526437445086e-01
3.888155180308085335e+01 1.539497310043702327e-01
4.923882631706736390e+01 1.972963584179340257e-01
6.235507341273912374e+01 2.646730033994496023e-01
7.896522868499724268e+01 3.753462147338226806e-01
1.000000000000000000e+02 5.621803776039262512e-01
