3.162277660168379134e-02 2.333625805850596091e+00
3.842513346254321227e-02 2.328027203289849023e+00
4.669074130371086984e-02 2.720830926699030705e+00
5.673435918225600005e-02 3.616509001823500213e+00
6.893845379073933188e-02 5.195098993770836948e+00
8.376776400682915680e-02 9.667304617488088780e+00
1.017869984146125700e-01 9.955833625445785984e+00
1.236823397292983878e-01 1.630493614807542624e+00
1.502875750260604659e-01 6.901917793404140911e-01
1.826158468270260848e-01 3.881038039738580192e-01
2.218982341458970720e-01 2.456190509231596930e-01
2.696306326783701746e-01 1.679050320381479111e-01
3.276307193627228664e-01 2.807523189475112257e+00
3.981071705534971472e-01 2.366003112450400181e+00
4.837437696757803662e-01 2.247127565390823811e+00
5.878016072274911963e-01 2.077253543833618821e+00
7.142432649639980369e-01 4.282287751682656296e-02
8.678837132695964574e-01 3.817419752955381745e-02
1.054573667973740303e+00 3.692989033420929906e-02
1.281422388944083446e+00 1.565507115137317440e+00
1.557068404753729984e+00 4.224837904436805347e-02
1.892008472772299665e+00 5.041560328168958466e-02
2.298997301668542992e+00 6.496169915644398052e-02
2.793533257985219453e+00 8.468962461173025480e-02
3.394448552769389948e+00 1.053725275375532594e-01
4.124626382901348087e+00 1.220548079419347953e-01
5.011872336272719330e+00 1.368583625152297867e-01
6.089973244419446985e+00 1.518652661894965283e-01
7.399983804321420777e+00 1.688492370780934893e-01
8.991789964660114265e+00 1.893834293442425154e-01
1.092600861117377953e+01 2.148600533171774185e-01
1.327629589221125350e+01 2.465056757073240956e-01
1.613215208683695323e+01 2.854366342563345316e-01
1.960232982646277122e+01 3.327793282308331713e-01
2.381897545702918961e+01 3.898884127759381091e-01
2.894266124716748934e+01 4.586617750695540785e-01
3.516850007169744430e+01 5.418896184842876274e-01
4.273357542109315688e+01 6.434923769143207073e-01
5.192596967591166646e+01 7.683870463156000641e-01
6.309573444801932851e+01 9.216504732792457633e-01
