3.162277660168379412e-01 3.595738642802874807e-01
3.665241237079627790e-01 2.573439975968243032e-01
4.248201698162611950e-01 1.871995735591286403e-01
4.923882631706739121e-01 1.527624760940657078e-01
5.707031326057167009e-01 1.352615342708774759e-01
6.614740641230149043e-01 1.281231188943222910e-01
7.666822074546214560e-01 2.635305092040725494e+00
8.886238162743402835e-01 1.317537038606360345e-01
1.029960365809989842e+00 1.357293437688903148e-01
1.193776641714436426e+00 1.355344721554316845e-01
1.383648068032459433e+00 1.327972245217304004e-01
1.603718743751330056e+00 1.293115962479316483e-01
1.858791891146563513e+00 1.260503996725318709e-01
2.154434690031883370e+00 1.236139811474462058e-01
2.497099786006540700e+00 1.224143038083783386e-01
2.894266124716750266e+00 1.227573819387284687e-01
3.354602185954043136e+00 1.248865042033191902e-01
3.888155180308087377e+00 1.290083351960229219e-01
4.506570337745473331e+00 1.353073150023591797e-01
5.223345074266840804e+00 1.439515292742945818e-01
6.054123584037268024e+00 1.550946738937871439e-01
7.017038286703826344e+00 1.688824515789286718e-01
8.133105582266926703e+00 1.854730344948082865e-01
9.426684551178849958e+00 2.050763516184662683e-01
1.092600861117377953e+01 2.280072735983917631e-01
1.266380173467402770e+01 2.547374130171190520e-01
1.467799267622068982e+01 2.859299566897267608e-01
1.701254279852588169e+01 3.224524852821942233e-01
1.971840556512641740e+01 3.653773243982707530e-01
2.285463864134989720e+01 4.159895953068635244e-01
2.648969287610526990e+01 4.758267288255268457e-01
3.070290629757848322e+01 5.467640361738211885e-01
3.558623573050965661e+01 6.311447253152270287e-01
4.124626382901347910e+01 7.319205823211849538e-01
4.780652533007380356e+01 8.527379537512720376e-01
5.541020330009492056e+01 9.978816818719025150e-01
6.422325422229356207e+01 1.171974601043121345e+00
7.443803013251681477e+01 1.379271009699681860e+00
8.627747685955866075e+01 1.622274558729545513e+00
1.000000000000000000e+02 1.899333342934079294e+00
