1.000000000000000021e-02 1.639203447968001015e+01
1.193776641714436315e-02 1.158582701055956754e+01
1.425102670302997795e-02 8.492744113180137333e+00
1.701254279852589327e-02 6.410751168571677816e+00
2.030917620904735751e-02 5.024668714059501440e+00
2.424462017082328405e-02 4.039474028855722487e+00
2.894266124716751709e-02 3.433798222872859185e+00
3.455107294592219686e-02 3.063993176132330465e+00
4.124626382901352278e-02 2.914744778377329926e+00
4.923882631706739260e-02 3.908551779941253912e+00
5.878016072274912240e-02 3.217674618448504109e+00
7.017038286703829175e-02 4.042247460207544663e+00
8.376776400682919843e-02 6.887063964232269520e+00
1.000000000000000056e-01 5.701565259661513352e+01
1.193776641714437009e-01 5.382491556255056508e+01
1.425102670302998420e-01 2.733709674262282974e+01
1.701254279852589257e-01 1.688523432390487855e+01
2.030917620904735821e-01 1.180875617931035748e+01
2.424462017082328336e-01 8.879254708633670390e+00
2.894266124716751709e-01 7.025638974091434896e+00
3.455107294592220102e-01 5.793678388288664216e+00
4.124626382901352417e-01 4.959705582306109584e+00
4.923882631706741342e-01 4.402076477469663907e+00
5.878016072274915294e-01 4.049841596969744550e+00
7.017038286703829453e-01 3.859546373465716940e+00
8.376776400682920398e-01 3.803376723329578102e+00
1.000000000000000000e+00 3.862145455840025221e+00
1.193776641714436870e+00 4.021210308344090656e+00
1.425102670302999197e+00 4.268673451472637659e+00
1.701254279852589146e+00 4.596180735917394955e+00
2.030917620904737042e+00 5.001431923436357785e+00
2.424462017082328114e+00 5.490820635337564148e+00
2.894266124716751598e+00 6.080736981436462685e+00
3.455107294592221656e+00 6.798302585574760748e+00
4.124626382901352528e+00 7.682836770683482364e+00
4.923882631706741897e+00 8.789684613476142161e+00
5.878016072274911963e+00 1.019574447053292943e+01
7.017038286703829897e+00 1.200796569514743162e+01
8.376776400682924617e+00 1.437434730999623156e+01
1.000000000000000000e+01 1.749937257566292104e+01
