1.000000000000000021e-02 5.984861388199868770e+01
1.193776641714436315e-02 4.497364746845136096e+01
1.425102670302997795e-02 3.546577149825032649e+01
1.701254279852589327e-02 2.917423165993225709e+01
2.030917620904735751e-02 2.506335740801538492e+01
2.424462017082328405e-02 2.258710260179233131e+01
2.894266124716751709e-02 2.148157038006297270e+01
3.455107294592219686e-02 2.171552148218702172e+01
4.124626382901352278e-02 2.351095186965861572e+01
4.923882631706739260e-02 2.750726056683065934e+01
5.878016072274912240e-02 3.542888638252817657e+01
7.017038286703829175e-02 5.257569964206948043e+01
8.376776400682919843e-02 1.055594865660813468e+02
1.000000000000000056e-01 1.323557873043200175e+02
1.193776641714437009e-01 3.054343176264552540e+01
1.425102670302998420e-01 1.323439172543852216e+01
1.701254279852589257e-01 7.930743819176655052e+00
2.030917620904735821e-01 5.534106848353511410e+00
2.424462017082328336e-01 4.230855784261617458e+00
2.894266124716751709e-01 3.496214111091679122e+00
3.455107294592220102e-01 2.948989669416739456e+00
4.124626382901352417e-01 2.640990541588482898e+00
4.923882631706741342e-01 2.383672066818735225e+00
5.878016072274915294e-01 2.227323539272985098e+00
7.017038286703829453e-01 2.136093456408113322e+00
8.376776400682920398e-01 2.083894612421167913e+00
1.000000000000000000e+00 2.082754758117153937e+00
1.193776641714436870e+00 2.126894293656765633e+00
1.425102670302999197e+00 2.217547486463224971e+00
1.701254279852589146e+00 2.379406803995611774e+00
2.030917620904737042e+00 2.587034316252761812e+00
2.424462017082328114e+00 2.900975645820643045e+00
2.894266124716751598e+00 3.339581564811455738e+00
3.455107294592221656e+00 3.906561032494863639e+00
4.124626382901352528e+00 4.702666411073584740e+00
4.923882631706741897e+00 5.765764929232452651e+00
5.878016072274911963e+00 7.231257973336939315e+00
7.017038286703829897e+00 9.215091107087330258e+00
8.376776400682924617e+00 1.194922411277716279e+01
1.000000000000000000e+01 1.566965938464599084e+01
