1.000000000000000021e-02 1.193467845540663319e+02
1.193776641714436315e-02 8.573440530768858991e+01
1.425102670302997795e-02 6.529408330937204141e+01
1.701254279852589327e-02 5.287845790631305221e+01
2.030917620904735751e-02 4.554611772829207439e+01
2.424462017082328405e-02 4.167930098083454027e+01
2.894266124716751709e-02 4.044259912841418725e+01
3.455107294592219686e-02 4.151224946098134438e+01
4.124626382901352278e-02 4.502046801852007718e+01
4.923882631706739260e-02 5.178007966416559782e+01
5.878016072274912240e-02 6.420186696657705738e+01
7.017038286703829175e-02 9.008933522763717860e+01
8.376776400682919843e-02 1.263344333513063731e+02
1.000000000000000056e-01 1.199186300840431443e+02
1.193776641714437009e-01 1.629768633165212322e+01
1.425102670302998420e-01 7.539359933367160593e+00
1.701254279852589257e-01 4.743588527532296872e+00
2.030917620904735821e-01 3.470900142908766473e+00
2.424462017082328336e-01 2.808723032389150109e+00
2.894266124716751709e-01 2.342759793786137745e+00
3.455107294592220102e-01 2.213675796990487221e+00
4.124626382901352417e-01 2.006192749114858120e+00
4.923882631706741342e-01 1.971515180921195265e+00
5.878016072274915294e-01 2.049000141453696244e+00
7.017038286703829453e-01 2.244486931556644471e+00
8.376776400682920398e-01 2.526333807957618749e+00
1.000000000000000000e+00 2.945900253295817173e+00
1.193776641714436870e+00 3.622919465902231906e+00
1.425102670302999197e+00 4.614058441109510689e+00
1.701254279852589146e+00 6.044143276706397394e+00
2.030917620904737042e+00 8.041221253338031616e+00
2.424462017082328114e+00 1.072352088602247022e+01
2.894266124716751598e+00 1.405950433297202018e+01
3.455107294592221656e+00 1.813233641130980089e+01
4.124626382901352528e+00 2.325681145307650510e+01
4.923882631706741897e+00 2.987695325593939089e+01
5.878016072274911963e+00 3.860788598367791025e+01
7.017038286703829897e+00 5.030100813852303077e+01
8.376776400682924617e+00 6.614068626963037900e+01
1.000000000000000000e+01 8.778324626431555089e+01
