1.000000000000000021e-02 2.614099158686460811e+00
1.266380173467403399e-02 1.745636535905793929e+00
1.603718743751330125e-02 1.236743134869126237e+00
2.030917620904735751e-02 9.288415984383161517e-01
2.571913809059344497e-02 7.578583286211626469e-01
3.257020655659782771e-02 6.954367733727601086e-01
4.124626382901352278e-02 7.452898121813426036e-01
5.223345074266843441e-02 9.695660484403820778e-01
6.614740641230149043e-02 1.596333881542946420e+00
8.376776400682915680e-02 3.913800692048404084e+00
1.060818355139448305e-01 3.822840619672542850e+00
1.343399332598900209e-01 5.954207042742535316e-01
1.701254279852589257e-01 2.751657466792801765e-01
2.154434690031883370e-01 1.700029770629768178e-01
2.728333376486767881e-01 2.426077237158608124e+00
3.455107294592218437e-01 2.148631877660693856e+00
4.375479375074184385e-01 1.840242602044586118e+00
5.541020330009491790e-01 5.306150680966521815e-02
7.017038286703826122e-01 1.508669590465994137e+00
8.886238162743402835e-01 3.817158434025660213e-02
1.125335582600764495e+00 3.523892549681996444e-02
1.425102670302997865e+00 3.429697817237780527e-02
1.804721766827170226e+00 3.522217079077455404e-02
2.285463864134990697e+00 3.802844798332145893e-02
2.894266124716751598e+00 4.307687033308730401e-02
3.665241237079626124e+00 5.145735463661588877e-02
4.641588833612777520e+00 6.504296527244608772e-02
5.878016072274911963e+00 8.701525627059976398e-02
7.443803013251688583e+00 1.196334189765984046e-01
9.426684551178853511e+00 1.626886541777478323e-01
1.193776641714435804e+01 2.161260767083352796e-01
1.511775070615661498e+01 2.792686499772062958e-01
1.914481976169957633e+01 3.527632018699362604e-01
2.424462017082328202e+01 4.400866244984758535e-01
3.070290629757849743e+01 5.478767047558271708e-01
3.888155180308085335e+01 6.856745889525921456e-01
4.923882631706736390e+01 8.656249194702924088e-01
6.235507341273912374e+01 1.101758753228416321e+00
7.896522868499724268e+01 1.408095759188884299e+00
1.000000000000000000e+02 1.791225198573160871e+00
