1.000000000000000021e-02 7.554693412529316809e+00
1.266380173467403399e-02 4.751734497090159159e+00
1.603718743751330125e-02 3.224149190187959757e+00
2.030917620904735751e-02 2.344742610105928549e+00
2.571913809059344497e-02 1.808310321826006595e+00
3.257020655659782771e-02 1.466716675067692766e+00
4.124626382901352278e-02 1.246619670463195773e+00
5.223345074266843441e-02 1.115152156563593122e+00
6.614740641230149043e-02 1.111984430444825644e+00
8.376776400682915680e-02 1.671798306809789469e+00
1.060818355139448305e-01 5.856193125599017613e+00
1.343399332598900209e-01 2.581278196199110031e+00
1.701254279852589257e-01 1.419889673388896822e+00
2.154434690031883370e-01 9.485433585706644077e-01
2.728333376486767881e-01 6.795198579855384891e-01
3.455107294592218437e-01 4.961654417272163831e-01
4.375479375074184385e-01 3.553137624660452354e-01
5.541020330009491790e-01 2.355594333890863867e-01
7.017038286703826122e-01 1.325357067732117755e-01
8.886238162743402835e-01 7.601278978033322586e-02
1.125335582600764495e+00 1.513505068681656018e+00
1.425102670302997865e+00 1.442188974815213243e+00
1.804721766827170226e+00 2.939143329619749515e-02
2.285463864134990697e+00 2.587478656356007045e-02
2.894266124716751598e+00 2.315207238009295634e-02
3.665241237079626124e+00 4.254490466364449830e+00
4.641588833612777520e+00 2.908972974226141719e-02
5.878016072274911963e+00 1.513933061788103052e+00
7.443803013251688583e+00 2.721405542381183373e-02
9.426684551178853511e+00 1.650106814942860378e+00
1.193776641714435804e+01 1.553812969052898341e+00
1.511775070615661498e+01 1.726015753679662312e+00
1.914481976169957633e+01 1.717224508206177891e+00
2.424462017082328202e+01 1.988874023902003740e+00
3.070290629757849743e+01 8.882017561363160507e-02
3.888155180308085335e+01 9.615943809097287076e-01
4.923882631706736390e+01 1.641224216712091066e-01
6.235507341273912374e+01 2.311198758592931668e-01
7.896522868499724268e+01 3.292394632099605034e-01
1.000000000000000000e+02 4.494191679643462778e-01
