1.000000000000000021e-02 1.883069143919589239e+00
1.266380173467403399e-02 1.380406063207487044e+00
1.603718743751330125e-02 1.160167656798596569e+00
2.030917620904735751e-02 1.071932593981527848e+00
2.571913809059344497e-02 1.058077219694119719e+00
3.257020655659782771e-02 1.105530559863531881e+00
4.124626382901352278e-02 1.231273773656816228e+00
5.223345074266843441e-02 1.516404751306957621e+00
6.614740641230149043e-02 2.207943306939990524e+00
8.376776400682915680e-02 4.836210738778825124e+00
1.060818355139448305e-01 4.871693281347915239e+00
1.343399332598900209e-01 8.484883985055717837e-01
1.701254279852589257e-01 4.035726420722718921e-01
2.154434690031883370e-01 2.394658345587819537e-01
2.728333376486767881e-01 1.579520413059868622e-01
3.455107294592218437e-01 1.104380235569165231e-01
4.375479375074184385e-01 8.290049809648253332e-02
5.541020330009491790e-01 6.947286989173123706e-02
7.017038286703826122e-01 5.606968280867109800e-02
8.886238162743402835e-01 4.397389806485964281e-02
1.125335582600764495e+00 3.986964129070336149e-02
1.425102670302997865e+00 4.784228238746244699e+00
1.804721766827170226e+00 3.674376086332501595e-02
2.285463864134990697e+00 3.634893577324392611e-02
2.894266124716751598e+00 3.702773201110583223e-02
3.665241237079626124e+00 3.879424182534774862e-02
4.641588833612777520e+00 4.161860197251476129e-02
5.878016072274911963e+00 4.574058611706659228e-02
7.443803013251688583e+00 5.181128274470086365e-02
9.426684551178853511e+00 6.069101976492920908e-02
1.193776641714435804e+01 7.348719687324729855e-02
1.511775070615661498e+01 9.204108717498980796e-02
1.914481976169957633e+01 1.192295509512283219e-01
2.424462017082328202e+01 1.594629713377341551e-01
3.070290629757849743e+01 2.205707812507003152e-01
3.888155180308085335e+01 3.138090970473931818e-01
4.923882631706736390e+01 4.475615823888192679e-01
6.235507341273912374e+01 6.320892431389996124e-01
7.896522868499724268e+01 8.780197943685681405e-01
1.000000000000000000e+02 1.192747865155195930e+00
