1.000000000000000021e-02 1.441217993291689980e+00
1.266380173467403399e-02 9.488477927521435928e-01
1.603718743751330125e-02 7.040464424106481767e-01
2.030917620904735751e-02 5.618343501353488811e-01
2.571913809059344497e-02 4.726168267192960015e-01
3.257020655659782771e-02 4.256988356298336829e-01
4.124626382901352278e-02 4.082090965771491553e-01
5.223345074266843441e-02 4.345303575596538015e-01
6.614740641230149043e-02 9.099883320553587396e+00
8.376776400682915680e-02 1.040143866415654372e+00
1.060818355139448305e-01 5.773546581344395356e+00
1.343399332598900209e-01 4.204398445412018681e+00
1.701254279852589257e-01 2.257320512577115856e+00
2.154434690031883370e-01 1.502075471110303040e+00
2.728333376486767881e-01 1.059754506537827989e+00
3.455107294592218437e-01 7.462590158247918160e-01
4.375479375074184385e-01 5.147406058229621051e-01
5.541020330009491790e-01 3.490893468839014191e-01
7.017038286703826122e-01 2.414261545650537855e-01
8.886238162743402835e-01 1.784580581589795545e-01
1.125335582600764495e+00 1.441011714109875219e-01
1.425102670302997865e+00 1.267728062207601480e-01
1.804721766827170226e+00 1.197703235532069782e-01
2.285463864134990697e+00 1.191933767234903546e-01
2.894266124716751598e+00 1.226126238682423569e-01
3.665241237079626124e+00 1.287245624106347075e-01
4.641588833612777520e+00 1.373438155004512995e-01
5.878016072274911963e+00 1.492122127817507027e-01
7.443803013251688583e+00 1.656445605607420879e-01
9.426684551178853511e+00 1.882559416016753584e-01
1.193776641714435804e+01 2.188969522194655348e-01
1.511775070615661498e+01 2.597972500212762381e-01
1.914481976169957633e+01 3.138784969723394935e-01
2.424462017082328202e+01 3.852099523601705267e-01
3.070290629757849743e+01 4.795672403805551487e-01
3.888155180308085335e+01 6.049844900133340975e-01
4.923882631706736390e+01 7.721612769331372972e-01
6.235507341273912374e+01 9.946404586259532943e-01
7.896522868499724268e+01 1.288315476396750148e+00
1.000000000000000000e+02 1.666256386085806174e+00
