1.000000000000000021e-02 5.167637581639318078e+00
1.266380173467403399e-02 3.438602869702890530e+00
1.603718743751330125e-02 2.405640238174204359e+00
2.030917620904735751e-02 1.801527161839343361e+00
2.571913809059344497e-02 1.446941502037894400e+00
3.257020655659782771e-02 1.251762735325764320e+00
4.124626382901352278e-02 1.184726893402054060e+00
5.223345074266843441e-02 1.272868383144673876e+00
6.614740641230149043e-02 1.686085686421033181e+00
8.376776400682915680e-02 3.582447677137456932e+00
1.060818355139448305e-01 4.918344677939892939e+00
1.343399332598900209e-01 9.874224537364817422e-01
1.701254279852589257e-01 4.269508908735316632e-01
2.154434690031883370e-01 2.292640256626641282e-01
2.728333376486767881e-01 1.397924034520148517e-01
3.455107294592218437e-01 1.004978742485671817e-01
4.375479375074184385e-01 6.945702780498401452e-02
5.541020330009491790e-01 5.838690464412959330e-02
7.017038286703826122e-01 5.170469896438870810e-02
8.886238162743402835e-01 5.018124511343237393e-02
1.125335582600764495e+00 5.143499101580158855e-02
1.425102670302997865e+00 5.498997024730691019e-02
1.804721766827170226e+00 6.109691204074235715e-02
2.285463864134990697e+00 7.011829317775275516e-02
2.894266124716751598e+00 8.181617243014553675e-02
3.665241237079626124e+00 9.720054092233132437e-02
4.641588833612777520e+00 1.178073967348493983e-01
5.878016072274911963e+00 1.456957160616470237e-01
7.443803013251688583e+00 1.831185801367667398e-01
9.426684551178853511e+00 2.319200062393354245e-01
1.193776641714435804e+01 2.931296485620269454e-01
1.511775070615661498e+01 3.673741351457938675e-01
1.914481976169957633e+01 4.562286116843174422e-01
2.424462017082328202e+01 5.639430593967088567e-01
3.070290629757849743e+01 6.990099964566915958e-01
3.888155180308085335e+01 8.753386365601039110e-01
4.923882631706736390e+01 1.112539368435392806e+00
6.235507341273912374e+01 1.434398285669557405e+00
7.896522868499724268e+01 1.863596453125029306e+00
1.000000000000000000e+02 2.406283137252998028e+00
