3.162277660168379134e-02 2.988201574327286636e+01
3.665241237079627790e-02 2.673917769085111473e+01
4.248201698162612505e-02 2.526921308134024358e+01
4.923882631706739260e-02 2.515101994469937452e+01
5.707031326057167286e-02 2.664667499570128228e+01
6.614740641230149043e-02 3.078887263740341496e+01
7.666822074546214560e-02 4.136736634745297181e+01
8.886238162743402558e-02 8.154320272858917917e+01
1.029960365809989981e-01 1.584218041470618630e+02
1.193776641714436315e-01 9.331463843505720490e+01
1.383648068032459488e-01 4.453049351979061754e+01
1.603718743751330056e-01 2.752364313404279628e+01
1.858791891146563680e-01 1.937325504590162240e+01
2.154434690031883370e-01 1.485714068499482110e+01
2.497099786006540811e-01 1.215117817634763320e+01
2.894266124716750044e-01 1.045763288599786733e+01
3.354602185954043136e-01 9.374081408611520061e+00
3.888155180308087155e-01 8.677491960735295606e+00
4.506570337745472998e-01 8.237788424126444298e+00
5.223345074266840804e-01 7.978671277714910914e+00
6.054123584037268690e-01 7.857072187782433659e+00
7.017038286703826122e-01 7.850287614618686405e+00
8.133105582266927369e-01 7.946897922552587978e+00
9.426684551178848848e-01 8.140413350096576295e+00
1.092600861117377864e+00 8.425800697681628648e+00
1.266380173467402726e+00 8.798624650546367221e+00
1.467799267622069026e+00 9.256411815511995655e+00
1.701254279852588258e+00 9.800983128146144807e+00
1.971840556512642006e+00 1.044034315904984567e+01
2.285463864134989365e+00 1.118936321373324816e+01
2.648969287610527079e+00 1.206954348426599744e+01
3.070290629757848055e+00 1.310911078059268853e+01
3.558623573050965661e+00 1.434436233711411468e+01
4.124626382901348087e+00 1.582286189719394187e+01
4.780652533007380356e+00 1.760797177313044060e+01
5.541020330009492234e+00 1.978450047905803189e+01
6.422325422229356207e+00 2.246517614102056015e+01
7.443803013251680589e+00 2.579853929655688560e+01
8.627747685955865720e+00 2.997915200512077760e+01
1.000000000000000000e+01 3.526133900988675407e+01
