1.000000000000000021e-02 1.735941057025910395e+00
1.266380173467403399e-02 1.235352682343896502e+00
1.603718743751330125e-02 9.864429839045361081e-01
2.030917620904735751e-02 8.499065629210021955e-01
2.571913809059344497e-02 7.796274506525801007e-01
3.257020655659782771e-02 7.671448348403487882e-01
4.124626382901352278e-02 8.321573261599869431e-01
5.223345074266843441e-02 1.035263947518817451e+00
6.614740641230149043e-02 1.562315928026428713e+00
8.376776400682915680e-02 3.566675395047152808e+00
1.060818355139448305e-01 4.172467257468883695e+00
1.343399332598900209e-01 6.418122703399359308e-01
1.701254279852589257e-01 2.770058497205767356e-01
2.154434690031883370e-01 1.536680708233476855e-01
2.728333376486767881e-01 2.589472704548202664e+00
3.455107294592218437e-01 2.178952926981000626e+00
4.375479375074184385e-01 5.018696180716369915e-02
5.541020330009491790e-01 4.100334071179135426e-02
7.017038286703826122e-01 3.439206288080246671e-02
8.886238162743402835e-01 2.931947463410647034e-02
1.125335582600764495e+00 2.700879614795246436e-02
1.425102670302997865e+00 2.802672473617356594e-02
1.804721766827170226e+00 2.725577827040009254e-02
2.285463864134990697e+00 2.767387309564377576e-02
2.894266124716751598e+00 2.816141696753571289e-02
3.665241237079626124e+00 3.021354303338638983e-02
4.641588833612777520e+00 3.307674425996205703e-02
5.878016072274911963e+00 3.723050841869772476e-02
7.443803013251688583e+00 4.291566343890815954e-02
9.426684551178853511e+00 5.092552707500012932e-02
1.193776641714435804e+01 6.260687438195963739e-02
1.511775070615661498e+01 7.938959904931279510e-02
1.914481976169957633e+01 1.039743094507735721e-01
2.424462017082328202e+01 1.406343779661577142e-01
3.070290629757849743e+01 1.963679543207287881e-01
3.888155180308085335e+01 2.824132941630331795e-01
4.923882631706736390e+01 4.074274244732835615e-01
6.235507341273912374e+01 5.800911117669282913e-01
7.896522868499724268e+01 8.104226670274593536e-01
1.000000000000000000e+02 1.105455179809716970e+00
