3.162277660168379134e-02 2.241867362239488060e+01
3.665241237079627790e-02 1.950408101734502253e+01
4.248201698162612505e-02 1.813481641839562286e+01
4.923882631706739260e-02 1.797577327303435979e+01
5.707031326057167286e-02 1.905351419675238134e+01
6.614740641230149043e-02 2.206259222142554677e+01
7.666822074546214560e-02 2.958047605795879775e+01
8.886238162743402558e-02 5.787618991697802073e+01
1.029960365809989981e-01 1.473079632242676951e+02
1.193776641714436315e-01 1.186650509829399880e+02
1.383648068032459488e-01 5.696358695556498475e+01
1.603718743751330056e-01 3.529092612913439808e+01
1.858791891146563680e-01 2.475432658472538705e+01
2.154434690031883370e-01 1.877211434712765836e+01
2.497099786006540811e-01 1.505333348876611588e+01
2.894266124716750044e-01 1.260434906086131868e+01
3.354602185954043136e-01 1.093073969635054610e+01
3.888155180308087155e-01 9.762279606709098445e+00
4.506570337745472998e-01 8.940766002804428680e+00
5.223345074266840804e-01 8.368389021228638924e+00
6.054123584037268690e-01 7.981683204721139013e+00
7.017038286703826122e-01 7.737604219619107049e+00
8.133105582266927369e-01 7.605865801915095759e+00
9.426684551178848848e-01 7.564872889364155029e+00
1.092600861117377864e+00 7.599585920652505600e+00
1.266380173467402726e+00 7.700638086708639030e+00
1.467799267622069026e+00 7.863957721188555183e+00
1.701254279852588258e+00 8.090581696838038184e+00
1.971840556512642006e+00 8.386330367190122814e+00
2.285463864134989365e+00 8.761467778119719441e+00
2.648969287610527079e+00 9.230608548041738359e+00
3.070290629757848055e+00 9.813264260909813075e+00
3.558623573050965661e+00 1.053523484713586278e+01
4.124626382901348087e+00 1.143069763302607988e+01
4.780652533007380356e+00 1.254502220097051612e+01
5.541020330009492234e+00 1.393810777910774412e+01
6.422325422229356207e+00 1.568848343870866913e+01
7.443803013251680589e+00 1.789869562215565324e+01
8.627747685955865720e+00 2.070244602964728031e+01
1.000000000000000000e+01 2.427438237276583877e+01
