3.162277660168379134e-02 2.876288456912304170e+01
3.665241237079627790e-02 2.600341142356316482e+01
4.248201698162612505e-02 2.514018679896496877e+01
4.923882631706739260e-02 2.597911511053709788e+01
5.707031326057167286e-02 2.892908789887787080e+01
6.614740641230149043e-02 3.551780609194421601e+01
7.666822074546214560e-02 5.111954032324483421e+01
8.886238162743402558e-02 1.084591853074660719e+02
1.029960365809989981e-01 1.360540047225670435e+02
1.193776641714436315e-01 5.847329370002155002e+01
1.383648068032459488e-01 2.622285160572642937e+01
1.603718743751330056e-01 1.542573335256208722e+01
1.858791891146563680e-01 1.044964251966541369e+01
2.154434690031883370e-01 7.770671116201782525e+00
2.497099786006540811e-01 6.179643418044143743e+00
2.894266124716750044e-01 5.166699708760075005e+00
3.354602185954043136e-01 4.485786229215130483e+00
3.888155180308087155e-01 4.009572601771766109e+00
4.506570337745472998e-01 3.673426898468026280e+00
5.223345074266840804e-01 3.438170798797741678e+00
6.054123584037268690e-01 3.280687131572576298e+00
7.017038286703826122e-01 3.188653660333552242e+00
8.133105582266927369e-01 3.150614022058749963e+00
9.426684551178848848e-01 3.159145472651431419e+00
1.092600861117377864e+00 3.206880481745731259e+00
1.266380173467402726e+00 3.290629315967698698e+00
1.467799267622069026e+00 3.406388953359396510e+00
1.701254279852588258e+00 3.554949254967947336e+00
1.971840556512642006e+00 3.737319781990554368e+00
2.285463864134989365e+00 3.961179435244196245e+00
2.648969287610527079e+00 4.234225020687555130e+00
3.070290629757848055e+00 4.570147813733093756e+00
3.558623573050965661e+00 4.985762839200131857e+00
4.124626382901348087e+00 5.502546077892689347e+00
4.780652533007380356e+00 6.147605476084794240e+00
5.541020330009492234e+00 6.957784939780530031e+00
6.422325422229356207e+00 7.977908875632830465e+00
7.443803013251680589e+00 9.269907847537457002e+00
8.627747685955865720e+00 1.091329850221072739e+01
1.000000000000000000e+01 1.300913828636270786e+01
