1.000000000000000021e-02 6.400321308192172864e+01
1.193776641714436315e-02 4.863166365806007008e+01
1.425102670302997795e-02 3.883196907174996682e+01
1.701254279852589327e-02 3.214249280772806117e+01
2.030917620904735751e-02 2.735254703719449410e+01
2.424462017082328405e-02 2.388334287406659939e+01
2.894266124716751709e-02 2.149337787961997748e+01
3.455107294592219686e-02 2.012679613540441537e+01
4.124626382901352278e-02 1.986807336801521728e+01
4.923882631706739260e-02 2.102901823026235562e+01
5.878016072274912240e-02 2.450262329543613049e+01
7.017038286703829175e-02 3.318556508867116861e+01
8.376776400682919843e-02 6.187211968888402680e+01
1.000000000000000056e-01 1.241338081414651242e+02
1.193776641714437009e-01 6.202745933996246919e+01
1.425102670302998420e-01 2.874326732381822325e+01
1.701254279852589257e-01 1.832679771422073856e+01
2.030917620904735821e-01 1.366285509878181514e+01
2.424462017082328336e-01 1.129174393967440260e+01
2.894266124716751709e-01 1.003785027975753863e+01
3.455107294592220102e-01 9.365477657769215369e+00
4.124626382901352417e-01 9.015164889354839062e+00
4.923882631706741342e-01 8.860185552368793793e+00
5.878016072274915294e-01 8.843203463227530037e+00
7.017038286703829453e-01 8.946562692205858980e+00
8.376776400682920398e-01 9.176237682911500215e+00
1.000000000000000000e+00 9.551893878215919287e+00
1.193776641714436870e+00 1.010067782211608822e+01
1.425102670302999197e+00 1.085553416952207151e+01
1.701254279852589146e+00 1.185897136506558880e+01
2.030917620904737042e+00 1.317167101802237639e+01
2.424462017082328114e+00 1.488366304754743297e+01
2.894266124716751598e+00 1.712616048101488175e+01
3.455107294592221656e+00 2.008485431663410736e+01
4.124626382901352528e+00 2.401766839659940800e+01
4.923882631706741897e+00 2.928094847812401369e+01
5.878016072274911963e+00 3.636812822363535957e+01
7.017038286703829897e+00 4.596575093561521896e+01
8.376776400682924617e+00 5.903307549923557929e+01
1.000000000000000000e+01 7.691582189012741821e+01
