1.000000000000000021e-02 2.795232198852975802e+00
1.266380173467403399e-02 1.899944623044597991e+00
1.603718743751330125e-02 1.374346005167357276e+00
2.030917620904735751e-02 1.038549996003360176e+00
2.571913809059344497e-02 8.235427789977266544e-01
3.257020655659782771e-02 7.009318196975355963e-01
4.124626382901352278e-02 6.598616013326435992e-01
5.223345074266843441e-02 7.136125234759791436e-01
6.614740641230149043e-02 9.511269894312367468e-01
8.376776400682915680e-02 2.003036532036258865e+00
1.060818355139448305e-01 5.383823923714689208e+00
1.343399332598900209e-01 1.345481103497182307e+00
1.701254279852589257e-01 6.092382401684103277e-01
2.154434690031883370e-01 3.504660964923860256e-01
2.728333376486767881e-01 2.237296880936688048e-01
3.455107294592218437e-01 1.492688236063201834e-01
4.375479375074184385e-01 1.022391000706163455e-01
5.541020330009491790e-01 1.752818715910117842e+00
7.017038286703826122e-01 1.581798993807387532e+00
8.886238162743402835e-01 1.497506608934485284e+00
1.125335582600764495e+00 4.389975775564873561e-02
1.425102670302997865e+00 4.531054846382389506e-02
1.804721766827170226e+00 5.018247835681121510e-02
2.285463864134990697e+00 5.809882602260554169e-02
2.894266124716751598e+00 6.740661966553065931e-02
3.665241237079626124e+00 7.772006812759003902e-02
4.641588833612777520e+00 8.950664500245220090e-02
5.878016072274911963e+00 1.040672759962694427e-01
7.443803013251688583e+00 1.238466655994629878e-01
9.426684551178853511e+00 1.511582322922204735e-01
1.193776641714435804e+01 1.881233311870310343e-01
1.511775070615661498e+01 2.365026857439111729e-01
1.914481976169957633e+01 2.977225025690892757e-01
2.424462017082328202e+01 3.735865092049955316e-01
3.070290629757849743e+01 4.679154491327966459e-01
3.888155180308085335e+01 5.886130652978787126e-01
4.923882631706736390e+01 7.493161467316615809e-01
6.235507341273912374e+01 9.705661321242432527e-01
7.896522868499724268e+01 1.280528213086650657e+00
1.000000000000000000e+02 1.710303801080558239e+00
