1.000000000000000021e-02 2.849878709313919067e+00
1.266380173467403399e-02 1.968959477224232701e+00
1.603718743751330125e-02 1.475750727264861117e+00
2.030917620904735751e-02 1.193522491519091400e+00
2.571913809059344497e-02 1.051096570275067865e+00
3.257020655659782771e-02 1.022870178688365161e+00
4.124626382901352278e-02 1.119569315958557132e+00
5.223345074266843441e-02 1.408075120064095520e+00
6.614740641230149043e-02 2.148836921092460273e+00
8.376776400682915680e-02 5.015440572721515444e+00
1.060818355139448305e-01 4.634892350526759408e+00
1.343399332598900209e-01 7.551657276441936517e-01
1.701254279852589257e-01 5.444033001472397437e+00
2.154434690031883370e-01 2.071141875660496290e-01
2.728333376486767881e-01 1.345013001759276516e-01
3.455107294592218437e-01 9.657007669174867692e-02
4.375479375074184385e-01 6.872258403097072921e-02
5.541020330009491790e-01 5.181262663620850306e-02
7.017038286703826122e-01 4.710784917627893614e-02
8.886238162743402835e-01 3.838666883099387667e-02
1.125335582600764495e+00 3.476496660466751182e-02
1.425102670302997865e+00 3.363478703134846481e-02
1.804721766827170226e+00 3.520116134166096505e-02
2.285463864134990697e+00 3.867888536610358807e-02
2.894266124716751598e+00 4.435621673022843714e-02
3.665241237079626124e+00 5.428157478308977962e-02
4.641588833612777520e+00 7.017462122370413113e-02
5.878016072274911963e+00 9.556938411008356060e-02
7.443803013251688583e+00 1.325148948585422870e-01
9.426684551178853511e+00 1.802897521805555403e-01
1.193776641714435804e+01 2.384903041907070753e-01
1.511775070615661498e+01 3.062628264329328442e-01
1.914481976169957633e+01 3.844788391635569624e-01
2.424462017082328202e+01 4.771448698202201411e-01
3.070290629757849743e+01 5.915697803523215503e-01
3.888155180308085335e+01 7.380689693043902544e-01
4.923882631706736390e+01 9.296275932180315671e-01
6.235507341273912374e+01 1.181212952122703941e+00
7.896522868499724268e+01 1.507741935755136042e+00
1.000000000000000000e+02 1.916157873979602577e+00
