3.162277660168379134e-02 1.655178344424208348e+01
3.665241237079627790e-02 1.383840265627757127e+01
4.248201698162612505e-02 1.235131276523004473e+01
4.923882631706739260e-02 1.186151546468521367e+01
5.707031326057167286e-02 1.225433218224465648e+01
6.614740641230149043e-02 1.392629060598009616e+01
7.666822074546214560e-02 1.856316048071533231e+01
8.886238162743402558e-02 3.639870384297717720e+01
1.029960365809989981e-01 1.561252736613004402e+02
1.193776641714436315e-01 1.386614656932531773e+02
1.383648068032459488e-01 8.401956960110774730e+01
1.603718743751330056e-01 5.173013379423775859e+01
1.858791891146563680e-01 3.606109612998535852e+01
2.154434690031883370e-01 2.717630813232664977e+01
2.497099786006540811e-01 2.164952751950210441e+01
2.894266124716750044e-01 1.799219239648797952e+01
3.354602185954043136e-01 1.546139741081320906e+01
3.888155180308087155e-01 1.365060559837680998e+01
4.506570337745472998e-01 1.232441102296145097e+01
5.223345074266840804e-01 1.134325503423713499e+01
6.054123584037268690e-01 1.062515482341828132e+01
7.017038286703826122e-01 1.012374311086767342e+01
8.133105582266927369e-01 9.814047705102625585e+00
9.426684551178848848e-01 9.682712683466972337e+00
1.092600861117377864e+00 9.721303874428718572e+00
1.266380173467402726e+00 9.922497983769314800e+00
1.467799267622069026e+00 1.027886253906157954e+01
1.701254279852588258e+00 1.078391772111852731e+01
1.971840556512642006e+00 1.143461866741816380e+01
2.285463864134989365e+00 1.223425791623358627e+01
2.648969287610527079e+00 1.319492697818132854e+01
3.070290629757848055e+00 1.433953092150880870e+01
3.558623573050965661e+00 1.570401698554351810e+01
4.124626382901348087e+00 1.734031364404044240e+01
4.780652533007380356e+00 1.932050171079082901e+01
5.541020330009492234e+00 2.174183676062747139e+01
6.422325422229356207e+00 2.473341237814536342e+01
7.443803013251680589e+00 2.846466149435648418e+01
8.627747685955865720e+00 3.315685888072557219e+01
1.000000000000000000e+01 3.909909834312477273e+01
