3.162277660168379134e-02 1.677567018170419422e+00
3.842513346254321227e-02 1.457490782349032843e+00
4.669074130371086984e-02 1.444163980132104230e+00
5.673435918225600005e-02 1.657854951541011479e+00
6.893845379073933188e-02 2.310487044015875568e+00
8.376776400682915680e-02 4.654338820667992316e+00
1.017869984146125700e-01 9.234147264518334453e+00
1.236823397292983878e-01 2.729723398518947519e+00
1.502875750260604659e-01 1.010657865341896944e+00
1.826158468270260848e-01 5.010690198011146235e-01
2.218982341458970720e-01 2.854710020865393050e-01
2.696306326783701746e-01 1.773671270921067522e-01
3.276307193627228664e-01 1.216778151315303785e-01
3.981071705534971472e-01 2.663626846751981248e+00
4.837437696757803662e-01 6.602215549131933148e-02
5.878016072274911963e-01 5.014555415743507383e-02
7.142432649639980369e-01 4.084801411174244362e-02
8.678837132695964574e-01 3.624096485860047595e-02
1.054573667973740303e+00 3.938084346600952829e-02
1.281422388944083446e+00 2.939602828187220032e-02
1.557068404753729984e+00 2.842609128600249654e-02
1.892008472772299665e+00 2.956097996901233330e-02
2.298997301668542992e+00 2.959979178055625534e-02
2.793533257985219453e+00 3.795153135998066696e-02
3.394448552769389948e+00 3.741942748435785060e-02
4.124626382901348087e+00 3.404423191267308413e-02
5.011872336272719330e+00 3.710402816623152578e-02
6.089973244419446985e+00 4.071059524755461789e-02
7.399983804321420777e+00 4.576813277304087046e-02
8.991789964660114265e+00 5.253379109994688045e-02
1.092600861117377953e+01 6.150252767233054668e-02
1.327629589221125350e+01 7.378140216850691269e-02
1.613215208683695323e+01 9.048061758844085090e-02
1.960232982646277122e+01 1.133944746981985219e-01
2.381897545702918961e+01 1.452111775978336683e-01
2.894266124716748934e+01 1.902101507623761845e-01
3.516850007169744430e+01 2.545001073342717524e-01
4.273357542109315688e+01 3.446688548145374065e-01
5.192596967591166646e+01 4.644209212230894779e-01
6.309573444801932851e+01 6.197923588696833130e-01
