3.162277660168379134e-02 1.573291915954993403e+00
3.842513346254321227e-02 1.428062005495929876e+00
4.669074130371086984e-02 1.511621954538216794e+00
5.673435918225600005e-02 1.875386434603691477e+00
6.893845379073933188e-02 2.782392667869716618e+00
8.376776400682915680e-02 5.680318955506403533e+00
1.017869984146125700e-01 9.406127867199289838e+00
1.236823397292983878e-01 2.735517489359997612e+00
1.502875750260604659e-01 1.161239251763293678e+00
1.826158468270260848e-01 6.714367635061495587e-01
2.218982341458970720e-01 4.444694447318197628e-01
2.696306326783701746e-01 3.135285944236855249e-01
3.276307193627228664e-01 2.280510679777465188e-01
3.981071705534971472e-01 2.317026901753266532e+00
4.837437696757803662e-01 2.328069958459771271e+00
5.878016072274911963e-01 1.021486278073629322e-01
7.142432649639980369e-01 1.985907301684316950e+00
8.678837132695964574e-01 7.003150576591515852e-02
1.054573667973740303e+00 5.804047445211500678e-02
1.281422388944083446e+00 1.637183777855168110e+00
1.557068404753729984e+00 5.102254467412872807e-02
1.892008472772299665e+00 5.106729696067992263e-02
2.298997301668542992e+00 5.296961263076527954e-02
2.793533257985219453e+00 5.692261234010343590e-02
3.394448552769389948e+00 6.347555040593828857e-02
4.124626382901348087e+00 7.360547685202618873e-02
5.011872336272719330e+00 8.887217292612317743e-02
6.089973244419446985e+00 1.106184737054701356e-01
7.399983804321420777e+00 1.390064493531272816e-01
8.991789964660114265e+00 1.746551195264866019e-01
1.092600861117377953e+01 2.175222780791923605e-01
1.327629589221125350e+01 2.671812784613948333e-01
1.613215208683695323e+01 3.235741028742915026e-01
1.960232982646277122e+01 3.877374532482155689e-01
2.381897545702918961e+01 4.621729625626843085e-01
2.894266124716748934e+01 5.508618339368588357e-01
3.516850007169744430e+01 6.591729104427702657e-01
4.273357542109315688e+01 7.937503858564926018e-01
5.192596967591166646e+01 9.623450897314034247e-01
6.309573444801932851e+01 1.173414988734852171e+00
