1.000000000000000021e-02 3.023726396159664631e+01
1.193776641714436315e-02 2.183344665851654653e+01
1.425102670302997795e-02 1.692709542504527676e+01
1.701254279852589327e-02 1.384904891101686530e+01
2.030917620904735751e-02 1.167152546740242336e+01
2.424462017082328405e-02 1.028933043605347386e+01
2.894266124716751709e-02 9.330217245765286549e+00
3.455107294592219686e-02 8.744979848378793719e+00
4.124626382901352278e-02 8.558668010392342040e+00
4.923882631706739260e-02 8.853687111265696075e+00
5.878016072274912240e-02 9.952452248590127226e+00
7.017038286703829175e-02 1.266587342462687715e+01
8.376776400682919843e-02 2.188415390259962479e+01
1.000000000000000056e-01 1.227709521050536949e+02
1.193776641714437009e-01 1.180639641982543679e+02
1.425102670302998420e-01 7.467989098519441882e+01
1.701254279852589257e-01 4.880292542435417147e+01
2.030917620904735821e-01 3.585270677514408533e+01
2.424462017082328336e-01 2.806216940407871263e+01
2.894266124716751709e-01 2.287153432134829956e+01
3.455107294592220102e-01 1.919301709432109249e+01
4.124626382901352417e-01 1.648220981426204190e+01
4.923882631706741342e-01 1.443543221281229094e+01
5.878016072274915294e-01 1.287156999407576485e+01
7.017038286703829453e-01 1.167818260828589771e+01
8.376776400682920398e-01 1.078370439395924052e+01
1.000000000000000000e+00 1.014258753340075714e+01
1.193776641714436870e+00 9.728390533931277062e+00
1.425102670302999197e+00 9.532073106200602552e+00
1.701254279852589146e+00 9.562665366790737309e+00
2.030917620904737042e+00 9.848124744773725681e+00
2.424462017082328114e+00 1.043607447910285124e+01
2.894266124716751598e+00 1.139621947625169440e+01
3.455107294592221656e+00 1.282711090462331960e+01
4.124626382901352528e+00 1.487391137340570069e+01
4.923882631706741897e+00 1.772907245661194509e+01
5.878016072274911963e+00 2.166214066720963771e+01
7.017038286703829897e+00 2.705647753009345280e+01
8.376776400682924617e+00 3.445080252301070800e+01
1.000000000000000000e+01 4.460902568997131823e+01
