1.000000000000000021e-02 2.431045230479128350e+00
1.266380173467403399e-02 1.687648382374027367e+00
1.603718743751330125e-02 1.270288846470874367e+00
2.030917620904735751e-02 1.014153165879803309e+00
2.571913809059344497e-02 8.619192372635801069e-01
3.257020655659782771e-02 7.975716971444579695e-01
4.124626382901352278e-02 8.262929869256214754e-01
5.223345074266843441e-02 9.835117969143206684e-01
6.614740641230149043e-02 1.409794684766921824e+00
8.376776400682915680e-02 3.031459438646209925e+00
1.060818355139448305e-01 5.618013524768662670e+00
1.343399332598900209e-01 1.104311656534831654e+00
1.701254279852589257e-01 5.418168764249630120e-01
2.154434690031883370e-01 3.367700838302705724e-01
2.728333376486767881e-01 2.286178636500312833e-01
3.455107294592218437e-01 1.585789435709434037e-01
4.375479375074184385e-01 1.101021937729954325e-01
5.541020330009491790e-01 7.775625109900677345e-02
7.017038286703826122e-01 1.548014488632286412e+00
8.886238162743402835e-01 1.436668235411935113e+00
1.125335582600764495e+00 3.797982999877869831e-02
1.425102670302997865e+00 1.345645514887670036e+00
1.804721766827170226e+00 3.257576968822500224e-02
2.285463864134990697e+00 2.947703171408781048e-02
2.894266124716751598e+00 3.133146203665796575e-02
3.665241237079626124e+00 1.393305517996724863e+00
4.641588833612777520e+00 3.135963125616796771e-02
5.878016072274911963e+00 3.357026567119604510e-02
7.443803013251688583e+00 1.371740586554312857e+00
9.426684551178853511e+00 1.505314901619921653e+00
1.193776641714435804e+01 1.634803478406477106e+00
1.511775070615661498e+01 6.174709920115561274e-02
1.914481976169957633e+01 9.900036295460149516e-01
2.424462017082328202e+01 9.804636037633417123e-02
3.070290629757849743e+01 1.278866267009069746e-01
3.888155180308085335e+01 1.722962461460415817e-01
4.923882631706736390e+01 2.405148804925121842e-01
6.235507341273912374e+01 3.497142678255568682e-01
7.896522868499724268e+01 5.228430041804733586e-01
1.000000000000000000e+02 7.738218645514745031e-01
