1.000000000000000021e-02 4.876835736918393849e+01
1.193776641714436315e-02 3.450876346020187668e+01
1.425102670302997795e-02 2.577399088231252122e+01
1.701254279852589327e-02 2.040323443243842405e+01
2.030917620904735751e-02 1.718228828799760066e+01
2.424462017082328405e-02 1.544472262634055504e+01
2.894266124716751709e-02 1.484786843442640425e+01
3.455107294592219686e-02 1.525883142134516568e+01
4.124626382901352278e-02 1.672293888052950095e+01
4.923882631706739260e-02 1.954017362835848459e+01
5.878016072274912240e-02 2.461000920745147269e+01
7.017038286703829175e-02 3.488940974180096788e+01
8.376776400682919843e-02 5.241265461937067016e+01
1.000000000000000056e-01 4.963404153010256437e+01
1.193776641714437009e-01 5.300888957484354513e+00
1.425102670302998420e-01 2.382457059337799610e+00
1.701254279852589257e-01 1.468148044074083280e+00
2.030917620904735821e-01 1.044299045931243342e+00
2.424462017082328336e-01 8.179925210241946187e-01
2.894266124716751709e-01 6.767803959221153631e-01
3.455107294592220102e-01 5.907347508745585118e-01
4.124626382901352417e-01 5.592384351412942323e-01
4.923882631706741342e-01 5.147886480012051624e-01
5.878016072274915294e-01 5.089245501123975668e-01
7.017038286703829453e-01 2.818503974955263391e+00
8.376776400682920398e-01 5.539113223391568530e-01
1.000000000000000000e+00 6.186980136742505909e-01
1.193776641714436870e+00 6.966399193115685451e-01
1.425102670302999197e+00 8.110484238279798141e-01
1.701254279852589146e+00 9.700711011539904227e-01
2.030917620904737042e+00 1.185002448266204711e+00
2.424462017082328114e+00 1.465931478105757746e+00
2.894266124716751598e+00 1.833285491588202198e+00
3.455107294592221656e+00 2.307809179686452605e+00
4.124626382901352528e+00 2.915858181747738698e+00
4.923882631706741897e+00 3.694824987738147826e+00
5.878016072274911963e+00 4.695209066362898476e+00
7.017038286703829897e+00 5.991440312779062971e+00
8.376776400682924617e+00 7.678457884219764829e+00
1.000000000000000000e+01 9.896876441306345029e+00
