3.162277660168379412e-01 3.508427744379498114e-01
3.665241237079627790e-01 2.332289032931426087e-01
4.248201698162611950e-01 1.656372205884064641e-01
4.923882631706739121e-01 1.251245791493957316e-01
5.707031326057167009e-01 9.493118288203580835e-02
6.614740641230149043e-01 7.735111304614122885e-02
7.666822074546214560e-01 7.174052245372872227e-02
8.886238162743402835e-01 6.279001808259222772e-02
1.029960365809989842e+00 5.551755757646618245e-02
1.193776641714436426e+00 5.059833309985434235e-02
1.383648068032459433e+00 4.908517809557549905e-02
1.603718743751330056e+00 4.893837244692320065e-02
1.858791891146563513e+00 4.976335480206613149e-02
2.154434690031883370e+00 5.179429145561188080e-02
2.497099786006540700e+00 5.504740325583463989e-02
2.894266124716750266e+00 5.968885708483151475e-02
3.354602185954043136e+00 6.611143342169485682e-02
3.888155180308087377e+00 7.480765688783359846e-02
4.506570337745473331e+00 8.646335722019114767e-02
5.223345074266840804e+00 1.020372882272566062e-01
6.054123584037268024e+00 1.216623345193740269e-01
7.017038286703826344e+00 1.452618650837871894e-01
8.133105582266926703e+00 1.731225807689220353e-01
9.426684551178849958e+00 2.052572822163103439e-01
1.092600861117377953e+01 2.414637631063517587e-01
1.266380173467402770e+01 2.814944305010293468e-01
1.467799267622068982e+01 3.252859898464797173e-01
1.701254279852588169e+01 3.731595911626410245e-01
1.971840556512641740e+01 4.259360370254958728e-01
2.285463864134989720e+01 4.849628940975309610e-01
2.648969287610526990e+01 5.520941109427905946e-01
3.070290629757848322e+01 6.296592719464831900e-01
3.558623573050965661e+01 7.204401207691997211e-01
4.124626382901347910e+01 8.276455713954663507e-01
4.780652533007380356e+01 9.548629432588855437e-01
5.541020330009492056e+01 1.105968095577832599e+00
6.422325422229356207e+01 1.284953355737639802e+00
7.443803013251681477e+01 1.495533447710756247e+00
8.627747685955866075e+01 1.740144416794758619e+00
1.000000000000000000e+02 2.017740781271990524e+00
