1.000000000000000021e-02 1.912419520092358738e+01
1.193776641714436315e-02 1.322222072521334724e+01
1.425102670302997795e-02 9.766005422205108033e+00
1.701254279852589327e-02 7.662222589738533429e+00
2.030917620904735751e-02 6.334061021206263575e+00
2.424462017082328405e-02 5.514809049818738096e+00
2.894266124716751709e-02 5.040824772288384104e+00
3.455107294592219686e-02 4.840248928798891903e+00
4.124626382901352278e-02 4.895005135300146470e+00
4.923882631706739260e-02 5.216261135633285306e+00
5.878016072274912240e-02 5.948520627634782620e+00
7.017038286703829175e-02 7.582398131856957768e+00
8.376776400682919843e-02 1.274876193786047196e+01
1.000000000000000056e-01 5.688629576817123024e+01
1.193776641714437009e-01 4.047734064994464376e+01
1.425102670302998420e-01 1.974380997971396212e+01
1.701254279852589257e-01 1.307596124766048895e+01
2.030917620904735821e-01 9.903309055632673719e+00
2.424462017082328336e-01 8.114189647581000031e+00
2.894266124716751709e-01 7.001397934563732939e+00
3.455107294592220102e-01 6.259307212861160430e+00
4.124626382901352417e-01 5.736544933692709236e+00
4.923882631706741342e-01 5.354126820091301475e+00
5.878016072274915294e-01 5.071010138902909858e+00
7.017038286703829453e-01 4.866242508181074733e+00
8.376776400682920398e-01 4.728658291886897125e+00
1.000000000000000000e+00 4.651157428022813178e+00
1.193776641714436870e+00 4.628223018129088651e+00
1.425102670302999197e+00 4.656075407049087289e+00
1.701254279852589146e+00 4.735019687010638911e+00
2.030917620904737042e+00 4.871952422144345540e+00
2.424462017082328114e+00 5.082129988977103885e+00
2.894266124716751598e+00 5.389477411430667608e+00
3.455107294592221656e+00 5.826902761193180957e+00
4.124626382901352528e+00 6.437555440746264956e+00
4.923882631706741897e+00 7.277916021280660175e+00
5.878016072274911963e+00 8.423276497538193297e+00
7.017038286703829897e+00 9.975821175444979261e+00
8.376776400682924617e+00 1.207624018955919531e+01
1.000000000000000000e+01 1.491998130106938447e+01
