1.000000000000000021e-02 5.683518360710680284e+00
1.266380173467403399e-02 3.703279147924841030e+00
1.603718743751330125e-02 2.682914384706234223e+00
2.030917620904735751e-02 2.168863749994633494e+00
2.571913809059344497e-02 1.952377388286943294e+00
3.257020655659782771e-02 1.947694108212151054e+00
4.124626382901352278e-02 2.143832245033720607e+00
5.223345074266843441e-02 2.623170012781006477e+00
6.614740641230149043e-02 3.757670521970543298e+00
8.376776400682915680e-02 6.015422398596398601e+00
1.060818355139448305e-01 2.409237418224405847e+00
1.343399332598900209e-01 4.285294039920829468e-01
1.701254279852589257e-01 2.138171466799102804e-01
2.154434690031883370e-01 1.391413437840620104e-01
2.728333376486767881e-01 9.958901495538557969e-02
3.455107294592218437e-01 7.893950678051832315e-02
4.375479375074184385e-01 5.910953459057451814e-02
5.541020330009491790e-01 6.204594113767909924e+00
7.017038286703826122e-01 4.578364349643832681e-02
8.886238162743402835e-01 3.942838696102204249e-02
1.125335582600764495e+00 3.962379394828225571e-02
1.425102670302997865e+00 4.999199686124026348e-02
1.804721766827170226e+00 5.920827020320535566e-02
2.285463864134990697e+00 8.383084418447935005e-02
2.894266124716751598e+00 1.147466616083254592e-01
3.665241237079626124e+00 1.369711227785521401e-01
4.641588833612777520e+00 1.531814844840764522e-01
5.878016072274911963e+00 1.684511969571508561e-01
7.443803013251688583e+00 1.865595783154254117e-01
9.426684551178853511e+00 2.105080320057227394e-01
1.193776641714435804e+01 2.427327153249710656e-01
1.511775070615661498e+01 2.852819571392570808e-01
1.914481976169957633e+01 3.400902473913567925e-01
2.424462017082328202e+01 4.094659814844938128e-01
3.070290629757849743e+01 4.968546179292099851e-01
3.888155180308085335e+01 6.077188169003659990e-01
4.923882631706736390e+01 7.499461952184567348e-01
6.235507341273912374e+01 9.327444431516275225e-01
7.896522868499724268e+01 1.162758886763363364e+00
1.000000000000000000e+02 1.435986713313777363e+00
