3.162277660168379134e-02 1.954824210080635893e+00
3.842513346254321227e-02 1.708433064735884077e+00
4.669074130371086984e-02 1.637382724293071856e+00
5.673435918225600005e-02 1.737012226918067892e+00
6.893845379073933188e-02 2.143911179944717915e+00
8.376776400682915680e-02 3.722380785420533744e+00
1.017869984146125700e-01 1.042872584468829977e+01
1.236823397292983878e-01 4.670513137969637185e+00
1.502875750260604659e-01 2.051187729788986669e+00
1.826158468270260848e-01 1.241452713536261410e+00
2.218982341458970720e-01 8.972522687219236515e-01
2.696306326783701746e-01 6.963151893061985120e-01
3.276307193627228664e-01 5.462575195353612800e-01
3.981071705534971472e-01 4.300985807795542626e-01
4.837437696757803662e-01 3.409280511377340561e-01
5.878016072274911963e-01 2.736162460307470234e-01
7.142432649639980369e-01 2.243711500208198373e-01
8.678837132695964574e-01 1.898935710787432729e-01
1.054573667973740303e+00 1.670397120329143725e-01
1.281422388944083446e+00 1.530072151992800111e-01
1.557068404753729984e+00 1.455020556337384419e-01
1.892008472772299665e+00 1.426529123717794334e-01
2.298997301668542992e+00 1.428925962659471083e-01
2.793533257985219453e+00 1.450225287185792356e-01
3.394448552769389948e+00 1.483902487438038820e-01
4.124626382901348087e+00 1.529668179638217773e-01
5.011872336272719330e+00 1.592266176902146779e-01
6.089973244419446985e+00 1.679396680566275224e-01
7.399983804321420777e+00 1.799998276528538554e-01
8.991789964660114265e+00 1.963435864791441277e-01
1.092600861117377953e+01 2.179621414670595281e-01
1.327629589221125350e+01 2.459756647978598165e-01
1.613215208683695323e+01 2.817535535422172610e-01
1.960232982646277122e+01 3.270726962490613787e-01
2.381897545702918961e+01 3.843091932098491870e-01
2.894266124716748934e+01 4.566455750014102866e-01
3.516850007169744430e+01 5.482835465721049850e-01
4.273357542109315688e+01 6.645988940796627720e-01
5.192596967591166646e+01 8.122365786568287449e-01
6.309573444801932851e+01 9.991372144770601649e-01
