3.162277660168379134e-02 1.883702579149334699e+00
3.842513346254321227e-02 1.670987899824955658e+00
4.669074130371086984e-02 1.666299259870106741e+00
5.673435918225600005e-02 1.881347456468676738e+00
6.893845379073933188e-02 2.519497553850130522e+00
8.376776400682915680e-02 4.804470197518703856e+00
1.017869984146125700e-01 8.978648673904750410e+00
1.236823397292983878e-01 2.819680620210655686e+00
1.502875750260604659e-01 1.121761195077204620e+00
1.826158468270260848e-01 5.990851884537018446e-01
2.218982341458970720e-01 3.669258349051799373e-01
2.696306326783701746e-01 3.734400318733810842e+00
3.276307193627228664e-01 3.327886342099287909e+00
3.981071705534971472e-01 2.938963838573651621e+00
4.837437696757803662e-01 2.609630520229557771e+00
5.878016072274911963e-01 8.379855423140608606e-02
7.142432649639980369e-01 7.556092414303307303e-02
8.678837132695964574e-01 7.131647362464860196e-02
1.054573667973740303e+00 6.959248860511844936e-02
1.281422388944083446e+00 6.983022170570256371e-02
1.557068404753729984e+00 7.206610187701757708e-02
1.892008472772299665e+00 7.600620831728897853e-02
2.298997301668542992e+00 8.154267523624837699e-02
2.793533257985219453e+00 8.906605572755310618e-02
3.394448552769389948e+00 9.906199071730094341e-02
4.124626382901348087e+00 1.122757599594173816e-01
5.011872336272719330e+00 1.297368968857823268e-01
6.089973244419446985e+00 1.526705320271846411e-01
7.399983804321420777e+00 1.823127553945234069e-01
8.991789964660114265e+00 2.196862148887659127e-01
1.092600861117377953e+01 2.654400521780159727e-01
1.327629589221125350e+01 3.199275802170147842e-01
1.613215208683695323e+01 3.836241413148349655e-01
1.960232982646277122e+01 4.577513946605135109e-01
2.381897545702918961e+01 5.449428985713450357e-01
2.894266124716748934e+01 6.498378277079641663e-01
3.516850007169744430e+01 7.795402656771720507e-01
4.273357542109315688e+01 9.438187481640798460e-01
5.192596967591166646e+01 1.154847016244990421e+00
6.309573444801932851e+01 1.426142669502586280e+00
