1.000000000000000021e-02 1.756854508916604107e+00
1.266380173467403399e-02 1.115714032243790843e+00
1.603718743751330125e-02 7.512961271641735994e-01
2.030917620904735751e-02 9.433130567713375214e+00
2.571913809059344497e-02 6.848925849664012411e+00
3.257020655659782771e-02 3.415074309790382956e-01
4.124626382901352278e-02 3.106108434460272405e-01
5.223345074266843441e-02 3.206985914168785645e-01
6.614740641230149043e-02 3.928364259469213637e-01
8.376776400682915680e-02 7.366119132587830576e-01
1.060818355139448305e-01 6.035631625992654570e+00
1.343399332598900209e-01 3.539526534882671882e+00
1.701254279852589257e-01 1.739321409273902441e+00
2.154434690031883370e-01 1.054128744432668352e+00
2.728333376486767881e-01 6.921631274335044992e-01
3.455107294592218437e-01 4.659160552745993944e-01
4.375479375074184385e-01 3.081449215910960215e-01
5.541020330009491790e-01 1.878827974442774384e-01
7.017038286703826122e-01 1.115793759020458215e-01
8.886238162743402835e-01 7.423548245495789621e-02
1.125335582600764495e+00 1.482579290886703260e+00
1.425102670302997865e+00 1.450516046902938561e+00
1.804721766827170226e+00 4.167416662891700041e-02
2.285463864134990697e+00 4.000948609877746920e-02
2.894266124716751598e+00 4.046307948150373868e-02
3.665241237079626124e+00 4.192726551610403973e-02
4.641588833612777520e+00 4.478536563264252229e-02
5.878016072274911963e+00 4.960462992812259692e-02
7.443803013251688583e+00 5.475178796797734032e-02
9.426684551178853511e+00 6.128052900092870875e-02
1.193776641714435804e+01 6.870226639657905920e-02
1.511775070615661498e+01 7.739508651490924207e-02
1.914481976169957633e+01 8.776374980288093042e-02
2.424462017082328202e+01 1.009806505694012813e-01
3.070290629757849743e+01 1.192975536718233753e-01
3.888155180308085335e+01 1.455911792996663068e-01
4.923882631706736390e+01 1.858965730249772796e-01
6.235507341273912374e+01 2.494859294073537848e-01
7.896522868499724268e+01 3.535843253344145842e-01
1.000000000000000000e+02 5.290742713265299546e-01
