1.000000000000000021e-02 4.738411456891141960e+00
1.266380173467403399e-02 3.088752429852434478e+00
1.603718743751330125e-02 2.094133352133874304e+00
2.030917620904735751e-02 1.506103317712099043e+00
2.571913809059344497e-02 1.156671519604465681e+00
3.257020655659782771e-02 9.590359812782459636e-01
4.124626382901352278e-02 8.794523911073571787e-01
5.223345074266843441e-02 9.347202151597856501e-01
6.614740641230149043e-02 1.255772350836239060e+00
8.376776400682915680e-02 2.748941785463231646e+00
1.060818355139448305e-01 4.557912393937138873e+00
1.343399332598900209e-01 7.551209485260121923e-01
1.701254279852589257e-01 3.136340352173244694e-01
2.154434690031883370e-01 1.692070461338394671e-01
2.728333376486767881e-01 3.012261366882693636e+00
3.455107294592218437e-01 2.473333083446521918e+00
4.375479375074184385e-01 5.729983246945651032e-02
5.541020330009491790e-01 1.803185435519962798e+00
7.017038286703826122e-01 4.279188627717339655e-02
8.886238162743402835e-01 4.182944556790887253e-02
1.125335582600764495e+00 4.325737271056114691e-02
1.425102670302997865e+00 4.664397107933676567e-02
1.804721766827170226e+00 5.216880135688018588e-02
2.285463864134990697e+00 6.030467111199575708e-02
2.894266124716751598e+00 7.094539881741926401e-02
3.665241237079626124e+00 8.490848922725011128e-02
4.641588833612777520e+00 1.036807494813057479e-01
5.878016072274911963e+00 1.292419293336508346e-01
7.443803013251688583e+00 1.638046396193577336e-01
9.426684551178853511e+00 2.092571394639284599e-01
1.193776641714435804e+01 2.667087473135323350e-01
1.511775070615661498e+01 3.367645837910556161e-01
1.914481976169957633e+01 4.207726007736489193e-01
2.424462017082328202e+01 5.225317420697662696e-01
3.070290629757849743e+01 6.498583738549316147e-01
3.888155180308085335e+01 8.157184082449564499e-01
4.923882631706736390e+01 1.038492049386631644e+00
6.235507341273912374e+01 1.340503466119813636e+00
7.896522868499724268e+01 1.743073952536980498e+00
1.000000000000000000e+02 2.252065834288296209e+00
