3.162277660168379134e-02 8.949871427642075439e-01
3.842513346254321227e-02 7.058136893774719089e-01
4.669074130371086984e-02 6.150464642861076525e-01
5.673435918225600005e-02 6.207733893601915520e-01
6.893845379073933188e-02 7.486871218395898531e-01
8.376776400682915680e-02 1.278972805675396174e+00
1.017869984146125700e-01 9.269347257542344565e+00
1.236823397292983878e-01 8.012723445138385969e+00
1.502875750260604659e-01 4.699403990231609818e+00
1.826158468270260848e-01 2.722796478006173526e+00
2.218982341458970720e-01 1.777418930937683328e+00
2.696306326783701746e-01 1.227331573585010549e+00
3.276307193627228664e-01 8.621518765175342214e-01
3.981071705534971472e-01 5.949909619145427042e-01
4.837437696757803662e-01 3.841306705738991578e-01
5.878016072274911963e-01 2.127647572562404166e-01
7.142432649639980369e-01 1.177144035815717582e-01
8.678837132695964574e-01 7.418150691557086340e-02
1.054573667973740303e+00 5.765620723651091600e-02
1.281422388944083446e+00 4.111612189897383834e-02
1.557068404753729984e+00 3.271126908707807507e-02
1.892008472772299665e+00 2.870616457142390748e-02
2.298997301668542992e+00 2.538541740044028897e-02
2.793533257985219453e+00 2.869435217929506773e-02
3.394448552769389948e+00 2.403652721883061533e-02
4.124626382901348087e+00 2.314328985593813379e-02
5.011872336272719330e+00 2.767128048398781459e-02
6.089973244419446985e+00 2.546418321409068750e-02
7.399983804321420777e+00 3.669644163821496330e-02
8.991789964660114265e+00 1.706466951381685471e+00
1.092600861117377953e+01 4.087255076238761192e-02
1.327629589221125350e+01 1.671448906005950086e+00
1.613215208683695323e+01 1.641046475964175411e+00
1.960232982646277122e+01 1.759170926544429081e+00
2.381897545702918961e+01 7.073176437053425858e-02
2.894266124716748934e+01 1.755538686744458676e+00
3.516850007169744430e+01 1.103003870336390080e-01
4.273357542109315688e+01 1.422992394007580319e-01
5.192596967591166646e+01 1.849472139461613707e-01
6.309573444801932851e+01 2.468229486815021467e-01
