3.162277660168379412e-01 3.475043849032120047e-01
3.665241237079627790e-01 2.316523980884851452e-01
4.248201698162611950e-01 1.641191406235690264e-01
4.923882631706739121e-01 1.207541176864219551e-01
5.707031326057167009e-01 9.327564083849514132e-02
6.614740641230149043e-01 7.276159453456021442e-02
7.666822074546214560e-01 6.070283829484429683e-02
8.886238162743402835e-01 5.023970708733872803e-02
1.029960365809989842e+00 4.888519410179422570e-02
1.193776641714436426e+00 4.774199086806524273e-02
1.383648068032459433e+00 3.508818045897108689e-02
1.603718743751330056e+00 3.434392452285494474e-02
1.858791891146563513e+00 3.131233066506542567e-02
2.154434690031883370e+00 2.915255084322202622e-02
2.497099786006540700e+00 2.840376472410562070e-02
2.894266124716750266e+00 3.770086615905962613e-02
3.354602185954043136e+00 2.870983296033126700e-02
3.888155180308087377e+00 3.117294386143529272e-02
4.506570337745473331e+00 3.052700406681917167e-02
5.223345074266840804e+00 3.299517156170240356e-02
6.054123584037268024e+00 3.566225346056377948e-02
7.017038286703826344e+00 3.776040585283835238e-02
8.133105582266926703e+00 4.053362581481115279e-02
9.426684551178849958e+00 1.263668766034256707e+00
1.092600861117377953e+01 1.303868473755525947e+00
1.266380173467402770e+01 5.655557255112502596e-02
1.467799267622068982e+01 1.202989726889182043e+00
1.701254279852588169e+01 7.383194968544934400e-02
1.971840556512641740e+01 8.529196165400727836e-02
2.285463864134989720e+01 9.969664649764455044e-02
2.648969287610526990e+01 1.176819214081174653e-01
3.070290629757848322e+01 1.396086492015267411e-01
3.558623573050965661e+01 1.473848881503528885e+00
4.124626382901347910e+01 1.440028219429715595e+00
4.780652533007380356e+01 2.521486911359343552e-01
5.541020330009492056e+01 3.170374389319147723e-01
6.422325422229356207e+01 4.043160441891507917e-01
7.443803013251681477e+01 5.207137541594361041e-01
8.627747685955866075e+01 6.724595639373479594e-01
1.000000000000000000e+02 8.573840125699212500e-01
