1.000000000000000021e-02 2.439373931371423510e+01
1.193776641714436315e-02 1.790790236911878353e+01
1.425102670302997795e-02 1.362095062962379011e+01
1.701254279852589327e-02 1.067885763641205976e+01
2.030917620904735751e-02 8.669445434099989356e+00
2.424462017082328405e-02 7.372537266443111470e+00
2.894266124716751709e-02 6.662460269652203060e+00
3.455107294592219686e-02 6.499105097761158412e+00
4.124626382901352278e-02 6.955589049311272198e+00
4.923882631706739260e-02 8.301554227585302925e+00
5.878016072274912240e-02 1.125434203742607586e+01
7.017038286703829175e-02 1.764269447026241622e+01
8.376776400682919843e-02 3.661112989434987952e+01
1.000000000000000056e-01 5.514793610415949843e+01
1.193776641714437009e-01 1.079826550746263258e+01
1.425102670302998420e-01 4.582836013604773662e+00
1.701254279852589257e-01 2.749731896587466196e+00
2.030917620904735821e-01 1.954213321582042751e+00
2.424462017082328336e-01 1.544489354785002488e+00
2.894266124716751709e-01 1.313700412526986439e+00
3.455107294592220102e-01 1.176166453679059476e+00
4.124626382901352417e-01 1.096453187930424233e+00
4.923882631706741342e-01 1.049838933025520005e+00
5.878016072274915294e-01 1.027828365462844173e+00
7.017038286703829453e-01 1.021775470805980524e+00
8.376776400682920398e-01 1.029966707648878987e+00
1.000000000000000000e+00 1.044825295244453223e+00
1.193776641714436870e+00 1.069807452600322062e+00
1.425102670302999197e+00 1.102975570574638464e+00
1.701254279852589146e+00 1.148521023712209432e+00
2.030917620904737042e+00 1.210968613965917706e+00
2.424462017082328114e+00 1.291107822631968771e+00
2.894266124716751598e+00 1.399581002140313224e+00
3.455107294592221656e+00 1.546795654092554040e+00
4.124626382901352528e+00 1.733545073375680090e+00
4.923882631706741897e+00 1.982476472827394032e+00
5.878016072274911963e+00 2.314842999089984144e+00
7.017038286703829897e+00 2.763227759808815520e+00
8.376776400682924617e+00 3.351394224195670457e+00
1.000000000000000000e+01 4.151502579694628103e+00
