1.000000000000000021e-02 3.047906396061278667e+00
1.266380173467403399e-02 2.138326571154936406e+00
1.603718743751330125e-02 1.624713159457390255e+00
2.030917620904735751e-02 1.302504792587579230e+00
2.571913809059344497e-02 1.093927641605781043e+00
3.257020655659782771e-02 9.746044107247807675e-01
4.124626382901352278e-02 9.461233904456256560e-01
5.223345074266843441e-02 1.040718045820292481e+00
6.614740641230149043e-02 1.396090273697088380e+00
8.376776400682915680e-02 2.936690953315862274e+00
1.060818355139448305e-01 5.725191846411942009e+00
1.343399332598900209e-01 1.579641665359991620e+00
1.701254279852589257e-01 7.708629246668833312e-01
2.154434690031883370e-01 4.708322093153591292e-01
2.728333376486767881e-01 3.118327162382175111e-01
3.455107294592218437e-01 2.106405440000711227e-01
4.375479375074184385e-01 2.633625335274336621e+00
5.541020330009491790e-01 2.413098634395299147e+00
7.017038286703826122e-01 7.474486167677664439e-02
8.886238162743402835e-01 6.216246343090561788e-02
1.125335582600764495e+00 6.071148908085832741e-02
1.425102670302997865e+00 1.558921788699500599e+00
1.804721766827170226e+00 6.378005769655033241e-02
2.285463864134990697e+00 7.249270604390574413e-02
2.894266124716751598e+00 8.223868528843428227e-02
3.665241237079626124e+00 9.252409277235036644e-02
4.641588833612777520e+00 1.037793872003736628e-01
5.878016072274911963e+00 1.183619424356388977e-01
7.443803013251688583e+00 1.388300471195247354e-01
9.426684551178853511e+00 1.675312568656563694e-01
1.193776641714435804e+01 2.066053142816876298e-01
1.511775070615661498e+01 2.578343993707409854e-01
1.914481976169957633e+01 3.226977051009380926e-01
2.424462017082328202e+01 4.031378756749161019e-01
3.070290629757849743e+01 5.032896752960241971e-01
3.888155180308085335e+01 6.316379774716940343e-01
4.923882631706736390e+01 8.027611478461385008e-01
6.235507341273912374e+01 1.038571944160125549e+00
7.896522868499724268e+01 1.369093812835856294e+00
1.000000000000000000e+02 1.827454784698726797e+00
