3.162277660168379412e-01 1.054882601106352125e+00
3.665241237079627790e-01 7.216632555449458142e-01
4.248201698162611950e-01 5.154462462420699165e-01
4.923882631706739121e-01 3.837370062750439237e-01
5.707031326057167009e-01 2.971272030110174711e-01
6.614740641230149043e-01 2.388239742860648884e-01
7.666822074546214560e-01 1.989537916309716548e-01
8.886238162743402835e-01 1.715172235287984737e-01
1.029960365809989842e+00 1.527504245685313566e-01
1.193776641714436426e+00 1.402230836710132988e-01
1.383648068032459433e+00 1.323172692353293822e-01
1.603718743751330056e+00 1.279073294640090674e-01
1.858791891146563513e+00 1.261587935823039741e-01
2.154434690031883370e+00 1.264146085385176588e-01
2.497099786006540700e+00 1.281532029824871133e-01
2.894266124716750266e+00 1.309965301626102585e-01
3.354602185954043136e+00 1.347345375707808546e-01
3.888155180308087377e+00 1.393345699212092392e-01
4.506570337745473331e+00 1.449240513833826571e-01
5.223345074266840804e+00 1.517537029046200636e-01
6.054123584037268024e+00 1.601574169283260241e-01
7.017038286703826344e+00 1.705202518355684593e-01
8.133105582266926703e+00 1.832597187165764252e-01
9.426684551178849958e+00 1.988217553250205549e-01
1.092600861117377953e+01 2.176893771444921577e-01
1.266380173467402770e+01 2.404027348443956436e-01
1.467799267622068982e+01 2.675886043240743306e-01
1.701254279852588169e+01 2.999991312952195455e-01
1.971840556512641740e+01 3.385589033730750930e-01
2.285463864134989720e+01 3.844188180529682919e-01
2.648969287610526990e+01 4.390150663261734310e-01
3.070290629757848322e+01 5.041271305355207177e-01
3.558623573050965661e+01 5.819291039654379549e-01
4.124626382901347910e+01 6.750254815474546755e-01
4.780652533007380356e+01 7.864731870021050009e-01
5.541020330009492056e+01 9.197913229936736101e-01
6.422325422229356207e+01 1.078943944480644568e+00
7.443803013251681477e+01 1.268168988983004564e+00
8.627747685955866075e+01 1.491304169289158432e+00
1.000000000000000000e+02 1.750001795414286132e+00
