1.000000000000000021e-02 2.226346069826788288e+00
1.266380173467403399e-02 1.419002695025593175e+00
1.603718743751330125e-02 1.034388622216856568e+00
2.030917620904735751e-02 8.354444604624416959e-01
2.571913809059344497e-02 7.384634694784663056e-01
3.257020655659782771e-02 7.003125500810942761e-01
4.124626382901352278e-02 7.048406991447323522e-01
5.223345074266843441e-02 7.589522965451209746e-01
6.614740641230149043e-02 9.284874327154283291e-01
8.376776400682915680e-02 1.675307842255113089e+00
1.060818355139448305e-01 6.415123593804819890e+00
1.343399332598900209e-01 3.313850001010571589e+00
1.701254279852589257e-01 1.784363387331606932e+00
2.154434690031883370e-01 1.169830862394985127e+00
2.728333376486767881e-01 8.182379433083214471e-01
3.455107294592218437e-01 5.801138257847954227e-01
4.375479375074184385e-01 4.130723561762570939e-01
5.541020330009491790e-01 3.059098613239800701e-01
7.017038286703826122e-01 2.474391241524316887e-01
8.886238162743402835e-01 2.121602482835936998e-01
1.125335582600764495e+00 1.856211656145005107e-01
1.425102670302997865e+00 1.648985733118901453e-01
1.804721766827170226e+00 1.493995589721243133e-01
2.285463864134990697e+00 1.391802409374697791e-01
2.894266124716751598e+00 1.344944131694199296e-01
3.665241237079626124e+00 1.356058164126056065e-01
4.641588833612777520e+00 1.427847889545759974e-01
5.878016072274911963e+00 1.563260439130390866e-01
7.443803013251688583e+00 1.765608175607989438e-01
9.426684551178853511e+00 2.039984039736103261e-01
1.193776641714435804e+01 2.397061217938192546e-01
1.511775070615661498e+01 2.857596110443178516e-01
1.914481976169957633e+01 3.454767658481791015e-01
2.424462017082328202e+01 4.234643907963466791e-01
3.070290629757849743e+01 5.258955574077965878e-01
3.888155180308085335e+01 6.614045115583592205e-01
4.923882631706736390e+01 8.423340024685045391e-01
6.235507341273912374e+01 1.084965098849526965e+00
7.896522868499724268e+01 1.406302216484037970e+00
1.000000000000000000e+02 1.812995985520688969e+00
