1.000000000000000021e-02 1.724327468437461732e+02
1.193776641714436315e-02 1.228148321908949328e+02
1.425102670302997795e-02 9.212163380426818549e+01
1.701254279852589327e-02 7.287634394719114539e+01
2.030917620904735751e-02 6.068222892930329238e+01
2.424462017082328405e-02 5.303009043816980750e+01
2.894266124716751709e-02 4.849559206032780878e+01
3.455107294592219686e-02 4.629634550454431974e+01
4.124626382901352278e-02 4.609905150480348368e+01
4.923882631706739260e-02 4.806200894121582934e+01
5.878016072274912240e-02 5.331303350123922513e+01
7.017038286703829175e-02 6.604796548762871566e+01
8.376776400682919843e-02 1.082242393931642539e+02
1.000000000000000056e-01 1.321467934994859093e+02
1.193776641714437009e-01 4.537440184809132404e+01
1.425102670302998420e-01 2.545903500511664674e+01
1.701254279852589257e-01 1.898523751025620854e+01
2.030917620904735821e-01 1.555994164953163406e+01
2.424462017082328336e-01 1.332093933071948832e+01
2.894266124716751709e-01 1.174611904610205215e+01
3.455107294592220102e-01 1.063307610359110100e+01
4.124626382901352417e-01 9.883384047512050685e+00
4.923882631706741342e-01 9.433149637486737404e+00
5.878016072274915294e-01 9.231356650984587020e+00
7.017038286703829453e-01 9.235211320080823683e+00
8.376776400682920398e-01 9.410480468732242088e+00
1.000000000000000000e+00 9.731989476517529880e+00
1.193776641714436870e+00 1.018388105060428117e+01
1.425102670302999197e+00 1.076200530921751408e+01
1.701254279852589146e+00 1.147997400059479212e+01
2.030917620904737042e+00 1.237682302269165646e+01
2.424462017082328114e+00 1.352233469437523183e+01
2.894266124716751598e+00 1.501951829540561434e+01
3.455107294592221656e+00 1.700781924411088042e+01
4.124626382901352528e+00 1.967164162509966374e+01
4.923882631706741897e+00 2.325674966706963431e+01
5.878016072274911963e+00 2.809643704348866322e+01
7.017038286703829897e+00 3.464924325854700982e+01
8.376776400682924617e+00 4.355227381411670251e+01
1.000000000000000000e+01 5.569618189707563261e+01
