3.162277660168379134e-02 1.927637884710629024e+00
3.842513346254321227e-02 1.758097170568921008e+00
4.669074130371086984e-02 1.805879770872043544e+00
5.673435918225600005e-02 2.071813982655254627e+00
6.893845379073933188e-02 2.702534243644506340e+00
8.376776400682915680e-02 4.718389567517488281e+00
1.017869984146125700e-01 9.267355746559113427e+00
1.236823397292983878e-01 4.069779567844420853e+00
1.502875750260604659e-01 1.941783905894083340e+00
1.826158468270260848e-01 1.234910968006015075e+00
2.218982341458970720e-01 8.839665908520708548e-01
2.696306326783701746e-01 6.661336960603025936e-01
3.276307193627228664e-01 5.114626401500986796e-01
3.981071705534971472e-01 3.964940619948537637e-01
4.837437696757803662e-01 3.139105018551249793e-01
5.878016072274911963e-01 2.591430103972612309e-01
7.142432649639980369e-01 2.230443906872685844e-01
8.678837132695964574e-01 1.953582590251705664e-01
1.054573667973740303e+00 1.723737364119485027e-01
1.281422388944083446e+00 1.536776649016479146e-01
1.557068404753729984e+00 1.391156418532681072e-01
1.892008472772299665e+00 1.284981782023107977e-01
2.298997301668542992e+00 1.217057149501666741e-01
2.793533257985219453e+00 1.187038030571876818e-01
3.394448552769389948e+00 1.195358599341227457e-01
4.124626382901348087e+00 1.243187063178955304e-01
5.011872336272719330e+00 1.332261240433145200e-01
6.089973244419446985e+00 1.464610068644935370e-01
7.399983804321420777e+00 1.642398586930052251e-01
8.991789964660114265e+00 1.868414654342154535e-01
1.092600861117377953e+01 2.147581367824931697e-01
1.327629589221125350e+01 2.488928831916812634e-01
1.613215208683695323e+01 2.907040285738911600e-01
1.960232982646277122e+01 3.422496989757764507e-01
2.381897545702918961e+01 4.062001632702126885e-01
2.894266124716748934e+01 4.859584999713408848e-01
3.516850007169744430e+01 5.859985881363294347e-01
4.273357542109315688e+01 7.123617542122371304e-01
5.192596967591166646e+01 8.730036985133430294e-01
6.309573444801932851e+01 1.077464850101912619e+00
