1.000000000000000021e-02 7.051389353834407814e+01
1.193776641714436315e-02 4.944791933276525242e+01
1.425102670302997795e-02 3.619330074968042510e+01
1.701254279852589327e-02 2.762036844949055592e+01
2.030917620904735751e-02 2.188421951592294690e+01
2.424462017082328405e-02 1.792052746010267938e+01
2.894266124716751709e-02 1.510992851192529685e+01
3.455107294592219686e-02 1.308662875824608562e+01
4.124626382901352278e-02 1.163509485326450665e+01
4.923882631706739260e-02 1.064215822061276207e+01
5.878016072274912240e-02 1.013381468680775477e+01
7.017038286703829175e-02 1.082397286750484433e+01
8.376776400682919843e-02 1.564410789359323140e+01
1.000000000000000056e-01 5.506095023452827064e+01
1.193776641714437009e-01 4.083733280651551212e+01
1.425102670302998420e-01 2.067034641535539308e+01
1.701254279852589257e-01 1.387832959474951089e+01
2.030917620904735821e-01 1.044951968138699705e+01
2.424462017082328336e-01 8.383829244025450933e+00
2.894266124716751709e-01 7.014501341899184617e+00
3.455107294592220102e-01 6.054192855754048530e+00
4.124626382901352417e-01 5.356153363193889128e+00
4.923882631706741342e-01 4.835614035559479440e+00
5.878016072274915294e-01 4.439397070469645712e+00
7.017038286703829453e-01 4.132746472588638476e+00
8.376776400682920398e-01 3.892304969258152170e+00
1.000000000000000000e+00 3.702344349875911433e+00
1.193776641714436870e+00 3.553186105622458957e+00
1.425102670302999197e+00 3.441193779733905611e+00
1.701254279852589146e+00 3.369317270684474952e+00
2.030917620904737042e+00 3.346985733200236623e+00
2.424462017082328114e+00 3.389079396339884642e+00
2.894266124716751598e+00 3.514819784495845312e+00
3.455107294592221656e+00 3.747599441940550946e+00
4.124626382901352528e+00 4.116405788303773683e+00
4.923882631706741897e+00 4.658621219385481460e+00
5.878016072274911963e+00 5.424447641431123124e+00
7.017038286703829897e+00 6.483096577552324824e+00
8.376776400682924617e+00 7.931276832616433126e+00
1.000000000000000000e+01 9.904996883938258279e+00
