1.000000000000000021e-02 5.222034488221720672e+00
1.266380173467403399e-02 3.333898601178588716e+00
1.603718743751330125e-02 2.347370049908948708e+00
2.030917620904735751e-02 1.840967284778557866e+00
2.571913809059344497e-02 1.621000686506032240e+00
3.257020655659782771e-02 1.608317575884530504e+00
4.124626382901352278e-02 1.791747106616975005e+00
5.223345074266843441e-02 2.239599626901049412e+00
6.614740641230149043e-02 3.266000355933381893e+00
8.376776400682915680e-02 5.615057644066483000e+00
1.060818355139448305e-01 1.817405481573753923e+00
1.343399332598900209e-01 3.090893751656522137e-01
1.701254279852589257e-01 1.614774416241396282e-01
2.154434690031883370e-01 3.001266751450915926e+00
2.728333376486767881e-01 6.789084410816802195e-02
3.455107294592218437e-01 2.003823286754146338e+00
4.375479375074184385e-01 4.063540472700741951e-02
5.541020330009491790e-01 3.446919065528531584e-02
7.017038286703826122e-01 3.253896041370153702e-02
8.886238162743402835e-01 2.827332561515712508e-02
1.125335582600764495e+00 2.947717734435440634e-02
1.425102670302997865e+00 3.405046151943854488e-02
1.804721766827170226e+00 1.319883444736556166e+00
2.285463864134990697e+00 6.016301053422397349e-02
2.894266124716751598e+00 8.606565891544504243e-02
3.665241237079626124e+00 1.106826051816257594e-01
4.641588833612777520e+00 1.296842249488868448e-01
5.878016072274911963e+00 1.472427388216633048e-01
7.443803013251688583e+00 1.667596739662574323e-01
9.426684551178853511e+00 1.911198180536784752e-01
1.193776641714435804e+01 2.227595868758334707e-01
1.511775070615661498e+01 2.637389127993386984e-01
1.914481976169957633e+01 3.159671942382930032e-01
2.424462017082328202e+01 3.816666173668701312e-01
3.070290629757849743e+01 4.640999489231282249e-01
3.888155180308085335e+01 5.684172383438632625e-01
4.923882631706736390e+01 7.020349484971307730e-01
6.235507341273912374e+01 8.736184281767084281e-01
7.896522868499724268e+01 1.089414851874693779e+00
1.000000000000000000e+02 1.345695816140309864e+00
