1.000000000000000021e-02 1.243627870031646587e+01
1.193776641714436315e-02 8.854381527291414145e+00
1.425102670302997795e-02 6.734642544370399442e+00
1.701254279852589327e-02 5.310280787190631457e+00
2.030917620904735751e-02 4.375610530326471626e+00
2.424462017082328405e-02 3.779844662091554230e+00
2.894266124716751709e-02 3.339612503099694152e+00
3.455107294592219686e-02 3.083135515295653661e+00
4.124626382901352278e-02 3.011715499137206375e+00
4.923882631706739260e-02 3.116050203659099793e+00
5.878016072274912240e-02 3.490959246554206086e+00
7.017038286703829175e-02 4.475225373759314174e+00
8.376776400682919843e-02 7.763390044217147512e+00
1.000000000000000056e-01 5.115452593437715478e+01
1.193776641714437009e-01 4.801478029972495420e+01
1.425102670302998420e-01 2.430369532378740516e+01
1.701254279852589257e-01 1.522657885661894461e+01
2.030917620904735821e-01 1.084279446127632163e+01
2.424462017082328336e-01 8.331983258548453009e+00
2.894266124716751709e-01 6.754731071929577446e+00
3.455107294592220102e-01 5.706822651040334371e+00
4.124626382901352417e-01 4.985441227391308239e+00
4.923882631706741342e-01 4.479835109412570127e+00
5.878016072274915294e-01 4.127854523722280788e+00
7.017038286703829453e-01 3.894864759045927993e+00
8.376776400682920398e-01 3.761829412907756520e+00
1.000000000000000000e+00 3.718045848715165747e+00
1.193776641714436870e+00 3.757537126667156446e+00
1.425102670302999197e+00 3.878259364971728740e+00
1.701254279852589146e+00 4.082893974550729332e+00
2.030917620904737042e+00 4.380168907962668889e+00
2.424462017082328114e+00 4.785275143221322303e+00
2.894266124716751598e+00 5.319966975290722822e+00
3.455107294592221656e+00 6.013248347244260827e+00
4.124626382901352528e+00 6.903725514292258225e+00
4.923882631706741897e+00 8.044568882589675951e+00
5.878016072274911963e+00 9.510614395147506173e+00
7.017038286703829897e+00 1.140803284617775937e+01
8.376776400682924617e+00 1.388680991493083816e+01
1.000000000000000000e+01 1.715735224478760301e+01
