3.162277660168379412e-01 3.476791466232841410e-01
3.665241237079627790e-01 2.330476237135454820e-01
4.248201698162611950e-01 1.659244773157975417e-01
4.923882631706739121e-01 1.214979846527793200e-01
5.707031326057167009e-01 9.409344237176385517e-02
6.614740641230149043e-01 7.751480101092717012e-02
7.666822074546214560e-01 6.527251598569795699e-02
8.886238162743402835e-01 5.809842649590787195e-02
1.029960365809989842e+00 5.674810973164938488e-02
1.193776641714436426e+00 5.521231812868767491e-02
1.383648068032459433e+00 5.546265481629737010e-02
1.603718743751330056e+00 8.426871383516104430e+00
1.858791891146563513e+00 6.218411217074115704e-02
2.154434690031883370e+00 6.775813092441751451e-02
2.497099786006540700e+00 7.393399644692133510e-02
2.894266124716750266e+00 8.036145617397476293e-02
3.354602185954043136e+00 8.713515078158011462e-02
3.888155180308087377e+00 9.447142545990827589e-02
4.506570337745473331e+00 1.023722459565246656e-01
5.223345074266840804e+00 1.114012849068340277e-01
6.054123584037268024e+00 1.222613584930851843e-01
7.017038286703826344e+00 1.356017744014862414e-01
8.133105582266926703e+00 1.520426230549214996e-01
9.426684551178849958e+00 1.721767902970215980e-01
1.092600861117377953e+01 1.965555520549906732e-01
1.266380173467402770e+01 2.256683056499050599e-01
1.467799267622068982e+01 2.599320373528375416e-01
1.701254279852588169e+01 2.997137978520999502e-01
1.971840556512641740e+01 3.454092696344963631e-01
2.285463864134989720e+01 3.975912238932848841e-01
2.648969287610526990e+01 4.572172493577529306e-01
3.070290629757848322e+01 5.258628096869648605e-01
3.558623573050965661e+01 6.059305082290867839e-01
4.124626382901347910e+01 7.008110139345063994e-01
4.780652533007380356e+01 8.150026517536914650e-01
5.541020330009492056e+01 9.542253107689764313e-01
6.422325422229356207e+01 1.125538677372756480e+00
7.443803013251681477e+01 1.337322887422284445e+00
8.627747685955866075e+01 1.598611266398263231e+00
1.000000000000000000e+02 1.916707127430142377e+00
