3.162277660168379412e-01 3.569784544111236912e-01
3.665241237079627790e-01 2.375175333643487485e-01
4.248201698162611950e-01 1.642576897279358628e-01
4.923882631706739121e-01 1.202919898230968149e-01
5.707031326057167009e-01 9.178873801726282478e-02
6.614740641230149043e-01 7.371093395692035477e-02
7.666822074546214560e-01 6.049847753222025587e-02
8.886238162743402835e-01 5.154969639102869455e-02
1.029960365809989842e+00 4.372280829884095388e-02
1.193776641714436426e+00 3.908799613921809524e-02
1.383648068032459433e+00 3.392511478471797737e-02
1.603718743751330056e+00 3.258592063552549767e-02
1.858791891146563513e+00 3.111184958931694292e-02
2.154434690031883370e+00 2.852509019365891824e-02
2.497099786006540700e+00 2.668852755529627085e-02
2.894266124716750266e+00 2.557522265797867317e-02
3.354602185954043136e+00 2.466592879907145153e-02
3.888155180308087377e+00 2.512904563233981509e-02
4.506570337745473331e+00 2.489505272197196223e-02
5.223345074266840804e+00 2.729626741864567274e-02
6.054123584037268024e+00 2.775673764509083499e-02
7.017038286703826344e+00 2.847950228405106768e-02
8.133105582266926703e+00 3.206601853503764782e-02
9.426684551178849958e+00 4.035649605292257469e-02
1.092600861117377953e+01 4.563954804700003087e-02
1.266380173467402770e+01 1.525933465033537884e+00
1.467799267622068982e+01 1.458836161661398290e+00
1.701254279852588169e+01 1.554903540733281186e+00
1.971840556512641740e+01 1.494880462482955696e+00
2.285463864134989720e+01 1.605408850126446518e+00
2.648969287610526990e+01 1.442546567832453386e+00
3.070290629757848322e+01 1.408579425108076766e+00
3.558623573050965661e+01 1.501121034408051003e+00
4.124626382901347910e+01 1.434557316145417816e-01
4.780652533007380356e+01 1.280199493129167143e+00
5.541020330009492056e+01 2.165613765602532326e-01
6.422325422229356207e+01 2.698003517883218461e-01
7.443803013251681477e+01 3.380199571866835395e-01
8.627747685955866075e+01 4.149074590418082020e-01
1.000000000000000000e+02 5.013200051319487427e-01
