1.000000000000000021e-02 3.953844175627084923e+01
1.193776641714436315e-02 3.085692239513101143e+01
1.425102670302997795e-02 2.618310825098804884e+01
1.701254279852589327e-02 2.371173842994764414e+01
2.030917620904735751e-02 2.250938090654620183e+01
2.424462017082328405e-02 2.217189292356325581e+01
2.894266124716751709e-02 2.255796010886385616e+01
3.455107294592219686e-02 2.368029145166156724e+01
4.124626382901352278e-02 2.585673493208687290e+01
4.923882631706739260e-02 2.986424801406634444e+01
5.878016072274912240e-02 3.736672573491073024e+01
7.017038286703829175e-02 5.323282474101971218e+01
8.376776400682919843e-02 1.017721424477021088e+02
1.000000000000000056e-01 1.227616776220919803e+02
1.193776641714437009e-01 3.336936245627364883e+01
1.425102670302998420e-01 1.511466103969015329e+01
1.701254279852589257e-01 9.296661554764686031e+00
2.030917620904735821e-01 6.563709179822548201e+00
2.424462017082328336e-01 5.077891111433940452e+00
2.894266124716751709e-01 4.206927256546938665e+00
3.455107294592220102e-01 3.718649576519037048e+00
4.124626382901352417e-01 3.465222738359011068e+00
4.923882631706741342e-01 3.408001178084119509e+00
5.878016072274915294e-01 3.492927722404257196e+00
7.017038286703829453e-01 3.712603075906456329e+00
8.376776400682920398e-01 4.043258141393301308e+00
1.000000000000000000e+00 4.464278515318763851e+00
1.193776641714436870e+00 4.944021218669272244e+00
1.425102670302999197e+00 5.456516149930271453e+00
1.701254279852589146e+00 5.993920647468688578e+00
2.030917620904737042e+00 6.577473010108342066e+00
2.424462017082328114e+00 7.253744844923140533e+00
2.894266124716751598e+00 8.095677974110515152e+00
3.455107294592221656e+00 9.194292045790732004e+00
4.124626382901352528e+00 1.065664565587436918e+01
4.923882631706741897e+00 1.263144922824890237e+01
5.878016072274911963e+00 1.530667246587551311e+01
7.017038286703829897e+00 1.893834246638332530e+01
8.376776400682924617e+00 2.388930726385370207e+01
1.000000000000000000e+01 3.065846770965558932e+01
