3.162277660168379412e-01 3.485176062510143558e-01
3.665241237079627790e-01 2.322927816367428844e-01
4.248201698162611950e-01 1.640153024086222489e-01
4.923882631706739121e-01 1.213350199664874340e-01
5.707031326057167009e-01 2.327814627347343901e+01
6.614740641230149043e-01 7.918943215404444791e-02
7.666822074546214560e-01 6.619980888188889412e-02
8.886238162743402835e-01 5.573401838028086558e-02
1.029960365809989842e+00 5.022674653296631958e-02
1.193776641714436426e+00 4.586342056191031191e-02
1.383648068032459433e+00 4.297739165589380128e-02
1.603718743751330056e+00 4.108420673568114606e-02
1.858791891146563513e+00 4.379825755427972644e-02
2.154434690031883370e+00 4.023646914258503099e-02
2.497099786006540700e+00 4.032365451172203324e-02
2.894266124716750266e+00 4.082739729886446234e-02
3.354602185954043136e+00 4.181392892374354020e-02
3.888155180308087377e+00 4.305046506008086693e-02
4.506570337745473331e+00 4.480790920941014888e-02
5.223345074266840804e+00 4.715292595417287791e-02
6.054123584037268024e+00 5.017339090644897664e-02
7.017038286703826344e+00 5.408215757062270063e-02
8.133105582266926703e+00 5.889282845627318019e-02
9.426684551178849958e+00 6.508470272809682711e-02
1.092600861117377953e+01 7.295459235551844668e-02
1.266380173467402770e+01 8.282837774715248735e-02
1.467799267622068982e+01 1.338839636068521743e+00
1.701254279852588169e+01 1.110814994725668053e-01
1.971840556512641740e+01 1.311731951153096709e-01
2.285463864134989720e+01 1.569134561322540200e-01
2.648969287610526990e+01 1.902170961602930865e-01
3.070290629757848322e+01 2.335926400448764817e-01
3.558623573050965661e+01 2.903439571638579131e-01
4.124626382901347910e+01 3.624403523754509138e-01
4.780652533007380356e+01 4.519108294284850391e-01
5.541020330009492056e+01 5.616466086779871025e-01
6.422325422229356207e+01 6.944632755002707603e-01
7.443803013251681477e+01 8.530130434465696965e-01
8.627747685955866075e+01 1.039496942977598426e+00
1.000000000000000000e+02 1.254606134429546938e+00
