3.162277660168379412e-01 3.629371608724614173e-01
3.665241237079627790e-01 2.509431520376128044e-01
4.248201698162611950e-01 1.858803752593786163e-01
4.923882631706739121e-01 1.482454846197985843e-01
5.707031326057167009e-01 1.242050271044892185e-01
6.614740641230149043e-01 1.103878887011938148e-01
7.666822074546214560e-01 9.994642678992930740e-02
8.886238162743402835e-01 2.102302736797712512e+00
1.029960365809989842e+00 8.978600382460549811e-02
1.193776641714436426e+00 8.775480322671956601e-02
1.383648068032459433e+00 8.750415255040806806e-02
1.603718743751330056e+00 8.874616958147150958e-02
1.858791891146563513e+00 9.112669497186461076e-02
2.154434690031883370e+00 9.477996670824556658e-02
2.497099786006540700e+00 9.979083405407598861e-02
2.894266124716750266e+00 1.062786776082398493e-01
3.354602185954043136e+00 1.144571446226809452e-01
3.888155180308087377e+00 1.246576239808536296e-01
4.506570337745473331e+00 1.373225046883119194e-01
5.223345074266840804e+00 1.529763692550006049e-01
6.054123584037268024e+00 1.721799952842918979e-01
7.017038286703826344e+00 1.954715970613196130e-01
8.133105582266926703e+00 2.233054587290468629e-01
9.426684551178849958e+00 2.560081752666676369e-01
1.092600861117377953e+01 2.937795575116239344e-01
1.266380173467402770e+01 3.367571964930877737e-01
1.467799267622068982e+01 3.851423477682879293e-01
1.701254279852588169e+01 4.393630047299809660e-01
1.971840556512641740e+01 5.002445276598710411e-01
2.285463864134989720e+01 5.691706535359937202e-01
2.648969287610526990e+01 6.482299564845988016e-01
3.070290629757848322e+01 7.403425849944565984e-01
3.558623573050965661e+01 8.493485078540117250e-01
4.124626382901347910e+01 9.800256901922016484e-01
4.780652533007380356e+01 1.137996376451054559e+00
5.541020330009492056e+01 1.329477145445853159e+00
6.422325422229356207e+01 1.560787290683815831e+00
7.443803013251681477e+01 1.837399218829499636e+00
8.627747685955866075e+01 2.162026019231049201e+00
1.000000000000000000e+02 2.531093986512576777e+00
