3.162277660168379134e-02 1.368144451936571215e+01
3.665241237079627790e-02 1.117785851617367499e+01
4.248201698162612505e-02 9.801764069511111899e+00
4.923882631706739260e-02 9.295941988645965992e+00
5.707031326057167286e-02 9.501035799826876627e+00
6.614740641230149043e-02 1.080273797538169411e+01
7.666822074546214560e-02 1.428993406447953340e+01
8.886238162743402558e-02 2.776791628551382729e+01
1.029960365809989981e-01 1.403771834009924362e+02
1.193776641714436315e-01 1.256784183339274392e+02
1.383648068032459488e-01 1.002976777494883436e+02
1.603718743751330056e-01 6.196770024865711690e+01
1.858791891146563680e-01 4.328737232965863058e+01
2.154434690031883370e-01 3.261784009670104467e+01
2.497099786006540811e-01 2.589405792046404287e+01
2.894266124716750044e-01 2.134993061367540790e+01
3.354602185954043136e-01 1.810820082283559529e+01
3.888155180308087155e-01 1.569227693428139148e+01
4.506570337745472998e-01 1.382637617076101755e+01
5.223345074266840804e-01 1.234330842265946515e+01
6.054123584037268690e-01 1.113756220386611417e+01
7.017038286703826122e-01 1.013984540501868992e+01
8.133105582266927369e-01 9.302744629519397179e+00
9.426684551178848848e-01 8.593217876148992573e+00
1.092600861117377864e+00 7.989049869017109451e+00
1.266380173467402726e+00 7.477503832796858596e+00
1.467799267622069026e+00 7.054515679744066681e+00
1.701254279852588258e+00 6.723673195155546622e+00
1.971840556512642006e+00 6.494463655915960310e+00
2.285463864134989365e+00 6.380538665619007510e+00
2.648969287610527079e+00 6.398431434054600686e+00
3.070290629757848055e+00 6.567200843763203899e+00
3.558623573050965661e+00 6.909128983957402603e+00
4.124626382901348087e+00 7.451529725929890269e+00
4.780652533007380356e+00 8.229411759850057351e+00
5.541020330009492234e+00 9.289211871512920382e+00
6.422325422229356207e+00 1.069333941968146107e+01
7.443803013251680589e+00 1.252615885844750743e+01
8.627747685955865720e+00 1.490132871516405721e+01
1.000000000000000000e+01 1.797150066091686327e+01
