1.000000000000000021e-02 1.085035012608030200e+02
1.193776641714436315e-02 7.969816332261805769e+01
1.425102670302997795e-02 5.991090059784066568e+01
1.701254279852589327e-02 4.668898474290786282e+01
2.030917620904735751e-02 3.783201134287072875e+01
2.424462017082328405e-02 3.188411735484654486e+01
2.894266124716751709e-02 2.798366734610861073e+01
3.455107294592219686e-02 2.568524671095423173e+01
4.124626382901352278e-02 2.487926712976683774e+01
4.923882631706739260e-02 2.585907433420941359e+01
5.878016072274912240e-02 2.971630171864020298e+01
7.017038286703829175e-02 4.007476702891007392e+01
8.376776400682919843e-02 7.542128206054962902e+01
1.000000000000000056e-01 1.088993121182605819e+02
1.193776641714437009e-01 4.041058034268363741e+01
1.425102670302998420e-01 1.726298676745619787e+01
1.701254279852589257e-01 9.847067194052380401e+00
2.030917620904735821e-01 6.424833158444871906e+00
2.424462017082328336e-01 4.582946714797127896e+00
2.894266124716751709e-01 3.512273421647433391e+00
3.455107294592220102e-01 2.864395995393766103e+00
4.124626382901352417e-01 2.459499289669929922e+00
4.923882631706741342e-01 2.236360101034532200e+00
5.878016072274915294e-01 2.085510532653494842e+00
7.017038286703829453e-01 2.063959685136593336e+00
8.376776400682920398e-01 2.014221410160333736e+00
1.000000000000000000e+00 2.074321665727085318e+00
1.193776641714436870e+00 2.181616275495938950e+00
1.425102670302999197e+00 2.411191626817125844e+00
1.701254279852589146e+00 2.709373241777818908e+00
2.030917620904737042e+00 2.904881840850982666e+00
2.424462017082328114e+00 5.978038432618616227e+00
2.894266124716751598e+00 3.914980076440702561e+00
3.455107294592221656e+00 4.747158497022542001e+00
4.124626382901352528e+00 5.770835985000357660e+00
4.923882631706741897e+00 7.897629232034621971e+00
5.878016072274911963e+00 9.154773467956299982e+00
7.017038286703829897e+00 1.179667827642068190e+01
8.376776400682924617e+00 1.544032690227402682e+01
1.000000000000000000e+01 2.044609618040825083e+01
