3.162277660168379134e-02 1.820748651723632872e+00
3.842513346254321227e-02 1.567016527613543042e+00
4.669074130371086984e-02 1.504977072276913797e+00
5.673435918225600005e-02 1.629012993764791473e+00
6.893845379073933188e-02 2.084063743807935687e+00
8.376776400682915680e-02 3.792692097400431006e+00
1.017869984146125700e-01 9.460213292390381667e+00
1.236823397292983878e-01 3.964733554258147663e+00
1.502875750260604659e-01 1.601127637142438331e+00
1.826158468270260848e-01 8.352885740695982220e-01
2.218982341458970720e-01 4.848775530132336531e-01
2.696306326783701746e-01 2.975494276241442138e-01
3.276307193627228664e-01 1.902771569896244408e-01
3.981071705534971472e-01 1.267450045817389293e-01
4.837437696757803662e-01 2.397719205567578893e+00
5.878016072274911963e-01 2.171213119820935677e+00
7.142432649639980369e-01 2.005297244990821515e+00
8.678837132695964574e-01 1.856531603347094883e+00
1.054573667973740303e+00 1.706389250661212609e+00
1.281422388944083446e+00 4.374913571186254263e-02
1.557068404753729984e+00 4.548226050383397112e-02
1.892008472772299665e+00 5.009710065632155124e-02
2.298997301668542992e+00 5.676883701081784223e-02
2.793533257985219453e+00 6.447148634863229810e-02
3.394448552769389948e+00 7.308138762348970197e-02
4.124626382901348087e+00 8.284954984602176109e-02
5.011872336272719330e+00 9.414448652201511114e-02
6.089973244419446985e+00 1.078739047140997720e-01
7.399983804321420777e+00 1.254969558771308336e-01
8.991789964660114265e+00 1.483961234189226652e-01
1.092600861117377953e+01 1.778659519599192773e-01
1.327629589221125350e+01 2.150367902913837559e-01
1.613215208683695323e+01 2.608265280723299218e-01
1.960232982646277122e+01 3.160563804458532688e-01
2.381897545702918961e+01 3.818706122246110501e-01
2.894266124716748934e+01 4.604752111958430039e-01
3.516850007169744430e+01 5.559912217316778094e-01
4.273357542109315688e+01 6.751748930328408393e-01
5.192596967591166646e+01 8.279064068395489695e-01
6.309573444801932851e+01 1.027631062820163921e+00
