3.162277660168379134e-02 1.090253329770486390e+00
3.842513346254321227e-02 8.693729129740339623e-01
4.669074130371086984e-02 7.860014252272470303e-01
5.673435918225600005e-02 8.011735734792461150e-01
6.893845379073933188e-02 9.698814196946671240e-01
8.376776400682915680e-02 1.668969681138965822e+00
1.017869984146125700e-01 1.043007468096758927e+01
1.236823397292983878e-01 8.602497525727887506e+00
1.502875750260604659e-01 3.892241712314082225e+00
1.826158468270260848e-01 2.231726164545870805e+00
2.218982341458970720e-01 1.439695555794451742e+00
2.696306326783701746e-01 9.817243409417120148e-01
3.276307193627228664e-01 6.805555269601574198e-01
3.981071705534971472e-01 4.622420944959602096e-01
4.837437696757803662e-01 2.912100764889198889e-01
5.878016072274911963e-01 1.745916795488828277e-01
7.142432649639980369e-01 2.039651738109849788e+00
8.678837132695964574e-01 7.848577854668233045e-02
1.054573667973740303e+00 5.962913642666075459e-02
1.281422388944083446e+00 4.838203199104892938e-02
1.557068404753729984e+00 1.626880747405575978e+00
1.892008472772299665e+00 1.610210755204033894e+00
2.298997301668542992e+00 3.385467344004769452e-02
2.793533257985219453e+00 3.268271952118145113e-02
3.394448552769389948e+00 4.102813440100852582e-02
4.124626382901348087e+00 1.488833403676039557e+00
5.011872336272719330e+00 1.472380320960921196e+00
6.089973244419446985e+00 1.536082192637713728e+00
7.399983804321420777e+00 1.536052387069687608e+00
8.991789964660114265e+00 4.552627516911855049e-02
1.092600861117377953e+01 1.498091430617837672e+00
1.327629589221125350e+01 1.497050690621484881e+00
1.613215208683695323e+01 7.137445705562246723e-02
1.960232982646277122e+01 8.480228056554278693e-02
2.381897545702918961e+01 1.027848312484383742e-01
2.894266124716748934e+01 1.274420436595874451e-01
3.516850007169744430e+01 1.604648545183016972e-01
4.273357542109315688e+01 2.073726053501786792e-01
5.192596967591166646e+01 2.756769131097061010e-01
6.309573444801932851e+01 3.765478618994757554e-01
