1.000000000000000021e-02 2.652343496971520054e+00
1.266380173467403399e-02 1.913791433090010541e+00
1.603718743751330125e-02 1.546207798417028600e+00
2.030917620904735751e-02 1.370134553554304802e+00
2.571913809059344497e-02 1.314917787434527696e+00
3.257020655659782771e-02 1.367483439547466650e+00
4.124626382901352278e-02 1.565881730049679899e+00
5.223345074266843441e-02 2.008301252855750008e+00
6.614740641230149043e-02 3.028314097876091626e+00
8.376776400682915680e-02 6.434716295296224686e+00
1.060818355139448305e-01 3.358534080655361631e+00
1.343399332598900209e-01 5.828807890417067039e-01
1.701254279852589257e-01 2.880304782185244550e-01
2.154434690031883370e-01 4.123711151129392682e+00
2.728333376486767881e-01 1.242219651787612317e-01
3.455107294592218437e-01 9.198697586450853281e-02
4.375479375074184385e-01 6.840215687382757148e-02
5.541020330009491790e-01 5.194291489666358341e-02
7.017038286703826122e-01 4.155121425970744603e-02
8.886238162743402835e-01 3.448143538308169609e-02
1.125335582600764495e+00 2.931192037419459370e-02
1.425102670302997865e+00 2.718098988095659849e-02
1.804721766827170226e+00 2.667350311491225451e-02
2.285463864134990697e+00 2.720069037120252664e-02
2.894266124716751598e+00 2.412165051938612234e-02
3.665241237079626124e+00 2.689124099835917339e-02
4.641588833612777520e+00 2.761073501391718074e-02
5.878016072274911963e+00 3.145393204480040339e-02
7.443803013251688583e+00 3.949556488136789223e-02
9.426684551178853511e+00 1.356480248378810538e+00
1.193776641714435804e+01 1.460511446581434170e+00
1.511775070615661498e+01 1.353006433203649550e+00
1.914481976169957633e+01 7.834782589298483479e-02
2.424462017082328202e+01 9.961346630931725010e-02
3.070290629757849743e+01 1.304603832727697643e-01
3.888155180308085335e+01 1.770587059898418025e-01
4.923882631706736390e+01 2.485416801368835193e-01
6.235507341273912374e+01 3.633025781687209133e-01
7.896522868499724268e+01 5.455760376956496627e-01
1.000000000000000000e+02 8.123993746867150811e-01
