3.165747485890952007e+00
5.191053698742098099e+00
5.398297888519616450e+00
1.101825485759775347e+01
1.977854215096380430e-01
5.858581425884372251e+00
1.382861655293583514e-01
6.244164472598605187e+00
1.372458488373472285e+01
3.194734333377719171e+00
6.157845325874498954e+00
1.624637716156512590e-01
7.716047057980717661e+00
6.549876054878003728e+00
7.150860455394808746e+00
1.845622451216938842e+01
6.042355988031533620e+00
1.480545646333255405e+01
5.747597286543948414e+00
1.647112839133077600e+01
5.424913044071222323e+00
1.667498407847782360e+01
1.173220716053466062e-01
8.517528522635750221e+00
7.006394243924477294e+00
5.923119321744296784e+00
1.901435151130872114e+01
2.598271129085413245e-01
1.306585087916845112e+01
4.215048958741738794e+00
2.170367334676084337e-01
5.713073210168944982e+00
2.022326490296442736e-01
1.659044108562460806e+01
6.031848557549268186e+00
2.165279307610435411e-01
6.253359738820205571e+00
2.362083515730170336e-01
6.018954451084821855e+00
1.053768588348780533e+01
7.691953153321686720e+00
5.041436324932248247e+00
5.884195594906547200e+00
1.936726200741537696e+01
6.717016618357127378e+00
6.375767020310810551e+00
5.944466535563837972e+00
5.060007728323209220e-01
6.741845930468702619e+00
5.312068479642265473e+00
4.435409752537115224e+00
5.797893334166948520e+00
1.654933179499759888e+01
1.893468827179227532e+01
5.691898780939633973e+00
5.405507037504194479e+00
1.889600896423058529e+01
1.798155822777587431e+01
5.050749996811257247e+00
5.558382958031582000e+00
1.980893736201842970e+01
5.760668280737996305e+00
9.642682846062156088e+00
1.234432663982056727e-01
6.240884271739384204e+00
5.963406019289191562e+00
6.083060326309660759e+00
5.702736012156098155e+00
2.145981792858666637e-01
1.116504986825035850e+01
6.261424919224277019e+00
7.303560268620117313e+00
3.533692907401949856e+00
6.155933124703715009e+00
7.921246517576938651e+00
1.672663597478069863e-01
5.652476285305873205e+00
6.356045032887005952e+00
1.344783928490226543e+01
1.704267133473980067e+01
3.489017573173907927e+00
5.371275394006642223e+00
1.484389168618975496e+01
5.785550511039845745e+00
6.461325106782912719e+00
1.415594810299680428e-01
8.286069016660079001e+00
6.291855288602392626e+00
5.437170374954574115e+00
1.275217355732254809e+01
1.513661744420043043e+01
3.169780304412331273e-01
1.194583099421715922e+01
9.374414094947116638e+00
5.759454165481439070e+00
4.041692276917448368e+00
1.409578118890745202e+01
5.494676560173214597e+00
1.289720817721696555e+01
6.224454977687221557e+00
4.993439844019318841e+00
6.691658452869170937e+00
6.196036683373934650e+00
1.298573906988043447e+01
1.990641878141659760e+01
5.339945992585646728e+00
5.711128748529437082e-01
5.311115585829180752e+00
1.168336490209443745e+01
1.091562530023810140e+01
4.798376326222370536e-01
5.646294691860735959e+00
6.138858706914625429e+00
6.066700790142759203e+00
1.473182538970535838e+01
6.234856669290359754e+00
5.718736132567111774e+00
1.777384477993158995e+01
1.369075457553852360e+01
6.658550382312047766e+00
1.837134902096499900e+01
5.737614017653760001e+00
5.960219514055466128e+00
1.509391808930136669e+01
4.969340986452428055e+00
1.256134357403242774e+01
1.058072940299558340e+01
5.105987799988104925e+00
9.137603142081394125e+00
5.868301635909563885e+00
5.563679693798242454e+00
1.702260636746225941e+01
5.953798365506837165e+00
5.605047702497455653e+00
6.537800385284331384e+00
5.569738070896394611e+00
1.937290127878237200e+01
7.313558096897657457e+00
5.428761361893926995e+00
2.216023966374417731e-01
6.545941891027972082e-01
5.544920162830323740e+00
1.174445457537742676e+01
1.726989116168629879e-01
5.767140113391713285e+00
9.093543094511723268e+00
4.143509158599970599e-01
1.922472135394366077e+01
6.653848464998485035e+00
6.189173307945063485e+00
5.540860394417101098e+00
6.448321362301703275e+00
6.544985646228245635e+00
1.319737105394120746e+01
1.044730964210750790e-01
6.492136000684835651e+00
1.324063240708924227e-01
5.975927033774764752e+00
5.197065262493638649e+00
5.721657076956108590e+00
6.592921920408469916e+00
1.940330628732021623e+01
1.019364232557161687e-01
7.553494252851070678e-01
6.013324053070314257e+00
1.541394396905000630e-01
1.132966718281149099e+01
7.903003028932236163e-01
1.584922644092466371e+01
6.136407431492782116e+00
1.231520958254528342e-01
1.927223412026446425e+01
6.041452451248863653e+00
1.043401826053083958e+01
1.460651557322536931e+01
1.329980901931177295e-01
5.664133915590847224e+00
5.176639541272169076e+00
5.803425601967536096e+00
1.671217164574644864e-01
1.785504854319201939e+01
2.050724998242203334e+00
4.999390666330459254e+00
5.492193937106740087e+00
1.858193288583515068e-01
1.438216119056685116e+01
5.324326331569738002e+00
1.549406726353812402e+01
1.059714730011421246e-01
1.731972953728282150e+01
1.517624004068640886e+01
5.786013406221722555e+00
1.850381527919089208e+01
6.292504069556256852e+00
1.188948364507846023e+01
1.476943287574544073e+01
9.326767705326348690e+00
1.211773207000687158e+01
1.448766026549137553e-01
5.489838996166010787e+00
1.800027411228938945e+01
1.312734996703506241e-01
1.617075907214357855e+01
5.661922140893954847e+00
6.164039282303534151e+00
4.532148448298880083e+00
8.616635546736738149e+00
4.736595753025211408e+00
2.851704611133007106e+00
1.118578359549798762e+01
1.977616940070825002e+00
1.127068344572989744e+01
4.788613089929822486e+00
6.302785842035997455e+00
5.248962909465164195e+00
1.954193567263070030e-01
3.531026841517561188e+00
6.313112933191596277e+00
3.819180272671478527e-01
5.309965823842332178e+00
3.399588692262061951e+00
6.624770272365502422e+00
3.071005204439145153e+00
3.436228802024927198e+00
5.280234721447768287e+00
6.719485737433495309e+00
5.695602954003602392e+00
1.823472799686753731e+01
5.443414145475871990e+00
1.338722264518647798e+01
9.345103608355834979e+00
1.476419484240076763e+01
2.892808821696991606e-01
8.565635875777211083e+00
5.712719407737643529e+00
5.467315681297171714e+00
1.432629698942142582e+01
5.564509816989936297e+00
5.416396234623179318e+00
5.148145049947086882e+00
2.077734880807623752e-01
1.142929689416865102e+01
1.401587064005056504e+01
2.123191821717834993e-01
8.880465964293479786e+00
1.219422921515763569e+01
3.929966705591558251e-01
2.105462101567315836e-01
1.042991225301822134e+01
5.329777172057744039e+00
5.115051989425394297e+00
1.656855201717387160e+01
6.219190495005010533e+00
1.730011040592498439e-01
6.479636669244003500e+00
6.642706519373776430e+00
3.622083858464782757e+00
1.405004756376809638e+01
5.436357307752818890e+00
1.681415600046834058e+01
5.721532837727988152e+00
7.170157669446025395e+00
7.796702193646764201e+00
5.500307012833018483e+00
5.995076919960542483e+00
5.311712459775635331e+00
9.594833772730998689e+00
1.923754542703808568e+01
1.266757662792570827e+01
4.734886796674626197e+00
1.337707721335087108e+01
7.748053071736178410e+00
1.640481696715705429e-01
1.887322962819088790e-01
1.548291426087355127e+01
1.802322926668907499e+01
6.514866995179747100e+00
5.861175660755231220e+00
1.176529084990420443e-01
3.617095578003527656e+00
5.842260666995906959e+00
1.234882863291189709e-01
4.418142365382923487e+00
6.096971024321685917e+00
1.601113039928631354e-01
3.723320462112942764e+00
4.371402627936908480e+00
6.293479781460051825e+00
4.878833760815256326e+00
5.791182973788847832e+00
1.686514390788324746e+01
5.614700325956067495e+00
1.092739347509106007e-01
6.267809948309303714e+00
6.930011538973855245e+00
1.896698844605494827e+01
6.052287275737789685e+00
5.812550566058590995e+00
4.506928636546417621e+00
1.720017936675284076e-01
4.163869175734457029e-01
1.507898178924195065e+01
6.080803182971554754e+00
2.997517803731867270e-01
5.696351304645610014e+00
5.870008461249406118e+00
5.688522462672846558e+00
5.496506554839519332e+00
5.564772473425563248e+00
3.337303188437448220e-01
1.535390087311794005e+01
8.126328235918197862e+00
4.798360997192476773e+00
6.282394007517728696e+00
1.976668392817129694e-01
1.724435379419233527e+01
3.395179950384293210e+00
2.288023419361520927e-01
1.350524379310238388e-01
1.100633016406019848e+01
1.160702444861753946e-01
1.476324737314767077e+01
2.444873987540542859e-01
1.146217368011302890e-01
7.422678292286518875e+00
5.982407128773310490e+00
4.079803746444720658e-01
2.050423113249250640e-01
1.143650961030319019e-01
3.287209104265302884e+00
8.109878423020608906e+00
5.914225124228294383e+00
5.541397030785549127e+00
1.616178901258047418e+01
2.448633942253086282e+00
5.911939024671752030e+00
5.212471727934318011e+00
5.746325341915395235e+00
5.263757251396051551e+00
1.830791918159867748e+01
3.335581009825293819e+00
8.735419887063756050e+00
1.756220663423186679e+01
6.475028466641448155e+00
5.161552641765548621e+00
3.450712534293958633e+00
1.887047422691469911e-01
2.261948041668402354e-01
1.270724493474635786e+01
9.519527329490211187e+00
1.980038227604505252e+01
3.623564111881892646e+00
5.888468777733674386e+00
1.815262383666996016e+01
1.338302473325520658e+01
6.283605968920001672e+00
6.282895396314566838e+00
5.310235965719277473e+00
8.344034434645879017e+00
1.752220993806266613e-01
2.058174563642858335e+00
6.027559445061312360e+00
5.854078596221119035e+00
5.807879058110133386e+00
9.858272734671425397e+00
1.665211803903915566e+01
1.769110876243211905e+01
1.421064743976307998e-01
6.218542103051117209e+00
3.955353486562757648e-01
1.206810247973104744e+01
6.744092037898681724e+00
6.341956379304465763e+00
1.743256284624558894e-01
1.538706125986160700e+01
2.625656990660143908e+00
5.782288289261817482e+00
3.262557332057904880e+00
2.134032038290223365e+00
2.467602134122395707e+00
3.282213427987780374e+00
5.251901795452328159e+00
3.121384232777007495e-01
5.509922109764104015e+00
6.134908305726997746e+00
5.480725909827127929e+00
3.358098975800886121e-01
6.375617510078575023e+00
1.290359127637414183e+01
1.073904221701213046e+01
6.265325938446299148e+00
5.637230143323304965e+00
1.886990855493251740e+00
1.547497423227756030e+01
5.888128732912715435e+00
5.719256259294239975e+00
6.348438786348390650e+00
3.359833265031578975e+00
9.210607640602299639e+00
1.232411600071615099e-01
2.345502264516539648e-01
1.159147163097410810e-01
1.532500275985820437e+01
5.538191763149058922e+00
6.265253425609733640e+00
9.840566053057373530e-01
5.555158038354876204e+00
5.756583419119284173e+00
5.312500426555903488e+00
4.051386031712438940e-01
1.798185359477550449e+01
1.700121919210152655e+01
8.267188411833503281e+00
6.168366750328089232e+00
5.698283947408533834e+00
1.856618919434976089e-01
6.271176829658032581e+00
1.083803759213588652e-01
7.228090154176661786e-01
5.728594271211592925e+00
5.232853688913600365e+00
5.672304793044328441e+00
4.577231925344828589e+00
9.936389611771851094e+00
2.303342356801942437e+00
1.822822031101649998e+01
5.722184886219120692e+00
1.224221729375876677e+01
1.234676178282481906e+01
6.005314414962916736e+00
5.593491875350305342e+00
1.680039626614519577e+01
5.415304780612255620e+00
1.712698283889372286e-01
6.468742491457970978e+00
1.361572280668232970e+01
6.633187057522450303e+00
5.607917265086791225e+00
5.759452266960441769e+00
2.781508158441253542e+00
3.544450459850044810e-01
1.079121259515532572e+01
2.813189522760202177e+00
5.229496354152709969e+00
5.615098733904245520e+00
7.907050279768022882e+00
5.893016605606677061e+00
6.118012361107711072e+00
1.082615052430080382e+01
4.812029183510849073e+00
4.508405795146304129e+00
4.282500389607217350e+00
5.605280646661768174e+00
1.711232269206044876e+01
1.605833852878222245e+01
5.793507843387812883e-01
6.316955761074439124e+00
8.650405097520840414e+00
1.944223789714894224e+01
1.195495297193446133e-01
6.510434797484140113e+00
5.676671306344792001e+00
1.434016513888851652e-01
1.964523086931496965e-01
2.296710622897454035e-01
1.220723493034995499e+01
6.450861930698911451e+00
6.030240120354731559e+00
6.118951973294830537e+00
1.762282394887008863e+01
1.099892454719825885e+01
1.326164941731581004e-01
5.679144182961959331e-01
2.563190237493671031e-01
1.721257970878871391e-01
5.832147599198580501e+00
6.076714690221439952e+00
1.150555991872646289e-01
3.845846862250983378e-01
1.721840137591384945e+01
6.992999954823399200e+00
1.868257673401285146e+01
5.508666197345579718e+00
1.887703514938703364e+01
7.842765636457436962e+00
6.421521290382439240e+00
9.011376757353197320e+00
6.432074562341910884e+00
3.508307092448722520e-01
1.156250434210028266e-01
1.299168702297092892e+01
6.169318949216501480e+00
1.346105285371199389e-01
5.303516655918329548e+00
2.098107509688359240e+00
6.447704712200626354e+00
1.926715862027961468e-01
1.302709646271939803e-01
9.142709739383708012e+00
6.476164759818472838e+00
1.177751573119420492e+01
5.636625145922019797e+00
2.692257145233736826e-01
4.213161230753792452e+00
6.104877028818501472e+00
6.480734438004284392e+00
1.253923703030374870e-01
5.716360541589540212e+00
1.929936709381214044e+01
1.304549651465199211e+01
6.098783103706803210e+00
5.628449150614487806e+00
8.437568813747083896e-01
6.167524825180018766e+00
8.892218731431860590e+00
7.865297071158743769e+00
1.848070127638703397e+01
1.257914108619440530e+00
1.003087742043753672e-01
4.577566704816350973e-01
5.723792551656107008e+00
6.778942716383533629e+00
6.800874633226209554e+00
1.378682157936727659e+00
1.628388183219075458e+01
6.613414181578219697e+00
6.069079704825623089e+00
1.157870553875025266e+01
5.739543402642705239e+00
1.400970638016454661e-01
1.133495087214733132e-01
1.868911529004226679e+01
2.631329912744316823e-01
5.995584549850135225e+00
1.315019375585001349e+01
1.626478579032317384e+01
3.042945552443789392e+00
5.859640236830104598e+00
5.478020094492175751e+00
6.165161406337160699e+00
1.942585009582712963e-01
1.916664726702690658e+01
1.893087974718112187e+00
6.436994612458875054e+00
1.874800893195551055e+01
1.466159175715394392e-01
5.428769706833229236e+00
9.432826268814109127e+00
2.437917329202067052e+00
5.382953659281322523e+00
5.367616775123411621e-01
1.320046542759663322e-01
1.412642834013523618e+01
9.628261730232637206e+00
1.384169573886020466e+01
6.546228846933008327e+00
6.148650062500428781e+00
5.667586498382068072e+00
4.172008522643992023e+00
9.173577612508355683e-01
2.326951364438474001e-01
7.097394290469556388e+00
6.926400366969264866e+00
6.069850233613963475e+00
2.893617378768694959e+00
6.191628577417632506e+00
6.938762513208524219e+00
1.937721629018484393e+01
6.262678272179536876e+00
1.935704384842269477e+01
6.159539422616909121e+00
2.455285465152431179e+00
3.972447539250857362e-01
1.812868481765890749e+01
1.280251801625164276e+00
9.277721614338739542e+00
2.306580993540733981e+00
6.175938417323805218e+00
2.090567641866866166e-01
5.085436959456755446e+00
1.326681264468844645e+01
1.981446863064135400e+01
1.083763874552154682e+01
2.510604087427195985e+00
5.116516469740600925e+00
6.351740485929063595e+00
5.709772955391448690e+00
1.659014509082674949e-01
6.111142940367928489e+00
6.413058717663222552e+00
1.930040677125846571e+01
4.113968519347121600e+00
5.353824932036396866e+00
5.085726649800148991e+00
5.950078086580292691e+00
5.165016476071337514e+00
5.616248826853975196e+00
5.829370289678691641e+00
8.998701696809309425e+00
6.000974604436063231e+00
6.481273665995022526e+00
6.529373189028219393e+00
6.019430823388731255e+00
3.374152337911545008e+00
5.501904753176053653e+00
1.559533444665140856e+01
5.968164119728891492e+00
2.377618738116332175e-01
8.819066018498746828e+00
6.410007312124654355e+00
5.548945940681424105e+00
5.938720289761225679e+00
6.364192168551323192e+00
4.159554830404249337e+00
5.740806590734856663e+00
1.868615914150986868e+01
5.923803275052341277e+00
6.039932996641957708e+00
8.549867480486842197e+00
6.670769351697574123e+00
1.959852747684315588e+01
5.348384216956053372e+00
6.575118846959781216e+00
1.242744902318846156e+00
5.895528274163917004e+00
1.104426083092420185e+01
5.709755442388130930e+00
4.335060602682244912e+00
5.410164316859130684e-01
1.109355161725994776e+01
5.625714001411673770e+00
5.273065075045323624e+00
3.156437421798081733e+00
9.012341507048436950e-01
8.607001522614124767e+00
4.549199746368085329e+00
5.880641761342026985e-01
5.805481392868924395e+00
9.252373422409521098e+00
2.173992853059782515e+00
1.564330396199643580e+01
6.830557536959351417e+00
2.113588510219002736e-01
4.373217091565022030e-01
1.345757603752839149e+00
3.530177525899075519e+00
1.788649078773279300e+01
1.280398944357522273e-01
9.369932170707491181e+00
6.354589395563906784e+00
1.207491302480037665e-01
4.437949101520795914e+00
6.162262323563515665e+00
1.029132893219198053e+01
1.784276212980398790e-01
6.351549763928496795e+00
1.567836304561582017e-01
1.904904948896814787e+01
1.449806897231059644e+01
1.202550133563784840e+01
3.284574665209001876e-01
5.866323069573621929e+00
1.510902483293982890e+01
5.789969721660043867e+00
5.585978790650982795e+00
8.617280645652726889e+00
5.717069324858328194e+00
6.728397379113876475e+00
7.405776643868349218e+00
1.665681626738451016e+01
4.675527944236998579e+00
5.608529232315275337e+00
2.226852848814644958e-01
1.317736366270670922e-01
4.874564921996635825e+00
1.275682080930367057e+00
1.323096439633201504e-01
1.195552909641917694e+01
1.482246309351363145e+01
6.830144000138377081e+00
6.579112638856376982e+00
1.169453058796251632e+01
6.289489714104800733e+00
1.440211655801430179e+00
1.034723865420561079e-01
1.531842134842434644e-01
6.357823629218055217e+00
1.915308197313015626e+01
6.167527977090542457e+00
5.671534808547176176e+00
1.241982791683347820e+01
6.696857425246527384e+00
5.795105804475680245e+00
6.201842538219162648e+00
6.476668057871538764e+00
1.425849584442772655e-01
5.939418885605892484e+00
6.151875396881493430e+00
6.439278429892944189e+00
6.437305762774588658e+00
9.169677300745583182e+00
5.126787574047638074e+00
6.403388161997969341e+00
1.790053595293251121e+01
3.094335216646597608e-01
2.887136233096746496e-01
1.564350618933183223e-01
1.136436283403038594e+01
1.552327669562623491e+01
5.197356158881765609e+00
5.998864941045638943e+00
3.416255747933619524e+00
1.144363155227629392e+01
5.695344765664365205e+00
1.777401152490584169e-01
1.257449960017949508e-01
5.516922280792081246e+00
7.027805032524649498e+00
2.123686789710537592e+00
4.952176961366093977e+00
4.936029763867709974e+00
5.173899920316199719e+00
5.985844994504194716e+00
7.895473623781479766e+00
1.187308091779473607e+00
1.068047938161956201e-01
5.224494142810399033e+00
1.797001499899125321e+01
5.723138577214690770e+00
5.416891820389855283e+00
1.272007800549261525e+01
6.919493981152652573e+00
5.633927228162401768e+00
2.300234904836731542e-01
1.850870337242597474e-01
1.189518101101944419e-01
5.920456454480774511e+00
1.240879381808272619e+01
5.964527168114119426e+00
4.963138727544784246e+00
1.604295050741990636e+01
6.268878661753359616e+00
1.860642120045153902e+01
6.414479347786082641e+00
6.148650387800697281e+00
1.264784985946276308e+01
1.726349313433438581e+01
6.644689939457711247e+00
8.730418430832770582e+00
1.837034167852834443e+01
2.632143887204984045e-01
1.486591228603732340e+01
9.166082425932209787e+00
2.835464380099042447e+00
8.168695422501100367e+00
5.569215710452796841e+00
3.427784213460900453e+00
1.159251706829499184e+01
4.772428784618233388e-01
4.871274106613252108e+00
5.824608119390402905e+00
2.223468757148653330e-01
6.876115564470439701e+00
1.544379403885733915e+01
2.402392205274408443e+00
6.148195834229262857e+00
2.553952607061475089e+00
5.949796917692204090e+00
7.539829640784522446e+00
1.501218438604742467e+01
1.110841949863277556e+01
6.006093183249855194e+00
5.950188821680718831e+00
5.727585405742057212e+00
6.082760955250004820e+00
6.454322698132081371e+00
6.887727969111255177e+00
1.541990910108242119e+01
6.516194134293630036e+00
6.362558092295116374e+00
6.082988296461013356e+00
3.539967004393929528e+00
6.761889089518743567e+00
1.805680725460290859e+01
3.961231405146148354e-01
6.085893354854786885e+00
6.700442280089895064e+00
1.556970887052424035e-01
1.605114798876035920e+01
1.664864142815486447e-01
1.266591311335067438e+01
3.418214215652627619e+00
1.878286796278798931e+01
1.376730000315395941e+01
1.606480215064680905e+01
4.289754550027349289e+00
6.556949860770154181e+00
1.501441669373502208e+01
8.008964854260286259e+00
6.266256927242027430e+00
5.162723513876306569e+00
1.785785532518428909e+01
5.934951340735152847e+00
1.610063192127920217e+01
6.111780657535502037e+00
5.167410963005368174e+00
1.432378351890318058e+01
9.118146792153194014e+00
7.714785784403529689e+00
5.189601325164232559e-01
1.308323625998214224e-01
1.548887279618390167e+01
1.399964167928565928e+01
3.025865730381818164e+00
1.576581449867896367e+01
5.299915050113499504e+00
5.478215258449297131e+00
1.681954420852944387e-01
6.103164000356759544e+00
1.461854376830014779e+01
9.475902338597629537e+00
3.017869819362746786e-01
6.130949366428886549e+00
4.389922590431077687e+00
5.042665275626798227e+00
9.240842358278163360e+00
1.962014562593466493e+01
9.630636511479652384e+00
7.057479307580080352e+00
1.465700986342217682e+01
5.643909380814014831e+00
9.180944596358751042e-01
2.941674421284026231e-01
1.713122005401866588e+01
4.051016070027231741e+00
6.133929249811147955e+00
1.949590307267508871e-01
1.899412400324329298e+01
1.430384791646579679e+01
5.590899686219755971e+00
5.699449869601478369e+00
6.019403702633606912e+00
1.548526737911722506e+01
1.464408276203196735e+01
1.549426219399882143e+01
1.989351322462691751e+00
8.597613488293896822e+00
1.303115222269472517e-01
1.119044648651421614e-01
1.167353176432818529e+01
5.407544881321454611e+00
1.522007623213678862e+01
1.115972507972722383e+01
6.512040761713009829e+00
1.474585479469505134e-01
5.937694482042739530e+00
1.902020304520311811e+01
6.255883895372742920e+00
7.556253566627331608e+00
4.569712286562491954e+00
1.164167007793109221e+01
6.111787040241827285e+00
5.922370173010356176e+00
2.090095553087004954e-01
5.325902566868516708e+00
3.826182010877686501e+00
1.363806595828387591e+00
6.474933261531559126e+00
2.256300354332248792e-01
3.572748271671896347e+00
5.916873972333961618e+00
6.865413047414358871e+00
6.002023193988070382e+00
1.802717188980671637e+01
4.849957384337160726e-01
1.048383041751283773e-01
4.211568861059381774e+00
1.680443425576320648e-01
6.595808587425393554e+00
2.401293301755382525e-01
6.400180853062941821e+00
1.210243183507644282e+01
5.588796960796805102e+00
6.087298758740211646e+00
1.824692667051866124e+01
5.927730809629297326e+00
9.111418808557305127e+00
6.304125274302607274e+00
5.734523941850913964e+00
8.061460487562522204e+00
6.044848764714281231e+00
6.672439270313435422e+00
6.366287758581655964e+00
1.351042323258755040e+01
2.389712524671656346e-01
5.860407725310097682e+00
6.441083333417346068e+00
2.812030902949628763e-01
1.524023186477710645e+01
1.153846259975295357e-01
5.804826757752287847e+00
6.133411736401805925e+00
6.105534320617465482e+00
1.881755680597479241e+01
1.665042717423744767e+00
1.076319843135877896e+01
5.815435304052088306e+00
4.622062363744089408e-01
1.982855703174746864e+01
5.993088964238503458e+00
1.588262659102904761e-01
6.176868285285804561e+00
5.608668714358871377e+00
5.470519476441201290e-01
9.368968348704528992e+00
1.408770406248687479e+01
5.056625618196598504e-01
5.444727757505869903e+00
3.115559939290448277e+00
7.275286819055775123e-01
6.098079406733199370e+00
3.395797433512978358e+00
1.767335258933873732e+01
5.505440909960400475e+00
1.725573913230623901e+01
1.285862817393550184e-01
5.514157540025390603e+00
6.248806630231633186e+00
6.433570580622994584e+00
2.986576346620875011e-01
1.426074202313726502e+00
3.312088703988000371e-01
6.523438282393456689e+00
5.555117744007696423e+00
6.965176659147694238e+00
4.719598391164009143e+00
1.933035913434909503e+01
5.648265660860574577e+00
4.064123859255262872e+00
3.467425000740218977e+00
2.056726878558327309e-01
7.550010520581277973e+00
1.988674659752367901e+01
6.407683139263395056e+00
1.155284249432209087e+01
4.100153833276835580e-01
6.048222628467692985e+00
5.427524987511882060e+00
3.138124617128595362e-01
1.885583782217766791e+00
5.908857628363098691e+00
1.258523176502833252e+01
1.552954852969592281e+01
6.868047781061932255e+00
5.011489011749864275e+00
1.168699243130185650e+01
4.345613705555920525e+00
4.373491201580048227e+00
1.032123981075051233e+01
6.166945631224485247e+00
6.833359612033110153e+00
2.258803289293077887e-01
9.276526582551053224e+00
3.564624569051933811e+00
3.672439346211588962e+00
6.667778661621498237e+00
5.499244252555472556e+00
7.199379411700800979e+00
6.563079731814375428e+00
1.894909835746461724e+01
1.174789420985344224e+00
6.082713772373231187e+00
1.866307064402219495e+01
1.187301433180601773e+00
1.778747335604889557e+01
1.816368553937970809e+00
1.796651236507625926e+00
1.674277364370845333e+01
6.504593716613876531e+00
1.280970709128521889e+01
1.462840570509981175e-01
5.869103033940004543e+00
5.678236001061331528e+00
8.667383295346940741e+00
1.581217589645788346e-01
1.437320689175589083e-01
1.344625058174318966e+01
6.067343558741870702e+00
6.420280631074941624e+00
7.048328284161560653e+00
6.134911121527300004e+00
1.512976159257537745e+01
6.053164133414953518e+00
6.435029497268792475e+00
6.404766998427347424e+00
5.524695961457253723e+00
8.319518897843100058e-01
5.791191149489988810e+00
1.423308796430103051e-01
9.633315772582777825e+00
5.582355771852445692e+00
5.551455617918001018e+00
1.535361122988940252e+01
1.563594777652296841e+01
6.321418010661557396e+00
1.196696629531545852e+01
1.751667437291220608e+01
6.106373900734583415e+00
1.569575895758026363e+00
1.664982729788964111e-01
1.442551357410540858e+00
6.789174222365099709e+00
9.049408739472007968e-01
1.154515309870887130e-01
2.440209749218438806e-01
1.832597367610057759e+01
5.930712054784900822e+00
5.754231909558220615e+00
6.213870516311074788e+00
1.138431373383520295e+01
5.716850256696188737e+00
6.265730308900873347e+00
1.678911489233317411e+01
6.077763598259452671e+00
1.186549938167383011e+01
1.310494928956129179e+01
6.181408866061996576e+00
9.654412051833221042e+00
5.579148005875580907e+00
5.583919000926375276e+00
3.625194734469880498e+00
6.805483321253761098e+00
1.480790866825086205e+01
1.390266862234421374e+01
6.418518055612688400e+00
1.635536014668440785e+00
1.817813713297570244e-01
2.111947545175179020e+00
1.939580176538228784e+01
6.000484534494654909e+00
5.940629270010101770e+00
1.305202219758848514e+01
1.583143926226229681e+01
1.311218975221834504e-01
6.361685954604229032e+00
1.323895216232035543e-01
1.064858162409885800e+01
4.203058357616454299e-01
5.579509986415763123e+00
4.416629187572493898e-01
5.933564514057763084e+00
1.033507965254107219e+01
1.637270928655967595e+01
6.679886949939570329e+00
1.540202683779733128e+01
9.532027708990656878e-01
7.430733022432197465e+00
1.977036165498691389e+01
1.470284159370165256e+01
1.810888972433159383e+00
4.393470755610920264e+00
5.957266397437879668e+00
1.771457727188598241e+01
6.810160856553268083e+00
6.015070073843482579e-01
1.836315431678908483e-01
4.991957556952677066e+00
6.095022879850158226e+00
1.656442956302074165e+01
7.342415933736663014e+00
1.154396519835690249e+01
6.441315098804551553e+00
7.763454142390922463e+00
1.488530402836373057e+01
6.777390674386401415e+00
6.983820991268324896e+00
5.886341786320716807e+00
6.030312576021177762e+00
5.795472279262366300e+00
5.232445408846603030e+00
5.991571618596568172e+00
1.561220155709205315e+01
1.196208168872646971e-01
1.870806407916608549e+01
1.268383551294928147e+01
6.885581018459675740e+00
1.021686576656441936e+01
1.818827287585213170e+01
1.895070111643777011e+01
1.633445983932659273e-01
4.079857038192643337e+00
1.610708395862520403e-01
3.676794455319492894e+00
6.162169298372373483e+00
5.972875285656721545e+00
6.049713261728632219e+00
5.973331570584844208e+00
1.401088059740356606e-01
6.838275920940105834e+00
1.961022904284419055e-01
3.953413297211242128e+00
1.722296245488226063e+01
5.893648359668340220e+00
1.638530744902151781e+01
1.516643178868669750e+01
5.236381323888879891e+00
2.648882160744032266e+00
5.136099431453912345e+00
1.208651361606403185e+01
6.046894853038898177e+00
1.024603066750865743e+01
1.649837668412444813e+01
5.676006026451223541e+00
6.094941895815952471e+00
1.422730220362203590e-01
1.136501792300101599e+01
1.262633315784591925e+00
1.655081462991890018e-01
5.860221808017138656e+00
5.801250272306948119e+00
1.372945583335600794e+01
5.928305602019819709e+00
1.465685049303029341e-01
3.078157012682956939e+00
5.658044065499966635e+00
1.225286818108906883e-01
1.117367240471780487e-01
6.003112755761172536e+00
1.582368722074133949e+01
3.128910929019757536e-01
1.162276488731684765e+01
1.028984245512513596e+01
1.079323661744762752e+01
1.813078667710793468e+01
3.664899234553874674e+00
1.598582982815715536e-01
1.433764202859995862e+01
3.433244264825892067e+00
6.429778075064715104e+00
4.526571046251198993e+00
6.563795546613528487e+00
4.683393487839101255e+00
2.873433605223633669e-01
4.551398857878290904e+00
1.735184312178004618e+01
1.135761447194559004e+01
5.254041632446920573e+00
1.457368246403274448e+01
2.116446761597507442e-01
1.096412497649863260e+00
5.078990060927437433e+00
1.992965596109988269e+01
1.128493303846247287e+01
5.970811386108557883e+00
7.181190910783719517e+00
1.938121953636103356e+01
7.391626862838029943e+00
5.628042468962783040e+00
5.603099466542894369e+00
5.840650190972433542e+00
4.284291690167809641e+00
5.870691257386172701e+00
3.395736770874829280e-01
1.958240289619641672e+01
5.557038084008190992e+00
3.680953278647394744e-01
1.491238162650361687e+00
1.024911693069205043e+01
1.093171297420988708e+01
1.856950370414881490e+01
1.359926110304301161e-01
1.358960698089487495e-01
1.103140970222157985e-01
1.873703153678464572e-01
6.093158717429151494e+00
8.273969207970502282e+00
6.511061010471782318e+00
1.748035446404109905e+01
6.276762777347967059e+00
4.095196989286500333e+00
5.017200395297526150e+00
1.165872908407697278e-01
6.505948265847216305e+00
1.283246331736014767e+01
1.831128382494946294e+01
5.750255650070676516e+00
1.568886530114227540e+01
9.610892128259592937e+00
5.699556622553409113e+00
7.584731239655417845e-01
2.019885135031287415e-01
5.996161914057834608e+00
1.486580955990716291e+01
1.391150364535628015e+01
1.948334723652226330e+01
2.857627893532437291e+00
6.314243397015304460e+00
6.232457536672323606e+00
7.196532752750369077e+00
5.835197284348671687e+00
5.006596017045721325e+00
6.430265636396401696e+00
5.822584674360184565e+00
1.135899935530644100e+01
7.969506000427752923e-01
1.545910442173151988e+00
1.504786276964708058e+01
1.234486826352995159e+01
1.408933861048677372e+01
9.991348587130357117e+00
5.250919441086886685e+00
1.423249324326129606e-01
5.068716347296729374e+00
5.798417613619681887e+00
6.146983961629895354e+00
5.261733158751255246e+00
5.408079611640863149e+00
7.877107487641208827e+00
1.585347012068985817e-01
6.695719366488452451e+00
1.025255948618590540e-01
7.261947107627830356e+00
6.724683253506014147e+00
3.882887573387099778e+00
5.967840425708017982e+00
3.108677220869064950e-01
6.589135766969999253e+00
7.498013214809555294e+00
1.974047712178612191e+00
6.577616032614320041e+00
4.777755666613733965e+00
1.309267083417884614e-01
3.307016646191595077e-01
1.382855732781398039e+01
1.634750002048606987e+01
6.219743204776498224e+00
6.397153647472590521e+00
2.323329956067448077e+00
7.428758564665357333e+00
6.407759285450755016e+00
6.154914591311241523e+00
2.133311665912316912e-01
1.729203656896683228e+01
5.774516345474738799e+00
1.907926735022175890e+01
1.158617894792795394e-01
6.332829956005814331e+00
4.580388040936612448e+00
5.031705789073739332e+00
5.819203027318430088e+00
5.562297451967499917e+00
6.327035764997408940e+00
1.811762214836415552e+01
3.657802411359866390e+00
5.631226871436724402e+00
6.100142068828744435e+00
1.943567402560503865e+01
6.741481189536634666e+00
4.996891577707940790e+00
7.049879651737999131e-01
5.853130464581589365e+00
1.639626333063616270e-01
1.375284211362105147e+01
6.357245925660810038e+00
1.926595550587210681e+01
1.484495386470278255e+01
1.492954067116586891e+01
5.189615855172528214e+00
6.885719263625955655e+00
1.876851712188335242e+01
8.104705774923173678e+00
3.559681449997868508e-01
1.573231228333320519e-01
1.413629637531756522e+00
2.965005719618835078e-01
1.107434313321315145e+01
1.433656362415277741e+01
1.492265569548435922e+00
5.708234607692113549e+00
4.206528542870095144e+00
4.372320651905678091e+00
2.056785899133376228e-01
1.229883633922915637e-01
5.723306335277031032e+00
1.805662808347212689e+01
7.007747369483075417e+00
5.517867359192632826e+00
3.388606147295432081e-01
6.673211380005459326e+00
5.734157516532977894e+00
1.324948925051946669e-01
1.220363888587272738e+00
2.689227698136776867e-01
4.414589447798316968e+00
1.645126032957998774e+01
5.944182589998336042e+00
1.756809356774212816e+01
5.907699554688522703e+00
5.884018084833713580e+00
6.305841145266414927e+00
5.656605221809043016e+00
5.794631123915674031e+00
5.287696952305449116e+00
1.976940142107815879e-01
1.569281138950761623e+01
5.967610303755581214e+00
5.686168613167665420e+00
6.066745250102487219e+00
6.006814753318421296e+00
6.566351763405252839e+00
5.782722327695692499e+00
1.171565528851497362e+01
1.753097535947339836e+01
6.775017498254387149e+00
6.739134988092512657e+00
1.465500741866986800e+01
3.700655075937973493e+00
6.932158454110438406e+00
7.422323058519625150e+00
5.926803799398841832e+00
1.943455083583529586e-01
6.105660794925275248e+00
1.358202179726677450e+01
2.035116925244664643e-01
1.080567714311822236e+01
1.336992225158432357e-01
5.878912423050552505e+00
6.441449499882044627e+00
5.799685612648467270e+00
6.694380568546074883e+00
5.723693098753416919e+00
5.439649973372783442e+00
2.976131048286373648e+00
6.890020566193910234e+00
1.925450059465267094e-01
1.376183676061962657e+01
8.335166256109593164e+00
6.009922293649933245e+00
4.944340641931098013e+00
7.128687222683814717e+00
1.762356175365163580e+01
5.709553368003570384e+00
1.823552855108250936e+00
1.047853329051910143e-01
6.890468964219401471e+00
9.032030010212235283e+00
6.754274645131030930e+00
1.301542552153711796e+01
5.534629943157342247e+00
5.792404640673823657e+00
1.539557352880459717e+01
1.435387160992006028e-01
5.702447812622574830e+00
7.526091407916792875e-01
6.427468957879911571e+00
5.254589884516021492e+00
8.550152316396577135e+00
3.758446691522965288e+00
6.236142404676373374e+00
6.290409520719269842e+00
1.611066293550997841e+01
6.062192999947730421e+00
6.377715168687150715e+00
6.351726997836848021e+00
2.574900947440082799e+00
1.599808344663627147e-01
1.272171268980299530e+01
5.409075912582651746e+00
2.193181911569285769e-01
5.341564831601031571e+00
8.428489961962528199e+00
1.754620749086899423e+01
9.235544374120845390e+00
6.440616961042693767e+00
1.712045594525311021e+00
6.347446987754966408e+00
5.660774775047811680e+00
4.174847055261413864e+00
2.280177694098161345e-01
1.594598620986553916e+00
6.736957819646655743e+00
5.453013129252036961e+00
6.225072051395008188e+00
1.789304112590234253e+00
1.647432791887343484e+01
6.886195321335056185e+00
1.214339082719792806e+01
4.804766002841603267e+00
8.252562818490677188e+00
7.206073413254793003e+00
2.756779856070460943e-01
5.603137938730911038e+00
1.960289779575707314e+01
5.725202685581186834e+00
6.066876917209207853e+00
1.911912767802202140e+01
6.204375334395234809e+00
6.309811076300799293e+00
6.094402543337775313e+00
1.100082478110799045e+01
6.272862415639737677e+00
5.963259401480772048e+00
4.626348044187388986e+00
3.693553766978079911e-01
6.542816731856496482e+00
6.094405863824326808e+00
1.203177564468056282e+01
6.081170906967700240e+00
5.388831835850619534e+00
1.010344228802206601e+01
1.613254931368306799e+01
1.745212140060034756e+01
8.211339462664398070e+00
1.113266655206683708e+01
2.579889464703125634e-01
1.026877916476967023e-01
6.087504069679571472e+00
6.614507308653847950e+00
2.640707564816398456e+00
6.286849692662033640e+00
1.820495498201922246e-01
6.008103922506757399e+00
6.342339409088488367e+00
6.550213166324003744e+00
1.297376073272944730e+01
6.257393792477224714e+00
3.672562879970490801e+00
1.665061210166513539e-01
1.039059989976384157e-01
1.534757645357209732e+01
6.381760311526290863e+00
2.714170679539972819e-01
2.073160526632964018e+00
1.078781156350251624e+00
6.252933103166423479e+00
4.552986922777916057e+00
1.790615589515607553e+01
1.285931020781155532e+01
5.612270114101612251e+00
5.739267952865017008e+00
4.537788957273864443e-01
1.071210085160460324e+01
9.100230408764266699e+00
7.253382822361182036e+00
5.399853431825656358e+00
5.758130673544161304e+00
4.794317414718796577e+00
1.964505060358983002e+01
5.977082361324468351e+00
1.665295470781575915e-01
6.634195966771125441e+00
1.458601563581594540e+01
7.132278707532304196e+00
9.590989330928534784e+00
1.954330285764304875e+01
5.123881201082777892e+00
6.115491866599096049e+00
2.694198323513092852e-01
1.496714023824506357e-01
5.849431474514917184e+00
5.805452898660894867e+00
1.636117092850207655e+01
1.644211840051781337e+01
6.519621604568530238e+00
2.254981523928895060e-01
1.352485143934437084e-01
1.816848524445688895e+01
1.006678656072465539e-01
5.107508267398389812e+00
1.714060395751624455e+01
2.855797734527290910e+00
9.712345336820686015e+00
4.976849477085690587e+00
1.660661363663864520e+01
7.698373598745047452e+00
1.925596773647074045e+01
1.023962079634971722e+01
1.440345487132422164e+01
9.170800403848010873e+00
6.040960139537945750e+00
1.258373219930582287e+01
6.064500383126026684e+00
8.993457255740906930e+00
7.291589868128658836e+00
4.276775288120035157e+00
1.373463894035100163e-01
5.441928844044670477e+00
6.153716992490865678e+00
1.610973611674759454e+01
5.537773604896562674e+00
4.895268893756715478e+00
1.678961786390063793e+01
1.783724449614086938e-01
5.445374613783556583e+00
5.671401003221961723e+00
5.446757009554553441e+00
5.931701204288079232e+00
5.984373921308033140e+00
1.123225830243683276e+01
1.095431792929634773e-01
2.799892315398613718e+00
5.325837958442174447e+00
1.122237834604420392e+01
1.651870559185945808e+01
1.938973990857352780e-01
2.701377072651158784e+00
1.263266606391084124e-01
1.081483359263311073e+01
6.334202584569767147e+00
3.019398494147250700e-01
1.569274174881478601e+01
7.907108851694663043e-01
5.048376497281341635e+00
3.815606199254745867e+00
1.275325041977831120e+01
6.692287656313372857e+00
1.207077349439135278e-01
1.280541221419200149e+01
1.042560617837443715e+01
1.346582329016807744e-01
5.469950416867046528e+00
1.234959694430886046e+01
5.585388359294098493e+00
1.229003329560534041e-01
6.189494672192155100e+00
9.349277237440336563e+00
1.329104335694176520e+00
6.688381211944497196e+00
6.700670966912088744e+00
1.503516390777424405e+01
4.945007317829582583e+00
3.292233543989560585e-01
6.277428601645875794e+00
1.903149934099819529e-01
1.183333994033790049e+01
5.488974716687036626e+00
6.059282916351970805e+00
7.406288518535605547e+00
5.782624262602213072e+00
5.800687561523730551e+00
5.372741627308420753e+00
3.039832833456683203e-01
5.657553230456365156e+00
6.196759188753340197e+00
5.652690825656231155e+00
1.088144726981107802e+01
5.451127961604917083e+00
1.610556064019981903e+01
5.504462060259493583e+00
2.495806957348278843e-01
1.153819147006269752e+01
1.578742334966043714e-01
4.862687734508353010e+00
7.649491316557852194e+00
6.048658555385616253e+00
1.533006537756179455e+01
1.403652784604731696e-01
7.262400207044549028e+00
1.259708056262711651e-01
6.391945235887594556e+00
6.562370378590868469e+00
9.143357304070237390e+00
6.036006912516536538e+00
6.814959048477619241e+00
6.157914955637997068e+00
6.301225724923195770e+00
2.587551426729991721e+00
1.458324708179342011e+01
5.117857610833929094e+00
1.308895256999408829e+01
1.342846908284443508e+01
1.691939432820343114e+01
1.975283179002082790e+01
5.803091173548564186e+00
5.802313022014038424e+00
1.621346644176899221e-01
2.680202572679616924e-01
1.104221222109945111e-01
6.566140109740257635e+00
7.010207687265108234e+00
1.636818650131636588e+01
1.311345481219631814e+01
5.596890048255410477e+00
5.851218177481855243e+00
1.399629336763781495e+01
1.799145233842375236e-01
6.477276266656021519e+00
9.596294190803693169e+00
7.911534496062588850e+00
1.657979341932083983e+01
1.730936393590204148e+01
5.800161607745010883e+00
6.107905318954171214e+00
5.569375262449407948e+00
9.115940011360105899e+00
8.462065367736480326e+00
1.837985716412315185e+01
2.319466625547696725e-01
5.713901535871427129e+00
1.240737839939082932e+01
1.732200847084734008e+01
5.510844970209103799e+00
9.500974235333845996e+00
6.044039391352231227e+00
6.110468990408023160e+00
6.318116787683941915e+00
5.855305310980777556e+00
1.651061495966740011e+01
9.060673368878434886e+00
6.894847268275936969e+00
1.140325752418625882e+01
1.606675120516949207e+01
6.536139653173617781e+00
1.386030075847493881e-01
1.313898186406841795e+01
6.421896452237110253e+00
4.326363950879656528e+00
1.531141870485090273e+01
8.780407205396393522e+00
6.569474197368413648e+00
1.719336379617555144e+00
6.506705034447285207e+00
3.233235607128218891e+00
3.391819961302707798e-01
1.411249083141365013e+01
5.118129303294873367e+00
5.897121324813873855e+00
1.988902200391165564e+01
9.449317879101434059e+00
1.853922202322271318e+01
6.178619650304116639e+00
7.144160247860396495e+00
6.284958959540708712e+00
2.574855388051493943e+00
2.269034771465347489e-01
6.468798418528198368e+00
1.706185260557206362e+01
1.479055260048630416e+01
5.649339841823168840e+00
1.484673440606292516e+01
2.176266081087916693e-01
6.276928570453364387e+00
6.934544553696246005e+00
7.085911118533807951e+00
1.076938803336979689e+01
5.930939424551309180e+00
5.183479051447899444e+00
1.591874713887665749e+01
5.418063023047969828e+00
1.512769640731545406e+00
1.051733073672793672e+00
1.232008191411599896e+01
5.960079022178595309e+00
1.855108899601804850e+01
3.419344981739542710e+00
3.686182072741023941e+00
1.016780520585591319e+01
4.968666222113585995e+00
3.650571974463235669e+00
6.141785374316421908e+00
5.954103614350814588e+00
5.999468525312353862e+00
6.138217379675038110e+00
3.179077511828919400e-01
7.525555436084626848e+00
1.173204600911560647e+01
7.618769577843023111e-01
1.186899713177946047e+01
1.997844453972841094e+01
1.212087831957020789e+01
6.114504211083253260e+00
5.322047823748959239e+00
3.114144299378333702e+00
9.753315100937227200e+00
1.509114314704070381e+01
6.269204256666419006e+00
1.928523947230229041e+01
6.311070499829613212e+00
5.698824105340159818e+00
5.750183115308994175e+00
1.061822261874215201e+01
5.793910736031268272e+00
1.598651330958316130e+01
5.742836096651907418e+00
5.982974854801405229e+00
1.922679217723615253e+01
1.713952892669379580e+01
6.284272871967241159e+00
1.863926924486417391e+01
8.347690707568725443e+00
1.424736024028238068e-01
6.372548738658899481e+00
6.440183755186533965e+00
3.752727802098274057e-01
1.580432967299495173e-01
1.854228991964320117e-01
4.731933684347437108e+00
8.732966119074427880e+00
5.825833599529651075e+00
5.084032563005098648e-01
1.219351348373596405e-01
2.246468315518358738e-01
5.660316682012673795e+00
6.976998581745486483e+00
7.239580947493978513e+00
1.131624047754087536e+00
5.894972025942712968e+00
1.372280478134961790e+01
6.293827603487828881e+00
9.191928873013608392e-01
3.601955708159961578e+00
5.837473975545476534e+00
3.218527998076285979e-01
1.431463524849439506e-01
5.510586955941436216e+00
1.028469073295997793e-01
2.047252467223479033e-01
5.022193103779387435e+00
7.099539209890370905e-01
5.286107274176496951e+00
1.955518458802222170e+01
1.603286894284392616e+01
8.385975535242733425e-01
1.134392011375364007e+01
6.051220424259257769e+00
5.832884858974958675e+00
5.688406377398826486e+00
5.714764395253990159e+00
6.338703225554738196e+00
5.715779002543004417e+00
7.797989231615530592e+00
1.345714513720802363e-01
1.182704356107000443e+01
3.653897675505302534e+00
1.435543427326248178e+01
9.659224094158876284e+00
9.985430813734510025e+00
6.632404319806894044e+00
3.318644365039771671e+00
1.239016272465852531e+01
6.587023309714449937e+00
6.801239857037369774e+00
5.466245110350293146e+00
7.011860438709770271e+00
1.656014418619822459e+00
1.223663527103558690e-01
3.207256638066963705e-01
1.750933813867737943e+00
6.232796502896080781e+00
5.765389317241014666e+00
1.474316687388822089e+01
1.740047861115836980e+01
2.061240744791274504e-01
1.782151702965790463e+01
1.496002725729137239e+01
2.688036325644862501e-01
1.423012561251656827e+01
6.968367571434555430e+00
1.072185042914800102e+00
1.526856353627597507e+01
7.252851879678494207e+00
1.136217925976665022e+01
6.490441821899591623e+00
1.334070218300637833e+01
5.329208702182569368e+00
6.134574778636631365e+00
5.902279108761250725e+00
1.039836916890369556e-01
6.457510469709228040e+00
2.687183472516576188e+00
1.458667605851420213e+01
1.495810983114931880e-01
1.275124692245153568e+01
6.085494005959188435e+00
5.622206445127519991e+00
5.058643932192877557e+00
1.255055722758372738e+01
1.110413455494471435e+01
1.703750220851947828e-01
1.287132260274325368e+00
1.323960319743450142e+01
6.515284946269463084e+00
5.931404075153142053e+00
1.514116112326361829e+01
1.026658444079215776e-01
1.184126280771712025e+01
2.012371185605069446e+00
6.845460577805051017e+00
5.263197664948426890e+00
5.834985689730906699e+00
6.785608576302117001e+00
1.415329202940747422e+01
4.025671378260795130e+00
5.941493387705595985e+00
5.678911527941925996e+00
1.183692905831403941e+01
1.056464099858973882e-01
1.155439662786418964e+00
6.424877810202621831e+00
1.480131540338047635e+01
3.368499592305417845e-01
4.297414127839382481e+00
6.113157976187635345e-01
3.352470549155780244e+00
7.134392729766935837e+00
1.908791964881113756e+01
6.265676898653480542e+00
1.815919322503809774e-01
6.445259900634405348e+00
2.166093250690985239e-01
1.263848811761771440e+00
1.163920691628782045e+01
1.176027626959660122e+00
6.612373964224450340e+00
1.970878647358844660e+01
5.406975754373559262e+00
1.104318136333132117e+01
6.160647122485466198e+00
1.782370390272393479e+01
6.731038951632505096e+00
2.180760657599190466e+00
9.711293693491064971e+00
9.398500042079081851e+00
6.456833970469793016e+00
3.090497819920233757e-01
4.207020733575181026e+00
6.585678640131408912e+00
6.389332276279090728e+00
2.787282035334154862e-01
2.152042574190228486e+00
1.041646938797445188e+01
1.244656167534846247e+01
4.789931696579999176e+00
1.326307022761717214e+01
9.744876563447814277e+00
4.373421056630558468e+00
2.015788234596424200e+00
5.612287285184004659e+00
4.995708295485671968e+00
1.316083448336588013e+01
6.502162554703632580e+00
1.865029198741353866e+01
6.768534136783523003e+00
9.190173974759060727e+00
5.243553513583539605e+00
1.234974221448841547e+01
5.510128067067437740e+00
1.002718549368429812e+01
1.227558568978644460e-01
5.328452054411958017e+00
4.506982195810088854e+00
9.484894341815804708e+00
6.087291621143860354e+00
6.629687808638791147e+00
1.507394501321318303e-01
7.001273337256510132e+00
6.958172973208021972e+00
6.865955611977101469e+00
6.593195693946021230e+00
1.972124012469209475e+01
3.335313630995035417e-01
6.347353035596519533e+00
5.103079268751999464e+00
1.644947373140892288e-01
1.017224969349001640e+01
1.528686736370728916e+01
6.123803103973853190e+00
1.827192243946736028e+01
5.995914629292554032e+00
5.523737308407635105e+00
1.229830416187960573e-01
6.116483618440219594e+00
1.514693003853255227e-01
5.605835176801686970e+00
8.397494478713445787e+00
6.436008911629024887e+00
1.762648487277968801e-01
1.679468982057695214e+01
6.503543136983411799e+00
2.860887779100141248e+00
5.948624075633824226e+00
1.216396916558566410e+01
1.765238254559458753e+01
5.850787683720770183e+00
2.371906781004852416e+00
8.064933597355050665e+00
1.597152784926198876e+01
1.787978453498509168e+01
4.525890214924093158e+00
1.408037798275491781e+01
1.779525777516646201e-01
6.838257931532958800e+00
6.179034602271318732e+00
4.662819986157370700e+00
1.273610390966123518e+01
5.653167302035179809e+00
9.246455800952352533e+00
6.667962912492399141e+00
7.061265930289133408e+00
5.095556576188974063e+00
5.439590730997864831e+00
4.273248968854246321e+00
6.280984881334325642e+00
1.016170319982332515e+01
1.891824302136076164e-01
6.073187248653700188e+00
5.631083131463584301e+00
6.130438512885764801e+00
5.692907920561273372e+00
1.074347816679179246e+01
1.086919248960095674e-01
1.600817936913005113e+01
1.885216650033185282e+00
5.839024263413804761e+00
2.092102779917628941e-01
5.982468230250957975e-01
5.709611745732188659e+00
2.889820863337836165e+00
2.303728424285709231e-01
5.920006182937107120e+00
6.290827537112808621e+00
5.351983531176747633e+00
1.536437135514223407e+01
7.266093239410397864e+00
2.716164613934116678e-01
5.552770976662579017e+00
5.689260624888840212e+00
6.528198632216452246e+00
2.104690377398849011e-01
1.723397482162863170e+01
5.227109913958464027e+00
1.723843117966605121e+01
1.455482051842197644e-01
1.719945739281039943e-01
6.128888968264702974e+00
1.076549225679415828e-01
1.908820264582858073e+01
5.077753620926098499e+00
1.699279717838025050e+01
4.333932676263179573e+00
1.459679884330923016e+01
1.672728220852580105e-01
9.539896708899579636e+00
3.743978331644301161e+00
7.371914383775393098e-01
6.555234294224556280e+00
1.159223974058411905e-01
1.832616638729481551e+01
1.459250796875523060e-01
3.215417874081592520e-01
1.756390285542135665e-01
5.737035887173109749e+00
1.597393276642827864e+01
2.396582838364338386e-01
6.387915168380713382e+00
1.455713162349838274e+00
1.199258172501078867e+01
1.371618679039526001e-01
3.349783372107871138e+00
5.651916020172603083e+00
6.001824912644449839e+00
5.592348254324925882e+00
4.392986709382314281e+00
9.496426084901941067e+00
9.632092540082423326e+00
7.948483743202150009e+00
4.937867602696912050e-01
3.707079507000184293e+00
1.999553817076526130e+01
5.931230074455599244e+00
9.345325189583526537e-01
4.635319097622677020e+00
3.167300970210834343e+00
1.934700811977565493e+01
5.726118516165154659e+00
8.967842280664282129e+00
8.665954789525093460e+00
5.925789446944897065e+00
6.690091341671390524e+00
5.543523638221373950e+00
5.073483242069983135e+00
2.703428492210632195e-01
5.317575613896914355e+00
9.141378583044815542e+00
1.428055169362195365e+01
6.421530673194754790e+00
4.758768675044310115e+00
5.661628948845686793e+00
1.996425602480894312e+01
5.107172878514632863e+00
2.343401103146502074e+00
1.608999302837329282e+01
1.505781655592295465e+01
5.757305478139838506e+00
5.216716987021246865e+00
6.099627482229162290e+00
1.919704243370793151e+01
5.702720968694100501e-01
6.313581783928709612e+00
6.627569641360428143e+00
6.809822738887301163e+00
5.610291528879531420e+00
2.560940291628066134e+00
5.545345246631842251e+00
8.724491532463071408e+00
5.745943365643508827e+00
1.588735649192423438e-01
6.014262432822182092e+00
9.492584093774835807e+00
6.044470524121575927e+00
8.487769272574654522e+00
5.140106324194069209e+00
5.978526397002223547e+00
6.107696915149636752e+00
6.040645816629704790e+00
5.209168037405369489e+00
1.021024946763710517e+01
1.271414976538207675e+01
6.064658224125000885e+00
6.009914621138914725e+00
1.225477653680673562e+01
6.158377651450782864e+00
9.740436239963260689e+00
6.134667533084051882e+00
1.446261060653741026e+01
1.776279534906577240e+01
3.782937439591946838e-01
6.112726571295518774e+00
6.034311293619133210e+00
8.060507119928439934e+00
5.537344005826023263e+00
1.161691801093416565e+01
6.898270986912893754e+00
6.666264450630540850e+00
5.631907389524638319e+00
5.781333973721933361e+00
7.263945665901416326e+00
9.148808752089008678e+00
1.389663247111454325e+01
8.696439433839998401e+00
1.924978606078284527e+00
3.628368071790099680e+00
6.940322797609798755e+00
5.790657954597732804e+00
6.077030863146969608e+00
8.364573990610756127e+00
2.429021608788549946e-01
1.870392334004472301e-01
1.303047971034879127e-01
1.972648467231008240e+01
1.461995086054222348e+01
6.336770769352158439e+00
9.635311689432496607e+00
6.191713879858214753e+00
6.143744343066082969e+00
1.863449762717684877e+01
5.641578331068693331e+00
1.157650909744948886e-01
2.157104375833893140e-01
3.872956000156714262e-01
2.310770485603775293e-01
6.966676713580705282e+00
6.935481985367045965e+00
5.065118356733613325e+00
1.408416390146807196e+01
6.537055303124969186e+00
1.515731780279814878e+01
1.885123848529087098e+01
6.058410974645776825e+00
1.128401426509891259e+01
8.434271742166714603e+00
1.574567614264733573e-01
1.132967890964940949e+01
2.257851062865118497e+00
6.758427395240202529e+00
1.328183294092604605e+01
5.369600268413219801e+00
6.116530025125294756e+00
7.955092977880219962e+00
1.753592769577323551e+01
1.590843696689973941e+00
6.536135787880618331e+00
4.528509764686569739e+00
1.009480543315538631e-01
2.371903914028496152e-01
5.813250198439834371e+00
1.887370795595291995e+01
1.206334901831471296e+00
1.429375187422631832e+01
1.386388486266383424e+01
1.861317054108059810e-01
6.154219225731337950e+00
1.785314229953812415e+01
6.125566625842918889e+00
2.295298589416047974e-01
5.599062893243377914e+00
5.669073609548259007e+00
4.368561019333658813e+00
5.887259843007414339e+00
1.974770374933575434e-01
