5.352037383084303102e+00
1.130138341443962524e+00
6.005095413267363291e+00
1.738333868144672323e+01
1.431524494725726804e+01
1.378532761042110089e+01
1.593621161162352706e+01
8.297897209306260180e+00
6.402320649921409590e+00
1.227712053898692446e+01
6.026292673054466142e+00
5.303749734083190503e+00
1.188582296848759157e+01
5.587908135280987842e+00
1.022396004367075228e+01
5.612267519799657656e+00
5.585651739761948065e+00
1.626892321234499406e+01
1.434415853686206255e+01
1.553796693947173957e-01
5.279924128878285217e+00
6.596392400757647323e+00
1.330447516045027534e+01
1.293528016578443562e+01
1.537459498501345390e-01
1.438902983160856053e+01
1.721101327675471282e+01
2.075048200189264225e-01
5.125013293459202757e+00
7.071658564460658880e+00
5.444575608853162052e+00
6.067560944666091416e+00
5.659416662925634611e+00
1.382098831693185836e+01
1.494234908835249120e-01
1.501581725103815224e+01
5.251237750270071558e+00
1.357391236595389117e+01
5.990505791795889046e+00
9.743218492074040782e+00
1.157122764313832208e+00
1.281133599440951976e+01
7.106265754616782893e+00
1.288860568983814403e+01
6.318762896573269394e+00
1.594843850135009689e+01
5.577512149298000210e+00
3.639710987333955594e-01
5.944504516900535052e+00
3.523693388907187529e+00
5.876037298365233141e+00
1.431556148161754827e+01
1.718025901143802514e+01
1.023595723579356076e-01
6.804686366963877298e+00
6.096874656683564098e+00
4.003515352562678764e+00
1.179808138117249250e+01
6.171348113285041848e+00
1.632245359057376888e+01
1.118697468280049484e-01
1.609103449824994092e+00
1.991280159323051535e+01
6.475939976552601784e+00
6.341255150903878146e+00
1.800780325559927775e+01
1.959787816578493214e-01
6.723391555847610945e+00
1.763084531015951839e+01
1.799796354227768680e-01
1.403183626906584536e+01
6.298613501374179968e+00
2.371206345446094099e-01
5.702731221664834926e+00
3.532948026353507132e+00
1.177915958224746795e+01
1.134147232094383229e-01
1.623493264112110168e+01
6.306424059568192853e+00
6.473420876521970513e+00
6.226415386390806717e+00
3.517719711637968150e+00
8.733524725627591634e-01
5.213241315282406418e+00
2.479196647937236264e-01
1.226299551826799394e-01
1.538216477198928978e+01
6.347436345055703200e+00
3.130285148340933299e-01
1.874393379007268101e-01
5.805372951024918571e+00
4.805938976963986420e+00
6.573700613973314510e+00
3.469985887294999127e+00
1.457128688267279593e+01
7.921785109758528343e+00
1.428431707397162631e+00
1.048726055684838165e+01
7.355598884954128280e+00
1.162560206241968430e+01
1.789929942160207454e-01
1.283921090171736878e+01
4.338767048194583253e+00
2.356239902117268359e-01
5.918008179885295483e+00
5.771933316632739341e+00
5.223489151146210929e+00
5.547663663415087321e+00
6.096371297556666846e+00
5.238396433238092342e+00
2.024136894828231892e+00
1.058639566628046325e+01
6.083184524967381712e+00
5.678606666464426134e+00
5.478110363642965552e+00
1.806821343462939322e-01
2.722317585033909859e-01
6.233590645155994814e+00
1.385789021824692746e+01
6.297682581871212326e-01
2.806888751086185518e+00
1.104842549031935378e-01
9.808761905594076680e+00
6.450625928208915560e+00
5.414391406879667912e+00
5.710133388419105671e+00
7.819663483160290696e+00
5.771016586785322922e+00
7.107007355898005585e+00
6.549319230746520226e+00
6.451936036267095886e+00
1.115577114528506053e+00
1.961129561486022155e+01
5.957433784304603464e+00
5.686441434288921570e+00
6.586731867698083498e+00
6.514014307426666761e+00
5.757994540491274904e+00
9.226923992374795880e-01
1.866734306256052989e+01
1.407871987357045640e+01
6.381937655097864592e+00
5.757996794066222002e+00
1.746130646440956224e-01
5.110401321295849897e+00
5.838027255226730716e+00
4.976781605752702120e+00
5.406305130538063608e+00
1.894299665307834246e+01
1.087362473596309304e-01
5.741795662704416436e-01
1.839649753743768557e+01
5.970392877765691608e+00
6.272430766664664148e+00
1.583898634229555924e+01
1.786577591333342596e+01
1.643674210854817375e+01
7.058103522625144954e+00
1.166781384254520759e+01
1.538360142843903944e+01
1.382620341643390205e+01
5.383069283230869750e+00
5.840248680775206758e+00
1.311549875244143060e+01
1.393278992114725390e-01
5.481820470348207408e+00
1.499883009773354026e+01
4.560085126447672721e+00
1.030559211822117938e+01
8.914289466139008411e+00
5.976400817330288717e+00
1.175858524285249729e+01
9.217047374042287800e+00
5.695013832164810275e+00
1.309634692014295432e+01
1.253986102490760812e+00
3.291241021871138539e-01
1.036117572358942057e-01
5.888652794303261828e+00
6.550219400558333405e+00
4.241174764958821619e+00
9.018665903499210046e+00
1.509444729448778388e-01
5.475098758116343056e+00
1.764549048404192177e+01
1.579246991297092606e+01
1.551019130684729674e+01
5.118621724222299108e+00
7.170121372937855675e+00
6.173687277021940645e+00
5.960951141601616321e+00
2.720669763086904780e-01
5.547928526975080210e+00
9.442555305639404040e+00
1.838486054494762811e+01
4.641189144498671482e+00
1.548856614633946549e+01
1.219903733169274695e-01
5.826847013092357308e+00
1.842680064917358607e+01
1.449305977446544347e+01
6.752024046589665929e+00
5.297159669876423393e+00
8.139112089273157213e-01
4.514883331823025259e+00
5.681026828583759958e+00
1.674850179504505121e+01
1.135862500354405569e+01
5.335920252693199473e+00
5.838437919035123436e+00
8.870911312699320206e+00
1.340118077237347727e+01
6.418650695738388201e+00
6.008695755791248594e+00
1.413545808008911209e+01
1.046651552419800524e+01
6.290431301053966529e+00
1.569219128290494503e+01
6.086950330240811224e-01
5.493644101422630932e+00
9.617291038346145182e-01
6.359661715786195657e+00
6.793179881710051049e+00
7.101014903187467198e+00
3.215183796620602941e+00
1.089275242232850438e+01
5.914499564931888997e+00
2.107989155955460603e-01
1.845843730520699211e+01
1.008757354546735430e+00
6.909243748735448776e+00
5.174949598144027441e+00
6.878688504997280795e+00
3.459328343989923615e-01
1.689078486439179372e+01
3.492968744599879383e+00
6.491575057593877318e+00
5.948791284460173578e+00
4.979230532679782328e+00
6.828593069390858972e+00
5.908291104291439666e+00
1.548477417562508940e+01
5.298799267313633266e+00
4.673305334458603078e+00
5.169484028296688294e+00
1.049009263750736720e-01
3.524846031831793347e+00
5.275644147549090057e+00
6.249039611151493645e+00
5.900634962327370836e+00
1.324574807502293261e+01
8.692778222413448219e+00
3.356363806892144197e-01
4.633602237649797395e+00
1.679195649561920334e+01
1.801991005264702350e+00
6.060297457317206593e+00
5.081847247264633438e+00
5.348825911090385077e+00
6.558108160225104122e+00
6.090572255350965136e+00
5.995590936929188430e+00
1.404786080958245797e+01
5.526158654593240627e+00
1.125140324602889458e-01
6.467143785348824281e+00
5.641275523402311975e+00
6.102934468991754180e+00
6.086286367027493149e+00
5.695434969768403022e+00
1.862559574020414743e+01
5.275762249337059728e+00
2.170025032764141548e-01
7.399580164981770736e+00
5.841185198344783558e+00
1.498748953040402654e+01
6.031297058404962108e+00
6.032591215164821108e+00
6.276299614167613505e+00
6.160212931727439667e+00
5.653728852635935276e+00
5.447498555679686660e+00
1.980680208604147907e+01
1.420357336163222151e+01
1.506356803171748737e+01
5.893105139049380270e+00
1.831788798384243577e+01
1.689438220891501530e+01
1.147683289144503099e-01
1.797516658343535312e+01
5.989324178848316471e+00
5.906004216107281657e+00
1.908297884144822021e+01
1.993766025450449675e+01
4.744653082326002469e+00
6.320953211895800727e+00
4.325231637729683776e+00
1.331237140870196178e+01
6.066965729944993946e+00
5.845792085424084128e+00
5.802663774471118252e+00
6.869853534952631513e+00
1.805017911015405119e+01
4.948310943342215107e-01
6.267482147630441425e+00
5.854762489877993303e+00
1.220455166499871780e+01
4.117816301363910747e-01
3.042765654828797128e+00
5.560064252836415477e+00
5.682241079467917899e+00
6.951648975779442630e+00
3.711330445409001921e+00
3.801189651528825042e+00
6.078721333631426305e+00
5.152191974749813497e+00
2.020473356508815377e-01
1.129532301944307804e+01
2.662677420708513543e-01
6.178785720150269611e+00
5.172639330562533999e+00
1.200869587567157026e+01
5.807483352807132349e+00
1.583467169476156577e+01
4.941317171624846516e+00
8.411037104373420448e+00
1.595647106589460762e+01
1.321268650387809052e-01
6.566297836829934731e+00
1.039217597882517302e-01
6.386363079031268875e+00
1.518787172490670301e+01
1.129598375009899769e+01
4.622939969526680848e+00
1.552171003477266442e+00
1.040512830549264883e-01
5.989334848401797196e+00
1.483521604215145839e-01
1.579667483032954145e+01
6.810409030564358979e+00
6.068139784963189953e+00
7.041742841772591355e+00
1.204239764982105321e+01
1.687625855480331438e+01
1.952539468777172615e+01
5.891747827657815684e+00
1.130241447859778070e+01
5.979556271293896330e+00
1.522776591690475356e-01
1.665618527434374485e+01
6.099699219611534495e+00
5.962191571297999815e+00
6.208559201793856452e+00
4.398815621839040624e+00
5.975749389783244325e+00
5.436231647795866095e+00
3.839290705009537952e+00
1.571007904619574802e+01
1.694300910458866838e+01
1.580973059773720379e+01
5.672929936694878883e+00
1.208058370729520092e+01
1.653523090380788574e+01
4.985456125192870402e+00
1.152032983547911549e+01
6.153217807939211248e+00
6.578415858568432917e+00
1.294648352038817585e+01
5.674905944510213907e+00
1.949407867194600996e+01
5.961158890160866086e+00
1.995376693549611247e+01
1.334777945623502404e+01
6.219625041802555820e+00
1.494584513326353559e+01
1.359500388716430841e+01
6.364280174366389708e+00
2.115753090249256063e-01
2.805911478966894190e+00
5.413902077190203777e+00
5.351313193654931410e+00
1.395102467173574001e-01
1.191644613200461694e-01
6.631693130624506161e+00
2.844449934167934124e+00
1.575166731510084617e+01
2.338907951587551048e-01
5.472880707107142584e+00
6.915630604833349793e+00
5.500271779859142285e+00
5.376359369693219037e+00
1.036067507245524155e-01
2.235409155415161164e-01
4.676979616092051373e+00
5.769837429382834948e+00
3.823669363515209696e+00
6.353281923402869680e+00
1.510052242695473446e+01
1.765091311367895344e+01
5.978270451064740421e+00
6.004457717941672712e+00
1.046493058150976541e-01
3.645534122405992949e+00
1.164985653410023775e-01
1.115240083857650250e-01
5.803034895383123448e+00
4.208747323077727920e+00
6.327200464818860226e+00
9.251746492693067481e+00
6.273777263796611159e+00
3.054791081856230939e+00
5.669772264886301372e+00
5.623530709950412820e+00
1.126811436211861128e+01
5.927637987623767479e+00
5.958942666642386143e+00
1.249460728576659818e+01
2.449773999595737661e-01
5.593976734410718299e-01
1.841261288950948227e+01
6.561110184042360238e+00
6.429164099907295871e+00
3.008997046704430023e+00
6.169622157387366634e+00
5.152512809974453489e+00
8.407366578849732264e+00
3.537539185036493894e+00
6.124411775654504453e+00
5.709335653544546751e+00
6.364674542080937414e+00
6.478695132717266603e+00
5.620504421427648722e+00
1.318624817774660762e+01
6.443327628195494761e+00
5.016437598307709855e+00
1.488110233646865233e+01
6.923133849997706868e+00
6.198146295580158061e+00
1.862048182028868482e+01
3.848378366199292078e+00
5.828966903616434436e+00
1.965915002728294425e+01
1.410168075827651080e-01
6.412698068203532387e+00
1.535616265439484762e-01
6.247379525598143246e+00
6.109677814985006172e+00
1.183331459494954885e+01
6.516721468621302193e+00
3.750402354856479992e+00
5.731903116545013610e+00
5.087868551624539215e+00
1.324762998165957661e+00
6.589742401165366026e+00
1.604954259634582669e+01
4.628809882744214121e+00
1.458036529488245669e+01
1.401117845097524750e+01
1.276009721812470232e+01
1.207078934635494177e-01
6.556462948625055631e+00
2.945671547902945497e-01
1.562961554342673642e-01
2.623335431280225283e+00
6.199500056700681050e+00
8.628812019926250798e+00
5.713823235300163006e+00
1.829985926212815173e+01
5.993806590408811807e+00
5.613097515484249733e+00
6.023551895143437918e+00
1.317383282618293627e+01
1.099995254357200913e+01
5.854687334067623539e+00
6.733865446859666370e+00
6.292930805056025090e-01
7.127097307032918216e+00
6.073408928510784399e+00
8.815935387405955836e+00
2.133945466695764959e-01
7.069292534056266675e+00
5.330054644169390343e+00
6.381894194603062509e+00
1.159357687492478917e+01
6.770176003040139001e+00
2.261705968134604561e+00
5.291592544804803566e+00
5.761564250643343321e+00
1.041393636901734254e+00
6.239320291539186769e+00
5.426500412369341220e+00
1.682890914217444944e+01
1.239796537907609775e+01
6.446488527836463867e+00
9.420526588974002635e+00
5.437395759369297643e+00
1.338246862528040815e+01
5.024564184223592633e+00
1.576500439229578987e+01
1.197622886297440914e+01
1.559094661655088387e+01
1.511545466576987806e+01
6.317085094727134198e+00
4.508995986972660908e-01
8.200304097043491502e-01
5.766275486435944231e+00
6.393279744964175393e+00
5.407006558067476654e+00
1.260011260330636540e-01
2.231306352658002368e-01
5.460381981218954017e+00
5.758800543069793498e+00
1.246150371264519663e+01
6.310080228714902262e+00
5.605815135278440664e+00
1.371335635086241012e-01
1.313306142147395228e+01
3.202440201873914205e+00
1.449060994268258351e-01
5.696605973080605345e+00
5.746873269493529612e+00
1.576553048117419209e+01
5.814434624141674668e+00
1.055148955171663339e+01
1.515110093234545152e-01
1.598761362867558322e+00
6.498320187164368100e+00
5.653621822247813178e+00
6.177128095043570966e+00
1.303545528924329666e+01
5.610136134792169216e+00
6.246501396175869303e+00
1.775303254778210871e+01
1.915474784813345366e+01
5.458669152394096891e+00
1.389857761824228177e+01
1.176046638612528172e-01
5.543375517747067605e+00
2.397815063604165076e-01
6.362209363406657658e+00
7.323996866294277375e+00
1.264163443535305476e+01
1.592146635459543091e+01
8.263600858087092327e-01
1.179834736713971566e+01
6.222142728517714438e+00
1.148618105138293544e+01
7.734761146999951542e+00
9.848809538817929754e-01
5.559227199185032831e+00
6.282605802635126135e-01
5.575157885103193323e+00
6.281429379389901868e+00
9.791412509115774654e+00
1.564619264964285783e+01
6.550524549066844671e+00
1.353584187059970567e+01
1.567004289554265917e+01
3.488251214577486881e-01
6.536921287133615088e+00
5.972102995119958457e+00
1.973606117730799880e+01
1.349549675336232646e+01
6.255263696479556934e+00
2.776020139773907491e+00
6.166201210697514590e+00
6.398772577640642112e+00
6.902793997868801767e+00
6.316952290084896227e+00
6.034590888093106287e+00
1.210185996397939168e-01
1.494693350258460107e+01
1.993183781557556244e+01
1.966349477746276975e+01
9.715394089705984726e+00
9.456431128653097318e+00
7.534306887261360330e+00
6.262250344627084964e+00
1.592906116984942422e+01
5.927045956116940850e+00
9.057336612172463219e+00
6.187028376048131051e+00
1.190950756115757014e-01
1.498541100397057235e-01
1.387150190935228267e+01
1.073313222529735356e+01
5.556127740838163298e+00
3.934927623392488805e+00
6.457267519161142388e+00
1.587654219977610304e-01
6.282334833497674964e+00
1.168320497053669982e+01
4.535161882088902807e-01
2.690213675589824271e-01
5.216360337050678364e-01
1.660484433694630013e+01
6.421019871640909926e+00
1.794582748368400615e+01
1.865517182311857525e+01
5.843314764166710695e+00
3.448115923504647462e+00
5.848841852386055251e+00
2.993599231083143408e+00
5.547743792783238703e+00
1.536652967530492686e-01
1.110503966452181246e-01
1.583518314981689912e+01
6.260744541335866664e+00
5.846517803490332454e+00
6.963955587924962387e+00
5.715045863430029627e+00
6.848654561711501110e+00
6.052433311922690962e+00
7.390909453701357101e+00
1.517658697231863130e+01
1.255278352028887934e-01
9.922830445798478394e+00
5.077162868932072470e+00
6.761504394612550151e+00
1.840355868697382391e+01
6.227787948101548565e+00
6.217217402768595136e+00
6.013721662340792307e+00
1.403789556361279278e-01
6.504763462777141569e+00
1.726868973234838478e+01
1.517954543302782611e+01
1.156215261774783265e+01
1.052504914328962898e-01
6.488546515585522201e+00
1.041478829544832674e-01
6.188936461100044362e+00
6.433948322830977951e+00
7.530158507468828866e+00
2.114793516052067890e+00
6.730843082592695481e+00
6.757367882097123690e+00
1.242348315170518269e+01
1.180329789372860105e+01
1.439609319915433172e+00
5.774947281193049342e+00
6.475688443648319748e+00
5.616750323100926146e+00
8.446126405541483084e-01
8.897358635896161161e+00
1.135194790203089277e-01
1.157176739615778338e+01
2.420125705337442257e-01
3.407369289577210303e+00
6.365983246209347080e+00
1.829988278623313036e+00
1.654482077787699268e+01
5.676409758409431738e+00
1.329527040592130560e-01
6.248835921620297995e+00
3.912175660550169631e+00
2.666933926863233495e+00
1.333636289684696941e+01
1.807585755373737868e+01
1.250568643601936003e+01
8.150108785761718266e+00
5.160336099912616881e+00
1.989011116344103769e+01
5.833940123881328432e+00
1.446504888140980505e+01
6.079822747685755147e+00
1.666979639618166331e+01
1.509198105011011215e+01
5.862068022683565971e+00
1.338702334783992143e-01
5.767570111239884056e+00
7.113116826741989307e+00
1.057197823932402997e-01
4.448065617718523157e+00
2.969417838138125876e-01
6.071995882746518802e+00
3.524625760958741139e-01
5.598635676190690802e+00
5.986527390799619930e+00
1.583592809278111524e-01
5.397824886351543228e+00
4.490466079412727574e+00
5.860583594985720346e+00
7.822963202847541986e+00
5.884533350282912245e+00
3.030956819809969560e-01
5.968507908586665245e+00
6.402768531605782520e+00
9.273623859498083988e+00
1.228210582341269785e-01
5.619231857595136326e+00
4.341077594297881426e+00
1.488490743126148763e-01
6.754284359785317271e+00
1.282130193877375746e+01
1.726281393341900028e+01
1.165658495983986143e+01
5.704032505247037754e+00
1.643140803580798448e-01
6.473479729201075727e+00
5.721246902541361479e+00
8.436036317067134860e+00
9.251623042321110546e+00
1.757342288085677495e+01
1.952935377824609020e+01
1.764465022199568267e+01
5.164815008051040657e+00
7.408890557628897255e+00
5.829015754693534390e+00
3.053120170605403416e+00
1.725821618568099325e+01
6.069698884670927441e+00
1.696254911583457670e+01
1.189596200154245409e+01
3.854724338199450706e+00
4.194026459943652085e+00
1.279960234368372518e+01
5.815176308505561664e+00
1.503192839871395070e-01
1.827520591236758207e+01
1.434574256412922999e+01
1.599789642432464909e+01
8.672329595888744747e-01
5.797310746920765645e+00
1.882492083141704686e-01
8.456297787369148722e+00
1.054637390728242075e+01
3.266651223567649254e+00
1.518472730846731344e-01
5.792836951308014903e+00
3.211424389132701562e-01
7.360964571625626895e+00
1.967101718857692205e+01
6.529230741397722859e+00
6.131004813509951745e+00
6.211061959787292253e+00
4.961842778929812070e+00
1.654560709232445603e+01
2.543288282352625940e-01
1.398581174196395516e+01
5.070358267660799445e-01
2.276133016291225442e+00
9.112812340077635298e+00
4.646110641965122134e+00
5.884605936618578781e+00
1.644192544799716060e+01
5.543281211612418602e+00
6.323235240375285393e+00
3.746384327402168535e-01
5.956726409297951719e+00
1.117553870589457787e+01
1.609346667393985186e-01
5.972261718875165215e+00
1.494249369323039112e+01
1.651527919817440093e+01
6.037278633583612830e+00
1.821004061015336717e+01
1.406202462718635804e+00
1.445693192188112519e+01
1.342618615447729757e+00
1.581143886221536476e+01
1.910312927654778647e+01
5.580753067871366824e+00
6.464272448534182480e+00
6.277318838899614839e+00
1.074654603569465294e+01
1.144972926370794930e+01
5.435061772333583008e+00
5.218831895567308088e+00
9.546845722396603007e-01
5.986284339461650283e+00
6.447411356934929394e+00
7.348100762354664361e+00
1.731434631315445571e+01
9.636213716015419095e+00
3.596670357089189363e+00
1.018344042610054778e+01
5.176762327189672774e+00
1.215430780396183330e+01
1.279736481133754156e-01
8.586627918209968513e+00
5.971670465635509295e+00
3.699248700727915562e+00
6.830325345268717374e-01
6.395391681263115302e+00
1.011607916227081283e+01
1.235487112115462871e+01
5.316189454930782432e+00
5.839838671223437139e+00
6.327531677621777817e+00
1.077005966987192664e+01
1.127509858969126810e+01
6.018238920829469762e+00
6.294300174474049214e+00
9.168496073442014449e+00
1.146784586365834180e+01
1.252791647367275374e+01
1.740362910686767250e+01
2.063659121582403499e-01
5.949082465872670866e+00
1.544181426286660719e-01
9.755998214835587490e+00
1.790176571633829150e-01
1.101521168313224486e+01
6.468099262778679304e+00
6.192520398352848510e+00
1.056655011602978256e+01
6.945194372095561341e+00
4.753339982451217693e+00
2.340064928490821039e+00
1.720669614999077268e+01
5.533050067192655241e+00
1.977480209215017126e+01
5.817709495245880547e+00
1.578064630205876506e-01
6.641077884261903819e+00
1.905563188197782754e-01
2.910284961730748021e-01
4.599042210615313486e+00
1.346732540860317850e-01
5.467573246097442663e+00
6.079672294932634280e+00
1.263420049235999265e+01
9.823121411017323723e+00
6.362123826602322119e+00
5.458517675343449227e+00
7.645731108213388083e+00
1.828302710249737340e-01
1.556337943543031521e+01
6.475959336092488527e+00
1.600694595648043950e-01
1.515951856551239452e+01
5.896823732371070825e+00
6.400176612728508907e+00
4.933274039588430249e+00
6.196910188310862821e+00
1.847022916595343067e-01
6.386173601070375128e+00
5.873697237839077268e+00
5.655826359083985899e+00
1.818865213164024652e+01
1.465137300444446744e+01
1.631232105930024900e+01
1.401801877543837271e+01
3.685696430959355396e-01
6.224483690581427808e+00
4.494384558355347004e+00
8.553203027651788304e+00
7.120629590380896268e+00
5.721400185969386376e-01
4.012020519260878770e-01
5.827662173011712632e+00
6.663776929287847928e+00
1.159185577963461711e+01
8.723466263891861416e+00
6.171081897898075042e+00
6.155013569587591604e+00
6.565315000546711133e+00
6.335032059218030476e+00
1.640062949652475055e+01
1.392470227522633053e+01
6.041703719357847113e+00
3.352154808114978790e-01
1.817012842043603271e+01
9.595519356629923280e+00
5.574416469922053530e+00
1.217790231033203802e-01
5.963077468212075516e+00
5.876996949518304092e+00
9.201951127753044801e+00
1.884798800424139031e+01
5.384058754248511214e+00
6.321580938767600522e+00
1.007825611025375068e+01
2.282625343576881460e-01
1.441861918789282826e-01
6.401356844369790799e+00
2.245049700007397231e+00
6.078307005668273533e+00
5.387422675143202611e+00
2.300448774267725760e+00
1.623332133918472664e+01
5.349611702295763438e-01
1.817820373276914836e+01
5.743260738009852595e+00
6.385150242545953425e+00
2.431541270949578060e+00
5.822588356500038920e+00
4.906690929706733151e+00
1.261992914279277933e+01
6.654938904694576607e+00
1.247592770100943405e+01
9.557960474380861271e+00
1.274788048886298930e-01
5.311332797374594961e+00
6.358985077850804579e+00
1.632709000035531943e+01
5.563370822428739260e+00
5.587484862999937185e+00
5.098578524328105210e+00
1.822071481914452562e+01
1.097551803653872837e-01
1.511066330042721839e-01
2.004968972807900929e-01
1.115692057012809535e+01
1.440725307389725540e-01
1.007216982885572243e+01
1.834748425170072750e+01
5.689534607740440286e+00
6.506119221509038653e+00
1.186749435837022582e-01
4.471170547551161611e+00
8.401918604206445096e+00
7.221194420704502015e-01
1.430310680899028419e+01
7.273890085121741400e-01
1.905063146054234480e+01
1.236562730416839034e-01
1.192233373252342243e+00
1.559068386221939551e-01
7.133084744815975320e+00
2.489684298325416822e+00
1.861058908883762086e+01
8.579582575976344216e+00
1.315123334344697703e+01
9.094381259097394921e-01
1.276282951362425755e-01
1.974281362217979563e+01
5.808880693447481036e+00
1.039100380172424209e+01
5.814556866207436947e+00
1.394550043451055998e+01
5.756701793366208797e+00
2.245342583140280124e-01
5.834782147715355194e+00
9.934783798197544868e+00
1.527668782221261168e+01
2.135712592577653779e-01
7.323188264507280998e+00
4.704676765099150337e+00
1.373620786315568765e+01
5.601554055155664180e+00
1.955414614164895148e+00
1.110601337984728154e+00
1.164055368627111009e-01
6.317696559255804978e+00
2.143053192616330982e-01
5.559091212081974653e+00
1.542069012786003945e+00
1.616721603132279128e+01
1.856523338641331566e+00
2.353858973383338438e-01
9.566212047218486392e-01
9.300535786894727153e+00
5.704768669488780475e+00
6.766510687304876370e+00
1.348408728879932639e+01
1.577231933372227890e-01
5.629381176832497502e+00
6.327743982253116073e+00
9.732884444552430736e+00
5.787628481180028039e+00
9.268317609564588722e+00
2.314036740283636817e+00
7.679442843262307861e+00
1.634543213792833782e+01
1.623691303825212373e-01
5.744486854731305492e+00
1.479308760553920798e+00
6.520875368806645866e+00
8.497837414653226062e+00
1.978900741211684533e+01
5.272909295143808350e+00
1.513751241534802838e-01
6.035223928315406994e+00
7.459901690229238547e+00
2.071053862109267507e-01
7.491704245348882907e+00
1.418892402937836472e+01
1.678460511401014710e+00
5.725254023474458442e+00
5.596821089783489134e-01
6.366223327898773654e+00
5.761119654064768447e+00
6.336044281906204390e+00
4.382826789930183153e+00
5.974333556508049092e+00
9.586699452135743371e+00
1.556590722736254939e+01
5.495713569519169006e+00
6.662757798643147211e+00
1.131814581322858476e-01
1.705541437135270899e-01
1.542778743708031364e+01
7.707757498336239799e+00
5.470723858206596901e+00
6.471658814873349819e+00
8.351187780961840446e+00
1.706223456447285614e+01
5.588073033441284032e+00
5.517385941001471394e+00
9.502338259065705728e+00
3.858167606766464086e+00
7.818254166558107343e+00
5.229474546552644654e+00
8.243795427651875229e+00
6.887640515616255676e+00
1.383134303358849415e+01
7.732929049218857820e+00
5.350058353359716357e+00
5.742315675472787539e+00
6.201892343883029568e+00
6.552037841083363290e+00
6.469856408255530766e+00
5.066044433321089890e+00
1.031395901110371049e+00
4.831870636020979326e+00
6.031906528373188969e+00
5.182884351671575018e+00
6.441447674146360214e+00
1.520972010013011133e-01
1.228589495180130342e+01
1.114730313286540309e+01
1.881776437855448947e+01
5.745898424491000966e+00
5.630573928414118079e+00
3.336776854974089712e+00
2.614575315682744483e-01
5.946262805205669189e+00
1.115044390495537030e+01
5.205696854275864816e+00
1.390771828313402403e-01
5.789857005128250300e+00
5.758993156797109769e+00
7.643440076965832830e+00
4.903565516622428788e+00
6.505275560358157350e+00
1.864195068973473479e-01
6.283383586743419791e+00
6.159773536417833206e+00
1.315032094335555435e+01
5.732318717944496989e+00
5.960373160042855112e+00
4.539384768760565514e+00
6.221355629322101066e+00
6.072940872848580973e+00
3.244828412467167134e+00
2.646808800248345861e+00
6.941466779257502218e+00
1.747015400917571459e-01
6.039326661490582282e+00
5.338668951631383663e+00
6.650788045473882804e+00
8.799310284355549072e+00
1.378568155373426940e+01
8.904362298335943393e+00
5.575617592121156818e+00
6.305050880927444368e+00
2.567859479566104941e+00
2.462743185339706375e+00
5.341549407631041468e+00
1.239025439315070898e+01
1.000763481977736014e+01
6.257031204893082510e+00
6.785296330068569581e+00
6.060818201001013428e+00
4.602337483425817943e+00
9.703300179344145349e+00
1.981299014449374241e+01
1.464486225117715001e+01
1.030274129197653998e+01
1.562464410347353727e+01
1.666391818086850662e+01
1.607386036371911964e-01
3.279577835671588226e-01
5.102898954234945883e+00
5.370307042307075562e+00
1.913249948789390031e-01
6.002796788304573639e+00
6.357793198081924224e+00
1.510406271554569080e-01
5.807362578913164874e+00
5.195907980700084750e+00
1.269144692390470064e-01
1.152010782870272365e+01
1.212490703279828774e-01
7.094407479999336630e+00
8.767394407560834324e+00
6.291529084603478594e+00
8.688292633015725741e+00
5.710298933550842726e+00
5.750636693978664837e+00
1.598950107833567813e+01
6.973595375465830415e+00
1.464470358818216467e-01
2.372967254199064957e+00
1.878268986452955147e+01
5.117277709165773736e+00
1.993035749162008230e+01
1.004995008252132749e+01
1.579212352417305709e+01
6.271621629786923613e+00
6.404407742528658964e+00
1.782575248001373458e-01
1.745616097117958887e+01
1.113422776435657546e+01
1.736751239351396237e+01
6.258561085217515085e+00
2.001142584685208226e-01
6.946345190654351853e+00
1.621135846957142235e+01
1.299198937728813785e-01
5.640384918618083887e+00
5.553057252244924413e+00
1.529134105740365079e+01
1.026553288396963382e+01
1.169060780024383384e+01
6.563220312655238864e+00
6.481558128076570391e+00
5.315147738430059832e+00
5.714619322152205250e+00
4.459310582088129138e+00
3.857048427784582678e+00
1.040743640630567590e+01
1.544250107602361588e+01
5.057701012340772628e+00
9.386644096134434179e+00
1.667245528351891792e+01
6.572087836935177840e+00
6.335150388860459003e+00
6.102948369106385940e+00
1.417309043387942680e+01
5.876520406260320684e+00
1.419432943925448676e+01
4.884729348526196446e+00
6.010905105722127217e+00
7.995415531957999811e+00
6.209855882583970477e+00
1.371456731633377757e+01
6.049772948114753746e+00
1.215780235204540483e-01
1.333493620764049759e+01
2.223672222704507484e-01
1.248062422950295403e-01
3.406284478634176160e+00
1.459049078495722540e+01
1.843491679416383033e-01
2.457798236494361521e-01
3.619040464792761203e+00
5.326023192572654885e+00
5.053703375930716390e+00
1.896514433877506889e+01
1.035978179196606241e+01
2.869268453808852648e+00
5.609650260081766149e+00
6.655108038723156483e+00
2.125955964437435952e-01
9.651957211093158406e+00
1.110145799918658938e+01
2.948657452190813766e-01
8.324893649742838520e+00
6.086014597388161640e+00
6.358930186581293498e+00
4.536406320954836091e-01
1.964768748145765542e+01
1.401193739238380509e+01
1.848389682524119948e+01
1.007530090992751620e-01
5.449941507177768152e+00
5.913213965672151851e+00
4.333550594713012849e+00
5.482934774169256897e+00
1.875528369635026493e+01
1.892954912259416034e+01
6.855390819660362567e+00
5.568890934401647286e+00
1.478080232067281452e-01
6.964318993000819802e+00
1.457264216882570373e+01
6.024593618713814713e+00
4.058988287284069685e+00
5.099446215408985239e+00
6.009494854405582842e+00
1.034353618077219572e+01
6.310479429028744924e+00
4.351915594511416074e+00
2.334483066436692678e+00
8.911533099399012059e+00
6.606587287621934479e+00
6.088069763953193991e+00
6.104455742776943694e+00
1.726180196175514325e+01
5.713871296784858167e+00
4.154049366975425706e+00
1.511996424975081155e+01
1.780611649839195465e+01
1.382754250252045303e+01
1.497869272110284589e-01
4.955694584808560954e+00
1.682344674255850658e-01
5.246238847466749178e+00
1.412534262185428657e-01
9.056945695382484729e+00
5.839058543151894654e+00
6.492892403357666709e+00
5.248644097533639474e+00
6.272046681294559889e+00
6.265903151459125020e+00
7.966870583609159118e-01
7.774018256146389305e+00
1.285420408702475825e+01
2.122352784563832917e-01
1.625441115540055825e-01
1.476539670395290438e-01
6.988269680328394351e+00
1.893128574978251777e+01
1.566681299962409213e+01
1.257953766310384358e+00
1.367288357295710077e-01
1.743498595549286279e+01
5.869231267476105351e+00
1.314584821734735343e+00
2.905855750118387371e-01
1.613181887391246505e+01
5.805520095993444762e+00
6.003322946824965811e+00
2.097156935984718917e-01
5.841205928263125458e+00
1.514622178832438060e+01
1.809518445580819090e+01
4.288199166659013573e-01
6.859016126115037082e+00
1.180698142026616360e+01
3.422962727168663566e+00
5.315883262032526702e+00
1.880812356509868888e-01
4.132515856903233309e-01
1.081265398200160455e+01
6.304463477391660575e+00
1.559422863015454652e+01
5.670674919139266024e+00
6.196853430319837486e+00
9.664124500176754395e+00
5.623322477850286383e+00
1.570117343324207582e+01
1.698162959877043221e+01
1.378362005650206612e+01
2.885172828806436551e-01
1.325224889011091989e+01
6.954098609301289535e+00
2.344587806749502512e+00
6.412877511196594327e+00
2.012091235498911779e+00
5.991543480660891596e+00
6.208689264024216392e+00
5.448968607189129010e+00
6.470881784864802810e+00
1.763462039794009506e+00
6.126373609322034675e+00
7.238523442720299350e+00
1.248926114090124173e+01
8.888784408685575400e+00
5.484325793682296002e+00
5.714500610969571959e+00
2.060972811780934055e+00
6.030398592235092892e+00
6.760192212618160390e+00
4.282364854211714311e-01
3.581130017788459186e-01
5.846118745257657956e+00
7.013451603032380355e+00
5.604826009079350690e+00
1.567047437116907460e+01
5.594420468181170669e+00
5.976965762471657673e-01
1.212854146382058751e+01
1.580046461458674578e+01
5.860234156206018952e+00
6.120393339865048077e+00
7.131144072492356933e+00
3.250338540475268823e-01
5.353355721533496592e+00
1.490801941683491272e+01
5.544970426052402424e+00
3.595819025416702730e-01
1.531200199070557488e+01
5.974999847660019014e+00
5.078761697932854702e+00
1.264000173892967283e+01
3.143970769928675635e-01
1.582758835275489062e+01
5.342567031684207102e+00
1.110705098903900101e+01
1.364913089266983626e-01
1.220079837891189456e+01
5.702932664336400670e+00
8.577205974604188654e+00
1.134247061533802992e+01
1.221705562960473834e+01
5.988028069599708125e+00
5.914667413109722993e+00
9.364794327301956045e+00
1.762293723392284739e-01
6.979137461831634859e+00
5.957594477507373476e+00
6.241423100642300881e+00
5.289406781755766396e+00
5.860410167741484599e+00
5.692685767658290708e+00
3.411398646386362699e-01
1.062541104557650939e+01
1.363723550409366159e-01
6.292016488998613433e+00
6.252055367143587006e+00
6.141143182054108252e+00
8.473629809723227879e+00
1.983640849852081334e-01
2.993558810022083794e+00
6.153053457317303021e+00
7.016545379817738848e+00
1.074599086517176033e-01
5.893218115515344913e+00
5.159139726392107939e+00
5.622034353566196963e+00
3.742371102476096389e-01
5.890403328967068752e+00
5.316070159664707973e+00
6.113095174753683914e+00
5.653891542152720717e+00
7.127447813699085089e+00
5.969221769863756855e+00
2.120236413882039095e+00
6.334572406453924387e+00
2.697284176259450383e+00
5.945863244043268381e+00
1.153422492566387625e+01
4.876593022188536075e+00
1.040186954423584176e+01
2.501839861660299369e-01
1.202098899654007802e+01
1.479422527857270708e+01
5.987947806524248406e+00
6.019573876690357928e+00
5.784065183613296135e+00
1.907147677442352318e+01
6.606548808515532167e-01
5.906163285135849428e+00
6.016518306229377444e+00
5.957270093017772439e+00
6.161321991866823389e+00
5.444538857954170474e+00
6.425777013656776226e+00
1.730045053858406234e+01
2.076851131132952943e+00
9.995568025314753413e+00
1.303538750172479155e+01
5.385649759526429214e+00
6.092776515192243281e+00
1.788299388536325751e-01
6.130812102890599746e+00
1.970117519841296239e-01
1.158614097520011266e-01
5.651978913723559650e+00
5.461169456232330077e+00
1.573010066954929398e+00
6.402557727418320965e+00
4.796973520491594756e-01
5.727684902520199017e+00
1.334715662078503229e+01
6.103160039890199506e+00
5.832911536273048370e+00
6.066484667384403728e+00
7.832977628895188005e+00
7.290576770617740010e+00
3.539725635664769388e-01
1.085792273316288714e+01
6.969825156364833241e+00
4.181622466964975082e+00
6.198047944295382194e+00
6.197300410470931276e+00
9.089691997281578395e+00
5.535245736146822138e-01
5.566524289958653782e+00
1.266984420852420890e+01
1.735864468544486172e+01
5.856268245213995804e+00
2.758431894959679220e-01
1.089593440875052527e-01
1.883431267195983594e+01
1.503226880017403033e+01
6.911056122731061180e+00
6.281788878665224729e+00
1.159399951781384885e+01
1.882974522010476193e+01
7.271011736682321924e+00
5.803492325034278920e+00
6.255925653538461972e+00
1.371262100314163312e+01
7.040007322568887282e+00
1.818475891916677512e+01
5.478162797319334310e+00
1.697670676311508586e+01
5.877471211287168984e+00
1.600713854091791177e-01
7.142193948259590863e-01
8.840219136503831621e+00
1.173928568707788500e+00
9.743287996577123522e+00
1.540168111010948415e+01
6.644051978440297823e+00
1.700618070220309086e+00
1.510823156167966808e+01
1.348770646106996374e+01
1.081805172908902740e-01
5.582793248295236488e+00
5.919762081515354879e+00
7.039737151813734606e+00
1.319496111423346285e+01
2.445920819776796318e+00
4.025487318244375778e+00
5.810296514967676629e+00
5.772880184798629521e+00
1.094268753190659460e+01
6.139915323215218379e+00
6.106016664366463509e+00
6.420237253562867785e+00
1.534541671170747179e+01
6.670123387259341285e+00
1.159307930430241440e-01
1.034156967656181259e+01
1.937824836338123546e+01
7.584923159913979696e+00
5.580595784272860627e+00
6.242550207208693358e+00
5.551704415307487039e+00
9.568872873925695188e+00
1.649289808514445843e-01
9.185353387220211996e-01
1.310811923949351687e+01
6.731057532888335970e+00
3.750408715384040192e+00
1.158247220047017995e-01
1.769186713105818853e+01
1.039676114381670402e+00
1.367359264916270689e+00
1.538282820474971224e+01
6.376706468464582223e+00
1.230021019025547346e+01
1.553885731323539909e-01
1.837991435753880964e-01
5.879923635561098649e+00
1.258846149631734690e+00
1.850545261988368395e+01
9.146655381833097564e+00
5.498090083392148664e+00
1.060679927086763463e+01
9.401176109431823136e+00
5.365798446104042441e+00
6.379011277936864843e+00
1.802964545631995819e+00
1.216466302989608472e+01
6.055632002006746006e+00
1.943941123601415555e+01
1.512562292156958499e+01
6.334013397063412931e+00
1.263088133806779867e+00
6.533837756898654092e+00
1.441472347993696113e-01
3.252782278780005587e+00
1.667456019183563287e-01
1.731502315118627511e+00
1.380483474049049875e+01
1.875748049444800003e+01
1.468010087608867809e-01
5.755419080038276292e+00
2.943044458602072089e-01
2.214446634083623022e-01
1.154209223149914543e+01
6.488518668028316227e+00
6.163073150489720042e+00
6.000838405276180509e+00
1.172643331359669583e-01
2.503088263203409047e-01
6.011913861531649417e+00
6.416972773770982741e+00
8.085053016690338268e+00
5.673356758616484363e+00
1.768957980692160348e+01
6.603169024659742092e+00
2.858894554008701405e+00
6.875968733962600332e+00
8.750301044368582026e+00
3.537110266176378692e-01
5.612462833085697156e+00
4.137581596131656880e+00
6.583356083757014865e+00
5.939049509707337471e+00
5.540423662707392616e+00
2.377806277770826870e+00
6.142064575741502885e+00
9.475285945105218488e+00
8.064477611395034273e+00
6.699857143815258098e+00
6.519734384517015258e+00
2.378566238090486229e-01
3.230485212600754608e+00
5.745830612667853110e+00
1.841169613512172631e+01
5.594517465850417537e+00
6.737162869425159961e+00
7.776583778183668194e+00
4.795889509946832163e+00
2.522214737512209481e-01
4.161419819229107198e+00
1.527508777982131605e+01
6.229706386816052266e+00
5.881177910234534068e+00
1.667317006988242056e+01
5.317877500946284641e+00
3.952782351662178506e+00
7.087894600401808631e+00
3.839965571057486482e+00
6.075113738330402136e+00
5.944436136824266192e+00
3.967696440301965444e-01
1.243976535189991317e+01
1.648792074986780598e+00
1.193108327763692422e+01
1.959982761813154539e+01
5.919153682040407816e-01
6.728999651609147037e+00
1.417825857055236227e+01
6.942193804377041033e+00
5.888900091696932293e+00
5.912395298143813704e+00
1.367575955422744549e+01
2.160628327661893722e-01
1.237991281909927110e+01
1.410095866784332741e-01
1.408990801307283114e+01
1.435266350930029799e-01
1.818953681766314612e-01
2.268521401341060395e-01
1.642428062800379562e-01
5.564685948672228655e+00
1.488685291730905691e-01
6.768576225124506962e+00
6.522208738181094034e+00
1.741006647739742164e+01
1.078385520882121895e+01
6.413667360043691090e+00
2.738225175874838158e+00
1.944072894821233533e+01
5.340121984710931358e+00
6.080768746943157055e+00
6.911673500853686036e+00
1.233390593492575960e+01
4.492273477968902640e+00
1.941161026778918597e+01
1.411105367826299251e+01
1.498948329553227987e+00
6.353897765600493130e+00
4.467190859974722095e+00
6.308521503208844194e+00
6.194942871619799618e+00
5.305527771966001005e+00
9.237834054830631469e-01
4.708539835992168854e+00
6.186466923760940873e+00
6.153239379850131030e+00
5.407962708512043193e+00
2.823689937675575745e+00
6.433241896413618433e-01
1.084343030216182946e+00
5.873496271160748350e+00
1.994554471951158203e-01
1.642126824712332933e+01
1.897713472132009915e-01
1.166559285583863748e+01
6.373883075416215682e+00
1.079994911341307962e+01
6.195401066062678375e+00
5.861664212931965601e+00
1.128555109487690267e+01
6.504233378486066641e+00
1.192025950738640461e+01
5.775879179402734209e+00
5.769893241617428004e+00
7.094366673987174465e+00
7.026972874972040373e+00
3.432364331644462752e+00
8.700794996102413137e+00
6.009225922931266339e+00
5.852738645147070429e+00
6.169232000864035115e+00
6.675104961320425190e+00
1.390567988980948044e+01
1.753897912668300307e+01
5.712975701360847758e+00
5.512305172642895101e+00
5.911290336262078782e+00
2.490799336476358317e+00
2.366309210347312397e-01
1.905190084273066797e-01
6.309498038922110474e+00
5.692542207791604802e+00
8.596499492396164399e+00
1.348227810505577828e+01
2.594414672950307588e-01
3.471925446722390785e+00
1.087463648140823658e+01
5.719060289104665351e+00
3.342362742452306801e+00
7.313287487563821188e+00
2.080940429325686403e-01
6.053785788349208552e+00
1.507523388137976283e+01
1.667966939150555561e+01
6.110351475952822131e-01
1.115874810290468666e+01
5.583184909279347075e+00
6.191007068037357897e+00
5.996611717662168495e+00
9.245391669566199511e+00
1.065999196750119365e-01
5.645139404179258413e+00
6.033082548745128726e+00
9.283994437074728268e+00
6.555084955251146539e+00
8.028704187868173747e+00
6.236828905260496825e+00
1.984206862548360917e+01
5.012396251638130629e+00
1.475129214226749319e+01
1.933846857294442501e+01
5.889210849861986397e+00
1.720329103314203323e+01
1.942022583740357355e-01
1.189396550496520932e-01
6.415994556387369485e+00
6.717111220394603954e+00
4.994804387658801303e+00
6.288626878848065260e+00
6.221313573890032700e+00
1.343357846542536826e+01
6.965536032169031166e+00
2.705538340181764534e-01
1.047306290107723692e+00
6.090505548644103762e+00
4.775347873129474507e+00
1.319600886285749297e+01
1.871914488037471713e+01
1.077566758570361216e+01
7.779576384937008093e-01
5.829582233193592700e+00
6.536676367333572379e+00
8.247133222499103411e+00
6.149479087669682542e+00
6.007843524994156859e+00
5.980610132489271535e+00
6.148191992391966565e+00
5.790009864561557862e+00
8.691185738178623055e+00
3.831553565696970587e+00
9.335847247028052465e+00
5.947776466323936084e+00
6.748269054069258921e+00
3.060198334495923600e+00
1.300687981696579953e-01
4.163594962266118138e+00
5.114807264682524668e+00
6.036470452428818412e+00
1.341008546458122286e-01
6.515087855625880664e+00
6.967417198967997827e+00
1.255138501963120490e+00
6.180046982430439151e+00
1.159513007913778004e+01
5.876363416321898292e+00
6.237168394709274644e+00
1.724364556259584802e+01
7.030348426805091755e+00
5.629461058649308569e+00
5.209695502285876856e+00
1.160016084844968237e-01
5.632593031527115102e+00
5.969487343980666161e+00
5.503570221694443987e+00
1.510608935250219886e+01
5.655220373363111008e+00
9.440212459335601380e+00
2.701641100477997215e-01
3.913190477522481725e+00
5.953805384611659868e+00
5.956114973165529847e+00
1.922782196652777498e-01
1.853962710483919096e+01
5.880209128761132220e+00
6.543357892762882599e+00
6.339759659141212644e+00
5.624865825998010216e+00
9.414409778563280540e+00
6.367802420088121806e+00
5.632030147798650965e+00
6.470822622244120303e+00
6.709659441592427775e+00
5.057056040949288622e+00
6.287677758027208519e+00
1.108945598498820928e+01
1.512099731443218431e+01
5.072273380941135557e+00
1.834251266027612104e+01
1.168570081190970100e+01
1.454829291106774214e+01
1.588108269786624582e+01
5.496137263977066922e+00
1.232461552678725347e+01
5.823064985400073112e+00
1.430920222487750137e-01
1.124923276538223049e-01
1.149372252992531873e+00
1.855965172331486457e+01
7.082763004690498576e+00
1.892800384676936076e+01
9.855424668933133958e+00
2.743198192037283878e-01
1.651277671802898084e+00
5.929117500026719334e+00
1.641056208595886901e+01
1.734569033949588945e-01
1.685477722196286887e-01
1.020502324747609157e-01
5.875644411261809807e+00
1.540602181522230107e-01
1.314703277600216325e+01
2.527657424302840905e+00
5.897974281760235193e+00
1.807639186620713900e+01
6.199413944598960668e+00
1.941767335050127441e-01
6.037686489059714390e+00
7.126658627896584441e+00
1.138668085611569403e+01
6.114242110734498858e+00
3.897997574445078772e+00
6.025125023918111999e+00
8.743174723791838687e+00
6.681227743086425974e+00
5.724792982821154119e+00
1.285345666701243339e-01
5.667481382432281833e+00
1.367635228782994794e+01
6.245840820963064033e+00
5.792953665622166071e+00
7.233024084972308643e+00
1.935384827804795549e+01
8.921046970548305310e+00
5.296365816916297931e+00
1.205479091547333148e+01
2.768827140592397540e-01
5.794326532877415170e-01
3.933163271244400683e+00
5.701719701499133208e+00
1.274473570465168670e+01
1.025241842832588651e-01
6.187320981347914639e+00
5.595134358267862540e-01
1.218521269086379988e+01
5.609542961033318065e+00
2.810940726217407981e-01
6.395070731978479195e+00
6.234604209139706477e+00
7.593353316445835333e+00
1.021323287309253303e+01
5.803847062042746252e+00
6.860652221486136959e+00
1.051582046329290954e+01
1.523366212940009490e+01
6.453789480623960628e+00
1.109045351514608591e+01
5.297871388089012257e+00
1.406329341240420416e-01
6.171206174869777961e+00
6.463666066796045051e+00
1.982265094085453683e+01
1.661454196984631704e+00
2.138835062314062285e-01
5.718313226106403135e+00
5.735768706552586416e+00
1.757250825313447229e-01
1.162214057491458147e-01
6.210148882756247879e+00
4.674865038924565397e+00
5.380329767241263994e+00
5.746773452984459851e+00
1.116559594411445033e+01
5.730409358056308022e+00
1.869291013813105529e-01
1.434741392660734194e+00
5.685780706644905536e+00
7.661296467956179690e+00
1.889309604790526009e+01
6.731082823432729789e+00
1.272925055004449035e+01
3.072822026877913615e+00
1.944819635830754012e-01
6.091941760634890457e+00
9.661309264739621483e+00
1.026260756323862111e+01
6.684402734919919986e+00
1.938108889858158879e-01
2.056956551569828484e-01
5.129338555940136324e+00
1.515453762996339826e+01
1.856289706514994364e+01
1.706474198261945929e+01
6.234847685730823486e+00
5.826184202202862039e+00
1.400162598241138090e+00
8.657002129093573473e+00
1.611365987227419438e+01
1.997155167122462771e+01
5.841025561087447748e+00
1.593247162335592471e+01
2.084914367725844153e-01
8.265856307594027896e+00
1.944259933820755748e+01
3.801908106411754362e-01
1.333687068581726476e-01
1.330521532278344132e+01
1.971284555546359840e+01
1.880480204638179842e+01
1.576440120877254003e+01
6.340635997608107921e+00
5.707968685524236641e+00
1.594994956427395572e+01
1.618559930631967347e+01
2.011340884424869468e+00
1.420411900013258588e+01
6.197192027026681593e+00
1.261066292203749839e+01
5.856383656664751136e+00
5.561987429799107652e+00
1.008369676949678428e+01
1.050312059033289458e+01
1.149079998749044762e+01
1.919094583607668714e+00
1.564264555967913140e+01
7.156928889798003013e+00
9.861599232577875185e+00
6.026770813965261375e+00
6.262476120814849168e+00
1.156493958425645374e+01
1.095811232075439712e+01
7.113957113739385107e+00
1.977013015782563343e+01
6.291374276354900097e+00
7.090387420677658703e+00
5.936395312003947211e+00
6.360743888068373764e+00
6.223583069377784938e+00
1.082849713824665727e+01
1.423922392657017610e+01
5.593457255651716586e+00
5.247203850133950631e+00
5.428292185648971646e+00
5.498138530733367446e+00
1.750778454739583267e-01
6.014817908230431165e+00
1.749930542445310522e+01
5.963446008684273991e+00
1.181252351122120459e+00
2.435787337331260627e+00
5.437931002179931639e+00
5.689623780066889402e+00
1.458459635151385925e+01
4.085809435320737482e-01
1.431917328962952141e+01
1.065149580659874445e-01
1.456451025411294253e+01
1.514618805619982211e+01
7.017819567914816759e+00
3.176746653373574425e-01
5.838036590031427053e+00
1.057251758813476350e+01
1.326150880264813203e+01
6.317201982945091387e+00
5.660654849065405614e+00
5.899368659389675251e+00
6.154722188462980803e+00
5.955144820874686218e+00
2.180680674429148758e-01
2.085787090959140555e-01
7.407891866882505560e+00
1.832877437096742312e+01
6.810786230632794869e+00
1.525596622399159497e+00
3.276245921899838986e+00
1.654588792420430821e+01
5.641388806098729169e+00
5.477393755231878103e+00
6.518383111038200894e+00
6.578803393423195978e+00
5.700564069465388961e+00
6.342800958137596368e+00
5.192876620828258183e+00
9.963596974812599649e-01
7.475612129931151095e+00
8.643085778771533612e+00
5.489187976150454951e+00
8.443310085694097467e+00
9.088054411897347862e+00
5.170996962770155747e+00
1.264879605640384774e+01
4.057192372229165400e+00
6.250910436639559364e+00
1.295005089930438480e+01
6.606293349613932442e+00
8.882887794789246172e+00
6.852488700326305526e+00
2.191926116035800842e-01
2.693350493951812030e+00
6.417123171553487992e+00
1.673652423763502028e+01
1.661427557778507313e-01
5.569424578170020901e+00
6.260000562078372077e+00
7.318106929457829146e+00
1.068959633405161291e+01
1.348734090761878690e+01
1.660531132303838575e+01
1.485611365464159306e+01
1.204032303675499210e-01
6.011209581892487996e+00
1.025196041887157961e+01
4.908391286177465673e+00
5.471272891590444054e+00
1.046493334923019347e+01
6.101519162944337715e+00
1.437728436380191432e+01
1.211893421744810340e+01
5.970169768534115740e+00
6.238141321727020738e+00
5.619242882413614026e+00
9.162765441835205138e+00
1.515703523071885250e+01
1.038060504062044087e+00
1.830584773216789785e+01
1.528496280220350279e-01
1.850603325739347271e-01
6.427011163904017721e+00
1.457139228128348230e-01
6.491375525166958482e+00
5.145979323297222408e+00
8.336825973288808811e+00
4.316912776450724465e+00
5.749007639453684426e+00
1.295839873173883916e+01
9.311823351894449985e+00
9.288603497909242890e+00
9.132357840885223510e+00
2.103118315582356845e-01
5.803576204018861873e+00
1.104015156329918729e-01
1.954479503346247071e+01
1.458513015848267713e+01
1.167915554840596726e-01
5.972651446099596306e+00
1.457200676825579322e+01
1.974268187474692837e+01
6.890139831967663220e+00
5.338181443686802474e+00
5.685367106472793530e+00
6.850259999138795131e+00
6.125137250874954198e+00
1.673097777314425383e-01
2.733493082440571209e-01
5.168667745244468925e+00
6.164017246222088353e+00
1.342243402970049893e+01
1.181780166958782269e-01
3.118787343700276882e+00
5.039020989964284603e+00
6.418992504754067241e+00
5.431013628654568492e+00
5.632262922119995352e+00
2.457283383548685141e-01
1.598634444343258565e+01
6.865490126403146043e+00
4.723943721949021013e-01
1.039335870500167580e+01
1.214805925566746581e+01
6.116752471107779421e+00
1.756329961986455857e+01
1.846427788556909988e+01
6.732567897196497952e+00
6.571202363599002005e+00
5.449025189101027955e+00
6.010578373472181823e+00
1.059886577601214380e-01
8.037432200195260279e+00
2.100120625912536287e-01
6.245365114778557825e+00
1.441762732519991808e+01
5.253371723871007148e+00
7.359355220602427750e+00
1.702761218052932790e+01
1.246500033894834408e-01
1.842882305815279054e+01
1.934965883213140359e+01
5.130423030464060119e+00
1.834732951965718328e+01
5.327976882873403319e+00
5.660141860861330976e+00
2.565162541769536730e-01
5.235960530193416673e+00
2.152081981718819925e+00
5.808314658870831870e+00
6.421463621245186104e+00
1.309612482960521618e+01
1.092172439679105622e+01
5.778141995813259157e+00
5.819588178113894728e+00
5.556367152769663420e+00
7.234706807194254630e+00
1.836256185608744573e+01
1.045115717391434246e-01
5.814947833973104885e+00
1.022290476967730122e+01
6.612332550329512948e+00
5.473531691947519207e+00
6.004486508674871104e+00
1.113757741865971518e+01
7.363172649946997383e-01
2.420352747915068381e+00
1.445204216422088273e+01
5.564533594104943859e+00
5.459024430400029715e+00
1.576475641122213212e+01
6.695259895315543552e+00
1.011659359257134211e-01
6.006793642589729920e+00
2.905180952490487467e+00
2.705621480984801153e+00
6.356059873451158637e+00
1.882844261077484660e+01
1.420897663991261872e+01
1.408922698187603795e-01
6.329574413518537668e+00
2.102972423968965998e+00
6.266631504879307535e+00
1.512484440870084101e-01
5.762386501200802869e+00
6.549304484898534007e+00
6.336387935676308203e+00
5.945462763358831282e+00
1.109983380097409800e+01
6.310730628431718614e+00
6.141083269762964036e+00
6.577221101412777493e+00
2.073391016048313329e+00
5.049203476767357479e+00
5.854383848067809204e+00
6.120599975506078927e+00
5.732667516686772657e+00
8.664964587727665091e+00
4.927881247135863063e+00
1.051905781385436001e-01
1.141173126277980643e+01
5.885748753925517995e+00
5.909568085234769619e+00
1.629901614604791504e+01
1.460248557751678788e+01
5.983328844768368349e+00
6.845903572332340481e+00
6.379367838288384718e+00
8.322439985345528868e+00
5.558120570798130267e+00
6.465347672866192497e+00
3.048390991058860799e-01
5.515886692778676270e+00
6.416049677128593309e+00
6.416951903141488778e+00
1.322314366889650117e+01
6.411765211226183148e+00
7.589049742209763139e+00
1.044431169763421624e-01
9.239994322813657845e+00
6.299824775503460650e+00
6.143852856455560563e+00
6.297350289837758908e+00
7.434484416266432305e+00
6.791075023228192009e+00
6.769383134644356481e+00
1.301405621726454775e+01
5.927857536634277835e+00
1.112813898712382565e-01
7.314505623854043570e+00
1.283049140364856955e+00
9.933870280587917989e+00
