5.550802782524389301e+00
1.001796263464096981e+01
5.674909865907906692e+00
1.046192002911188190e+01
1.372294010999171832e+01
2.205810479924504630e+00
8.065670002935959815e+00
5.802894674738418246e+00
5.815354680262056597e+00
5.000314336612201593e+00
1.208674850114815413e+01
5.350212280996739622e+00
6.004655977623754026e+00
3.638542822695219892e-01
6.488769046636997828e+00
1.918949745911155969e-01
1.563981639142483504e-01
2.892668952982743180e-01
2.113920548596292526e-01
1.195642333016950865e+01
5.291332892162994739e+00
6.002614270954744313e+00
5.227206120651457510e+00
1.670146161383652128e+01
1.597714904578873885e+01
6.192180238201800080e+00
1.107597349028277200e+01
6.399875126251187929e+00
6.040256810563433554e+00
6.642949099805521840e+00
1.339861698738699758e+01
4.965649578749719240e+00
1.352091521340447466e-01
5.835202693423030773e+00
2.746797092179204203e+00
1.590047210659657217e+01
6.589124023212405312e+00
1.610913774009847899e+01
6.599945116984818227e+00
8.958197650873383822e+00
1.373944368991386611e+00
1.561319405075691158e+01
1.784804813658947253e+01
1.562311367663932593e+01
3.734348791499658482e+00
2.118132335675426692e-01
7.510955634953216276e+00
1.184119446180758217e+01
7.311416091561251385e+00
1.236002300505699703e-01
5.390928245958916953e+00
5.263122328414381990e+00
1.044654767516078886e-01
5.443504380925786812e+00
1.474473102730024721e+01
4.814126563011183357e+00
1.113474486598737734e+01
6.171817266192725526e+00
1.817402250069989622e-01
6.717014439038633711e+00
5.067888403245428108e+00
6.406097584654785848e+00
1.013486883537120953e+01
1.291980658596332487e+00
1.280716852846360432e+01
1.870318288360008552e+01
5.911306836441202250e+00
3.732014662914933112e+00
6.451162007780975927e+00
6.120865592455198900e+00
6.444015990069418720e+00
7.884601030727210969e+00
3.268391789829098393e+00
6.575096848849116604e+00
5.489156997784043313e+00
1.254253229771963296e-01
5.683763017987903510e+00
4.435387825343981127e+00
1.613947349867664371e+01
1.929253136612693353e+01
6.745234937046840074e+00
1.587091092937632375e+01
8.296433089576314757e+00
1.667124306822636370e+01
1.373406724084843267e-01
5.908412758805601683e+00
2.860497948509014288e-01
8.559343402025433534e+00
1.791459541136384837e-01
6.310271274513964634e+00
1.513047245400622465e-01
3.791483880966734166e+00
1.669758773036049249e+01
1.488691817053334754e-01
9.896308423797986364e+00
5.889404714918681449e+00
1.946444275095504106e-01
6.387213760308452670e+00
6.803353329434893126e+00
5.584414544491525412e+00
1.308080444993073144e+01
4.319150078655214497e-01
5.826809725464763723e+00
1.223984111745808789e+01
5.912648475577571006e-01
1.085665894451459934e+01
6.223970808628489060e+00
3.807686724895131825e+00
4.862643074998028503e+00
1.835373910134505593e+01
1.517791679019865470e+01
3.769591760993294405e-01
1.074516137357109535e+01
2.369355420383323363e+00
1.921263041777096348e+01
1.363724281137527639e+00
1.786836593489686109e+01
1.353286216877850201e+01
8.049489363841262346e+00
6.306734934830008577e+00
5.944182948175102510e+00
1.867161040131661665e+01
5.521548907385895433e+00
5.922600992099073203e+00
6.088488225877307869e+00
5.931744091876935521e+00
6.604626821494724354e+00
5.911444778317680004e+00
1.932804826538814780e+01
6.053228362364808213e+00
6.245592893476712426e+00
6.632281094323185577e+00
2.929498476720863831e+00
5.912032423340367160e+00
1.079205065168357081e+01
3.277745490330563172e+00
2.162447057061766209e+00
5.781482082035271475e+00
6.128430992445799141e+00
2.408703983146187610e-01
1.779710822776047474e-01
2.116812327842738650e+00
5.486488040871105198e+00
5.820685683758634710e+00
4.243954054847200119e+00
9.272247699159785750e-01
6.313978878455116295e+00
6.237293549277493021e+00
1.497516622154072330e+01
1.956040648684863603e-01
3.988686748798939696e+00
2.705524334117651808e+00
9.690371487766043401e+00
6.105420201159060589e+00
5.438150805330631776e+00
7.422693872164379592e+00
5.842157492626271598e+00
1.145845065049135592e+01
1.963854912700706379e+01
1.644451352391426424e-01
5.636558111935193516e+00
5.597091241968144004e+00
1.906396322985065339e+00
1.312534379904831994e+01
5.866269786681765019e+00
1.096380974500928396e+01
1.310560775699420333e+01
3.103321615392216071e+00
6.302791688319516084e+00
1.871344202231955478e+01
6.191563581418322748e+00
1.185306766166959491e+01
1.921337257059228776e+01
6.151640570567182387e+00
4.927694204813640511e+00
5.947952812603102046e+00
6.530296282747122483e+00
1.904159450246488416e-01
1.392701061715361632e+01
7.956753427991968053e+00
5.835259700609079836e+00
5.956687191272610704e+00
6.510225636526072002e+00
1.103421551066005257e+01
6.299779119526351501e+00
1.524257065414503032e+01
6.234361776453779314e+00
6.578343594818577778e+00
6.364811217909520202e+00
5.797841785867520414e+00
6.230903830965859314e+00
5.812456832770616977e+00
7.289316720406456618e+00
5.043043038821890534e+00
6.947814964967314211e+00
5.901805484574793148e+00
5.453169173503656708e+00
6.251369660598435019e+00
1.469034825855528759e+01
6.023409962888034208e+00
1.820897490752048142e+01
1.571611543232345554e+01
1.762505023992143194e+01
5.867854680843822557e+00
3.136751145171255417e-01
1.856538548028168756e-01
8.308901242118384545e+00
9.057385776795575438e+00
5.391350760641460127e+00
6.473216345212686740e+00
5.707486089051393208e+00
2.991540449974527061e+00
1.917019303763320082e+01
5.239856366098738505e+00
5.090669053922298737e+00
5.290022445390348160e+00
5.091728367937921718e+00
5.651315140994630504e+00
3.045285205955951535e-01
1.068364511591163613e+01
5.141087468291696716e+00
1.810724527940215722e+01
6.191546926021347375e+00
5.758486130071420739e+00
1.859704057276238132e+01
1.712815058827194292e+01
6.143492586570047820e+00
6.495379782167206351e+00
1.195762039833515011e+01
1.090852705278553131e-01
1.871488866245932670e+01
3.250077033757559963e+00
8.240191099951905684e+00
7.024794325837487641e+00
1.729170130124247362e-01
1.719678040906773120e+01
6.484874360575053842e+00
1.223345294948289030e+00
5.642133107951666560e+00
6.778958702947172732e+00
1.078261736118622238e+01
1.099710223596328440e+01
6.034040326544616306e+00
6.720223358339159958e+00
5.912791830842303753e+00
1.600540348621652953e+01
1.385659488532907879e+01
5.514748470826938309e+00
6.422436129824356854e+00
1.558836350286638961e+01
5.817156004273710046e+00
6.724579750980542947e+00
1.704378936549007051e+01
2.241329632152015139e-01
5.668530417509520802e-01
6.648897260606062787e+00
1.493954083215045969e+01
6.027224581464604825e+00
6.416515484239189604e+00
1.162043327695676531e-01
6.453261730828505627e+00
6.343157178966831289e+00
1.064500704269546105e+01
4.298927140397121427e+00
1.613890011873889918e+01
8.036901787583387025e-01
1.044718654577781042e-01
5.677919537650199189e+00
1.129399631912505164e+01
1.863441022322824736e+01
5.981134933723125435e+00
6.524840230826606913e+00
6.233600942112950349e+00
5.015941224642937790e+00
6.547926145034700163e+00
6.071168749891984184e+00
4.880206589303440978e+00
6.232789217407653126e+00
1.222126529672080270e-01
6.124146542802423099e+00
8.776423591574927796e-01
5.423697504109283862e+00
2.630159484036685424e-01
1.579496711206923187e+01
4.704548175708264779e+00
5.922482436782003035e+00
5.602468755642746601e+00
6.180973367041760369e+00
5.880732402618433774e+00
1.295689679250071613e+01
1.626066135286819403e+01
1.457344579991694111e+01
1.333630626366148952e+01
6.410451087059948705e+00
9.922283872181903774e+00
6.804141786166802319e+00
1.791808666165657726e+01
6.024177134231380570e+00
5.536400116929613091e+00
1.239900087896306502e+01
3.514631627574031358e-01
1.731699204049418128e+01
6.087236962243640193e+00
1.007596398323126152e+01
1.131724217388278753e+01
1.801008766518756943e+01
5.669052333002623456e+00
6.475748363555796416e+00
6.097390543498295123e+00
1.705519547220144361e+01
6.770455486035968917e+00
2.364623564454070570e-01
5.021778077146743513e+00
1.875003839639432712e+01
1.060388231455925839e-01
6.508064485683378031e+00
6.803274526272036660e+00
1.544350181252766063e+01
5.815718492162428532e+00
1.846792295264278749e+01
6.103995339312879409e+00
1.794918186841955787e+01
5.794699653205330314e+00
3.608571859872015786e+00
6.005665137701732270e+00
1.848749875601214121e-01
7.423240238788131329e+00
1.236920615221591646e+01
5.760511770877614346e+00
3.893814042388004548e+00
5.811793604259788637e+00
5.441086397336611924e+00
2.106109942060968021e-01
1.671372182589723465e+01
6.301297355365196751e+00
6.525013050090114675e+00
1.520903787593163026e-01
6.450291584503425213e+00
6.362684409645530614e+00
2.007541380473457371e-01
5.067309781796043744e+00
5.354211986078670549e+00
5.965945608203134798e-01
5.986544126263127374e+00
1.908048918312606546e+01
1.195510799153805814e-01
5.976553806756530030e+00
7.311733767846352983e+00
6.001571447362104905e+00
1.281681133608037015e+01
8.271221444592146810e+00
1.801711487417170521e-01
9.701795615332729383e+00
5.703867664106672564e+00
6.459164529038027069e+00
2.690855789009486632e+00
6.291625553990517261e+00
9.079362751563888168e+00
3.481207606894297868e+00
1.555486714011154181e-01
1.765112580185001079e+01
3.199784941401199179e-01
1.531232943184291706e+01
5.683823184541302531e+00
1.944536146714500191e+01
6.363513626741806206e+00
1.998634918218110401e-01
3.506291045085061953e+00
5.728805130751125851e+00
1.580978093725312617e+00
1.135805012759784738e+01
5.535065527568494126e+00
6.880566426915351030e+00
2.877547043345594968e+00
3.076856972598350559e+00
1.538747556142054584e+01
3.191228117295124567e-01
3.705064054975594878e+00
1.781390324829008054e-01
5.893626847486794773e+00
4.014133034981456127e+00
1.341985080866506808e-01
6.025391914473717137e+00
2.350681987306257326e-01
5.249700589110573468e+00
5.877153387293719611e+00
2.606233133437013127e-01
1.211998127751503229e-01
1.991570753908925018e-01
4.164823764138404494e-01
1.453371838443614372e+01
6.698779383527791786e+00
3.796275133629227194e-01
5.285515619716657509e-01
4.957193312936213125e+00
5.621627007954632660e+00
1.909679941069771303e+01
4.035021223290372383e+00
5.909107507833302186e+00
7.077053609910231025e+00
2.808976976373490642e-01
5.330710011784451474e+00
2.047000755133523697e-01
6.259504242137299279e+00
3.453632815679760437e+00
1.272071313679766336e+00
6.332924975720827021e+00
1.516360210010920528e-01
4.636778353411259879e+00
1.044800604814958983e-01
7.579688590054799668e+00
2.273457149690765622e+00
1.240456629116985843e+00
1.128906364270832263e+01
5.833841008939558037e+00
2.360399227826915358e-01
1.506351617457440639e+01
1.657464729475152865e+01
9.281517211365315490e+00
1.435619527410825769e-01
1.472007395755511006e+01
6.557468789579842472e+00
1.328972982817754056e-01
1.938291193341508034e+01
5.708092986147050851e+00
5.689288749262598088e+00
5.793184336296869574e+00
1.761876964023366410e-01
2.491045608692999958e-01
1.004377286831728833e-01
1.676175033966475070e+01
7.518548493270732491e-01
1.462656831548942726e+01
6.015767107011271264e+00
6.069153141511439919e+00
6.451786634785611874e+00
1.032680293821072404e+01
1.951667988897125738e+01
6.069797864566641721e+00
3.502954439511186013e+00
3.610016050881527105e-01
1.121446469566396154e+01
5.801866223890794316e+00
1.080503481535397370e+01
5.135473060218544994e+00
1.101899015162917728e+01
1.067998034212707026e+01
1.449501846566774077e+01
1.390491985031838684e-01
9.077001946195125015e+00
1.589016010303851445e+01
5.989132605852016233e+00
1.677251151907443827e+01
6.608596750182425872e+00
1.168044312710025423e+01
1.853619947340890084e+00
1.526851401026341115e+01
5.919843389230593722e+00
5.774885139095458086e+00
5.566414881799696346e+00
4.501216577862828250e-01
1.239615992441591530e+01
6.645566252753906333e+00
8.460630231396207179e+00
1.201282914585820549e+01
1.713504521549781834e-01
6.423105488980199951e+00
6.290824991064106975e+00
1.351873509870324419e+01
1.131880046329534484e-01
1.276685316303054130e+01
6.409203143838110961e+00
2.517774320324936976e-01
6.886060520680157282e+00
1.822900591098045098e+01
3.284892013198020155e+00
6.120141689436053412e+00
1.967294337122150338e+01
6.105396437564954759e+00
1.026724138643138273e+00
6.210225626465334159e+00
5.944318672640890533e+00
1.696566263973526389e+00
5.739118578274639226e+00
8.302577566366338147e+00
1.001549969298040388e+01
1.888155406251120638e+01
6.441435845279362304e+00
6.667125282700250288e+00
1.394874507810019537e+01
5.822084774391716344e+00
1.639928685935251096e+01
1.041676735238581258e-01
3.946894039522885311e+00
2.474724264018692554e-01
6.481889499252494247e+00
5.436204803199360391e+00
1.521481010552664825e+00
1.722186815187003361e+01
7.274857870491328704e+00
1.598063280900026972e-01
5.972127832836596539e+00
2.842509886342041714e-01
1.094603074513061891e+01
7.978172925398703264e+00
5.885151216017017184e+00
6.401129343794536908e+00
4.603883878800075102e+00
6.619662690906658931e+00
5.337758355161743573e+00
7.022796681159184651e+00
1.401051067614720536e+00
1.071732543884694167e+01
1.045670012103065316e+00
2.530763920644240272e+00
5.591649690524643113e+00
1.851408086053562829e-01
1.551312296337074947e+01
5.598399637841815490e+00
1.829030779110898397e-01
5.845240631494307060e+00
1.562654936371915682e+01
2.646273123681163852e+00
1.835384656751310739e-01
8.153532549435276167e+00
1.987392215013117358e-01
6.277532848288078782e+00
1.474067495602654354e+01
5.463453660089958142e+00
6.206058545696502726e+00
6.416638709976419719e+00
1.591046199158109431e+01
1.753856745192699518e-01
1.717975194786576054e+01
5.506596706997716417e+00
6.217138285868128555e+00
1.985425707888866853e+00
5.381861783454874981e+00
1.606339980894918362e+00
5.628974932353878913e+00
1.827769075017314648e+01
1.451705697597975575e-01
1.936571434315315798e+01
1.159778732010683733e+01
6.085850259632287873e+00
1.317662690589210328e+01
5.775230586301844049e+00
6.834855779231106432e+00
6.164697802852532327e+00
1.864450422528498663e+01
1.488655882822836618e-01
6.052473432062647873e+00
6.563281466307988588e+00
9.784727941865822842e+00
1.296103154096979537e+01
1.400853073398481419e-01
1.236244191049824614e+01
2.153559108212883266e-01
5.614226952283806860e+00
5.922805124274773014e+00
7.212191253066969843e+00
7.752181945026622722e-01
1.812796260929123437e-01
1.208949562673610245e+01
1.944938267916712249e+01
5.808789630802436044e+00
1.770066588412912978e+01
6.787186116746957154e+00
1.718590470626635003e-01
6.968110215659146789e+00
1.197907581620235862e-01
1.035424464371010600e-01
1.360078063739800669e+01
2.153789482098484032e-01
1.556385262817517323e-01
5.820339472597567898e+00
2.242006154838796395e+00
1.671831542139979376e+01
5.113677748713074678e+00
2.029066591456116342e+00
2.241823627132372820e+00
3.429473427153676979e-01
1.552673637003838714e+01
6.486130826655394976e+00
8.276884856113470690e+00
1.886604989212636596e+01
1.057375920355372867e-01
7.913933508348168999e+00
1.396165872190039003e+01
5.381328783631002644e+00
1.107502924234389508e-01
6.293504877424715538e+00
1.499974080082259187e-01
1.865710082126702218e+01
1.579219912828642869e+01
1.552995433470511877e+01
7.389984282734114451e+00
6.219184689862906623e+00
1.026096252125181962e+01
1.478843407545477540e+01
1.764454400713399096e+01
7.975662772884862584e+00
5.850886195369697340e+00
1.235096223966765372e+01
5.759876155227110495e+00
6.201768757341751481e+00
5.804636195923836617e+00
6.791340645399598586e+00
9.143627253683305867e+00
6.686817217685696590e+00
6.129140907043034048e+00
6.155711194479382087e+00
7.314558797167979520e+00
1.507810370996964622e+01
3.221596513225251646e-01
1.140676656730363270e+01
3.847292489885989486e-01
4.874601820383510642e+00
5.726704578378971178e+00
3.051879636805036045e-01
1.341519545285598247e-01
7.639013475259254449e+00
1.497040646116301055e+01
1.476059075327399128e+01
1.344694843590640732e+00
5.268161046623700550e+00
8.470276622962837010e+00
5.922678677605217601e+00
6.652951804005518888e+00
5.314521902254742081e+00
1.907270427067141938e+01
5.052658496354472284e+00
6.337210909105575496e+00
5.483843671085049998e+00
1.414592183762961142e+01
1.715063473290351936e+01
5.170524672168831160e+00
5.798583151893557996e+00
6.794123336292587467e+00
9.527457527893139044e+00
5.626162361369979159e+00
1.501362244420683467e+01
1.130111355942307938e+01
1.081810544061981016e-01
6.200759258375937222e+00
3.313538963119228686e+00
5.270724175924579313e-01
4.359019691119670803e+00
1.570909609476496804e+01
6.453293849115477876e+00
5.346304895000859148e+00
1.216348230086859772e+01
6.002140704128769322e+00
1.516518847067144515e-01
6.271280041208407319e+00
5.983571412884089114e+00
5.037530982653350087e+00
1.568401871151273852e+01
2.615073147967148515e-01
8.419689464569028559e+00
6.347517902455571459e+00
5.925511559063004086e+00
6.159757269191669771e+00
6.006750203096368423e+00
1.049164753042014020e+01
1.220628131579415410e-01
5.531212436505818175e+00
6.009349263921522244e+00
8.265138550228903203e-01
6.438388687367256225e+00
1.160869707860821970e-01
1.049161948083778384e+01
1.955061397109681920e+01
6.993949765326958889e+00
6.223797272740941189e+00
4.805564746687405631e+00
5.293059846261917833e+00
8.860344891654865052e+00
1.178626667198590799e-01
6.098481338940616503e+00
1.446630194733969077e+01
3.691219941311531527e-01
5.598599427085594549e+00
5.466769700588196557e+00
1.112445868285617046e+01
2.887462165835696037e+00
7.887688934762881132e+00
5.366770881717249253e+00
6.462931455428895688e+00
8.372815307650583350e+00
8.053169562709562967e+00
2.158404125957651409e-01
1.288537079928078732e+01
2.510442401444819005e+00
1.425073186588495799e-01
5.741073424817809467e+00
5.602367747863798542e+00
5.305694436872993691e+00
5.887268149293131358e+00
3.560612669817740272e+00
1.104744136859323689e+01
1.812778212345804008e+01
5.707432059470152197e+00
2.313949697434697916e-01
5.882378202922424748e+00
8.449174668441328251e+00
5.587555067376658968e+00
1.595449357009137969e+01
4.557810748563698722e-01
6.981480091198599247e+00
1.705297146112135565e+01
1.597768002821605116e+01
5.945396118898908178e+00
6.866270371829078734e+00
6.569469863222579420e+00
1.188349819832572596e-01
1.708376939624621782e-01
5.667048671393327908e+00
2.671062211194893621e+00
6.309670086250695142e+00
5.581577756161669512e+00
1.948652872403662473e+00
4.610481030187321139e+00
3.109608289821226279e-01
1.382102257263355760e+01
6.528553966283116239e+00
1.456183044505572077e+01
6.569287148377253693e+00
2.394771156759164521e-01
1.620566076352141138e+01
1.885753307638176679e+01
2.017737992954276582e-01
7.418247683223738953e+00
1.054872539260479636e-01
2.055663567994645835e-01
1.698934768020077968e+01
1.138248747673798605e-01
1.645720104605240408e+01
6.513866519419164725e+00
6.369792680061403090e+00
1.492056023298313505e+01
6.151056539339746720e+00
1.842103933219710399e+01
1.001247890819345443e+01
1.568434184927869879e+01
1.055690021119032451e+01
3.258202942632737464e-01
2.870243134937457419e-01
7.052455668375857911e+00
5.941942930858505001e+00
4.841520217970720630e+00
1.687352762918922267e+01
5.413179350138989321e+00
1.399177672568507891e+00
5.476348280982826111e+00
6.626934732489887736e+00
2.406498214860612328e-01
1.730714720836139620e+01
4.732539771995560862e+00
6.727583157209960696e+00
1.025371655752838201e-01
6.356272028391106943e+00
1.607465781276536276e+01
1.727603572572108348e+01
1.978424871217295267e-01
1.701326660351655251e+00
5.461679714017599885e+00
1.883273457113613381e-01
6.528356328480463766e+00
7.877087700575073015e+00
1.577954133368798573e+01
5.979184494821608631e+00
6.074735219045730439e+00
7.279993748010299193e+00
6.420740407027097696e+00
1.536457978122429857e+01
1.167771998859462279e+01
1.347849228018482037e+01
1.560364447094077001e+01
5.064903705116584831e+00
5.784251361785658574e+00
2.060396807180923662e-01
2.091444202495037763e-01
5.392640953698641049e+00
4.040326669680412430e-01
9.797171583415295260e+00
1.378780587430866456e-01
6.202929709318040885e+00
6.240377184377351227e+00
2.176418112065323207e+00
3.119672385940944759e-01
2.176485619112445147e-01
6.060226508112339872e+00
2.848934109703652684e+00
1.716866135849991082e+01
1.334698511057250681e-01
5.166760244828355830e+00
6.189093766120442375e+00
5.943957792171941534e+00
2.241370886624000358e-01
1.646633377861159531e+01
1.235512318846383195e+01
6.399734576705328415e+00
6.164104683522786843e+00
3.249568277440066932e+00
2.668831158374118218e+00
6.315299524631290851e+00
3.178502146525143068e+00
5.733018576232739250e+00
8.011082384700614512e+00
1.285309129835831843e-01
1.992248110306876485e-01
3.897627294863859504e+00
5.640031479329095987e+00
5.476174063460367947e+00
1.765591538472849820e+01
1.554343802029705834e+01
2.114409361202471693e+00
5.458081887641661467e+00
2.752370356679123553e-01
1.214857220200587307e+01
1.265585891792870754e+01
9.232071870172815053e+00
6.006420794663111629e+00
1.537153872480822514e+01
2.945686049859376765e-01
2.355588742506682376e-01
1.855004323738162242e+01
6.626499352009645349e+00
1.190863235809200615e+00
1.007669265493697175e+01
6.589599904546315834e+00
1.514406833036865963e-01
4.252465047656641239e+00
1.716251929814731980e+01
6.675347409430790968e+00
1.168692721743075325e+01
6.000719891774299874e+00
1.798364763946536016e+01
1.566003315968740495e+01
8.546512057575194277e+00
5.986267955917764283e+00
7.003032476419727814e+00
5.664307547926383357e+00
1.931693952242410717e+01
6.865386813410972344e+00
5.549474962423553315e+00
9.019176211118013597e+00
1.046895960646617318e+01
1.756763866014750519e+01
5.728039443360336769e+00
1.684117775666140460e-01
8.562432769637881691e+00
3.495734225089731417e+00
1.155080080570938250e+01
1.270951494643758828e+01
1.428053414016006073e+01
1.320685561013945097e+01
1.804647439736192283e+01
6.753545868677506725e+00
4.961930207189299225e+00
7.464226493963440845e+00
6.616461245759474252e+00
5.458942369317219878e+00
5.458028413287680181e+00
1.816212765291224684e+01
1.693172932512402795e+01
1.970305704267861913e+01
5.900198160110721624e+00
5.759792434918952431e+00
5.436100195861672368e+00
1.944936362866412694e+01
4.436442477088244019e+00
1.522378936705651675e+01
5.689130577525240540e+00
1.401056038631316447e-01
1.049892435586888517e+01
5.671688105403721814e+00
6.154819885969684989e+00
1.348074474871025785e+01
5.582336343312321425e+00
5.486688902315986383e+00
4.760776839088371126e+00
3.925642463284679362e+00
5.521823954443749294e+00
6.254496396278955928e+00
6.307180184527212852e+00
6.453854872476002313e+00
1.683874259238245230e+01
1.586575139924836719e+01
6.341982670459588078e+00
5.489660191837181458e+00
1.882758487748194653e+01
2.299896481110366431e-01
1.754000036291675002e+01
1.159560994812938262e+01
1.034162171155181692e-01
1.737140405369313001e+01
1.817987475187149471e+01
2.270861101672896787e+00
6.035713988756268300e+00
1.682201037045541980e+01
5.996544123819121275e+00
5.105077153516895727e+00
9.491161391280074966e+00
5.559074867403123399e+00
6.340175593006566857e+00
5.917290066763464251e-01
6.644214722256803540e+00
1.465686583963675127e-01
6.659204521944093180e+00
1.634091582181276792e+01
1.401165642697063396e-01
8.706581916906296570e+00
8.754981268465439337e-01
5.545826612676013845e+00
6.486645055314522068e+00
1.486994168795530147e-01
8.865249515803004243e+00
1.124946168484526510e+01
5.134087867921120818e+00
6.222254612551351372e+00
2.053465581231936454e+00
5.942868108529769877e+00
6.960839092876228484e+00
1.619708142003508655e+01
6.030665304240192981e+00
3.384855174195475769e+00
9.817307126617146551e+00
1.535562893287175101e-01
6.488807240141317045e+00
1.260221181742612329e-01
1.007597291682716528e-01
1.462952911185788096e+01
9.518670771146044984e+00
6.376481232691219247e+00
5.534682104741157183e+00
6.521474902529997841e+00
6.770262370746353398e+00
6.527772308386200706e+00
1.428187621009717034e+01
4.246185041601764354e+00
1.807646249376358227e+01
3.218439839430499383e+00
6.385268312869534668e+00
1.318732215733616719e+01
1.889105842095533916e+01
9.845909978867707579e+00
2.612452503377323598e+00
1.687729601326888229e+01
5.526263942211769198e+00
1.430158418641955720e+01
8.222326948001102975e-01
2.813022460532284552e-01
3.559435723637176530e+00
5.990760826777773218e+00
1.739596224060715102e+01
5.811480872360738070e-01
3.523101443302506741e+00
2.984400203213520286e-01
9.843741450131119564e+00
1.950064076376349931e+01
1.778560707854051159e+01
1.329770187628572842e+01
6.495239177001413289e+00
2.849302770656582662e-01
2.952454733829171785e-01
1.635023691675959867e+01
6.226447002244636764e+00
3.384409245157469770e-01
1.553720717147190911e+01
1.842058302008200599e+01
5.720812507654065016e+00
5.584649096969996229e+00
1.946034629762791457e-01
6.223508535105896300e+00
1.551455829223442384e+00
1.006339399931003520e+01
6.523707811004483048e+00
6.032012955988798275e+00
1.419220047543988394e-01
1.000524110628787239e-01
3.502562219010973088e+00
2.248501313008271218e-01
6.549563581920414101e+00
1.657378136141468561e-01
2.050719427334763978e+00
1.764202115905239765e+01
5.629854650075722944e+00
5.980780104658076191e+00
6.693839228171910349e+00
1.869290484666785712e+00
1.991983472007939460e+00
9.044047065788369366e+00
5.069730397005215217e+00
6.009748572412144441e+00
5.984258475904338681e+00
1.607922890071240118e+01
1.176656762000725465e+01
6.435962790275303824e+00
1.603743685004107888e+01
2.464674465938737069e-01
1.019978346675182479e+01
1.159159344789411350e-01
6.850176156584596221e+00
1.135580083408986063e+01
6.444599405782778234e+00
5.055004381581819750e+00
1.837572207587258255e+00
6.328985582544115474e-01
1.079720627998910842e+01
1.173434651361686676e+01
7.111296192619148471e+00
5.979474352001376225e+00
4.038952928465292302e+00
1.725895177112129275e+01
6.088457750979069161e+00
5.928739424176383999e+00
2.578933039543222505e-01
6.442191782074703887e+00
2.467600756357656522e+00
6.154813008820629427e+00
1.009005178960477311e-01
5.889633420675886022e+00
5.627912459461175132e+00
2.071708388318785676e+00
5.265618600060166798e+00
1.329676597255338821e+00
5.885436970237720722e+00
1.717288708535437891e+01
1.122369766371111588e+01
7.060578629856203436e-01
6.342626813089538018e+00
1.963327588607961249e-01
5.935401037550209757e+00
6.255162315021806307e+00
1.457693151728326164e+01
7.052677574812625139e+00
8.933227194538169158e+00
8.171790239453416760e+00
6.668449723462658296e-01
5.403091933474046371e+00
5.952561512118912823e+00
6.180058975106601515e+00
1.110164033710726167e-01
6.315466045759356994e+00
1.188185028226716566e+00
1.395163563888260905e-01
1.287671306842342600e-01
5.311941807430907048e+00
1.169434508934436856e+01
6.414741119607207942e+00
1.679694639943781098e+01
2.356336041336647702e-01
6.280286209600469682e+00
3.042372327577598234e-01
2.636209372255424288e+00
1.106619404749814173e+01
1.520835373768924859e+00
7.064453605134688452e+00
1.432166584523040598e+01
7.645096095064243258e+00
1.906405625158590311e+01
1.139605436109603787e+01
4.185666168969657264e-01
2.304156513212123780e+00
1.539455201982312116e-01
1.711423350758849793e+01
1.280419283068343894e+01
1.692092997343376537e-01
5.824338456737398140e+00
6.026625428952709029e+00
1.635531312271025772e-01
1.264231325193448541e+01
4.639329197117258552e+00
6.086717643551176948e+00
8.200824853550754412e+00
1.300214420525096237e+01
1.835265365174480579e+01
1.109141127629505874e+01
1.144084858356581158e+01
7.063513939895794458e+00
9.504728404615623294e-01
1.336453378198751274e+01
2.886412154816563103e+00
1.974384269544025017e+01
6.398278080898697873e+00
1.916318481391853723e+01
5.932452794689996978e+00
1.444971421551432122e+01
5.490648090526722314e+00
1.547282303826021810e+01
5.938459785281423819e+00
1.231021973774441419e-01
1.883726512565073463e+01
2.242779632684690050e+00
7.951715082668418866e+00
6.780735777726238922e+00
1.527214784164505090e+01
4.942603170820332181e+00
1.437266725945700596e-01
6.702004099030142825e+00
1.133974733809604896e+00
1.962433133723904533e+01
1.336772127334092986e+01
6.375904803184186953e+00
6.234994603279520042e+00
5.854854980689984778e+00
1.282424482331414950e+01
1.013730352688672620e-01
6.107481152769132393e+00
1.537417674820792435e+01
1.200714004246280808e+01
1.204679824280110623e+01
1.426271487863360932e+01
1.156722139511817637e+01
1.819759075820834937e+01
1.125060532011988101e+01
1.098913678833561036e+01
9.835962697602967708e+00
8.174563890615500483e+00
1.571971134159718453e+00
5.713240510177691966e+00
1.704998321633830471e+01
5.673710559310841894e+00
1.265043418555063148e+01
1.631757718499990517e+01
7.694971674299432296e-01
1.016273569252791020e+01
1.719894854409518103e+01
1.735278118527308899e-01
1.031394610441697601e+01
5.124717076886446065e+00
1.502826865470703321e-01
6.214900212236610599e+00
1.026767805019846158e-01
6.434425741953959665e+00
6.049891939252804107e+00
6.965247763810009651e+00
1.149696165429987715e+01
1.894951803625688669e+01
1.943550713300869504e+01
3.978485890789117962e-01
1.809986829500845928e+01
6.397003126516710658e+00
1.194613551882214852e-01
1.936442335452420238e+01
1.697887309222203811e+01
6.109466981775993233e+00
1.760431800613120501e+01
1.208970742783301300e-01
5.490360898812924439e+00
9.460637835021808328e+00
1.101326772938617943e-01
4.990569862663285505e+00
9.972192170421375623e-01
7.634180872331888246e+00
1.115705482548725869e-01
2.907941720732186486e+00
7.449114319443208565e+00
1.293187046869123513e+01
6.469079827358105383e+00
3.086458926986657691e-01
1.384675483369491111e+01
5.684480224522094005e+00
1.184279741747459802e+01
1.369301666934257922e+00
5.193867946286750303e+00
6.432494768472285962e+00
5.931596682334006942e+00
6.318139859092070765e+00
6.222679285750730926e+00
3.498671835722719781e+00
4.057301178561493415e+00
6.962957443417945314e+00
1.224710470990578592e+01
1.823084825069550874e+01
5.943916300572935185e+00
1.653396052207106237e+01
1.350519473961429817e+01
6.163011791572813536e+00
5.845948577969964255e+00
6.386798663266202603e+00
5.635124032797509841e+00
5.660171239782626706e+00
2.687846902428592255e+00
1.734578781739913467e+01
5.470700404202633926e+00
3.043627459650838363e-01
9.475810737728915356e+00
6.674307199622718123e+00
1.204429462820751162e+01
1.005604787929032629e+00
1.618684707773022424e+01
6.274385508217674712e+00
4.137611778051145883e+00
1.996241800655202403e-01
7.813263694644570379e+00
6.020014084488654937e+00
6.162355958728590544e+00
1.630325095929415491e-01
1.643819089168528924e-01
5.321162424404076496e+00
5.754586881498275908e+00
7.842919822608029889e+00
1.570655004502239827e+01
6.133587223093244667e+00
8.005438904550301160e+00
1.050770098604451874e+01
1.659109592083790474e+01
7.709870580527558026e+00
1.665328136784458124e+01
6.087102468700944513e+00
6.244882938755109691e+00
5.615511665513285955e+00
1.686541218687308330e+01
1.628520663739400121e+01
5.238861599622740783e+00
3.820146777950122807e+00
7.238059663905109353e+00
6.684009824942958033e+00
1.398823507282545897e+01
4.951279508294899045e-01
1.519982217428263027e+01
1.627373003785178440e+01
5.276502723176056620e+00
1.722975020582115380e-01
6.175539316683537727e+00
1.690626219148292586e+00
1.226382633881629936e+01
6.078670973843284919e+00
6.048721822675331872e+00
5.024942430642663105e+00
8.720649618742493558e+00
9.587683395477434090e+00
1.804955302816116003e+01
5.974483905212403023e+00
5.746415397525933777e+00
5.358457720093523058e+00
3.334362465003130716e+00
1.896722708613610919e+01
1.482349875091203417e-01
6.283562972716372208e+00
3.295504878206344745e+00
5.814491701100512167e+00
1.046303991488619367e+01
6.130911640413502006e+00
2.249719495488987864e+00
5.471778750511055556e+00
5.727800800330451914e+00
1.217844186427516640e+01
6.035811523948793500e+00
1.226685439247250597e+00
6.831605950457738885e+00
1.346668737005040084e-01
7.279466062872764986e+00
1.778141339501723550e+01
2.134390772201048669e+00
1.345623398113222180e+01
1.108482795421555367e-01
6.027574785100131116e+00
1.308642391789913617e+01
1.014580084394406967e+01
1.282117223908816328e-01
1.209011789304481888e-01
1.964139424408622503e+01
6.240314987654256740e+00
8.962364459436884090e+00
1.612036369163310567e+01
6.087925309138452867e+00
6.504971442788034963e+00
1.297721765642845959e+01
6.764203585938410868e-01
5.935839869919333545e+00
1.336043692858789322e-01
6.792001708296837137e+00
5.679349122749829171e+00
1.735043431053406238e+01
1.166713854366168235e+01
1.010092344453421731e+01
7.271880616440903999e+00
1.386704983176939299e-01
1.672409494035546507e+00
6.330908133290798823e+00
3.986503429836945056e-01
8.511877075507081614e+00
1.540468107322081970e+01
1.914820802497317231e+01
1.466266986539378436e+01
7.163085251721418523e+00
1.513108281062248039e+01
2.407120428601811080e-01
1.018445618359263882e+01
4.124870352539402596e+00
6.517949552427339199e+00
1.917130462326232632e+01
5.742315538652441376e+00
1.140311354597928784e+01
5.900932648859493312e+00
1.046547254355365553e+01
6.120782385198593190e+00
1.476100575079385691e-01
3.562474639528405707e-01
1.161519580048769029e+01
1.435744038443347925e+01
1.843612019021454884e+01
7.576760962202190308e-01
9.346968587130080053e+00
5.327261969863134716e+00
1.440311562989371907e+01
5.575765519832255102e+00
5.541716529984894724e-01
6.224890877709611026e+00
4.638435379343731846e+00
1.021887974345482702e-01
1.048809112552420331e+01
6.016444742041507254e+00
1.276840474358563515e+00
6.560941365636462130e+00
6.209929476056408326e+00
5.916517945978225335e+00
1.629588334689520224e+01
6.303617353787083211e+00
5.411509769402757186e+00
5.720599000431763947e+00
6.312123938885244812e+00
1.918249701681974395e-01
1.582324331607104462e+01
5.366075487292278012e+00
6.055345791568233160e+00
3.497277088004966394e+00
6.881343084243596309e+00
7.234925608194720859e+00
6.073542640745571042e+00
6.461145848553779381e+00
6.222221102631984913e+00
1.203692885724178652e+01
8.023955630183493559e-01
8.763071669208773784e+00
5.491298435096916286e+00
5.689464222026487938e+00
6.090788924221371303e+00
5.774805394736215902e+00
6.369735774354357005e+00
6.405281014766226910e+00
5.413833755045544649e+00
6.314353141811497316e+00
1.997217138522220736e+01
1.068309367556242589e-01
1.336543810484650263e-01
3.248088536949689686e+00
5.641963084619620261e+00
6.688637207979128085e+00
5.905936915169744061e+00
1.333339091505648666e-01
5.853165294456480261e+00
1.568108996153274681e+01
7.787852712286072787e+00
1.115345434221163856e+01
1.044936828435437809e-01
2.125600041949089025e+00
1.646462399930912479e-01
2.747396723558083398e+00
2.674083255313799867e+00
1.892600161372014611e+01
5.795697042920489928e+00
1.507685870105951409e+01
5.267081223042000993e+00
1.439886493072120022e-01
1.374860472810295597e+01
2.308735522257350237e+00
1.343970052331231990e+01
1.261859841387108361e+01
1.941572082284262757e-01
4.804969997634335854e+00
5.668015933380825544e+00
1.237172124365878700e-01
4.405157091043528261e+00
6.219337653119016096e+00
3.983963879602997249e+00
5.939243149700730307e-01
6.433809181767752072e+00
5.719740403610861890e+00
2.775149066993461311e+00
6.163629532082923745e+00
1.258790095035182688e-01
6.342752049320610652e+00
1.141220051330572716e+01
1.640018107750447030e+01
6.112857022482269365e+00
7.967202686587870453e+00
4.830109154214164313e+00
4.590917710913918093e+00
1.915727695309707457e+01
6.840130432068242783e+00
1.362986313198577371e+01
6.037979904505900386e+00
5.458664337061684080e+00
5.466400744525638622e+00
1.460792863938421604e+01
3.106118143136611387e-01
8.267457132220043192e+00
2.556994905639150328e+00
6.120543666163650975e+00
2.037875574332956297e-01
2.990384977142658052e+00
5.755773691333631703e+00
6.145297728008838334e+00
6.564950153346916117e+00
1.220276660173879174e-01
6.817143380431132549e+00
6.850517339905295877e+00
5.703037876757772295e+00
9.387362877421741914e+00
2.210446155519040001e+00
5.903495706204052951e+00
1.986716332775281812e-01
7.282939174344929434e+00
1.750235705757008020e+01
1.087477838380733530e+00
2.015594364428995866e-01
6.785422999801926203e+00
3.455499594250648787e+00
2.864976887941315109e+00
8.948941261778946554e-01
6.232959533416156717e+00
6.856673402058845568e+00
1.017552624299303599e+00
3.731262107054355570e-01
5.430162923351628201e+00
6.845528208291996819e+00
5.726083573614897837e+00
5.279157959306630232e+00
6.116969185707852752e+00
6.539182666866990346e+00
1.322772271639506414e+01
5.412535569815954517e+00
6.038369639806935751e+00
6.529470775169662566e+00
1.010071143943106087e+01
5.883185109675450164e+00
6.442314656136452378e+00
6.575058965962179869e+00
5.680005551502713246e+00
5.938680271272541944e+00
1.603390950550241056e+00
1.970939574998196164e+01
1.410992954051457282e+01
6.426609689959805749e+00
6.406355677010180827e+00
1.397472708836245969e-01
5.877935041215485157e+00
6.069385819355037626e+00
8.046610561689313101e+00
6.796428259876512001e+00
5.682072189366941473e+00
1.753649854574501532e+01
7.114731733697714944e+00
1.508742563189893104e+01
1.923223100889314419e-01
5.804339350068210557e+00
6.180200892741527063e+00
5.466112499924546952e+00
1.115291237790455448e+01
3.358010124501023874e+00
1.988915057124903130e-01
1.710472295446784941e+01
4.704889531183241047e+00
7.326121795265975400e+00
6.405833362028293898e+00
1.647982455221226050e-01
1.815480180303331537e+01
5.086949141708628552e+00
1.718531613880088926e+01
6.024744545019014907e+00
1.889820640600843049e+01
6.800358819446683967e+00
1.912263091806881476e+01
6.194672247284668032e+00
7.012258282121638153e+00
3.314418155424625478e+00
5.345340024867415885e+00
6.363309803420774458e+00
8.524775314429481554e+00
5.224840034560161328e+00
1.626815133354907461e-01
1.822691243367316716e+01
2.033865972736544681e+00
1.633092329813378984e-01
5.774326077848789929e+00
1.740191277198771047e+01
1.637138415851864082e+01
6.385654202531273249e+00
6.992342554813791189e+00
6.226981282681344432e+00
6.053349329040679905e+00
5.811808323049554303e+00
1.786033484932183413e+01
2.340380484181440179e-01
7.040807056495603788e+00
6.259822736439495827e+00
6.264428073634002558e+00
1.369047393790248646e-01
6.653352146940123113e+00
6.319205156851954719e+00
3.501685127404342346e+00
6.164446730646035988e+00
4.345328420524203317e+00
5.972349649335676247e+00
8.417818818063629749e+00
5.844973585923117554e+00
7.415913858383870405e+00
7.558998572689097806e+00
6.886390063747681367e+00
1.525743817600933561e+01
1.713716173485902061e+01
1.457172598734404190e+01
5.418665763163636129e+00
2.419914147090484746e-01
3.102999488918180004e-01
1.479846088041861130e+01
1.037995518992124305e-01
9.956139145306729388e-01
5.691701552497330674e+00
4.681478641505091964e+00
4.789422233861366229e-01
4.560259474623714060e-01
6.136227649852893151e+00
4.678608645983181269e+00
1.409236452540830464e-01
5.014177612566594888e+00
6.058618745861275023e+00
6.002120509575988194e+00
1.530462153421752736e-01
5.630130306281480479e+00
5.876017050230012195e+00
6.540073159525594093e+00
6.597559650231974437e+00
1.698752760627037972e+01
1.678454160343748613e-01
2.101253162764663285e-01
1.349507905546668596e+01
2.317876625166724325e-01
6.348580542290608975e+00
3.615644350751367142e+00
5.759737837199748078e+00
1.419916533566322059e+01
2.035535629778091327e+00
1.877268623105344258e-01
6.840471162386388748e+00
6.328394709769265880e+00
5.754196633980258824e+00
8.691855614898390314e+00
6.557653379973984009e+00
1.009253486716489157e+01
7.711675010373806316e-01
1.853294416285714163e+01
6.299944064835187874e+00
5.827628765027208502e+00
6.651723997929906318e+00
1.314928681596373161e-01
5.250630566992319226e-01
5.946330519270664361e+00
1.828757063204800248e+00
1.437916976496054489e-01
1.545479927558793953e+01
2.007941629094815106e+00
6.454040087616800037e+00
4.888785299445740584e+00
6.181447850584766535e+00
2.862998876866914566e-01
6.538440748866847230e+00
5.459476741736240868e+00
1.880100985174544093e+01
5.555775265057635970e+00
5.015286885878701639e+00
9.969517296097469838e+00
3.173781469147122447e+00
1.483727728364821585e+00
3.085301562310712065e+00
1.250872798866608093e+01
5.607865838354102905e+00
1.792148288017929048e+01
1.908428148241230105e+01
5.713703171374988621e+00
6.674331965047666237e+00
1.847946222634634594e+01
1.687989877493123458e+01
1.702849581574689708e+01
5.435344459956174212e+00
1.976614103416685642e-01
6.281275750038699535e+00
5.907827502886035198e+00
6.084760434669060913e+00
1.707123093985389772e+01
1.532236966585351645e+01
1.097642999105060824e+01
1.498245962940453602e+01
5.730410197615765533e+00
1.584068216448826782e-01
5.189366497817103685e+00
6.725135644835986248e+00
3.779356811433236540e-01
1.028901063516498016e-01
5.870697940171439200e+00
1.654303220767778271e+01
5.919083078547767052e+00
1.776528493068424419e-01
1.721107166654179466e+01
5.492625618392210640e+00
1.036617716576533610e+01
6.811805019925510685e+00
5.707961530678645090e+00
1.087622765244740464e+01
5.695053828508192417e+00
5.650858699674848218e+00
5.992904452277787897e+00
9.374972164594781887e+00
6.127324980454289971e+00
1.445470560085255540e+00
1.023536646904405956e+01
1.509460075806947366e+01
1.323839344107969929e+01
1.701966016610760235e+01
1.606568824210515345e+01
6.218940438706401785e+00
1.468846496362171017e+01
6.461724174126075582e+00
6.767174895699754167e+00
6.889224299524382644e+00
1.763297917666064762e+01
1.158323758813023474e+01
1.390173762032918425e+01
5.721898311496277145e+00
5.765274091603048490e+00
1.127753129312126035e+01
6.722334050573970821e+00
1.637487644684916810e-01
1.468098579782539659e-01
5.803450629475244149e+00
8.981725126388454328e+00
5.802393238821343502e+00
6.436269569314568173e+00
5.394188335848020266e+00
1.161989213894021233e+01
6.283090081804415306e+00
5.404694311513228655e+00
5.785821432525380281e+00
1.770403744785244426e-01
6.412705515731854433e+00
5.867196481713961020e+00
1.938524229716088598e+01
1.647198871661806763e+01
5.803052345993124916e+00
2.500913450489994361e-01
3.364296465604902142e+00
1.734705858988475846e+00
4.693204534060975597e+00
6.155822221974883490e+00
6.564664599076016849e+00
1.347665505870444536e-01
2.375422623406733713e+00
5.923869942827498569e+00
1.088226582190838521e+01
5.817769682395735664e+00
6.403843849653294562e+00
6.743400724181172201e+00
5.500122873113907573e+00
1.303351978069849371e-01
6.255814729838435895e+00
8.852847578149699359e+00
5.814263941237130418e+00
6.127348862191104750e+00
6.850418341440471792e+00
6.307585343835077296e+00
1.667891294703267846e+01
1.027165866912174685e+01
6.341540216264605512e+00
1.350944865683431217e+01
1.167874490045164926e+01
1.648976137023153044e+01
7.390795601501514156e+00
5.817432042375709322e+00
1.694216695261406835e-01
6.037516840730655865e+00
1.754885306983618998e-01
6.037241010217477832e-01
9.146310575296585199e+00
9.002560641225485938e+00
1.252705453593771345e+01
9.845988702677621163e+00
1.597259626875808713e+01
9.769733183980594760e+00
1.888774406764692770e-01
8.104116215876446816e+00
1.179664845603390511e+01
5.772183053845280298e+00
3.076423025394666722e-01
1.178608589900414783e-01
1.803954127804320740e+00
1.639703795378339990e+01
1.315329930365526812e+00
1.323498930780413119e+01
2.429402032631720887e-01
6.038244310258748193e+00
1.172161605755842118e+01
5.809761629583079845e+00
5.008515877426437335e+00
8.476432454017349016e+00
2.961869033855394129e+00
6.354136836737787064e+00
1.060797659260461145e+01
1.444323011318502203e+01
1.893388920970934919e+01
2.311661239392938938e-01
1.454739958802331035e-01
6.863006126614187963e+00
6.167338287014231035e+00
1.412592228471051703e+00
1.422926137015914638e-01
5.926725510304193811e+00
2.260022110471388235e+00
5.238821405432708467e+00
5.899997553987087251e+00
5.750796779591049734e+00
1.948976251269347415e+01
9.153255439815473071e-01
6.443283431158324248e+00
1.865824083787828158e+01
5.864489779386834023e+00
1.432788998632743560e-01
5.535953362495787289e+00
1.162798920574710770e+01
4.058905039500110945e+00
6.117782575956757007e+00
1.217427501884063901e+01
1.245608156679051781e+00
1.512714498838444444e-01
1.841556876885559646e+01
6.839836509055974290e+00
2.065727833629849575e-01
1.105329698210505140e-01
5.734620926059456281e+00
2.645108409250064296e-01
5.170257928020943083e+00
6.420574061344350270e+00
6.838320670577906490e+00
1.165671628111173952e+01
1.782147003608732305e+01
6.110904155667181037e+00
1.841381819193870228e+01
6.569282240379975768e+00
3.769548079769841298e+00
1.772969371879098688e+01
5.762839578867837709e+00
1.227226172063295806e+01
7.081470386653699656e+00
5.465263002343490939e+00
1.835786323433978495e+01
6.521424926822953161e+00
6.360794407526793925e+00
6.509913785097579897e+00
4.582014615261136292e+00
6.384980112192979895e+00
6.893637760714762308e+00
1.499709187803711097e-01
7.813431777188564631e+00
1.046052571129623310e+01
5.706659488357769483e+00
9.799019204880423217e+00
5.377305490109978159e+00
1.742290160170914814e-01
5.475479490752017675e-01
6.781995451247751383e+00
6.453997474365105624e+00
5.621841752991121766e+00
9.090512215355575520e+00
5.020900934564513030e+00
9.010026744087827888e-01
2.163747981424302413e-01
6.859031667010089706e+00
1.871794492686306199e+01
6.334423851687174256e+00
1.549481419502856394e-01
1.854357062918241983e+00
1.468527499745592202e+01
1.570017077901450087e+01
1.379669896934915307e+01
9.514258931132130170e-01
9.318533888708197210e+00
2.085107751186651148e-01
5.941079002360836192e+00
1.182067445795196292e+01
4.952043771729908173e+00
2.005959856700039734e-01
1.606631921920057771e+00
7.317321717996089880e+00
4.599072016892116643e+00
7.879377723160115643e+00
4.827068448214916430e+00
1.703258992636987301e+01
6.285129454372886393e+00
1.081777020182091853e+01
7.384619811448216886e+00
5.896234872928609150e+00
5.010624217622942744e+00
6.241763432254090915e+00
6.129455824185551904e+00
1.328525671062153468e-01
2.312540754967350731e-01
1.089602824978913809e+01
6.249639829436831384e+00
3.727902171111038498e+00
1.737838842912345072e+01
5.558760187652857176e+00
5.708875878188401032e+00
6.614039948673284819e+00
6.236682728828560229e+00
5.330078891882532588e+00
1.503287119433635688e+01
1.193852310052822219e+00
2.415001103166575902e+00
5.841508322820170740e+00
5.158006387196728326e+00
1.750921069000195018e+01
1.153719494470701079e+01
1.801411779060614293e+01
1.109461719586960982e+01
5.704610375389967736e+00
1.684803938432574144e-01
9.898954650032006697e+00
5.512401457361675305e+00
3.074981936820543549e+00
7.945352578734635074e+00
5.924185656041117909e+00
1.051277787143196640e-01
6.222639132762722625e+00
5.820529523478398026e+00
1.347416958528240549e+01
1.349346157355567399e+01
3.870285064696515676e+00
6.574790298265660304e+00
1.631248886678329235e+00
6.409939028310007281e+00
1.468358885925994950e-01
1.680908022267323076e+01
1.233986578616178953e+01
6.075251521221350259e+00
5.595258678519359208e+00
4.973922666693757044e+00
1.600802268824260821e+01
7.788017416309172880e+00
7.331118298989117932e+00
5.744843913041044026e+00
3.570960810563835519e+00
5.757521974602173742e+00
6.829070680439829566e+00
6.592077793515796813e+00
6.670770032885510403e+00
5.348828279706619782e+00
4.570263152988887967e+00
5.378653781536124612e+00
8.319166632210112766e+00
6.249264645452142553e+00
8.867794712516456457e+00
6.070233897395842071e+00
6.392733962256802016e+00
1.701169804825812548e+01
6.655045041526008731e+00
1.817560452773246382e+01
1.456764278900633158e+01
5.756787810517357329e+00
1.573657161836446683e+01
6.744754783096335693e+00
1.622364980155592917e+01
6.770208645269113035e+00
7.301412116055953305e+00
1.016173249272888235e+01
8.706555811359296015e+00
1.565161305307611328e-01
1.913303247040862587e+01
5.784319235459071784e+00
6.290939989851589864e+00
6.225086073481293170e+00
1.243298060944541028e+01
5.847181201499410008e+00
9.198924413813559298e+00
7.450683331128709952e+00
5.681675855319646473e+00
6.324445493954963915e+00
1.576686254129185016e+01
6.032376561370171864e+00
7.430145979415110347e+00
6.466183319445224953e+00
1.405946497780679039e+01
2.312774449421318712e-01
1.174272923326459583e+01
3.967391190053405126e+00
5.643534185460301167e+00
1.867672260608060908e+00
5.370894576729424053e+00
7.720504957374327404e+00
5.733951843187900188e+00
1.442078400206641575e+01
5.514305822303720461e+00
1.590022938295258292e+01
6.272594262483707439e+00
1.549561729006526711e+01
5.495245275177123467e+00
6.404197370503916353e+00
4.884551135772778885e+00
1.086690103556415643e+01
5.492323376416146985e+00
1.602114287392757319e+01
1.386381024786223470e+01
1.191006154044521459e+01
5.603364682007424769e+00
6.134441054623679612e+00
5.532183540636691710e+00
1.250591484213003646e-01
7.094110781092601847e+00
6.048970573924547622e+00
5.867362798995863216e+00
1.574935920287254376e+01
5.881978660663266467e+00
5.975680707439028794e+00
5.261223173956510735e+00
8.808894728853941203e+00
2.394742121686624703e+00
5.069710001382268239e+00
1.457547077683994630e+01
7.558268250412290001e+00
1.225785305964699923e+01
5.713260285005515193e+00
1.817429389479849056e-01
7.279649340960541171e-01
6.053281083024955933e+00
1.796232350659947841e+01
1.313093267678460307e+01
5.329520608858923758e+00
7.888152204173651150e+00
5.521832030967959604e+00
5.988122943689584865e+00
5.280504250802453114e+00
1.277983103784033503e+01
1.380440900340822175e-01
1.766774222103191150e+01
3.319769416026648878e-01
1.213675542062914303e+01
6.229054645514925603e+00
5.246945980185256708e+00
1.080315087801071716e-01
1.285409985131559518e-01
6.070060410654933847e+00
1.591653077515308468e+01
1.663006815115939574e+01
1.110362421774524755e+01
1.810756732915177025e+01
5.822663567188514300e+00
4.844622200252856281e+00
1.755041694319001166e+01
5.962074450869213393e+00
1.123700378481048290e+01
5.023033978728864923e+00
1.995025198513101117e+01
7.091492180400862821e+00
1.802246134446347625e+01
4.939261355860992353e+00
1.664137806215893178e+01
9.976979785205156048e+00
5.889591921160198140e+00
1.376913712251626798e+01
6.266343933245004827e+00
1.896381053055193533e+01
6.691107719805403420e+00
8.165749016932268844e+00
6.983206260350523387e+00
7.045494102028445838e+00
6.384121588623658639e+00
6.856590014334607019e-01
2.311200406209428238e-01
1.477147065428118644e+01
6.886208651572907513e+00
1.078813024490939299e+01
2.295616102530023905e+00
5.724360527098804496e+00
1.633283715563149663e-01
1.677262570624712978e+01
8.762669861679301064e+00
6.569485142013900436e+00
6.120937109034060519e+00
1.282266647576968843e+01
6.246375856909246238e+00
6.903483115618548993e+00
1.353538679914950971e-01
1.722359107934406453e+01
2.858571696569529141e+00
1.665916581366963456e+01
1.650498401341681465e+00
6.284558790055080557e+00
1.618692270791270149e-01
3.765177639653580322e+00
6.773924192566545877e+00
9.075989011938448314e+00
1.154655898601699882e+01
5.156648098061006102e+00
4.961126485162684396e+00
1.531854740858173081e+01
5.938434860855235975e+00
6.962444608156081571e+00
5.580224690174539148e+00
6.892287098821706870e+00
1.426229104358565647e-01
1.462851898698987185e-01
1.226168162793810912e-01
1.346599519347925522e+01
1.714227688028070773e+01
1.276554463253191329e+01
5.327882139657191374e+00
1.338828257108105113e+01
6.104337208035969908e+00
1.603888931032271614e+01
8.724034543429910471e+00
1.730618909412264728e+01
1.091460776781240227e+01
2.197850988024426799e-01
3.345320811023287710e+00
1.215149513489900274e-01
6.662682513745438406e+00
6.155733081232030557e+00
2.679988486198526254e-01
1.620464172633716515e+01
1.968208859691288026e+01
1.075991818159863733e+01
5.760589878774862171e+00
1.723064781753127761e+01
5.319077624170334140e+00
1.942449532108349075e+01
6.160103812600437045e+00
9.881495809268860953e+00
5.889571846343084616e+00
5.867162664705766417e+00
6.059727424809272733e+00
1.253184716133842791e+01
1.757685521767334436e+01
7.972546615832572847e+00
1.828079953589909934e+01
1.794712862729122449e+01
1.755301958329226153e+01
5.945956962018002834e+00
5.637272886770938740e+00
6.724602638469137972e+00
5.911464019035779671e+00
1.196964095433255970e+01
6.431073597625220906e+00
5.547807980178232512e+00
5.755570241142253352e+00
1.791969777705178757e+01
6.847539475216230187e+00
5.897640147221384410e+00
1.842206679111206569e+01
1.769864974492935872e+01
6.081058040684516719e+00
5.617370562587067795e+00
1.566030398064590123e+01
5.847272984498344428e+00
3.109054192379874682e+00
6.026059536521970905e+00
1.557476241502705605e+01
1.458197537805644872e+00
1.854767167901736613e+01
5.709722687396014962e+00
5.369939521189832199e+00
5.739629537649041602e+00
1.158356960321405538e+01
5.901917075088606524e+00
1.354167222667549686e-01
1.688744860710689366e+01
5.872829054682052075e+00
1.566687868937817640e+01
1.006801362059955096e+01
6.309912494164763963e+00
9.616299441058419717e+00
1.384157633187503844e-01
1.227631226184976576e+01
1.159424468276427200e+00
1.145559639215771586e-01
1.594690782138009055e+01
6.129431256190315480e+00
5.819745004680794587e+00
1.546309315859041433e+01
1.194475423136213088e+01
5.928702048973546468e+00
5.352057420146358879e+00
3.712026713651709997e+00
5.959763731920863172e+00
5.973434888954270328e+00
6.301979202451032158e+00
1.342152662854723955e-01
6.790582348351183128e+00
