3.162277660168379134e-02 2.657501319588389421e+01
3.842513346254321227e-02 2.722576884304197531e+00
4.669074130371086984e-02 8.778166504685758209e-01
5.673435918225600005e-02 8.634095705567315093e-01
6.893845379073933188e-02 1.196228067848741583e+00
8.376776400682915680e-02 2.410866074903968759e+00
1.017869984146125700e-01 1.022762478076542791e+01
1.236823397292983878e-01 8.512710394671369585e+00
1.502875750260604659e-01 4.076828134894504352e+00
1.826158468270260848e-01 2.233287167316904132e+00
2.218982341458970720e-01 1.439496320937220908e+00
2.696306326783701746e-01 9.827267403060161444e-01
3.276307193627228664e-01 6.809976213416476520e-01
3.981071705534971472e-01 2.249261869082866738e+00
4.837437696757803662e-01 2.235249583323957179e+00
5.878016072274911963e-01 2.009682975661691628e+00
7.142432649639980369e-01 2.060480489789746628e+00
8.678837132695964574e-01 1.907871245701641127e+00
1.054573667973740303e+00 1.731129473868399993e+00
1.281422388944083446e+00 1.716165728873399354e+00
1.557068404753729984e+00 1.655876284794107312e+00
1.892008472772299665e+00 1.611503704929878600e+00
2.298997301668542992e+00 1.574676450710720266e+00
2.793533257985219453e+00 1.546184355309874858e+00
3.394448552769389948e+00 1.520413391614061860e+00
4.124626382901348087e+00 1.517719957847524226e+00
5.011872336272719330e+00 1.481099737063211963e+00
6.089973244419446985e+00 1.536983570877343164e+00
7.399983804321420777e+00 1.581448382490650006e+00
8.991789964660114265e+00 1.582013711340443551e+00
1.092600861117377953e+01 1.503648844239657612e+00
1.327629589221125350e+01 1.512146439186780267e+00
1.613215208683695323e+01 1.653130390540422212e+00
1.960232982646277122e+01 1.695605756525540908e+00
2.381897545702918961e+01 1.574541720883007700e+00
2.894266124716748934e+01 3.339759677817475403e-01
3.516850007169744430e+01 1.594441289678229179e+00
4.273357542109315688e+01 1.582673024431584974e+00
5.192596967591166646e+01 1.614376658991653057e+00
6.309573444801932851e+01 5.715389169130454805e-01
