1.000000000000000021e-02 3.989154317541060095e+02
1.193776641714436315e-02 2.534913881967847544e+02
1.425102670302997795e-02 1.742741006061090445e+02
1.701254279852589327e-02 1.283298661225169326e+02
2.030917620904735751e-02 1.004297918860546730e+02
2.424462017082328405e-02 8.303159719705227815e+01
2.894266124716751709e-02 4.672777328995240254e+01
3.455107294592219686e-02 1.199589553920346852e+01
4.124626382901352278e-02 7.378025902517451051e+00
4.923882631706739260e-02 3.887775217341665535e+00
5.878016072274912240e-02 4.080330543817640709e+00
7.017038286703829175e-02 6.021751420808874933e+00
8.376776400682919843e-02 8.896938117549320069e+00
1.000000000000000056e-01 4.589172324781188905e+01
1.193776641714437009e-01 4.395984604431628640e+01
1.425102670302998420e-01 2.427993639194548692e+01
1.701254279852589257e-01 1.522431592420372048e+01
2.030917620904735821e-01 1.083999066733051997e+01
2.424462017082328336e-01 8.330372954114899642e+00
2.894266124716751709e-01 6.753767420925494314e+00
3.455107294592220102e-01 5.709547116182373649e+00
4.124626382901352417e-01 4.986369257989985648e+00
4.923882631706741342e-01 4.479844702266985834e+00
5.878016072274915294e-01 4.128407985622205345e+00
7.017038286703829453e-01 3.895382801244165805e+00
8.376776400682920398e-01 3.762908484246150653e+00
1.000000000000000000e+00 3.718676670189745348e+00
1.193776641714436870e+00 3.759398566907696360e+00
1.425102670302999197e+00 3.878332669403638189e+00
1.701254279852589146e+00 4.084828202859505097e+00
2.030917620904737042e+00 4.380158255718332505e+00
2.424462017082328114e+00 4.786056035910758233e+00
2.894266124716751598e+00 5.319465854102466196e+00
3.455107294592221656e+00 6.013223597798249109e+00
4.124626382901352528e+00 6.906274392182067068e+00
4.923882631706741897e+00 8.045257940707612576e+00
5.878016072274911963e+00 9.510413962339505645e+00
7.017038286703829897e+00 1.140968642129513455e+01
8.376776400682924617e+00 1.388720449334841867e+01
1.000000000000000000e+01 1.722121868406862077e+01
