3.162277660168379412e-01 8.908581472189170825e+01
3.665241237079627790e-01 5.976624731827968162e+01
4.248201698162611950e-01 4.224467833497026703e+01
4.923882631706739121e-01 3.126011302169486328e+01
5.707031326057167009e-01 2.408111257409917982e+01
6.614740641230149043e-01 1.921122018115154262e+01
7.666822074546214560e-01 2.700737149220104438e+00
8.886238162743402835e-01 1.920882578687363562e+00
1.029960365809989842e+00 1.197502756981082328e+00
1.193776641714436426e+00 1.355343838912265175e-01
1.383648068032459433e+00 6.512525248571503500e-01
1.603718743751330056e+00 6.886803895117245000e-01
1.858791891146563513e+00 7.150035682519738645e-01
2.154434690031883370e+00 1.236139521630985477e-01
2.497099786006540700e+00 1.009147423135348109e+00
2.894266124716750266e+00 1.092998437688734947e+00
3.354602185954043136e+00 1.248864900163330766e-01
3.888155180308087377e+00 1.290080690381397721e-01
4.506570337745473331e+00 1.236644308635219236e+00
5.223345074266840804e+00 1.439513007648383081e-01
6.054123584037268024e+00 1.550946456487793113e-01
7.017038286703826344e+00 1.623131222916542882e+00
8.133105582266926703e+00 1.324192958274531984e+00
9.426684551178849958e+00 1.646723446661082058e+00
1.092600861117377953e+01 2.280080516264625656e-01
1.266380173467402770e+01 2.547373401995622344e-01
1.467799267622068982e+01 2.859298393944716965e-01
1.701254279852588169e+01 1.653943798825617151e+00
1.971840556512641740e+01 3.653781481879894155e-01
2.285463864134989720e+01 4.159890384874161962e-01
2.648969287610526990e+01 4.758267411515756384e-01
3.070290629757848322e+01 1.953270485898251918e+00
3.558623573050965661e+01 6.311448608624899981e-01
4.124626382901347910e+01 7.319206897118651911e-01
4.780652533007380356e+01 8.527378799061249293e-01
5.541020330009492056e+01 9.978814144174715794e-01
6.422325422229356207e+01 1.171974681615288061e+00
7.443803013251681477e+01 1.379269996683299526e+00
8.627747685955866075e+01 1.622274400609500233e+00
1.000000000000000000e+02 1.899333449658272110e+00
