1.000000000000000021e-02 4.563731282514198710e+02
1.193776641714436315e-02 2.989636374909683241e+02
1.425102670302997795e-02 2.104537999328930198e+02
1.701254279852589327e-02 1.579672243676857875e+02
2.030917620904735751e-02 1.255809211767270028e+02
2.424462017082328405e-02 1.052468385627180396e+02
2.894266124716751709e-02 9.280446644055392369e+01
3.455107294592219686e-02 8.618261313879040131e+01
4.124626382901352278e-02 8.467859397006560584e+01
4.923882631706739260e-02 8.897037332644227092e+01
5.878016072274912240e-02 1.022458492011608797e+02
7.017038286703829175e-02 1.311666011251131181e+02
8.376776400682919843e-02 1.380925365793061701e+02
1.000000000000000056e-01 1.280753632115769278e+02
1.193776641714437009e-01 1.245738531052700608e+02
1.425102670302998420e-01 1.037123001879083830e+02
1.701254279852589257e-01 6.604965598890157708e+01
2.030917620904735821e-01 4.744654917704669117e+01
2.424462017082328336e-01 3.679771381088944793e+01
2.894266124716751709e-01 3.018210798822899932e+01
3.455107294592220102e-01 2.590654645501260944e+01
4.124626382901352417e-01 2.311670803149015541e+01
4.923882631706741342e-01 2.133709890643665830e+01
5.878016072274915294e-01 2.028815394762806434e+01
7.017038286703829453e-01 1.980356555140208386e+01
8.376776400682920398e-01 1.978920837520872311e+01
1.000000000000000000e+00 2.020150468232774088e+01
1.193776641714436870e+00 3.470497940973653161e+00
1.425102670302999197e+00 4.077985715667928446e+00
1.701254279852589146e+00 4.792171079642517206e+00
2.030917620904737042e+00 5.574892857142246250e+00
2.424462017082328114e+00 6.391694661555944457e+00
2.894266124716751598e+00 6.630956144254332330e+00
3.455107294592221656e+00 7.535880128389076837e+00
4.124626382901352528e+00 6.469682666341922683e+00
4.923882631706741897e+00 8.359927462150455568e+00
5.878016072274911963e+00 1.085278152486296221e+01
7.017038286703829897e+00 1.487723391757155511e+01
8.376776400682924617e+00 1.747155098219859681e+01
1.000000000000000000e+01 2.291780531584688774e+01
