3.162277660168379412e-01 8.810742883983981244e+01
3.665241237079627790e-01 5.878766278777375476e+01
4.248201698162611950e-01 4.135666763352868003e+01
4.923882631706739121e-01 3.048588774869973861e+01
5.707031326057167009e-01 2.340846583555222438e+01
6.614740641230149043e-01 1.862423663675255625e+01
7.666822074546214560e-01 1.528625762148151068e+01
8.886238162743402835e-01 1.289481942740144937e+01
1.029960365809989842e+00 1.114212069764218782e+01
1.193776641714436426e+00 9.831543350077220467e+00
1.383648068032459433e+00 8.833415179620232038e+00
1.603718743751330056e+00 8.060905063448693397e+00
1.858791891146563513e+00 7.456577723021133863e+00
2.154434690031883370e+00 6.983045295710187617e+00
2.497099786006540700e+00 6.615579227163984832e+00
2.894266124716750266e+00 6.336678858017518401e+00
3.354602185954043136e+00 6.132798606551238763e+00
3.888155180308087377e+00 1.334844240999563336e+00
4.506570337745473331e+00 1.312727984044989915e+00
5.223345074266840804e+00 1.286912183735039905e+00
6.054123584037268024e+00 1.266591364806507913e+00
7.017038286703826344e+00 1.193829325703144706e+00
8.133105582266926703e+00 1.317363947658837464e+00
9.426684551178849958e+00 1.303741729819457573e+00
1.092600861117377953e+01 1.427188794431914154e+00
1.266380173467402770e+01 1.359564750346377249e+00
1.467799267622068982e+01 1.345224714022399182e+00
1.701254279852588169e+01 1.303592890357915035e+00
1.971840556512641740e+01 1.273637698282508834e+00
2.285463864134989720e+01 1.249596726630690435e+00
2.648969287610526990e+01 1.244603024388395207e+00
3.070290629757848322e+01 1.193217577128719009e+00
3.558623573050965661e+01 2.903441609952595037e-01
4.124626382901347910e+01 3.624401489152748734e-01
4.780652533007380356e+01 4.519102070768347690e-01
5.541020330009492056e+01 5.616467787666017397e-01
6.422325422229356207e+01 6.944690609477959242e-01
7.443803013251681477e+01 8.530084016027857929e-01
8.627747685955866075e+01 1.039496868270251007e+00
1.000000000000000000e+02 1.254608017373830320e+00
