3.162277660168379412e-01 8.735177005692317209e+01
3.665241237079627790e-01 5.825087252495927714e+01
4.248201698162611950e-01 4.092682666376412470e+01
4.923882631706739121e-01 3.010745310295685329e+01
5.707031326057167009e-01 2.306188738596064525e+01
6.614740641230149043e-01 1.830501384787050512e+01
7.666822074546214560e-01 1.499148200900636496e+01
8.886238162743402835e-01 1.261859902781565523e+01
1.029960365809989842e+00 1.087704645807939485e+01
1.193776641714436426e+00 9.572963897134888711e+00
1.383648068032459433e+00 8.583165824616159512e+00
1.603718743751330056e+00 7.827216218762572453e+00
1.858791891146563513e+00 7.249524299634779290e+00
2.154434690031883370e+00 6.808720207643910172e+00
2.497099786006540700e+00 6.472861283152627543e+00
2.894266124716750266e+00 6.218247202828181663e+00
3.354602185954043136e+00 6.028950451756664108e+00
3.888155180308087377e+00 5.895222770391161049e+00
4.506570337745473331e+00 5.811185645590808413e+00
5.223345074266840804e+00 5.773112739902862778e+00
6.054123584037268024e+00 5.778646907058869964e+00
7.017038286703826344e+00 5.826400638342375871e+00
8.133105582266926703e+00 1.311527247028275278e+00
9.426684551178849958e+00 1.278081508055739945e+00
1.092600861117377953e+01 1.334594599296220929e+00
1.266380173467402770e+01 1.222765040185240348e+00
1.467799267622068982e+01 1.214324604419997566e+00
1.701254279852588169e+01 1.503603143899687300e+00
1.971840556512641740e+01 1.399295120810139625e+00
2.285463864134989720e+01 1.566150601865758496e+00
2.648969287610526990e+01 1.622149019303882334e+00
3.070290629757848322e+01 1.503922921486828379e+00
3.558623573050965661e+01 1.481483553352481941e+00
4.124626382901347910e+01 1.462472455885987621e+00
4.780652533007380356e+01 1.178609957049336909e+00
5.541020330009492056e+01 1.537191926641894524e+00
6.422325422229356207e+01 5.259751478609610009e-01
7.443803013251681477e+01 5.549577197662077799e-01
8.627747685955866075e+01 6.724593577669187860e-01
1.000000000000000000e+02 8.573831795171124037e-01
