3.162277660168379134e-02 2.165937617448844499e+00
3.842513346254321227e-02 1.757927406934988390e+00
4.669074130371086984e-02 1.640245960911053125e+00
5.673435918225600005e-02 1.916703138005022122e+00
6.893845379073933188e-02 2.226253132764135945e+00
8.376776400682915680e-02 3.931861475963961183e+00
1.017869984146125700e-01 1.021331887164770258e+01
1.236823397292983878e-01 4.670651916282386296e+00
1.502875750260604659e-01 2.050885952991008399e+00
1.826158468270260848e-01 1.245376052683223600e+00
2.218982341458970720e-01 8.974736952681601210e-01
2.696306326783701746e-01 6.955876920193809765e-01
3.276307193627228664e-01 5.463070366531262989e-01
3.981071705534971472e-01 4.301409090206573804e-01
4.837437696757803662e-01 3.406391114917726171e-01
5.878016072274911963e-01 2.734097054178682429e-01
7.142432649639980369e-01 2.239078370176352528e-01
8.678837132695964574e-01 1.898051934474626612e-01
1.054573667973740303e+00 1.667295665096183710e-01
1.281422388944083446e+00 1.527500146830853833e-01
1.557068404753729984e+00 1.454781219660528369e-01
1.892008472772299665e+00 3.730543276936961195e-01
2.298997301668542992e+00 3.209741256890709105e-01
2.793533257985219453e+00 1.448877999347766565e-01
3.394448552769389948e+00 1.483744134178240359e-01
4.124626382901348087e+00 1.525991364032387998e-01
5.011872336272719330e+00 1.941330922162133543e+00
6.089973244419446985e+00 1.679411320620612935e-01
7.399983804321420777e+00 1.439633933049331294e+00
8.991789964660114265e+00 1.320722255112014576e+00
1.092600861117377953e+01 2.175187429576415643e-01
1.327629589221125350e+01 2.482550219274244907e-01
1.613215208683695323e+01 2.817403449436877705e-01
1.960232982646277122e+01 3.270659052400388123e-01
2.381897545702918961e+01 3.838994485763220221e-01
2.894266124716748934e+01 4.567113873861473050e-01
3.516850007169744430e+01 5.480996372673829775e-01
4.273357542109315688e+01 6.647825388507657696e-01
5.192596967591166646e+01 8.122178268719182359e-01
6.309573444801932851e+01 9.992077393766402027e-01
