3.162277660168379412e-01 1.054881965237113084e+00
3.665241237079627790e-01 7.216637388380733320e-01
4.248201698162611950e-01 5.154492633316364314e-01
4.923882631706739121e-01 2.282958943314118194e+00
5.707031326057167009e-01 2.971268867975830341e-01
6.614740641230149043e-01 2.388240405564152902e-01
7.666822074546214560e-01 3.232650197583280538e-01
8.886238162743402835e-01 1.715176070914838369e-01
1.029960365809989842e+00 1.527504624078065976e-01
1.193776641714436426e+00 1.402234433471613306e-01
1.383648068032459433e+00 1.323173754636604582e-01
1.603718743751330056e+00 1.279073223287394701e-01
1.858791891146563513e+00 1.261588174840582444e-01
2.154434690031883370e+00 1.264145680421209783e-01
2.497099786006540700e+00 1.281527214612566690e-01
2.894266124716750266e+00 1.309966996123231864e-01
3.354602185954043136e+00 1.347343868218096319e-01
3.888155180308087377e+00 1.393346654972941745e-01
4.506570337745473331e+00 9.754521382177939737e-01
5.223345074266840804e+00 9.434728055183573270e-01
6.054123584037268024e+00 1.601574962967475813e-01
7.017038286703826344e+00 1.705205476581674873e-01
8.133105582266926703e+00 1.605016300025446041e+00
9.426684551178849958e+00 1.307548335231514258e+00
1.092600861117377953e+01 2.176894676067477885e-01
1.266380173467402770e+01 2.404027664872039616e-01
1.467799267622068982e+01 2.675895951603106671e-01
1.701254279852588169e+01 2.999991216720639398e-01
1.971840556512641740e+01 3.385587869145972317e-01
2.285463864134989720e+01 3.844187774121476942e-01
2.648969287610526990e+01 4.390156522843736142e-01
3.070290629757848322e+01 5.041270073122230411e-01
3.558623573050965661e+01 5.819292533104163390e-01
4.124626382901347910e+01 6.750253825990329970e-01
4.780652533007380356e+01 7.864739982872257507e-01
5.541020330009492056e+01 9.197916711399644063e-01
6.422325422229356207e+01 1.078942799814928799e+00
7.443803013251681477e+01 1.268168602391871014e+00
8.627747685955866075e+01 1.491304168457005863e+00
1.000000000000000000e+02 1.750000588891843956e+00
