1.000000000000000021e-02 4.828768080884807290e+01
1.193776641714436315e-02 2.788851952783703680e+01
1.425102670302997795e-02 1.603623407712249005e+01
1.701254279852589327e-02 1.065452828738446378e+01
2.030917620904735751e-02 8.054153990759360227e+00
2.424462017082328405e-02 6.488604845416298339e+00
2.894266124716751709e-02 5.680054209831489231e+00
3.455107294592219686e-02 5.413885441896442607e+00
4.124626382901352278e-02 5.139429898287198206e+00
4.923882631706739260e-02 5.531987198907224901e+00
5.878016072274912240e-02 6.946356629154213813e+00
7.017038286703829175e-02 8.343365073133195864e+00
8.376776400682919843e-02 1.424344825695613359e+01
1.000000000000000056e-01 4.987044356077898755e+01
1.193776641714437009e-01 4.047992581314120031e+01
1.425102670302998420e-01 1.975019368577017431e+01
1.701254279852589257e-01 1.306897898555876303e+01
2.030917620904735821e-01 9.898976429064713756e+00
2.424462017082328336e-01 8.114139372140259709e+00
2.894266124716751709e-01 6.997183282081817168e+00
3.455107294592220102e-01 6.250004683751136270e+00
4.124626382901352417e-01 5.736589105459931837e+00
4.923882631706741342e-01 5.352122120764005508e+00
5.878016072274915294e-01 5.069503929629246564e+00
7.017038286703829453e-01 4.865436020879024603e+00
8.376776400682920398e-01 4.729623433768863627e+00
1.000000000000000000e+00 4.651891872240500270e+00
1.193776641714436870e+00 4.662238264605317539e+00
1.425102670302999197e+00 4.653257855332546100e+00
1.701254279852589146e+00 4.736282885037634394e+00
2.030917620904737042e+00 4.871901648506478111e+00
2.424462017082328114e+00 5.090581962287211937e+00
2.894266124716751598e+00 5.388961046194054028e+00
3.455107294592221656e+00 5.803524926167786369e+00
4.124626382901352528e+00 6.439328213229397413e+00
4.923882631706741897e+00 7.290952718937956156e+00
5.878016072274911963e+00 8.418511170850226932e+00
7.017038286703829897e+00 9.972562332186775791e+00
8.376776400682924617e+00 1.207920341850581991e+01
1.000000000000000000e+01 1.492158586626314865e+01
