3.162277660168379412e-01 9.005616971080604571e+01
3.665241237079627790e-01 6.009654498507344300e+01
4.248201698162611950e-01 4.230734538109108200e+01
4.923882631706739121e-01 3.124886006707097152e+01
5.707031326057167009e-01 2.407901691977006564e+01
6.614740641230149043e-01 1.924201687218715051e+01
7.666822074546214560e-01 1.586266046926844631e+01
8.886238162743402835e-01 1.343272660056540246e+01
1.029960365809989842e+00 1.164329681517325454e+01
1.193776641714436426e+00 1.029850834210243704e+01
1.383648068032459433e+00 9.270508151547476317e+00
1.603718743751330056e+00 8.474460055426522587e+00
1.858791891146563513e+00 1.475386996997706035e+00
2.154434690031883370e+00 1.377696627186673961e+00
2.497099786006540700e+00 1.225421864641937253e+00
2.894266124716750266e+00 8.546377269659025666e-01
3.354602185954043136e+00 8.362660072891883178e-01
3.888155180308087377e+00 1.468321321099446963e-01
4.506570337745473331e+00 1.023722329252575447e-01
5.223345074266840804e+00 1.114015255089274709e-01
6.054123584037268024e+00 1.128340889739942510e+00
7.017038286703826344e+00 1.185491420975952614e+00
8.133105582266926703e+00 1.178531108010228090e+00
9.426684551178849958e+00 1.721767848439351989e-01
1.092600861117377953e+01 1.395613013233644839e+00
1.266380173467402770e+01 2.256682217130875634e-01
1.467799267622068982e+01 2.599319036016281559e-01
1.701254279852588169e+01 2.997143096858133071e-01
1.971840556512641740e+01 1.484293216810853355e+00
2.285463864134989720e+01 3.975924973143665220e-01
2.648969287610526990e+01 4.572167026396525835e-01
3.070290629757848322e+01 5.258634177755749928e-01
3.558623573050965661e+01 1.674001194712317897e+00
4.124626382901347910e+01 7.008116508822128665e-01
4.780652533007380356e+01 8.150027099531085284e-01
5.541020330009492056e+01 9.542250761078606702e-01
6.422325422229356207e+01 1.125539000458135819e+00
7.443803013251681477e+01 1.337323276637568670e+00
8.627747685955866075e+01 1.598611725562859132e+00
1.000000000000000000e+02 1.916708949499317027e+00
