3.162277660168379134e-02 3.720205240137003955e+01
3.842513346254321227e-02 2.534672933338884437e+00
4.669074130371086984e-02 1.681584442674013413e+00
5.673435918225600005e-02 1.931336584332956852e+00
6.893845379073933188e-02 2.563006151950514067e+00
8.376776400682915680e-02 4.906861662670330304e+00
1.017869984146125700e-01 8.703111447814761092e+00
1.236823397292983878e-01 2.949158365494898959e+00
1.502875750260604659e-01 1.175578393451110371e+00
1.826158468270260848e-01 4.106625091607138955e+00
2.218982341458970720e-01 4.271141336063239535e+00
2.696306326783701746e-01 3.808971053817708619e+00
3.276307193627228664e-01 3.387781275073804110e+00
3.981071705534971472e-01 2.947863519943392685e+00
4.837437696757803662e-01 2.615713814374136525e+00
5.878016072274911963e-01 2.302758816007293596e+00
7.142432649639980369e-01 2.072592960561978170e+00
8.678837132695964574e-01 1.898805183416920395e+00
1.054573667973740303e+00 1.525438032842798997e+00
1.281422388944083446e+00 1.394751533342079908e+00
1.557068404753729984e+00 1.308232823827551794e+00
1.892008472772299665e+00 7.597044430051758113e-02
2.298997301668542992e+00 8.154702841345093378e-02
2.793533257985219453e+00 8.906533926834141190e-02
3.394448552769389948e+00 9.930895099968918560e-02
4.124626382901348087e+00 1.247335124383884830e+00
5.011872336272719330e+00 1.297654754080053985e-01
6.089973244419446985e+00 1.458508396241233962e+00
7.399983804321420777e+00 1.827633188625006899e-01
8.991789964660114265e+00 1.563811060440536860e+00
1.092600861117377953e+01 1.841704553011673129e+00
1.327629589221125350e+01 3.205379055076772454e-01
1.613215208683695323e+01 3.843632200886192285e-01
1.960232982646277122e+01 4.585685281774631861e-01
2.381897545702918961e+01 5.448849583089214743e-01
2.894266124716748934e+01 6.496784549687512067e-01
3.516850007169744430e+01 7.800778662008123199e-01
4.273357542109315688e+01 9.439417008692934097e-01
5.192596967591166646e+01 1.153007217277415730e+00
6.309573444801932851e+01 1.425653562666854279e+00
