3.162277660168379134e-02 6.419959736562137920e+00
3.842513346254321227e-02 1.712755320146064131e+00
4.669074130371086984e-02 1.541358829649302375e+00
5.673435918225600005e-02 1.655432457033916283e+00
6.893845379073933188e-02 2.206744304990889916e+00
8.376776400682915680e-02 4.065786518319791654e+00
1.017869984146125700e-01 9.280884478279311622e+00
1.236823397292983878e-01 3.971058888722955427e+00
1.502875750260604659e-01 1.597719053395984856e+00
1.826158468270260848e-01 8.617207489275575671e-01
2.218982341458970720e-01 3.281463576898890899e+00
2.696306326783701746e-01 3.351618244758540754e+00
3.276307193627228664e-01 2.785273757533545780e+00
3.981071705534971472e-01 2.664636471639318049e+00
4.837437696757803662e-01 2.426262720157879027e+00
5.878016072274911963e-01 2.202834653138742382e+00
7.142432649639980369e-01 2.009714562036451380e+00
8.678837132695964574e-01 1.861308821268657043e+00
1.054573667973740303e+00 1.713508767822791157e+00
1.281422388944083446e+00 1.629836839267106763e+00
1.557068404753729984e+00 1.580777438327234607e+00
1.892008472772299665e+00 1.387443031452783471e+00
2.298997301668542992e+00 1.410684286846985103e+00
2.793533257985219453e+00 1.242776344951056045e+00
3.394448552769389948e+00 1.208941976483114855e+00
4.124626382901348087e+00 1.833938477340081030e-01
5.011872336272719330e+00 1.967971974211773223e-01
6.089973244419446985e+00 1.342614406146362072e+00
7.399983804321420777e+00 1.409501641174560449e+00
8.991789964660114265e+00 1.475776972943304566e+00
1.092600861117377953e+01 1.595434080183579129e+00
1.327629589221125350e+01 2.135555449166307296e-01
1.613215208683695323e+01 1.739502340024918992e+00
1.960232982646277122e+01 3.153826630297343336e-01
2.381897545702918961e+01 1.972222863074575949e+00
2.894266124716748934e+01 2.086946860616125665e+00
3.516850007169744430e+01 5.559370338461371297e-01
4.273357542109315688e+01 6.749732969181742037e-01
5.192596967591166646e+01 8.279340006840590904e-01
6.309573444801932851e+01 1.027570954590570462e+00
