1.000000000000000021e-02 5.782982724932382723e+01
1.193776641714436315e-02 3.552295971989439494e+01
1.425102670302997795e-02 2.505060726109199720e+01
1.701254279852589327e-02 2.049620877562984234e+01
2.030917620904735751e-02 1.792132657481598201e+01
2.424462017082328405e-02 1.646938520772791748e+01
2.894266124716751709e-02 1.551886238531216655e+01
3.455107294592219686e-02 1.528109673418594028e+01
4.124626382901352278e-02 1.611532219892488982e+01
4.923882631706739260e-02 1.687598381285392790e+01
5.878016072274912240e-02 1.925181995856443606e+01
7.017038286703829175e-02 2.238072491337307923e+01
8.376776400682919843e-02 3.740895968862289322e+01
1.000000000000000056e-01 1.186825341870845705e+02
1.193776641714437009e-01 1.163757178850761846e+02
1.425102670302998420e-01 5.991655772221251652e+01
1.701254279852589257e-01 3.999991557382070084e+01
2.030917620904735821e-01 3.022496528227659240e+01
2.424462017082328336e-01 2.455374365029421213e+01
2.894266124716751709e-01 2.096278510132284723e+01
3.455107294592220102e-01 1.857190696060119350e+01
4.124626382901352417e-01 1.694203579634521972e+01
4.923882631706741342e-01 1.584167154646854669e+01
5.878016072274915294e-01 1.515099053938771512e+01
7.017038286703829453e-01 1.482288274208329781e+01
8.376776400682920398e-01 1.479812876096438501e+01
1.000000000000000000e+00 1.509856252665800902e+01
1.193776641714436870e+00 1.570862538899692673e+01
1.425102670302999197e+00 1.662801637674867195e+01
1.701254279852589146e+00 1.787690179934352841e+01
2.030917620904737042e+00 1.951212209301536760e+01
2.424462017082328114e+00 2.163527557876420460e+01
2.894266124716751598e+00 2.441514334584644530e+01
3.455107294592221656e+00 2.809115962731258520e+01
4.124626382901352528e+00 3.299163015247084729e+01
4.923882631706741897e+00 3.956348337838386442e+01
5.878016072274911963e+00 4.841929705048336530e+01
7.017038286703829897e+00 6.040690961666441439e+01
8.376776400682924617e+00 7.670772045966781150e+01
1.000000000000000000e+01 9.897350104069816723e+01
