3.162277660168379134e-02 5.603604574750606027e+00
3.842513346254321227e-02 1.822876175908531904e+00
4.669074130371086984e-02 1.821282842019109172e+00
5.673435918225600005e-02 2.143438831784320264e+00
6.893845379073933188e-02 2.736719495258658874e+00
8.376776400682915680e-02 4.861568150703901914e+00
1.017869984146125700e-01 8.929954782233556543e+00
1.236823397292983878e-01 4.069809798557336933e+00
1.502875750260604659e-01 1.940883925918768904e+00
1.826158468270260848e-01 1.234494160224575587e+00
2.218982341458970720e-01 3.617077037999837152e+00
2.696306326783701746e-01 3.170404035311559454e+00
3.276307193627228664e-01 2.858799370645199289e+00
3.981071705534971472e-01 2.508575176518767602e+00
4.837437696757803662e-01 2.550070674139514271e+00
5.878016072274911963e-01 2.153075904084974734e+00
7.142432649639980369e-01 1.887313083939484049e+00
8.678837132695964574e-01 2.761518252558367026e-01
1.054573667973740303e+00 1.638529701619741985e+00
1.281422388944083446e+00 1.587862883471948594e+00
1.557068404753729984e+00 2.400358626150987107e-01
1.892008472772299665e+00 1.284925612654642668e-01
2.298997301668542992e+00 1.299342279546920942e+00
2.793533257985219453e+00 1.575683800548919322e+00
3.394448552769389948e+00 1.470022388769005373e+00
4.124626382901348087e+00 1.241179998042894195e-01
5.011872336272719330e+00 1.392710839880007434e+00
6.089973244419446985e+00 1.396679713954319890e+00
7.399983804321420777e+00 1.642335556098532823e-01
8.991789964660114265e+00 1.603077255534996581e+00
1.092600861117377953e+01 2.147792834196623479e-01
1.327629589221125350e+01 1.790142201010415324e+00
1.613215208683695323e+01 2.921418736434104324e-01
1.960232982646277122e+01 1.897387143704810875e+00
2.381897545702918961e+01 4.061568253436985687e-01
2.894266124716748934e+01 4.860170268565108809e-01
3.516850007169744430e+01 5.863620787811958390e-01
4.273357542109315688e+01 7.151408054183189256e-01
5.192596967591166646e+01 8.729860694617113115e-01
6.309573444801932851e+01 1.077758983422857364e+00
