1.000000000000000021e-02 1.581341633689296771e+02
1.266380173467403399e-02 8.414349431401274160e+01
1.603718743751330125e-02 5.150292100244863747e+01
2.030917620904735751e-02 3.542711464119434339e+01
2.571913809059344497e-02 2.695415905114041522e+01
3.257020655659782771e-02 1.948861988274767398e+01
4.124626382901352278e-02 1.704755610564714985e+01
5.223345074266843441e-02 1.584845038104632486e+01
6.614740641230149043e-02 1.485144179355764926e+01
8.376776400682915680e-02 1.393696224997006716e+01
1.060818355139448305e-01 1.294089603996386373e+01
1.343399332598900209e-01 1.202803411178050119e+01
1.701254279852589257e-01 1.094495381201404172e+01
2.154434690031883370e-01 9.978124956591551964e+00
2.728333376486767881e-01 8.993251182121667853e+00
3.455107294592218437e-01 7.772939188807193922e+00
4.375479375074184385e-01 7.712638566909183702e+00
5.541020330009491790e-01 6.965731652808433871e+00
7.017038286703826122e-01 6.197252382214766264e+00
8.886238162743402835e-01 1.870333972202127715e+00
1.125335582600764495e+00 1.582467532284970169e+00
1.425102670302997865e+00 1.321056410209678234e+00
1.804721766827170226e+00 1.181587498306039263e+00
2.285463864134990697e+00 7.011307231506058724e-02
2.894266124716751598e+00 1.158710413507861858e+00
3.665241237079626124e+00 1.224370930037209204e+00
4.641588833612777520e+00 1.178162143562413167e-01
5.878016072274911963e+00 1.456924174022597163e-01
7.443803013251688583e+00 1.831128735089546655e-01
9.426684551178853511e+00 2.319162386289694844e-01
1.193776641714435804e+01 2.931230320524175759e-01
1.511775070615661498e+01 3.673699929470072290e-01
1.914481976169957633e+01 4.562234954246949803e-01
2.424462017082328202e+01 5.639333073532147855e-01
3.070290629757849743e+01 6.993738734445972272e-01
3.888155180308085335e+01 8.754837198586191693e-01
4.923882631706736390e+01 1.112567411658988759e+00
6.235507341273912374e+01 1.434376336096214066e+00
7.896522868499724268e+01 1.863618624840490678e+00
1.000000000000000000e+02 2.407092373348276304e+00
