3.162277660168379134e-02 3.500046536640191874e+01
3.665241237079627790e-02 2.404904307030194133e+01
4.248201698162612505e-02 2.179578399057550442e+01
4.923882631706739260e-02 2.272955365303538855e+01
5.707031326057167286e-02 2.694035068203902483e+01
6.614740641230149043e-02 3.563240131570474034e+01
7.666822074546214560e-02 5.176706255338536522e+01
8.886238162743402558e-02 1.092980822312674007e+02
1.029960365809989981e-01 1.330517929114162996e+02
1.193776641714436315e-01 5.942543989067711152e+01
1.383648068032459488e-01 2.836671784613193026e+01
1.603718743751330056e-01 1.474435020358091997e+01
1.858791891146563680e-01 1.012776650788194921e+01
2.154434690031883370e-01 7.958801842843994834e+00
2.497099786006540811e-01 5.721278643399854147e+00
2.894266124716750044e-01 4.197829740936454002e+00
3.354602185954043136e-01 3.163759043995898690e+00
3.888155180308087155e-01 6.298763756808630987e+00
4.506570337745472998e-01 5.191008164084476739e+00
5.223345074266840804e-01 5.856004151858051010e+00
6.054123584037268690e-01 4.728456609042041237e+00
7.017038286703826122e-01 4.883882413442399262e+00
8.133105582266927369e-01 4.994519964475768070e+00
9.426684551178848848e-01 5.285679961944789618e+00
1.092600861117377864e+00 5.390847897925617360e+00
1.266380173467402726e+00 5.650009563695612691e+00
1.467799267622069026e+00 5.638483756595236152e+00
1.701254279852588258e+00 6.084710236450694865e+00
1.971840556512642006e+00 6.050489150368030700e+00
2.285463864134989365e+00 6.543879963233250052e+00
2.648969287610527079e+00 6.125859957298224856e+00
3.070290629757848055e+00 5.906910060489224179e+00
3.558623573050965661e+00 7.888401973987077653e+00
4.124626382901348087e+00 8.952010421425866227e+00
4.780652533007380356e+00 8.202723971375961654e+00
5.541020330009492234e+00 8.399863811506422806e+00
6.422325422229356207e+00 8.688257674788028240e+00
7.443803013251680589e+00 5.873118749344850009e+00
8.627747685955865720e+00 5.930770013095054694e+00
1.000000000000000000e+01 8.334713949206575379e+00
