1.000000000000000021e-02 4.366911399169575958e+01
1.266380173467403399e-02 1.351867101827276407e+01
1.603718743751330125e-02 2.789474789317209158e+00
2.030917620904735751e-02 1.373026478351156765e+00
2.571913809059344497e-02 1.315984206278519197e+00
3.257020655659782771e-02 1.367576570877230280e+00
4.124626382901352278e-02 1.566164777069688929e+00
5.223345074266843441e-02 2.006696405422516705e+00
6.614740641230149043e-02 3.027425643198067728e+00
8.376776400682915680e-02 4.989715520438900320e+00
1.060818355139448305e-01 4.669578540829319557e+00
1.343399332598900209e-01 4.687082539967843076e+00
1.701254279852589257e-01 4.970500250856215274e+00
2.154434690031883370e-01 4.127255373976218777e+00
2.728333376486767881e-01 3.606677410506099690e+00
3.455107294592218437e-01 7.891245725250473519e+00
4.375479375074184385e-01 7.360634643211714234e+00
5.541020330009491790e-01 6.313091976750133227e+00
7.017038286703826122e-01 5.570542884141551632e+00
8.886238162743402835e-01 5.052121847879374350e+00
1.125335582600764495e+00 4.700149135820215207e+00
1.425102670302997865e+00 4.475518257451539306e+00
1.804721766827170226e+00 4.361373361464644383e+00
2.285463864134990697e+00 4.352160278295864160e+00
2.894266124716751598e+00 4.436091454383924493e+00
3.665241237079626124e+00 4.592527248651163241e+00
4.641588833612777520e+00 4.801239308220242030e+00
5.878016072274911963e+00 5.047582569480629999e+00
7.443803013251688583e+00 1.485295086447576907e+00
9.426684551178853511e+00 1.381680159241280403e+00
1.193776641714435804e+01 1.466121454825653592e+00
1.511775070615661498e+01 1.366292643227970283e+00
1.914481976169957633e+01 1.587908957468573412e+00
2.424462017082328202e+01 5.767491961853767890e-01
3.070290629757849743e+01 1.773007923618216353e+00
3.888155180308085335e+01 1.038798741059707487e+00
4.923882631706736390e+01 9.727497849113440065e-01
6.235507341273912374e+01 5.666722040890778134e-01
7.896522868499724268e+01 5.611477774629863857e-01
1.000000000000000000e+02 8.123657444170911957e-01
