3.162277660168379134e-02 2.961156041480766987e+01
3.842513346254321227e-02 2.774281636280026220e+00
4.669074130371086984e-02 1.458999320581065628e+00
5.673435918225600005e-02 1.720388116290183289e+00
6.893845379073933188e-02 2.400570069886804880e+00
8.376776400682915680e-02 4.773071102000137955e+00
1.017869984146125700e-01 9.073521291237225839e+00
1.236823397292983878e-01 2.932256144618344162e+00
1.502875750260604659e-01 1.050627711260639696e+00
1.826158468270260848e-01 4.184247197398818230e+00
2.218982341458970720e-01 3.900343172541802961e+00
2.696306326783701746e-01 3.440685103261420519e+00
3.276307193627228664e-01 3.056368852840678052e+00
3.981071705534971472e-01 2.693985374938697053e+00
4.837437696757803662e-01 2.422282295753565684e+00
5.878016072274911963e-01 6.717708066245093868e+00
7.142432649639980369e-01 6.002686289237690431e+00
8.678837132695964574e-01 5.476584767273596555e+00
1.054573667973740303e+00 5.094312723060629544e+00
1.281422388944083446e+00 4.825010384679448983e+00
1.557068404753729984e+00 4.646412487524979262e+00
1.892008472772299665e+00 4.543055526947848755e+00
2.298997301668542992e+00 1.343366757458186900e+00
2.793533257985219453e+00 1.343638713031476861e+00
3.394448552769389948e+00 1.321217214333257228e+00
4.124626382901348087e+00 1.297892641237380573e+00
5.011872336272719330e+00 1.308400077248655924e+00
6.089973244419446985e+00 1.425493448484584924e+00
7.399983804321420777e+00 1.422398181615709412e+00
8.991789964660114265e+00 1.503354180740871238e+00
1.092600861117377953e+01 1.429025451808768166e+00
1.327629589221125350e+01 1.530983946190613620e+00
1.613215208683695323e+01 1.711595549160875640e+00
1.960232982646277122e+01 2.175718808808282945e-01
2.381897545702918961e+01 2.862473362629547324e-01
2.894266124716748934e+01 1.689500277955479079e+00
3.516850007169744430e+01 1.744186551182863365e+00
4.273357542109315688e+01 4.836612277728889464e-01
5.192596967591166646e+01 4.649392039109378483e-01
6.309573444801932851e+01 6.188645646444103088e-01
