3.162277660168379134e-02 3.030167973320587649e+01
3.665241237079627790e-02 2.765504467580868564e+01
4.248201698162612505e-02 2.758950527990589308e+01
4.923882631706739260e-02 2.822952198396810886e+01
5.707031326057167286e-02 2.932143040058152650e+01
6.614740641230149043e-02 3.356119709313477273e+01
7.666822074546214560e-02 4.421310029052751389e+01
8.886238162743402558e-02 9.019960965362859895e+01
1.029960365809989981e-01 1.475031438269936928e+02
1.193776641714436315e-01 9.380571368256593701e+01
1.383648068032459488e-01 4.536491903158780303e+01
1.603718743751330056e-01 2.752112781931721841e+01
1.858791891146563680e-01 1.937319770976064248e+01
2.154434690031883370e-01 1.485711228365346592e+01
2.497099786006540811e-01 1.215128290611763973e+01
2.894266124716750044e-01 1.045760207171313816e+01
3.354602185954043136e-01 9.374086070816924021e+00
3.888155180308087155e-01 8.677464659775163014e+00
4.506570337745472998e-01 8.237725431335777060e+00
5.223345074266840804e-01 7.978779104068161487e+00
6.054123584037268690e-01 7.857079333205680527e+00
7.017038286703826122e-01 7.850295653424752551e+00
8.133105582266927369e-01 7.946814784600033654e+00
9.426684551178848848e-01 8.140423948450161262e+00
1.092600861117377864e+00 8.425784714278973908e+00
1.266380173467402726e+00 8.798605008073485223e+00
1.467799267622069026e+00 9.256417461733040142e+00
1.701254279852588258e+00 9.800978756202010089e+00
1.971840556512642006e+00 1.044032894261486533e+01
2.285463864134989365e+00 1.118948609328028176e+01
2.648969287610527079e+00 1.207051789739855074e+01
3.070290629757848055e+00 1.311155395276801805e+01
3.558623573050965661e+00 1.434444648402350353e+01
4.124626382901348087e+00 1.564271817933869890e+01
4.780652533007380356e+00 1.760972891452432521e+01
5.541020330009492234e+00 1.978448573884586636e+01
6.422325422229356207e+00 2.246526862369871580e+01
7.443803013251680589e+00 2.579455241171203994e+01
8.627747685955865720e+00 2.997295057284268438e+01
1.000000000000000000e+01 3.523934069795824797e+01
