1.191833652813750462e+02
4.551297254249174529e+01
3.898145902766658111e+01
3.080641837491833144e+02
2.122778443661883330e+02
1.056157424173645580e+02
1.180438573457486058e+02
3.328877756829343184e+02
4.788191917190214753e+01
7.915569532621802296e+01
1.728324823140293347e+02
1.440103263903573634e+02
3.063196683016361703e+02
1.827746296617872588e+02
2.267599370618689250e+02
2.173872468972463707e+02
2.795119232390196657e+02
5.724650091300463117e+01
7.138200723065929765e+01
2.998828038585529612e+02
8.023310044157531706e+01
2.923741678010646794e+01
1.931270282753603738e+02
7.641932700801579870e+01
2.093735838857626845e+02
1.897355236392589291e+02
2.734492654921830876e+02
2.063724811813058295e+02
3.033260428807554376e+02
2.022080150321762915e+01
2.017174815390886522e+01
1.338731476431277656e+02
1.245680154640842972e+02
2.104170403561250282e+02
2.127159063851878216e+02
3.039075592589519488e+02
2.990141478123409229e+02
3.713460465895122553e+01
3.081046250152014068e+02
1.274417682318386227e+02
7.763744579553042513e+01
3.224009869442350862e+01
4.538405097129023602e+01
2.015816061866605935e+02
2.876513961810312594e+02
5.593512479760665457e+01
1.680414438439671585e+02
2.070009578193654818e+02
9.352382427261335351e+01
4.679191724668691421e+01
1.436340963006050515e+02
2.103068037238412842e+02
4.455142196820888500e+01
3.244343824808298677e+02
4.440238146675003605e+01
1.135840661277714787e+02
1.980536650418291345e+02
7.245881134122316780e+01
1.926847200756891425e+02
2.078419630090409669e+02
1.230552069820399481e+02
9.132353927154814244e+01
7.692383803576046830e+01
2.003704284745212476e+02
8.959258070150100650e+01
1.360939856520079161e+02
1.990362180929668341e+02
1.489324753899220468e+02
2.981635051825171558e+02
6.850421900304901612e+01
1.127652860197737965e+02
7.772802639279376535e+01
1.781683526893988585e+02
1.591438244652246681e+02
1.383836025990834173e+02
6.644064294692469730e+01
2.013577860531992485e+02
3.933206028034947508e+02
5.377793611485385128e+01
8.622183298746175240e+01
1.898412916859864481e+02
1.164125860325197834e+02
1.860908736834840909e+02
4.739137029684523128e+01
1.931702585119200251e+02
6.037764627744626722e+01
3.080456101417946684e+02
1.982495589206652653e+02
2.127877409085324700e+02
3.049953944391421032e+02
3.034686928245988042e+02
2.845329112224861206e+02
7.304777013432563137e+01
3.236811435950360760e+01
9.952951559399974713e+01
1.022223182736372422e+02
1.836096552823281343e+02
4.539185210036739448e+01
7.377322743918131209e+01
1.859582123668936333e+02
3.104596271998994439e+02
3.405707922551795832e+02
4.149246381016120466e+01
1.958616743795008688e+02
2.969549565041800179e+02
5.316422191490688220e+01
2.681874215446883909e+02
1.240979112305132759e+02
2.055140829053027005e+02
5.926304366882916952e+01
4.569063589029970274e+01
4.900514496072816684e+01
2.749668643893005537e+02
3.225524424331716205e+02
1.472694268273263560e+02
5.145097622706607865e+01
1.922075120551467649e+02
7.033716796369671442e+01
1.219771424275528346e+02
1.039161390647301886e+02
7.194497314307315605e+01
2.248825756097350279e+02
7.866027974322351213e+01
3.475720851613208993e+02
1.255891078040052378e+02
1.877664422916695059e+02
1.994197304865729450e+02
2.042414583653286968e+02
7.894687178892738189e+01
1.118923469194007367e+02
1.640660297392757343e+02
6.635013807464733304e+01
3.073726667640388541e+02
7.035948173928157701e+01
3.209924448807001909e+02
7.606318230751283238e+01
7.369002532068734013e+01
8.123740516501796094e+01
4.507678974682045947e+01
7.395951091638112018e+01
2.952544855376460760e+02
4.314395444602736518e+01
1.309605320591882958e+02
2.537574122734781099e+02
3.893737872102674658e+01
1.252842109202833427e+02
1.461191840190415974e+02
1.216178037820627651e+02
1.173256216821830975e+02
1.174481395146686538e+02
1.025360851837363469e+02
3.888864381912205204e+02
2.093705599222913065e+02
1.173886730044729774e+02
2.184826156574816878e+02
4.181733510211795135e+01
3.069395539896516993e+02
1.462885650537425306e+02
1.121297359165499330e+02
7.243986618611317851e+01
1.989942947847443691e+02
1.257834727444538601e+02
7.779608813210369078e+01
4.696378916670595771e+01
2.021714592135141402e+02
1.595622996293284359e+02
1.738126498495232966e+02
4.072037474735005702e+01
9.743547372647788052e+01
7.834054271465873853e+01
2.308839049988640113e+02
7.071042620272999102e+01
2.999961099885949238e+02
7.915869168026662805e+01
1.750636452965857188e+02
3.090743805659394070e+02
7.386955781965866663e+01
2.005902827862085189e+02
1.522327772700981541e+02
2.091385288995843155e+02
3.477884042232450383e+02
3.155940265162527680e+02
7.689435445547357517e+01
2.789725438872052337e+02
4.713111843996957617e+01
1.282941960027450818e+02
2.278407231214056239e+01
2.604604029600765784e+02
2.106210094230956997e+02
9.175638355432971593e+01
1.503149396366341080e+02
2.543234003931035261e+02
1.322864228086970151e+01
3.803160567562782290e+01
3.182581698216249038e+02
4.682644750466832306e+01
3.586777448380822761e+02
1.346020472167381570e+02
9.179467438863134987e+01
1.998591547584419175e+02
4.768885721135966804e+01
8.016542093567456106e+01
1.519413294829886638e+02
1.579382894103926844e+02
7.909326968683726022e+01
1.820974156892262670e+02
1.635994400995429032e+02
4.438900104487844089e+01
3.125709049262560484e+02
1.310390735645096356e+02
2.868762374747164472e+02
6.279259793492607145e+01
9.126956876686251974e+01
1.288784435872578804e+01
5.659746823017029982e+01
1.975380248631597055e+02
1.976390549824065772e+02
2.083541614537449149e+01
1.108271577542143120e+02
4.838133245977259378e+01
1.501913307883755238e+02
1.920503954939848086e+02
1.574964142082867795e+02
1.186927116721429627e+02
4.535227100757030883e+01
3.213689906965093428e+02
3.758101348887323070e+02
8.097137007871175740e+01
2.560060784889977370e+01
1.203182323783623815e+02
9.974878596875477399e+01
4.700465398050074128e+01
2.200205531187318968e+02
1.183309435317489715e+02
1.615823522966772146e+02
1.192323088949817418e+02
1.921607467914975871e+02
7.214024516516739993e+01
1.945257322025842086e+02
2.041496471782851359e+02
1.944165745664788858e+02
8.023456440724116590e+01
5.246463262576132536e+01
2.034401495322789231e+02
9.577500998395672127e+01
9.449545514747629227e+01
2.691876624713428896e+02
1.844681274754573508e+02
1.750516189823385673e+02
1.633789220094976145e+02
3.621964056963401646e+01
2.182216801728444580e+02
1.192497870882166779e+02
2.138688110253866910e+02
4.516778304431856128e+01
5.089581315906818304e+01
1.848825956746627810e+02
7.165914213708337854e+01
1.795355162130119879e+02
7.149841908462113338e+01
4.690059207673849073e+01
7.230322239793272843e+01
8.178053085949828471e+01
2.799429797933564714e+02
1.226456056151725988e+02
2.932548802473987166e+02
1.155632709405735739e+02
1.558550250150131831e+02
1.843136716487270235e+02
1.522603299312690410e+02
5.222308994670183324e+01
2.538629260013437090e+02
4.557322150612864675e+01
1.971758015013050169e+02
5.040368459847289984e+01
7.519185380204463343e+01
3.172571427589697350e+02
7.070709280237466032e+01
1.596104164052185013e+02
7.928773449480540592e+01
8.155441267915870185e+01
1.553761339780863580e+02
8.463507142638930247e+01
1.938104378731184454e+02
7.245297023496243582e+01
2.910713431117927144e+02
1.251705092869509173e+02
2.898161936920967037e+02
3.677758392079580290e+02
6.578292276773564140e+01
1.171880473591132130e+02
3.902572356640211524e+02
3.100680414799387563e+02
2.124657902487100785e+02
2.537699456680603873e+02
1.314846292378430519e+02
7.198574182254218101e+01
4.527987685332056600e+01
4.875312577704752925e+01
7.124041122124933167e+01
3.092947390654838387e+02
4.380987087856466644e+01
2.017669483187102912e+02
7.237268434550439622e+01
2.317932716902950858e+02
2.156466653542346137e+02
1.113345826673684940e+02
7.655430373529357269e+01
1.500076235147911348e+02
1.321722994531903339e+02
1.649012530394449811e+02
2.781729963550782827e+02
4.413801960024488835e+01
2.063545993216622776e+02
7.116719959354199432e+01
7.341916709429573018e+01
1.344858199035396922e+02
6.915887025282999900e+01
3.138935465500003943e+02
1.948411480657954939e+02
1.057484466518391173e+02
2.109750063290273090e+02
2.934183589280708304e+01
3.284437080657606884e+02
2.875936779205437688e+02
7.037340910750580747e+01
8.727294642012323322e+01
1.318356439465679557e+02
7.410890361378115188e+01
3.950639675330286593e+01
1.257407903271006262e+02
1.045369556414389791e+02
2.047340106838628628e+02
1.466611594571096191e+02
1.391585086808343590e+02
1.149483695139505244e+02
8.086159079164913521e+01
1.794676435094594638e+02
1.100925451084582676e+02
3.179559962231517147e+02
1.954310055185285080e+02
1.879136031491281358e+02
4.530244714363995939e+01
1.278090232448321757e+02
1.189322231192345924e+02
2.135468208041652076e+02
1.205582027837285324e+02
5.094565575697113502e+01
3.456261041050711356e+02
7.737960749775287184e+01
1.399763818481860937e+02
1.173209672202302443e+02
7.240686736915161248e+01
3.252292034190865877e+01
1.600401043670848722e+01
8.672130689859302777e+01
1.939406308351063046e+02
3.088981427107580089e+02
1.920740651126246519e+02
3.158919748198099455e+02
1.872820403305238983e+02
6.920886477056849628e+01
2.397376225827680116e+02
7.683927337914562372e+01
2.136504126801151244e+02
2.138961052542568098e+02
1.724413016237140184e+01
1.029157596975339999e+02
3.086281066515645080e+02
1.710426014766797493e+02
3.835770496543981949e+02
2.748432858677896888e+02
6.072903758533882268e+01
4.638695232562862714e+01
1.969237989222108922e+02
3.113785560741528684e+02
2.202687960032319552e+02
7.220152055302531835e+01
1.323741848722785335e+02
1.967132678631901683e+02
3.036939791173433036e+02
3.136696100041169188e+02
1.864692340915369186e+02
1.427338207365670826e+02
1.520143292807401281e+02
1.948812646367600223e+02
1.225560067806237186e+02
9.218374737652425210e+01
6.247218283216423629e+01
4.728718460619541730e+01
4.618517348384661858e+01
1.945739246226614796e+02
1.931344302701446054e+02
1.034628485491405030e+02
7.569798408792007649e+01
1.937811646335352691e+02
5.758726727251147537e+01
4.750734912675981292e+01
1.934609773155188748e+02
7.537127871281532521e+01
2.148783720115411029e+02
5.577501403703345062e+01
1.115682808266109305e+02
3.013187611184126808e+02
2.087804179458912586e+02
7.295926123055971857e+01
1.956172076829845992e+02
1.041045359889578918e+02
1.237514004077403769e+02
1.212593351618318422e+02
4.675071867831714201e+01
2.028265249310121590e+02
7.707395678391236515e+01
1.852637909342147964e+02
1.918786657015852484e+02
1.912696530290393184e+02
9.696495391222040894e+01
8.544171562001594111e+01
3.654955546884079354e+01
2.059837115371870198e+02
2.174804598955850850e+02
7.454760717726610153e+01
2.128270207876787481e+02
1.790294372680286301e+02
2.448969672838588565e+02
1.499897007973691530e+02
2.046801677461365330e+02
3.151237561622058365e+02
9.577908698447218683e+01
3.072619382851173100e+02
2.410737018538645486e+02
3.168362140493642300e+02
2.845744119245623551e+02
5.114629811791388647e+01
1.342168089809031244e+02
2.212925178268519630e+02
5.413517944374644486e+01
1.230454572037838119e+02
3.449494714024102109e+02
7.130455900745160136e+01
3.069594809527256416e+02
1.146127871502736895e+02
1.630101515671429127e+02
7.653427608006740002e+01
7.127355756719130397e+01
6.421381569882947815e+01
7.448218059953747172e+01
9.614808517942449839e+01
7.001255667910055536e+01
2.846291938230590972e+02
1.192144211222794610e+02
2.075524669797659101e+02
3.345351369207557468e+02
1.953808685526646798e+02
8.242755811551262468e+01
1.752896812874492412e+02
2.932900877906939172e+02
1.196799309045097459e+02
1.181170311409589999e+02
2.139621459674941377e+02
7.230341455093807213e+01
2.837539962275708945e+02
2.772378903626296847e+02
4.840905473167693884e+01
2.398740451704281611e+02
1.549169414933614917e+02
7.625882924405107133e+01
2.081377393591706948e+02
2.717330238033684395e+02
7.669005627893184851e+01
7.768357378294251703e+01
3.264210893998481993e+02
1.404630359603164891e+02
4.784762759675763988e+01
1.642901829496976234e+02
1.098014946819628648e+02
1.244452222826573973e+02
1.890228786390742641e+02
1.872498556307500905e+02
2.070676227889813390e+02
4.908471660340022424e+01
1.791925990995356130e+02
4.845731639267459911e+01
8.625061059558530019e+01
1.491611339588416172e+02
2.963101513448327751e+01
1.864544809056374959e+02
3.379390760120544002e+01
1.394827728444473394e+02
1.205714430404277806e+02
3.109542249941001728e+02
7.425258231281553378e+01
1.124877821019755402e+02
7.071191593005690379e+01
7.716892349913426585e+01
4.671115928537814455e+01
7.176149978086552039e+01
8.257352414167164056e+01
3.058482147874344150e+02
2.168533768300339091e+02
3.493628556278866881e+02
6.451669430716682996e+01
1.263721077244579902e+02
9.899489389694279851e+01
8.069552867923152917e+01
2.829042716319784176e+02
3.282775505796520861e+02
1.717170527508634450e+02
4.331397227186307930e+01
2.274616228796132944e+01
1.030946418872716350e+02
3.028548502336293495e+02
7.704863117979505205e+01
1.381833689654153545e+02
1.454653439204358563e+02
2.898648680220545657e+02
4.606113818045778885e+01
1.194545083263578817e+02
7.389856055536908741e+01
2.037235109066802181e+02
2.339497181396826591e+02
2.092912155582627065e+02
2.913595855879560759e+02
3.039994745689849651e+02
1.966746412244680755e+02
1.937144741141862028e+02
2.302462830932743714e+02
3.630016160051497423e+02
7.159229901506776628e+01
7.648399776142093742e+01
4.604660903387344462e+01
9.823710496484035559e+01
7.687002546372895040e+01
1.111633887140642827e+02
2.045449109812325048e+02
1.260714238258473046e+02
4.947286035321532438e+01
1.751296869414867388e+02
2.162139625454991290e+02
7.829107190922609050e+01
7.241892183884748135e+01
7.081482018621670704e+01
1.954057774194687056e+02
7.055358050358003652e+01
8.172942070492507582e+01
3.155475000573433704e+02
1.610340891631443299e+02
7.840221090191182896e+01
2.752074838544788804e+02
1.167158326039845377e+02
2.469069450603545590e+01
4.367175188523921747e+01
1.390282454165453601e+02
2.520033899301439106e+01
2.445785805284394314e+02
1.384852744484591085e+02
2.028558374886663955e+02
2.155135399081386822e+02
2.868433733500147014e+02
7.778315421191079793e+01
4.795911982154316178e+01
4.349840627512322300e+01
1.160556174716202804e+02
4.356340476866746769e+01
3.164587134895659233e+02
4.264260223209326739e+01
3.831421415752450912e+02
1.902037105948820113e+02
4.646095037929239169e+01
2.576057924943182798e+02
7.103096877963822919e+01
1.068862490929885070e+02
4.866533556681082473e+01
1.189833647467983440e+02
2.322734758383019482e+02
1.241443589495502238e+02
2.147586998585403251e+02
2.043840672415753659e+02
4.525244354755218268e+01
3.443638407627729947e+01
7.663180416139658746e+01
1.221527262946147090e+02
7.303780575683475718e+01
7.337335244761092667e+01
9.690534503590150450e+00
4.335392962246235271e+01
1.469053881346993364e+02
2.047063335522292391e+02
6.602526088190521136e+01
1.201428952390243978e+02
6.789341939108274460e+01
3.072945384398897062e+01
2.819308941670224158e+02
3.130177669638242719e+02
2.055827160875955428e+02
1.580982047167386781e+02
3.948695748951310236e+01
7.142571044591539930e+01
1.490667059908370220e+02
1.910700296312482180e+02
9.023384220701292691e+01
7.579691498960760043e+01
7.538395083553800191e+01
3.341114839460654480e+02
2.833383548097019116e+02
1.150828255182829025e+02
1.870269450046267252e+02
4.122325014589987546e+01
1.534995278278422859e+02
3.035026117840107531e+02
7.743132560865484493e+01
4.586552482228814398e+01
8.333827699371985887e+01
7.673044715966753415e+01
1.828141809473285946e+02
1.208947189284884729e+02
3.035321017912858110e+02
3.201160141432853266e+02
1.963308586396672126e+02
2.002459819534758196e+02
1.109588783498950590e+02
1.022433330752047027e+02
5.999069459078631894e+01
2.699900765653676444e+02
7.128729877027265616e+01
5.973934981155953494e+01
2.634845530954078754e+02
1.876206265120103467e+02
1.946511331383093477e+02
3.002692021879741446e+02
4.497269520892923111e+01
6.200115478716250550e+01
7.297093110609515065e+01
7.622581990491114823e+01
7.348868030123419715e+01
1.333694529399017199e+02
5.070590392258885970e+01
1.196140887712613505e+02
7.349472169207673744e+01
2.423058120592924070e+02
2.989148375373392810e+02
5.708276610540789875e+01
1.185855476424727328e+02
9.527627950237216226e+01
1.230107671865125809e+02
6.881789677725360832e+01
2.398450535124336227e+02
7.659816069890356971e+01
1.227692537200956764e+02
1.927943284651539386e+02
2.047831940511755136e+02
1.211003237538368040e+02
7.372591988016453968e+01
1.052078164352843714e+02
7.752861980987104573e+01
2.009747680608536484e+02
1.388806883257871618e+02
1.218608219963996078e+02
1.940839855537766425e+02
2.118004522146684963e+02
4.725357193129402589e+01
2.337704138177747666e+02
4.254858320840305197e+01
7.125768596357445972e+01
1.400197221741155147e+02
2.016419368530874578e+02
3.052263072560849650e+02
1.167676303425021302e+02
5.461664051243539575e+01
1.424007005032182605e+01
1.498101295911405941e+02
2.298526905141569330e+02
1.762869920584149099e+02
3.327098071820691416e+02
1.722059013495035913e+02
1.986452864372419072e+02
4.517667627822000753e+01
1.187953189100324494e+02
1.083210197097838829e+02
7.811056493265017764e+01
7.213369250877062200e+01
1.970107123053277007e+02
2.980820584611093977e+02
1.834779827662067646e+02
2.502198020326684968e+02
3.113828153849355544e+02
3.392101953626524846e+02
1.157546953206953333e+02
1.215477901441315112e+02
2.849323442456824864e+02
4.411036206069911714e+01
1.097430997879095287e+02
3.480748258754726976e+02
4.428355886784222406e+01
1.004966239864748445e+02
2.076202913512646262e+02
7.226131371706094342e+01
4.482374931905591353e+01
4.651018693638621215e+01
2.008257632915540398e+02
2.116512196067082812e+02
1.630710786909061767e+02
5.404738362751270841e+01
2.056676906974858241e+02
1.590528386220319135e+02
7.043056620968411607e+01
3.115278494217017737e+02
2.132963614436142450e+02
2.060591856195608216e+02
2.333003529481148348e+02
1.990645730033477037e+02
1.159745548450689085e+02
1.004098690036786792e+02
1.949015956193890418e+02
5.824046178733657086e+01
5.899126109557624886e+01
1.983586208344210888e+02
8.876725028270857365e+01
6.858965750545002038e+01
2.196934431811034187e+02
9.838258209489646333e+01
7.443175066510981708e+01
7.433199014577870400e+01
2.394478395660804324e+02
1.601675694072324632e+02
7.092741271193710872e+01
7.117400374058172474e+01
2.234441205278971267e+02
5.915185646205835468e+01
1.308414447692505007e+02
7.960887402243646704e+01
8.541031229433833971e+01
2.002623177338676612e+02
2.819865021791867434e+02
7.555215765198728661e+01
2.555388846958297222e+02
7.736968174445719626e+01
1.891436666396804185e+02
1.525913966675854567e+02
1.953577644624996310e+02
2.096153582301543565e+02
1.967914309136185977e+02
2.850055254061064716e+02
4.668403414460728129e+01
2.086517159730007620e+01
4.751155667919831416e+01
2.640813437033770583e+02
2.139399713158400402e+02
1.834580755560593559e+02
2.025344681318706819e+02
1.904529703844973199e+02
1.157975081999393723e+02
1.209601820079667789e+02
1.260172946680975485e+02
1.087034092791096072e+02
2.693189647969834368e+02
2.400307492296923328e+02
1.986784607209289959e+02
1.058007211259995444e+02
7.190684025182247296e+01
7.050128782393221627e+01
2.921498142645716598e+02
2.442676754632793745e+02
1.359426392226464486e+02
4.613061667724827686e+01
1.211010188473307494e+02
1.742503094869305471e+02
4.512441391728686568e+01
1.185659774976273155e+02
2.008467533929495517e+02
4.993699388747531032e+01
2.633381789459817810e+02
2.143097954657173432e+01
2.164623922072640880e+02
1.364409149872453781e+02
1.532967705691514482e+02
3.003803379472442430e+02
3.522367969118914743e+02
4.390121207395351632e+01
2.037841471731238414e+02
2.838984514897622375e+02
2.029915444804295532e+02
1.241790124340278965e+02
2.333668512535603554e+02
1.958415261774015050e+02
1.211361638403423910e+02
2.080876861953103685e+02
2.064467009672585789e+02
1.904035490110410080e+02
8.112658595777526216e+01
4.748516206705310339e+01
1.757908007501189473e+01
2.001190486247710680e+02
2.659436005832964725e+02
1.191239457837381224e+02
3.004961523034355650e+02
3.033430753467791305e+02
1.713550010892502655e+02
7.647578951277627368e+01
2.127434615946766030e+02
3.103076875329736026e+02
3.010064242398154306e+02
1.035797822018581087e+02
2.950477436600033343e+02
2.062297015531024726e+02
1.528904962269102157e+02
7.865054208970741456e+01
7.581558183253143568e+01
1.817725629324592944e+02
5.766416104958667432e+01
5.897950200834900158e+01
6.431834246415779432e+01
1.333374745869475042e+01
2.065119802350036764e+02
1.327803334367815751e+02
7.054989884263122235e+01
6.333038999234742050e+01
2.186369034394434721e+02
2.238632271470990531e+02
7.332080601013673515e+01
1.850799587827917208e+02
8.893281348375086282e+01
1.066444503885582122e+02
7.749104932060339479e+01
3.236036689727314979e+02
1.929954742043251770e+02
4.924470086400092583e+01
4.192094691395168837e+01
2.826014054828956432e+02
4.222522500581103344e+01
2.059383072894889892e+02
3.647152196186162314e+02
3.056087241603038933e+02
3.114205444388707633e+02
3.167811232872601863e+02
7.955854137556477212e+01
7.409125151130174913e+01
1.250336865127052874e+02
4.778267389942881493e+01
7.522926115477839915e+01
1.787868755135661161e+02
1.456718786126941723e+02
6.802027982344287693e+01
1.863142111199281601e+02
1.769141724334570256e+02
2.605378440665615472e+02
7.945418088967082326e+01
2.395486083666191917e+02
7.223021302623068607e+01
1.170006949494995041e+02
4.782439918525976452e+01
3.019882284536835755e+02
5.219677657760830414e+01
4.826151926313893448e+00
1.323901093665716644e+02
2.042317887599836013e+02
2.163417227443336230e+02
7.304350743473167995e+01
3.022567894250040581e+02
3.970119367928796805e+01
1.400329583958385626e+02
7.307992670670816437e+01
1.637307570616934527e+01
1.235335094281806221e+02
1.944621549801698563e+02
4.238538863943161772e+01
2.081734093361751263e+02
7.567959545594456472e+01
7.927827263544834580e+01
3.206038996390318516e+02
4.601585487647620454e+01
2.762666414018536329e+02
1.287115540101885642e+02
2.086209059992046946e+02
1.128919592637362683e+02
2.965730077505132840e+02
7.519891868137581525e+01
2.004924359847100561e+02
9.523741661453284735e+01
2.100401318326836702e+02
2.075777211332296872e+02
4.809840115584545117e+01
4.219485288505764231e+01
7.545528992250675060e+01
2.094352967628852014e+02
2.213859136650147548e+02
2.057131002619748017e+02
1.371248272162664819e+02
1.218840905490252879e+02
1.946592638976416367e+02
1.955768181366143779e+02
7.175888023041783015e+01
1.798766654570189871e+02
6.285729066345567873e+01
4.713559958495565638e+01
1.172255835868070051e+02
2.062842564212352841e+02
2.899467133219735615e+02
1.951256969130491257e+02
1.798624342182459372e+02
2.015698487651801543e+02
7.367583512817847691e+01
1.228598421483602579e+02
1.229137813631688800e+02
3.506638597657062064e+02
2.961386317104552859e+02
1.510493403172951901e+02
2.054474029580979391e+02
1.956497974441585370e+02
4.458636292209022400e+01
2.186143848308896622e+02
1.329754482790056045e+02
8.047001232530411130e+01
1.780012685536516415e+02
3.196375899551776456e+02
2.041406434665168490e+02
2.287393838925102898e+02
3.825407775686596779e+01
1.826306993575488207e+02
1.593579183600920999e+02
1.223058021236711568e+02
2.225950725877158476e+01
2.754820969396287751e+02
4.423914919340277407e+01
2.592719249242632600e+02
2.004883338827317800e+02
4.539063924465895639e+01
7.685694481405266743e+01
2.552243058646042329e+01
1.025684843267211335e+02
8.080873482739274749e+00
2.957229700654194176e+02
7.439871353385707664e+01
2.007984327390863939e+02
2.545794737080344987e+02
2.687538592741416892e+02
1.593886442236336052e+02
3.049667812554918669e+02
1.947600248934066371e+02
7.718698155129740712e+01
2.027406511175816490e+02
7.930037719758786352e+01
4.657504829383430689e+01
1.091185275715887144e+02
1.814781551246141476e+02
1.231997329437239159e+02
8.539750375998983145e+01
1.502133062583930609e+02
3.143890635180518416e+02
2.115946546343723185e+02
2.496718616905697985e+01
7.349474444621527880e+01
6.853003257438578544e+01
4.401610718663910404e+01
2.962830830455936280e+02
3.032521643199879122e+02
1.736394063909571628e+02
3.438562731020755905e+02
1.263195151695159524e+02
2.723234965574800412e+02
8.834771052313682560e+01
2.483249838448920741e+02
3.236476719695163524e+02
4.688825686628276657e+01
4.421864426266684234e+01
4.381805855291508323e+01
3.013390075156249850e+02
9.469347510027296266e+01
4.567237845421322362e+01
3.118905983436082465e+02
9.463106477044972564e+01
7.313010508940490695e+01
1.836016100635595762e+02
2.292112265298744092e+02
6.794118057442972258e+01
8.266963750830917945e+01
2.024510881435123792e+02
1.083786017817619012e+02
7.571270015807240839e+01
2.102009538466067795e+02
1.500732242606067075e+02
1.011341149669968900e+02
8.213327840751725262e+01
2.176972851201354331e+02
7.366873125933652489e+01
2.225056512599219332e+02
1.580395197066490311e+02
5.893059608664511018e+01
1.033514251332909879e+02
2.313575796453101816e+02
2.090422379040543888e+02
1.223246664350827473e+02
9.178578537868185094e+01
2.215521570735691057e+02
2.246164881605977541e+02
1.837845328254909703e+02
1.183323443587298414e+02
7.519035576332153425e+01
1.188344045608143347e+02
2.654813955735916124e+02
2.756255377457551958e+02
7.424353013448133254e+01
1.952806022186949519e+02
1.222300362238404148e+02
6.171549303163216393e+01
1.521718457457182012e+02
1.840893396764243732e+02
1.180217166471201296e+02
7.308785437783609495e+01
3.098113710582014733e+02
2.568784137300400516e+02
2.625543605188569529e+01
9.329854836792293327e+01
3.170111402487748933e+02
2.035658057747926364e+02
3.199860112242102517e+01
1.410400166192120537e+02
4.430891867007157714e+01
1.666333951340175474e+02
1.422938562829536124e+02
1.383766447713564673e+02
1.622434084904288625e+02
3.300905433411000445e+02
3.437196706031303961e+02
6.818370893108937025e+01
7.588767643841801203e+01
1.259345904072474553e+02
2.064837044589208688e+02
3.228829653902220684e+02
1.636163796160807919e+02
1.553470128442748717e+02
3.554144876220523201e+02
2.101936603449997278e+02
3.446058784231321397e+02
4.405320521334578387e+01
1.974499282054534319e+02
3.022508363019215949e+02
2.815111017923349550e+02
2.867201478570042923e+02
1.249847488462856546e+02
3.366600546941939456e+02
1.514123871365390244e+02
2.845344385277721955e+01
1.997493835099885757e+02
2.780778114605063678e+01
3.196218528863556685e+02
3.053946834145382283e+01
1.977972191019900094e+02
1.193142221224701132e+02
1.633485385636280682e+02
1.909450534095948910e+02
1.141825379738368014e+02
2.138755302902722804e+02
6.932736067744966135e+01
1.567138955708971650e+02
1.880798922333829353e+02
4.644828273932419194e+01
2.048976809785446562e+02
2.167337480474769507e+02
7.448585968692394488e+01
1.098432718660852601e+02
7.553513888286100553e+01
5.614769210278788591e+01
7.742859412472196823e+01
2.017631848394232748e+02
7.661516007036757969e+01
1.288279257723585260e+02
8.038262007730008918e+01
5.846638013488966124e+01
7.459201739075955118e+01
1.906024303804328213e+02
4.442165632734943159e+01
2.728088583887485470e+02
1.528608516521292984e+02
3.112646151222942308e+02
2.097739353542957303e+02
1.121604972478133391e+02
1.545251459881681626e+02
1.944322848564921742e+02
2.944464469952358741e+02
4.498742779622180876e+01
1.101720117305938373e+02
2.570489761622860101e+02
2.458255897338899558e+02
1.144133402159907433e+02
2.017668913213059341e+02
1.989589723824588248e+02
1.955641330826314288e+02
9.833348586260049728e+01
3.366984391723131864e+01
3.455668132965475934e+02
1.581421967510909496e+02
1.077395532895671693e+02
4.440053190885695500e+01
2.074752636994281545e+02
1.114913025420291461e+02
1.146543559294917998e+02
7.864667615995048777e+01
2.572455497635236270e+02
3.874418911203988358e+01
6.006486496541246822e+01
1.990656344387447234e+02
1.660508152616493192e+02
5.696305662286217597e+01
5.016698140788491145e+01
7.618611373934079722e+01
8.529009612492860981e+01
4.526308934928438532e+01
1.782292014264448312e+02
1.936474634653214082e+02
3.094797502634560828e+02
2.633166382554181837e+02
7.505289004927648477e+01
4.643851168196763268e+01
3.116799276664773544e+01
2.602692280528954711e+02
6.736302412666509554e+01
4.839987398944305852e+01
8.378303426423646272e+01
1.440396373851971816e+02
1.414085958468715489e+02
2.223394020481545965e+02
1.042735493073670057e+02
4.942336885613806885e+01
2.122164982111789868e+02
4.467411256572461298e+01
2.112915110821559210e+02
3.126740307829713856e+02
1.270222313823426390e+02
9.207990839725044907e+01
4.044545118161779129e+01
1.215616231422709745e+02
1.986040106894967323e+02
4.216205477259866541e+01
7.696839704532544602e+01
3.672797771585835847e+01
2.019445883170031379e+02
7.397406475779717994e+01
3.055467605690811297e+02
1.175181448538100568e+02
3.707879618008325906e+01
8.642094489244045974e+01
9.066061340411376079e+01
3.059577027768933135e+02
2.117602649887363953e+02
1.276337279219408742e+02
4.129780316164860920e+01
4.404216590406107201e+01
1.824610917197102538e+02
9.594156742391862736e+01
4.405832093546205641e+01
3.112840914462680075e+02
1.813164613248863191e+02
4.504004197510418095e+01
5.895915647087169731e+01
7.866068099301827488e+01
1.031726297833383654e+02
3.309167893394775319e+02
3.362363727557812467e+02
1.094516045523449890e+02
1.655284039303379586e+02
7.044773937901788941e+01
1.748242530897018128e+02
2.715423317667458605e+02
7.308210498605885164e+01
7.110327693294208018e+01
2.827486016958187065e+02
1.761005157880859429e+02
3.139922837393160648e+02
3.286793815154811682e+02
8.333901955639531423e+01
1.901240054528180963e+02
9.267151527382624465e+01
4.403227422287481829e+01
4.498676557530001396e+00
7.526892784046923168e+01
7.180695913051157220e+01
1.251711097789378471e+02
4.335714239353453081e+01
7.646546382913710715e+01
7.353541264985111070e+01
6.656203983507643329e+01
2.135057594989361007e+02
1.026206685551944986e+02
3.045457365070988658e+02
2.018492944046589628e+02
1.448728264314878231e+02
7.717312366318411421e+01
2.994090222843452409e+01
2.036316016916829312e+02
8.107522884262272100e+01
2.639753486847643558e+02
7.491167789456733317e+01
1.932601674240208638e+02
1.998810221278367010e+02
4.475533570395561611e+01
1.361303068547566681e+02
1.325574279876629191e+02
1.087750871779189339e+02
1.623784032578165011e+02
3.286753639076813016e+01
7.356767105815302443e+01
2.764294860193639636e+01
2.815913286445854169e+02
7.433644862056216596e+01
6.253414511569645384e+01
2.656485848262031482e+02
2.341001343897367519e+02
7.691284914511578563e+01
1.218233581052647310e+02
5.236349028257195926e+01
5.695734480167583058e+01
7.157784055884904717e+01
1.996210056302215037e+02
2.954057127582993303e+02
1.923364661099228954e+02
1.648306045867946636e+02
1.564251283474936827e+02
2.388942013331554222e+02
4.370307249839711972e+01
2.373470943933455501e+01
5.662485035601984151e+01
1.178744025915559206e+02
6.461551703976866179e+01
2.924160806619050277e+02
1.906295227814142947e+02
7.668986390551576449e+01
4.418059306168034084e+01
4.542660190578487089e+01
9.628658114469213558e+01
4.642893132869868111e+01
1.258495555153512839e+02
4.890294915793386821e+01
1.461893495027782137e+02
1.956244439216940805e+02
7.210370470587815817e+01
1.531210291228075846e+02
1.275534208380566099e+02
4.436659729156219356e+01
1.050671676672356512e+02
3.352471637583063284e+02
7.874656651360008652e+01
2.504473922104871164e+01
3.032505513490975773e+02
7.860454447410550927e+01
1.018815783184641504e+02
2.988957178365496929e+02
1.239928495836735323e+02
2.028089304384160130e+02
7.687633836126373410e+01
2.915247113135283143e+02
2.918108946346392258e+02
1.231188900807669597e+02
4.177038779675414304e+01
1.284341148586373436e+02
7.311222296508715601e+01
3.866134428661206357e+01
2.024402507971252874e+02
1.878041219571718443e+02
1.872320970983500956e+02
2.325711411596008986e+02
4.869894375137220521e+01
1.976862662491230651e+02
2.114862004372041611e+02
1.953677609628642813e+02
1.350050039251754583e+02
1.387861101111561766e+02
1.936286941734275331e+02
1.954822494782571027e+02
1.565441981893311549e+02
1.559749228504890937e+02
1.414593075301274041e+02
1.710982862739303982e+02
1.660277822957725675e+02
2.218098386249411931e+02
8.626505587838956046e+01
6.971169513583528499e+01
7.664054131497186972e+01
3.192878187585317278e+02
7.156309588242105235e+01
1.371836428734588083e+02
2.961319339679656650e+02
7.598905983831818389e+01
1.953873483406609068e+02
6.936796473820338349e+01
6.227892866552308959e+01
7.396550401499602856e+01
3.164268123669708643e+02
2.157911876615436881e+02
1.150434729650486076e+02
3.102461353044743646e+02
5.631689107743314793e+01
4.490855207007408012e+01
4.392515906234338985e+01
7.025094809320316358e+01
2.990989382700977899e+02
4.394652586998005006e+01
7.798532624414144721e+01
7.182049957016710096e+01
1.066733987463155415e+02
4.694045036957198391e+01
3.338481729695857325e+02
7.774075401930649321e+01
3.023281435589519788e+02
1.198920240910238846e+02
3.763997857948712635e+02
4.342108668787715686e+01
1.702704234333304214e+02
2.065518666409161597e+02
2.092979787440015400e+02
2.023278032601733400e+02
3.011998019650852143e+02
3.976008095005882836e+01
2.020603714158545472e+02
3.097267759661034958e+01
4.995459667474867871e+01
3.292436410322785605e+02
1.994083735006663289e+02
4.652303565226897319e+01
1.920971130205335839e+02
2.046580206503886927e+02
1.959808289976242861e+02
5.396480997932177814e+01
2.162248927138623458e+02
3.753864237463129143e+02
7.759461361827474946e+01
1.936466733361595232e+02
3.234038633990220433e+02
1.922627358578700694e+02
1.822114947163816225e+02
7.276591777493847246e+01
1.208981044522001156e+02
8.041516994842237409e+01
3.100630226144780295e+02
7.629349367700214657e+01
5.067684584909906675e+01
7.631725019350588468e+01
1.523623436779723477e+02
2.568924566193967962e+01
5.849170518386470974e+01
1.969580426415425052e+02
2.058282738916898040e+02
2.086632041492179894e+02
8.066939435923772805e+01
6.244278965551025351e+01
1.209372975707870808e+02
3.067266536374795578e+02
1.435976478717870748e+02
7.400653125386244824e+01
1.471788865537110880e+01
2.009535491069986222e+02
6.973761024449296997e+01
1.657086457071820860e+02
3.599072946286850083e+01
8.482393801735692307e+01
1.347930727776638662e+02
1.912362258402714303e+02
2.980074487574245268e+02
1.891299453893355462e+02
2.278966707360922044e+02
1.884792821694261988e+02
1.126783386169344396e+02
4.882524193794534284e+01
7.690979020381304565e+01
6.540789240412000538e+01
1.810166045733172098e+02
7.339055100253689545e+01
1.235840426872957920e+02
6.629250456894216370e+01
7.433401527874246995e+01
2.093127342479845083e+02
7.332454768427044201e+01
2.055696228410221806e+02
7.569492417419276364e+01
3.216862259642065283e+02
2.203916503275104901e+02
1.666645141458564865e+02
1.183264411574743633e+02
1.413611724489198309e+02
4.441885456979058944e+01
4.510012492341458312e+01
1.372795872554783614e+02
1.878289714931643744e+02
4.040901957676067724e+01
1.208918747279044084e+02
7.633160304492702153e+01
1.547456049108819229e+02
4.635030671300744842e+01
1.894016114281097600e+02
1.948739216509469827e+02
2.988404961690451955e+02
4.548195072114087623e+01
4.466890256911650425e+01
2.538706907822870562e+02
1.349375480341194020e+02
1.918722970667213303e+02
2.113959789790360588e+01
2.899487411556389134e+02
3.084174768878226587e+02
7.610108352850244273e+01
2.845055303274507992e+02
7.333179515689782590e+01
1.821986820002233571e+02
7.515954235099567882e+01
4.452087211054219296e+01
3.834700548259587549e+01
2.707381385409393033e+02
1.302476956653852938e+02
1.130080904431268181e+02
1.414043083351635488e+01
1.799323876346274176e+02
8.903172416391805655e+01
4.580307074077098406e+01
1.520664934860783148e+02
1.123322048816039000e+02
2.762213071820274308e+02
2.005527786430351966e+02
1.595078510812516299e+02
1.629619737415353882e+02
7.048789465353291916e+01
2.157563981395041424e+02
2.034689301834571324e+02
2.133197357132337970e+02
2.107406667076853353e+02
6.666472625375487127e+00
1.183463032857176529e+02
1.265775336532067001e+02
7.436460165789002019e+01
1.190172480299656854e+02
1.245962330286392614e+02
4.649078054146668393e+01
4.360195123663604733e+01
1.147844287900463058e+02
1.505422126367440967e+02
1.718760122678509390e+02
1.234993339420895211e+02
2.229223422611980538e+02
8.276491818631953379e+01
2.910272707666221663e+02
2.443942155350657117e+02
8.198179234779212265e+01
1.859776444572440539e+02
4.084162344097204311e+01
2.814907898053932058e+02
1.894279448322023995e+02
2.918186574814349683e+02
1.243131033487719321e+02
7.561210009291433209e+01
1.630717060228384696e+01
1.921051137902231289e+02
4.217683605994443496e+01
3.230334511915607436e+02
2.016317507397504016e+02
1.407834661789539155e+02
1.040816145178463472e+02
7.482257584373783743e+01
7.853808926539086599e+01
2.866893461373368837e+02
7.438699881568571470e+01
1.514595378594229658e+02
4.210265133899648760e+01
7.214475564290026455e+01
1.169907732203695190e+02
9.103271747290351357e+01
2.095356151230812145e+02
2.188345234164897875e+02
1.015695677478910000e+02
2.933765313719192136e+02
2.067676748197269490e+02
9.599630075342858504e+01
6.876299862712609468e+01
3.056555277725615269e+02
3.323416428993041905e+01
5.858318511649403604e+01
1.794941851510000390e+02
2.152190849638266457e+02
2.741630078758716991e+02
1.372501640485386361e+02
4.942808755334979764e+01
8.518232089672447671e+01
1.846203963132022068e+02
1.459709968835065297e+01
7.826260078915620966e+01
2.774624676256737530e+02
7.089167588370669648e+01
2.022612760277448558e+02
2.348980536386868607e+02
5.856909842791372967e+01
9.083048658462234926e+01
3.214707937429068920e+02
1.912012763266132254e+02
2.057873049002130301e+02
2.852878384098859783e+02
7.770670084895762386e+01
4.787562610036308541e+01
2.001743897778536052e+02
2.743822781444490033e+02
8.319784580218042436e+01
1.883161886365311943e+02
5.842753666730781248e+01
1.393324396588501486e+02
1.937465824781400556e+02
2.104750093566419764e+02
9.279593973377750160e+01
4.101438944801411424e+01
7.236035007095887295e+01
4.416110908288084858e+01
3.308625571652624444e+02
7.231884378636806332e+01
1.156417564497245536e+02
9.466327305685265969e+01
1.014528890893763702e+02
7.846511972300184823e+01
1.980628109567439310e+02
2.326539120336186173e+01
3.098340713806214239e+02
4.527670762541325189e+01
2.156271191445403872e+02
3.102458158053196371e+02
1.246942223620637265e+02
8.187648332878657698e+01
1.186325409504263035e+02
1.229681007633185743e+02
5.937732825620740584e+01
3.632593114820193136e+01
1.776638573170628987e+01
2.908449148336585495e+02
9.603539853850158181e+01
2.061783597149865841e+02
1.887808346668508364e+02
6.325566344129201468e+01
3.134189795825303690e+02
2.243702590880304228e+02
3.205172498939316483e+01
7.761004501931566324e+01
1.453883074582938946e+02
2.083697681713178156e+02
1.944496606918217196e+02
1.371129405667045660e+02
7.033784534318344583e+01
3.998922045303972794e+01
3.050882024429996022e+02
1.249212018162965450e+02
2.696290513689876889e+02
5.552347789388772270e+01
2.057449781381491505e+02
2.075260334563401159e+02
4.904551675469349448e+01
1.553942691911769884e+02
4.666994620843261998e+01
1.711419092421911614e+02
2.550075134687789387e+02
3.063493754703574155e+02
7.228575115188503730e+01
4.608345362347536778e+00
1.790349832142401283e+02
2.188459628056636745e+02
7.451012339882271363e+01
1.692112595844118914e+02
4.371403226081672955e+01
2.082017404091220101e+02
1.209004430833745545e+02
1.052380583325630994e+02
7.757074577905147805e+01
8.235551719042103969e+01
2.004760926519635973e+02
2.641035697190908422e+02
1.608073990049738882e+02
8.407022401723210692e+01
3.134758437842609169e+02
1.046199649893402608e+02
2.229804685976559142e+02
7.631394950111000242e+01
3.652850089351309748e+01
1.236781993705206446e+02
2.206805003802267890e+02
2.010757942230802655e+02
4.636785608413352833e+01
1.650422386622102238e+02
1.954822456519022182e+02
3.189366145552520493e+02
2.667390888715000870e+02
4.265733365864262083e+01
3.045403791154178634e+02
2.874578173260615443e+01
1.356375806231702086e+02
9.869265352580298156e+01
7.211137135847131674e+01
1.970853140192984370e+02
1.953777460945646567e+02
1.446305296153700795e+02
4.579471071336979549e+01
2.635068093395415758e+02
3.804599313209724869e+02
7.727211033390393879e+01
3.129753075369707744e+02
2.574962157370410978e+02
7.484470076883049217e+01
2.796614060039788114e+02
2.056742086441853985e+02
2.191937923238685073e+02
1.978029629948833019e+02
2.925523805992835378e+02
3.005837338779260222e+02
1.983310313913884784e+02
3.836974741363293333e+02
3.636857818886230831e+01
1.204533317094242051e+02
3.274930387932942608e+02
2.068303428729462041e+02
6.402635067134218616e+01
7.216321021021386173e+01
3.163471164957553583e+02
7.425491362946615936e+01
2.657166374245380212e+02
2.160143821030242464e+02
5.860259526405474872e+01
7.303416903686240857e+01
2.003933048444761411e+01
1.206955414174141481e+02
1.643487187140260630e+02
2.149814197981265806e+02
2.918207571393364219e+02
3.917219972455595212e+02
2.060559733672951950e+02
2.659905250645263664e+01
2.029433359419159331e+02
4.955012652286764308e+01
1.077734464820862712e+02
1.909229381700625368e+02
1.179592366239990469e+02
2.944653654576392796e+02
1.276875258279222578e+02
5.020588591120841926e+01
1.233943454663630916e+02
3.515088937830405058e+01
1.235517996053999497e+02
1.989965365047264072e+02
4.460087457369902353e+01
1.616472793045927858e+01
1.920874294509692675e+02
6.968581065461128787e+01
1.917990765138544305e+02
7.834735595070290515e+01
7.053540225031878208e+01
2.067320209393195398e+02
4.026062065146608404e+01
7.501793356141361357e+01
4.441577664029274075e+01
2.063498583783622848e+02
4.659534327018204891e+01
8.513386025424810555e+01
1.148303559992569660e+02
1.976200187660768108e+02
1.892689677134854662e+02
1.775751751365559414e+02
2.247501202376589333e+02
4.824659630720087478e+01
1.867200843295842105e+02
3.247194501501361401e+02
1.894994852228838340e+02
1.945192120739837947e+02
4.652921470662815295e+01
2.526800022735206852e+01
7.212444476810746607e+01
7.347107955445977723e+01
4.502592966359382132e+01
1.040552186857003392e+02
1.807833286296699669e+02
1.621783049195601905e+02
1.961447477224648139e+02
7.827146242316275959e+01
1.955265843166676802e+02
7.286951287402182231e+01
7.540440633810216298e+01
3.884765162281971129e+01
2.362362192781277770e+02
1.869386899625347667e+02
2.867370862948415606e+02
4.917946486034729503e+01
2.113463908285122557e+02
2.762082033852877316e+02
1.887183460262423296e+02
2.052816243817154600e+02
2.190840125531003650e+02
1.312369236172430931e+02
2.651993775885107496e+01
4.660950975747613256e+01
1.035670997852533475e+02
2.570935074553221966e+01
1.635858494223886339e+02
1.795940671029977409e+02
3.185159529372688780e+02
1.315148343677869036e+02
7.841744030712057167e+01
7.477233533703812896e+01
3.535065221427794313e+01
1.193558079235084790e+02
1.688665184216115449e+02
1.241220073907627324e+02
4.392781718690174841e+01
7.678646585802910352e+01
3.121081376452380596e+02
2.867099040913190038e+02
2.019125059711046219e+02
4.767066376887209600e+01
1.928956679094802666e+02
1.535925551558206621e+02
7.169986371084908683e+01
1.045423758342418949e+02
1.907289227041620165e+02
7.504830304863666868e+01
1.272320475261532664e+02
4.568325440873047683e+01
6.870592131863752172e+01
4.260479057133250080e+01
1.504085093548689542e+02
3.202013032101129397e+02
1.954271362428121961e+02
7.329126018805597198e+01
1.544962360995320125e+02
3.469192593871474628e+02
3.027486274675032405e+02
7.310089328672808051e+01
1.232909691718168403e+02
1.500175860319083370e+02
9.609426702517914975e+01
1.283472284400363606e+02
3.043141244294778858e+02
4.610524237835763728e+01
7.719073223925516913e+01
7.818315391490580168e+01
5.363947562406675473e+01
7.021731369577062765e+01
2.142352678493963225e+01
1.265694171490384576e+02
3.116869458012660630e+02
3.175481792482908077e+02
2.178345132908729909e+02
2.991794151863766160e+02
3.556692337168494191e+02
1.878584500378964037e+02
5.000871369116708820e+01
4.550814920012781783e+01
1.696842858014870785e+02
7.446690848742959190e+01
3.293617155618937886e+02
2.842012387646989424e+01
3.109654670885705059e+02
5.258420437637682454e+01
4.454141052003232915e+01
4.430093841630969820e+01
2.025320077227611364e+02
2.956233328143089238e+02
2.248419280168167589e+01
1.354432362548166111e+02
2.264982064490555160e+02
2.036261380989405367e+01
1.375790461581003115e+02
1.887326423978225023e+02
1.854272966117073906e+02
1.938632178115982185e+02
3.254301752898466304e+01
1.242018700322247327e+02
1.311907412268287487e+02
6.425853637687029618e+01
2.435188222595231977e+01
2.004210520144442285e+02
1.970721920101725573e+02
2.122033986126118066e+02
1.157454476392698695e+02
1.695426980819752316e+02
2.071491716114717576e+02
1.213854891813358279e+02
1.422154994029889963e+02
1.049304831569628789e+02
1.328694770106639851e+02
1.039251618694996182e+02
2.289047418756689467e+02
1.960583419734833228e+02
4.208081318439428742e+01
2.424771839696424820e+02
1.914117905081185427e+02
2.017426521858751869e+02
1.305191789708442798e+02
1.549921500098487854e+02
1.366158093789619272e+02
1.196372746832246605e+02
6.653293114961465449e+01
2.719486084722165629e+02
2.018861052897212573e+02
3.036124586289935792e+02
1.215373576772981323e+02
1.974855400930794360e+02
2.766432264658363351e+02
1.980924056247743295e+02
2.125703697829287364e+02
1.795755155550839390e+02
1.818489836897645660e+02
2.963064650412878223e+02
7.421475915397964229e+01
8.160504412504901950e+01
1.611436321524806488e+02
4.730096080669365222e+01
2.973298390107219120e+02
7.845374578077948513e+01
2.982547238829379239e+02
7.244788460058299506e+01
2.147784489186425105e+02
6.708609158346054357e+01
2.038282761558757556e+02
1.570459542913259270e+02
4.519952060845113095e+01
1.627403148847095622e+02
1.774471561595157425e+02
7.646220807802578179e+01
1.862744376854447523e+02
2.028388254859918618e+02
7.387178423021784113e+01
1.933529062540892483e+02
2.835144974077647930e+02
4.452013286484573484e+01
1.265075913956507918e+02
9.888425738200417925e+01
2.804589473014175383e+02
4.348616719050053803e+01
2.918311215025347565e+02
7.419887900435334416e+01
7.640081107957890083e+01
1.577467036653698358e+02
7.634435888673652926e+01
1.272186180659080179e+02
7.402034702704970925e+01
1.346510474401897852e+02
2.052581731004737549e+02
1.136714441639463047e+02
3.878955393525848763e+02
7.439436764569414606e+01
1.289554756653883203e+02
3.337136403679153887e+02
2.988431968497756657e+02
1.968788723918303276e+02
6.861231213542326657e+01
4.593715981762653655e+01
1.915220072181347746e+02
3.057877937091759577e+02
3.010792668697206977e+02
3.005038780520150681e+02
1.910596066716734356e+02
3.121248969002097056e+02
2.767383583081551706e+02
8.062761945293998167e+01
7.460761580041693719e+01
1.070306187175370241e+02
1.467319839877249308e+02
2.288166425907241148e+02
8.236461003593410624e+01
1.985985499493700672e+02
7.407776642345956475e+01
7.862128740122460613e+01
1.991446696448278715e+02
8.928773669566888316e+01
1.918566187137624865e+02
2.588303027610799845e+01
1.809181457550160417e+02
7.822193825736630401e+01
1.653049390410486978e+02
7.241526683464019243e+01
3.394149446292779970e+01
1.554155808579317863e+02
1.738777561322056329e+02
1.276371170716286372e+02
2.056333427251490207e+02
1.915940273763074231e+02
7.153031903186023044e+01
3.688088661383936824e+02
7.937925388425354356e+01
6.977644113047702490e+01
2.288534166084251638e+02
3.114104312303741153e+02
1.786045327030557246e+02
7.556391162708719378e+01
4.297156341129667112e+01
7.189054406369871231e+01
2.770909371615434225e+02
7.409099151509394687e+01
7.120669299261258800e+01
7.674764278243702620e+01
1.943166509562620945e+02
1.991614066188422782e+02
1.720833708574211300e+02
7.625445529734048478e+01
1.628073926758607399e+02
1.213272942989722196e+02
1.618875017042464037e+02
7.815237229313692069e+01
1.186833282889666634e+02
2.112428190639287493e+02
2.099746295552378115e+02
1.666080375154898547e+02
1.451353924892322027e+02
3.074879063836821729e+02
4.345971964983990432e+01
9.023380136001476615e+01
3.228836193589697814e+02
3.087204409887480097e+02
4.558572101036872937e+01
1.407529860374731925e+02
7.428946272619714364e+01
4.286910192793557428e+01
1.965550027884550275e+02
7.848735060265121888e+01
1.122470749141869248e+02
2.685946429337622590e+02
1.225429081315045607e+02
3.910511306984568023e+02
7.398742771375458460e+01
3.114775904655906515e+02
7.338095452713592692e+01
1.151873682712612919e+02
1.247588664877060154e+02
2.437076393941553363e+02
7.417321151910184085e+01
4.425805523175862533e+01
1.858332682997159679e+02
1.854894411700016974e+02
2.020934688654058675e+02
7.572560342616176854e+01
1.158341410755961363e+02
1.098966435721171564e+02
5.575907093199497666e+01
1.510279223495681151e+02
1.678121612748479947e+02
2.894797233217724397e+02
1.993747399071818336e+02
4.569436298631948290e+01
3.007135457909286060e+02
1.183126517514445908e+02
4.246940681982298571e+01
2.463602757675285204e+02
8.673650148610460064e+01
1.036324773754412263e+02
4.511124312076197640e+01
1.165425501232492707e+02
2.134402233514045406e+02
2.024999536222038614e+02
8.315676176986691814e+01
1.848431829783794456e+01
1.523925657427100191e+02
2.165489562503389038e+02
1.861874274307477890e+02
4.614859823120855253e+01
1.965465080278299297e+02
3.902330640446451326e+01
2.027269316042434468e+02
1.840780405401019379e+02
1.479411531240233728e+02
2.018922821192425943e+02
4.364641460968022812e+01
1.782941494793628863e+02
7.872569241029388820e+01
1.994763758336015371e+02
4.430555363607590635e+01
2.285245399582215100e+02
7.290116517804028717e+01
2.101972963983618854e+02
1.797309037215834735e+02
3.278753336482764666e+02
2.182788051012483663e+02
7.361029576598691904e+01
2.210559054903377501e+02
4.676780963236253541e+01
1.877309561338203991e+02
8.576301994268904139e+01
3.270165310735898743e+02
9.479357363891372756e+01
2.188366625790887383e+02
2.265063297160573654e+02
6.891229233213250893e+01
4.134126863850210754e+01
7.349409888779914013e+01
4.416658441472778662e+01
1.756271417863018200e+02
7.486329520535252868e+01
2.818849755445045844e+02
7.594512301539559473e+01
2.266038682455088633e+02
1.785338639080802068e+02
4.694775308563890093e+01
7.703898496469818724e+01
5.915656901123066547e+01
1.464660367841394759e+02
7.822100848266491369e+01
7.813033868881196042e+01
4.335351916172149345e+01
4.468176800901855472e+01
7.366138308335551699e+01
7.225603964547404701e+01
8.374906631939384738e+01
3.242702267395296758e+02
