1.138630974129471554e+02
1.983829004662887314e+02
3.977046566112002779e+01
7.252092106145479988e+01
2.040913183166761655e+02
2.199671399215042698e+02
2.366602809130280605e+02
5.632603281599460843e+01
3.128615236605305654e+02
2.017853877391979722e+02
1.835409047887829956e+02
1.483863209133589862e+02
7.312414786446825588e+01
8.660620339667038081e+01
1.367580543674613409e+02
1.991282991197299168e+02
1.920323703868715768e+02
1.124191445123369704e+02
2.535835835221932655e+02
1.497620012864475711e+02
1.950790800739842155e+02
7.538658086515141576e+01
1.311320999295474223e+02
4.481725972615220144e+01
1.178880199355520375e+02
1.563220690945941271e+02
1.185226524788610050e+02
7.592006727322878135e+01
1.752611449555758725e+02
3.297320371727263932e+02
4.572496624840470503e+01
4.855725503155955636e+01
1.991087398314674033e+02
3.773229335323024998e+02
1.046453370549132984e+02
1.116383108291131521e+02
3.135137786527495791e+02
1.046495123660016162e+02
1.292894810007759645e+02
1.973863027753893391e+02
1.178408669005792433e+02
7.385068747211965956e+01
1.168386468083532748e+02
1.230350608371646359e+02
1.615140864366682081e+02
7.532581193236990202e+01
5.880015018494268730e+01
2.853959228599227345e+02
6.288433488054835152e+01
7.172352203807282933e+01
1.657423663049536344e+02
2.815866199032221289e+02
7.718355938765756719e+01
7.252609578127966472e+01
2.727628488337931003e+02
2.173222042531042746e+02
1.631688250720057738e+02
2.919289776640503078e+02
1.102424758350362310e+02
1.927978744139687137e+02
1.258179016348671411e+02
3.263908248574003892e+02
1.178826581448713000e+02
5.697244474137172432e+01
7.146572243816801517e+01
7.064607603227378263e+01
1.447274833258177651e+01
1.732222377418539168e+02
1.941135515457487202e+02
1.845322492817700777e+02
7.516628290177534666e+01
1.092257868152563134e+02
4.227668400896460099e+01
1.862809753389584344e+01
7.788743619555498299e+01
7.384662070924395039e+01
6.501426028365619914e+01
2.112393452300240710e+02
1.611738797485251098e+02
2.114098334011407232e+01
1.834626728328859713e+02
2.861161725578219261e+02
1.231133362552882886e+02
2.023551407880299280e+02
4.180061600268254551e+01
4.417337011136150693e+01
6.336324719155134488e+01
1.867635707493823816e+02
1.209524970355787303e+02
1.991013045939521646e+02
1.310862711256243074e+02
6.988084495204535074e+01
1.110518729224584966e+01
1.129030644053270152e+02
1.155316749081007970e+02
1.674717052362712195e+02
6.944886681170011400e+01
3.237384201977734506e+02
3.021003987074559518e+02
1.942625666769669408e+02
1.693920380203375942e+02
3.024566858900687549e+01
2.499363937289106730e+02
9.733274043200992764e+01
4.861003108577559573e+01
4.478187455791002236e+01
1.883416935113118313e+02
3.034920999002325175e+02
7.970005675873368034e+01
3.533776078535732523e+01
1.928148334139899873e+02
2.944778935204782329e+02
2.166591117013596488e+02
2.302049159692732019e+02
1.914235370150013580e+02
2.915073735100066443e+01
7.303383656942456525e+01
4.731778903947255088e+01
1.839536501898353720e+02
7.390574041791631998e+01
1.951237253550812341e+02
1.205592575571184426e+02
1.044685361161713644e+02
1.915913835843189261e+01
7.207801668826050445e+01
7.805600641810235629e+01
7.341216751334137314e+01
2.104925017648242260e+02
7.671883104637973361e+01
7.109903932433567775e+01
4.384465732868071797e+01
7.863935143653175430e+01
5.293274290613170052e+01
2.160976710165123222e+02
1.583373909816250205e+02
2.982857981612648928e+02
7.817139606844662580e+01
1.659605003436358288e+02
2.058565806793829438e+02
1.880203435539939960e+02
8.584708781326558835e+01
2.078010784185013904e+02
1.887572891141284686e+02
2.966293770393633622e+02
2.522115611037014276e+02
1.186817265534055963e+02
1.941855797227305800e+02
2.480000231327763061e+02
3.093728885337940824e+02
7.946882343381089697e+01
4.367981386143610223e+01
2.175260729377146447e+02
1.219158873074148204e+02
4.281914627074020530e+01
1.253796613027574693e+02
2.859302630946971817e+02
1.476968798181329134e+02
1.914253048738978862e+02
5.840751821716301606e+01
1.902158544073741950e+02
9.102874064934734122e+01
3.151676043181656723e+02
1.858562120878956705e+02
7.191470462705748901e+01
7.689309947272290913e+01
2.832410365063266795e+02
4.383027189401599344e+01
1.462498174596361480e+02
3.109519775726866442e+02
1.980293373694374282e+02
2.221670952108866288e+02
3.014119458808439163e+02
2.746830605015394440e+02
2.364784239161548669e+02
1.535439352377622981e+02
1.669971069889317619e+02
7.178122244191727930e+01
7.505174695189982970e+01
1.691238443450327225e+02
9.707675758694630019e+01
2.732725106058008180e+01
2.602448650775044712e+02
2.799635774903650827e+02
8.500272855997575050e+01
1.074936075014870482e+02
7.576448838869818303e+01
9.930779953172019248e+01
7.363210628186240569e+01
7.757085247867208011e+01
2.137908476581313550e+02
5.517737360108658606e+01
7.486430057620216871e+01
2.025059122682199586e+02
2.059694539500358985e+02
7.383789354757101364e+01
2.100782726087871026e+02
1.974133598218899976e+02
2.358041494985214683e+02
1.232360912815967851e+02
1.979148305155854644e+02
2.481542689550536096e+01
4.095922070729174891e+01
2.034279496332575832e+02
2.852323166251294495e+01
7.698194989583394943e+01
7.139931833908215708e+01
2.070901574255599371e+02
7.773217367969591862e+01
4.542689978599904066e+01
1.078954103132040245e+02
7.496306954711663195e+01
2.111982882655692606e+02
1.074695517170438848e+02
1.028090734271803512e+02
1.310801869638712276e+02
1.097983865779698931e+02
8.528808500552898408e+01
1.114512587800200265e+02
4.391337285786721623e+01
1.481156017547073418e+02
4.424600295590814625e+01
2.883082551438425867e+02
2.533901473089345302e+01
8.767779716224843867e+01
1.236604548420905019e+02
1.568742036316728274e+02
2.668749673444425525e+02
4.285007480537478131e+01
2.025295534889012856e+02
8.353137659389356884e+01
8.688435058389937637e+01
7.435355012709578659e+01
1.201249796309193698e+02
1.919194484747779939e+02
1.007042365199555007e+02
2.871207152749872762e+02
1.244472434029966479e+02
8.306572011342201733e+01
7.186104996494006514e+01
9.140532114176407674e+01
3.054031538045925913e+02
7.432064487775187445e+01
7.836879383383411835e+01
5.602956826669139900e+01
1.860964545856740529e+02
1.421128936236393656e+02
5.403809686249477551e+01
1.245234825032476635e+02
2.983778573681256603e+02
1.344148231453792732e+02
7.818898366417730017e+01
2.038163779484239058e+02
7.439703066479239624e+01
1.216615978612348243e+02
1.189761498801642432e+02
7.843378294830692710e+01
9.522861686284652194e+01
3.526191687641600083e+02
4.731450869206638998e+01
3.314398941437920598e+02
2.990624905728188310e+02
1.580955463605752414e+02
1.111931792919603197e+02
3.358337825264983962e+02
4.194993564549561427e+01
7.255904594953824471e+01
3.485642429191418046e+02
4.324835194217649814e+01
8.092180981047745547e+01
6.440778494516246155e+01
7.354604333362394186e+01
2.987194305054931647e+02
4.932562511136756456e+01
3.036459714835760337e+02
1.067517482898670238e+02
7.409465947713900391e+01
2.157457224480234004e+02
7.214166580149367292e+01
2.103710288073302479e+02
3.361104611405600053e+02
1.964325206491403435e+02
2.528817777133136531e+02
4.612196226037705316e+01
1.020986992285904762e+02
4.033372569553871045e+01
7.915133961117541617e+01
2.013752539378530741e+02
1.733355391319221610e+02
1.953121490518838073e+02
7.891333378296222634e+01
4.152856845631297489e+01
4.074568419465084190e+01
8.591500393614435893e+01
2.434999219310307339e+01
1.135933279529656801e+02
2.527159042723627991e+01
1.231306735064173523e+02
1.208693007173400247e+02
7.119951844563998122e+01
4.419827984397382181e+01
7.334954125660401303e+01
1.039472312159649192e+02
7.878073252058787546e+01
3.898113678277724148e+02
1.180471453534264157e+02
7.427115567829538634e+01
7.255583163951052939e+01
1.122757647560510890e+02
1.634652651756216528e+02
1.720426289510498634e+02
2.646983533693604329e+01
1.079710405836838589e+02
5.951091607826278107e+01
7.852228789169882361e+01
7.469015247997621998e+01
7.328819381933638510e+01
1.921791064017918416e+02
7.428200152991198024e+01
2.916833885642774362e+02
2.497525655631170309e+02
1.005705579687655131e+02
7.153628159928200603e+01
3.291753938548451970e+02
1.813950459502495391e+02
1.286439651358981280e+02
7.198529200543022455e+01
1.903906497222439498e+02
4.748600215163055083e+01
1.282831433447152278e+02
1.455603294574797246e+02
1.948325632829620133e+02
2.924011235022843493e+02
4.320460528318044879e+01
3.134690724838011988e+01
1.643022909507913596e+02
8.158971469041553348e+01
8.223799523187348370e+01
9.087091883557347671e+01
4.450236120347164359e+01
1.966736066599339097e+02
3.930985834648556221e+01
3.011985918715423054e+02
2.324821456183030932e+02
7.832708589046275449e+01
1.152393523595445117e+02
4.341726666625049091e+01
1.085001358260213067e+02
1.946579496988140079e+02
1.206120439353032765e+02
2.052398655609645743e+02
2.474419009340454352e+02
1.427931441265785679e+02
2.046777460684103289e+02
2.918695973651578583e+02
4.851261270742720910e+01
2.212027016064786551e+02
1.339825004922463734e+02
2.235292388508995600e+02
1.034518322880950052e+02
1.947478382137653341e+02
2.841365221771232541e+02
1.646385517058652397e+02
4.783750041951451948e+01
1.543822839633304795e+02
2.810612583488497194e+02
7.585655665422152083e+01
7.375611272024281106e+01
4.983608284819998602e+01
1.420967442982308171e+02
2.034103169789481669e+01
3.005989597399824333e+02
1.225027027530391734e+02
8.955498970753050969e+01
1.092707441841117202e+02
3.177877601080776913e+02
1.149913608397689835e+01
2.779530905574776511e+02
2.070803637556986132e+02
7.545988497781263504e+01
3.141281874639441298e+02
4.524271759215547206e+01
3.011176586770423569e+02
2.940502540409534618e+02
7.485075525437599708e+01
3.701886909704218169e+02
2.817746633792235684e+02
8.144003790944293542e+01
2.944957711445850350e+02
3.444092838581808991e+01
1.003307942665984740e+02
1.233851538200557343e+02
2.183714850351634951e+01
3.086442268041928969e+02
6.541388830442880931e+01
1.394119263091045298e+02
3.125460592131449289e+02
1.263892685008676722e+02
2.997299531527918361e+02
1.370948124577862757e+02
2.701098622665691096e+02
2.081048104565071242e+02
8.933756054034896010e+01
2.826739863099526247e+02
2.767346185456383409e+02
2.424538088015987114e+02
1.216845995153297366e+02
4.662363245367327380e+01
2.030144401665525606e+02
2.865999322590888596e+02
6.738915349899070861e+01
2.114542890529076544e+02
3.283599026122428199e+02
4.263444331761302664e+01
2.609977954770836917e+01
2.002573153196743760e+02
4.604092107041770277e+01
3.395608026060037332e+01
1.872129508198684960e+02
4.253881417561913025e+01
1.113225072456718436e+02
2.708665707696317426e+01
2.835890614372212681e+00
1.643983909372397818e+02
1.008715222697633891e+02
1.436788563920341346e+02
1.942712428264876223e+01
3.542681953863215938e+01
1.238479860308082579e+02
1.904343013273972645e+02
2.462925569696112973e+02
2.909739973478610864e+02
1.899112538892593989e+02
4.536432354493830843e+01
1.251552800975850204e+02
2.880451920848157101e+02
7.446256802914783179e+01
7.040543512279474214e+01
1.987172145849575031e+02
1.549311327814363892e+02
4.655496950210253004e+01
8.525076040657296517e+01
1.717857440867583421e+02
2.902135924584247277e+02
7.521743463691529996e+01
1.792248937064656786e+02
3.029309355119556244e+02
1.870135703818796173e+02
4.591919600744910213e+01
2.839355435996855590e+02
9.974676289198058043e+01
6.389518927763337963e+00
1.937041688153959740e+02
1.142091288760409498e+02
3.022005262034878683e+02
8.451084419238812018e+01
4.147597056337154697e+01
2.970625508388793037e+02
8.026094332415151200e+01
2.951932361791957078e+02
4.313333899500032231e+01
1.970257159385759138e+01
2.831597964270488887e+02
2.076860521545788743e+02
2.044906971831122178e+02
1.754914405811085203e+02
9.583744990188343138e+01
3.140886520443611971e+02
3.118386165909906822e+02
2.874216569275395159e+02
2.018701632253222726e+02
1.966899016984511093e+02
2.961846743111156002e+02
4.478266871784185810e+01
1.255868174329053062e+02
4.829503116831769916e+01
4.655990527094660081e+01
1.666120996013878539e+02
4.014715999310228511e+01
5.227730473498081665e+01
1.087046363793577370e+02
3.010262756675940636e+02
2.799832996184065905e+02
3.233324712065621611e+02
7.308296349932642499e+01
1.119304440814677122e+02
3.131308198651742032e+02
2.998787908763859491e+02
1.207173193279179486e+02
2.047311164874120095e+02
4.406050362485085259e+01
2.020189104579817752e+02
1.051198084627389164e+02
1.277334557634969485e+02
7.463945632411697773e+01
1.586099990254440968e+02
1.131016422540958928e+02
1.417463080812085536e+02
1.005309601186065436e+02
6.625894009505329052e+01
2.059556228974592500e+02
2.088573183489930045e+02
2.531468996791224413e+02
2.060338003503607069e+02
1.225856878807999664e+02
1.177479789272988029e+02
7.298888872785106230e+01
1.268190154006183974e+02
2.204452869530857981e+02
4.220298164668515994e+01
2.132046785045145612e+02
3.063579119585827470e+02
6.852913034511588819e+01
3.111821266280829263e+02
2.015076200018160080e+02
7.598790737518478977e+01
1.206294726841835825e+02
7.305640570175917503e+01
2.126178953464631434e+02
7.754108782293486968e+01
3.232390642242359036e+02
6.371381463079097784e+01
3.392775711843569866e+02
7.611487917470273601e+01
1.153742511310151855e+02
1.067467175169847593e+02
1.177775259712835343e+01
2.392768167948380835e+02
3.078683678542286088e+02
3.154463175105855726e+02
2.413772807716685520e+02
2.712398652125135072e+02
5.308228758281838822e+01
1.229394922341938354e+02
7.704270270409872978e+01
2.624849085373647881e+02
1.184518859563595754e+02
3.082087034642484582e+02
3.158932443878665026e+02
6.308962728177034762e+01
1.891729844836133054e+02
7.582913512448928373e+01
3.053345829539025544e+02
3.149974024087288171e+02
1.174210792158734336e+02
7.407196290431602392e+01
5.742213377786747941e+01
1.102456167383872838e+02
1.106961906831716504e+02
2.023253357109204842e+02
2.201835126079530980e+01
2.375654284801283325e+02
1.949305210998486189e+02
7.325446208532436287e+01
6.774260081801624267e+01
3.052470959537964035e+01
8.559686570941342154e+01
1.614110083955213213e+02
3.080090038269860315e+02
2.467523822532006648e+02
1.743985821129442115e+02
1.806163682522145564e+02
1.905433338172629760e+02
1.460205250350521737e+02
2.983474799441247001e+02
3.915785828894879614e+02
8.378545101026257669e+01
7.144237158056309056e+01
4.393423484059788109e+01
3.174315376477025552e+02
1.288549864633277195e+02
4.955477368505071212e+01
1.393114182731853816e+02
1.516380456073843277e+02
2.969431199444153435e+02
9.967840958223266057e+01
4.556989366542973130e+01
4.175950128051290022e+01
2.007051960999035884e+02
7.934343368868982793e+01
1.164388401782828879e+02
7.665547089127720426e+01
1.987449622780181073e+02
2.797774080862778874e+02
4.482485952006949503e+01
1.696064353508473062e+02
1.473818932664567285e+02
4.751939794471550016e+01
1.402559383730132083e+02
1.482622629446629787e+02
2.126475312632653072e+02
1.615651787653019156e+01
2.083103483284802167e+02
1.866382728571456084e+02
3.021696836074101498e+02
1.957187531878491313e+02
3.285347642423698176e+02
1.389465892284083850e+02
4.679849263121706571e+01
7.769744659482502414e+01
1.592575540418671949e+02
7.590883726887336991e+01
1.809274655630970301e+02
2.924058081869549710e+02
1.740894956240593388e+02
7.808403240066580508e+01
3.401139559037257527e+02
3.123384483834858543e+02
2.868297610080921345e+02
3.492160744314481917e+02
1.319274809846337462e+02
2.999751760313942555e+02
1.414985033530905696e+02
1.289122896096206432e+02
7.985057367883271695e+01
1.144850666667363583e+02
7.569635527911914608e+01
1.104782009016740716e+02
2.840905360243559130e+02
1.158583631286889357e+02
1.676407815606883673e+02
1.944952238030804494e+02
8.094754680233015165e+01
7.408668876095433120e+01
1.195162870541897746e+02
4.789738311763219514e+01
7.375605511949973447e+01
1.344969107920450426e+02
1.580607765887240532e+02
3.996826371021721798e+02
2.822322511553816184e+02
4.441066400573739514e+01
2.053719827641666029e+02
5.856642155770298075e+01
1.335263993624789407e+02
1.951727351731505280e+02
4.479416344797910199e+01
1.232039046867244139e+02
3.500173788766002190e+02
1.769256711148845511e+02
6.585899892877618811e+01
1.856731308507463893e+02
1.762178569815945650e+02
7.742513451150509241e+01
1.229855404663113916e+02
2.259363535460743151e+02
1.238842629585247579e+02
2.900314584080002192e+02
1.083151536776005770e+02
2.067515206997059636e+02
2.054992344096898194e+02
1.818628712659118207e+02
2.114895253513984414e+02
7.776578144874261511e+01
4.976689914246088620e+01
1.070124323450678503e+02
1.989989889121476949e+02
4.491191212773689756e+01
4.729768864175385090e+01
4.446712418066706363e+01
1.696607091557819444e+02
7.393222918712612568e+01
1.331792143155448116e+02
2.072094440116675003e+02
2.288074873635899280e+02
5.909648460983451201e+01
5.140445460456763271e+01
1.555826424076246894e+02
1.286116363494708992e+02
1.835487896800912608e+02
2.431671842009943703e+02
1.094830574351576615e+02
1.223183586875137365e+02
1.879208930434170668e+02
4.336629076244836511e+01
8.182568613272756863e+01
7.542530264483471569e+01
3.112635656498538879e+02
7.723530174806373338e+01
3.576519148333428433e+01
2.119489998177654115e+02
2.663660904764315660e+02
1.354384021475244992e+02
2.128572935022464563e+01
9.944103399454203895e+01
1.586074181642961456e+01
1.228083408343787113e+02
5.249934117771606168e+01
7.132336348255796565e+01
4.717628015634503669e+01
2.840810024549800801e+02
8.983224435272069286e+01
4.696635480280914976e+01
8.475688359236521308e+01
2.079720505898295926e+02
2.205738712101641283e+02
1.967052207140515634e+02
9.903873297674839193e+01
3.173386717765737330e+02
3.142680699422482462e+02
3.059470374954657927e+02
3.614628134680629046e+02
1.111582126197241109e+02
1.908248259221645924e+02
2.120953080866866856e+02
5.135783075304774314e+01
6.042258341460549786e+01
3.279318523298471746e+02
2.287039221788573684e+01
2.048068335355489751e+02
2.272352017679008611e+02
1.483206030859045654e+02
1.173672779779340090e+02
2.028805980359780108e+02
2.839520505792410177e+02
2.143647612812950172e+02
2.063144123938911179e+01
1.907318817708692507e+02
2.454403704546552660e+02
2.981413584136673194e+02
2.564505493389075355e+02
1.121824426159440549e+02
1.108088973167704978e+02
7.611234781173416764e+01
6.128227612504421273e+01
2.008098917191270232e+02
7.015950459700903252e+01
1.942838232411833417e+02
7.730436036129893296e+01
1.227132051351598960e+02
1.866339689863040405e+02
1.600321129333373449e+02
4.607002215646404863e+01
7.646955268919319337e+01
1.180329082103143321e+02
1.180847114965186364e+02
1.174361111550534531e+02
4.575244133182663120e+01
3.050204752743784411e+02
3.283467960453157986e+01
2.111513608378534741e+02
4.763775197885841806e+01
4.386563140202151345e+01
2.596795663563788708e+02
7.547141094910480774e+01
7.888074445279988822e+01
8.932144028737876340e+01
1.014631963950781852e+02
1.276033547284384007e+01
7.128154601352990483e+01
4.689422745898654199e+01
1.086366176709582305e+02
7.638765745732590062e+01
7.750835280589392084e+01
2.082204921120946608e+02
1.671986804786760104e+02
9.219683601151220387e+01
1.777471360078450004e+02
4.452826437563604145e+01
3.302774930167083056e+01
3.171697584870010473e+02
3.011022413374707867e+02
2.656930768835061372e+02
2.452171404151590366e+02
1.809822735651027585e+02
3.296898945876151288e+02
2.713300859328608894e+01
1.875350899725011899e+01
5.090568437313209849e+00
1.645947323035524050e+02
6.368173709448092978e+01
6.804745832286107543e+01
2.995231596890823198e+02
3.548381041598681804e+02
2.200138989355395438e+02
1.850141224810884637e+02
6.785163094409463724e+01
4.760165920806487350e+01
2.897871732051814888e+02
1.811514411948872691e+02
1.231511562915175233e+02
2.768954787160920432e+02
1.390380926986533439e+02
7.530666256888076759e+01
1.948585041572259513e+02
1.950840043497482839e+02
7.377149774920937375e+01
4.611592486413528036e+01
1.188926628109625909e+02
8.098989272115193216e+01
1.751632934567542748e+02
4.228848153356114636e+01
6.441340730996743957e+01
2.121682866012282602e+02
1.264923676345441947e+02
1.879329728108482414e+02
2.815910032249068990e+02
7.187778768061770052e+01
5.080526188093794104e+01
1.290945087545399588e+02
2.793610823359841220e+02
1.808012113072062448e+02
1.909940040252199367e+02
1.951978528871090646e+02
2.038363894765575424e+02
2.832501875950346744e+02
2.591425317618903250e+02
1.858186637917052337e+02
2.087134153899829414e+02
1.864634344162018067e+02
7.464625058134392077e+01
4.070619804983915202e+01
1.984675183944257526e+02
1.136481433796931100e+02
1.228622012409310571e+02
2.066919353542337490e+02
1.164570596927745498e+02
7.858655736061700736e+01
4.524120193358605491e+01
2.042473884436383571e+02
1.104677140204231733e+02
1.475691780028537607e+02
1.936495827913814196e+02
1.127364210369730273e+02
7.641627877936991808e+01
2.310293822576095124e+02
1.965967185058339908e+02
7.504028403482354292e+01
1.903013078277872410e+02
9.290971597612080757e+01
5.904932057676138157e+01
1.935183979248739377e+02
2.938147125168060825e+02
7.570159754080533787e+01
1.192736439725851909e+02
2.048320602311609662e+02
1.624657589605221233e+02
7.274364076430718740e+01
8.959412867169072570e+01
1.679767435395287407e+02
1.937373266310117117e+02
7.211601775550815319e+01
2.995907393840408304e+02
2.774373702361024243e+02
4.906025260691836820e+01
1.061545715018502847e+02
7.521023040237378154e+01
9.317497474675938918e+01
1.480119863128983866e+02
2.076487187822598344e+02
3.260872063049743588e+02
3.259894214256950704e+02
7.171328586742517075e+01
1.976101213485897574e+02
7.224767007397798579e+01
3.359229777568918394e+02
7.033015279758119220e+01
1.979523473239192981e+02
1.964802840129615547e+01
4.394864092725075011e+01
4.353127677842129373e+01
1.894016790714507295e+02
1.112683605316886712e+02
1.474240409505063099e+02
4.525000859364587313e+01
1.290483348578046616e+02
1.439710229815846105e+02
1.508807821982921382e+02
1.740759267656886777e+02
1.211323836698435628e+02
4.064460051317771416e+01
4.298350733356660669e+01
1.192592363283554562e+02
1.959934228616929204e+02
2.954863925669884566e+02
4.421303892065133567e+01
2.810119847491729388e+02
2.291332433780571876e+02
7.222943133290928586e+01
2.065075649642297719e+02
7.900069801625917876e+01
1.244935600038185584e+02
7.525814825991277246e+01
2.361490390500322079e+01
3.313830826880170548e+02
9.594538703435395632e+01
1.983657299489091486e+02
7.753071609460315017e+01
7.386037329281741393e+01
1.577272324964753807e+02
7.014635310238408294e+01
2.116650959033684103e+02
2.055765518172882480e+02
1.892555052217425953e+02
1.906325110043549103e+02
1.577327627284552989e+02
2.798609371173265004e+02
1.998882749441756630e+02
1.415555698587691325e+02
2.867293550888861660e+02
2.253615783093195262e+02
1.140527764045293964e+02
1.840247910367130260e+02
5.691601390318923137e+01
7.882225444038327566e+01
6.244348192188198965e+01
1.931719677343434682e+02
1.691742921450766701e+01
7.314476090610963865e+01
1.188675267463708707e+02
3.699201301808120661e+02
2.018439842248471905e+02
1.530372439430272209e+02
1.932800905529225304e+02
1.282970180641538889e+02
2.084754051822796157e+02
7.135126281865971976e+01
1.276930657165176228e+02
1.547985644390334983e+02
1.042932299232259510e+02
2.815209087832369050e+02
1.248330509311636689e+02
2.262788231510153594e+02
5.462896073076174730e+01
8.181821975402982616e+01
2.227525385875322570e+02
1.149056321832537577e+02
2.040716944684217822e+02
4.421372506791821166e+01
7.986685667746819206e+01
9.544713851421244044e+01
2.995010887693150181e+01
4.730452456135790840e+01
2.203198546880247477e+02
2.172730501656033084e+02
1.175565293842218040e+02
2.035904441470399888e+02
1.210929477706997659e+02
3.906800890582058514e+02
1.075192645825457447e+02
3.119532299884642157e+02
4.511610552148981412e+01
7.832853977653418553e+01
7.677336503380577426e+01
4.737037612657437080e+01
3.020770861658444346e+02
1.942206133373271655e+02
3.903456826340074599e+02
1.045980741256424551e+02
7.574736024593231321e+01
1.316495896146207372e+02
4.666435696701718427e+01
4.487162690728685277e+01
1.886538861190945795e+02
1.157162528080644819e+02
1.955990024560513802e+02
7.393500464155408736e+01
5.526739506926416112e+01
2.710886253482336272e+01
4.700738545184628947e+01
2.955210105203766489e+02
3.465679746148887830e+01
2.037817306540068216e+02
4.153213014596055075e+01
7.567376869452269261e+01
1.016472878137364404e+02
3.058648949225618594e+02
7.128073550054435259e+01
7.445926281109868228e+01
1.652765264500541775e+02
1.425302665398313309e+02
1.836069773630852353e+01
1.278001341795526429e+02
1.530445316199736396e+02
7.261341063688821862e+01
1.540582394636541608e+02
1.254749716517605407e+02
7.404093944071001943e+01
4.480803171366503790e+01
2.873766386494758649e+02
3.242263912198311004e+02
2.135115420389157350e+02
2.539384129989282428e+02
9.334600389578214674e+01
1.901016610029646472e+02
4.523479184454186708e+01
6.034429828251520433e+01
8.401560612905235814e+01
7.936380488147239021e+01
6.006867204548612449e+01
2.722091040333485807e+02
2.921240820919087469e+02
2.991799408780599947e+02
1.404662522276011316e+02
1.983880565716585522e+02
2.011523121769785973e+02
2.042240289212000448e+02
1.949827305438520000e+02
7.384577570030928939e+01
1.225349777394374229e+02
1.196382636834172075e+02
2.073578834625102445e+02
1.246081812417553323e+02
1.190453534715280171e+02
2.035233619348179275e+02
2.313685910985230976e+02
1.353875779634405205e+02
1.950810156015829193e+02
2.688675668616870666e+02
2.729525609925979097e+02
4.129823885948343332e+01
2.545857580823383870e+01
7.624491068792910653e+01
1.998945724533507189e+02
1.214098169295096739e+02
2.828871788649161090e+02
1.234432592828612627e+02
5.158362563514709365e+01
4.435688425899719789e+01
1.552233329859352864e+02
1.113327921759328092e+02
4.357815266019754574e+01
8.634279929340092963e+01
1.466204237246610376e+02
1.234129118843171256e+02
7.747747023261722177e+01
2.930909952118651631e+02
1.786101030381180976e+02
4.259194442554529303e+01
1.631608071513155380e+02
7.646753409980452432e+01
2.960433742912058506e+02
1.204017539502493293e+02
4.415239475728925100e+01
2.994792343939002990e+02
1.221512663518182364e+02
7.321425949183122839e+01
7.858221003026375229e+01
6.001624839372789921e+01
7.627578156126836006e+01
7.768804168063266502e+01
1.986796998960063547e+02
1.211437667660667046e+02
1.957020029721470848e+02
1.157960555868403247e+02
2.362952794671233505e+02
1.897245032969905196e+02
4.680462831103812960e+01
2.482639402761510894e+01
1.571365037797328341e+02
4.514272129124537969e+01
3.149868756517568613e+02
3.523194546696287688e+01
7.982682321279654047e+01
1.654251919162619515e+02
2.211961695171901283e+02
6.823706071450713750e+01
1.317453472952279867e+02
7.815747878077542055e+01
6.200003189571650353e+01
8.646340680755371011e+01
7.440436401119372078e+01
2.062273845675832433e+02
8.754518630572333393e+01
7.368191905046427337e+01
6.723189449736113943e+01
1.261292087183559971e+02
1.668297857060923093e+02
3.007151824128021644e+02
3.033005338011428762e+02
1.646236746390582653e+02
3.352926974499190464e+02
1.665041755502315084e+02
4.611536443140969510e+01
5.056029250279927822e+01
1.563275358452910382e+02
4.169885311136805939e+01
1.382072856514882346e+02
1.584316618430740675e+02
2.254763672988662790e+02
7.608648054775794378e+01
9.929845674293228797e+01
3.105042655191944050e+02
4.414008148737045190e+01
4.583603546315236343e+01
2.667110840818831434e+02
2.074657058903055429e+02
1.580277147910460478e+01
1.775987669569115894e+02
3.176427689042089924e+02
1.967968887814419929e+02
1.756028254288207506e+02
1.164198228761674159e+02
1.733396702809699832e+02
4.204162612329547244e+01
1.884417132999482192e+02
5.146314068783615170e+01
1.911186291749795600e+02
3.908452492786015853e+01
9.343850309047233793e+01
2.970646635189760900e+02
2.042199328442183344e+02
1.103177165852591912e+02
3.111714328074706373e+02
3.137294034989044462e+02
2.320093162544022789e+02
1.484031440264608079e+02
3.559749365492343145e+02
7.540182133632922046e+01
3.023185666981325070e+01
4.965698494833118559e+01
1.007066389244990319e+02
4.391514295193530160e+01
3.023097057731913537e+02
1.305748385893381567e+02
1.279500640860477603e+02
1.524714267217391637e+02
7.389044401030122344e+01
1.251345189075279620e+02
7.463488883993524325e+01
1.422620654526965893e+02
1.832847625010271031e+02
1.214219993248320719e+02
1.218843209072198732e+02
7.172396027999221246e+01
7.085309607752340355e+01
1.447112333805428364e+02
1.082825850527268869e+02
1.193669749433871772e+02
4.378504802178559885e+01
1.923363766024052097e+02
1.488405904547931016e+02
7.742782749530609010e+01
7.763240294909869021e+01
8.398311759893277895e+01
3.009846134441972367e+02
1.028701218033002220e+02
7.811871636015817444e+01
1.567050646890194514e+02
6.246524328626857425e+01
4.580656009959471220e+01
1.197236024635050633e+01
1.740913285047367083e+02
1.878793709282122393e+02
5.694961349823810082e+01
5.401787282042942451e+01
7.814372389596927349e+01
2.770877577208402158e+02
2.598076786600963146e+02
2.053781575163188506e+02
1.380911576165177657e+01
3.748138581891674193e+01
5.700671231468113831e+01
1.124904120819940658e+02
3.112316490904032094e+02
1.997578069022374052e+02
1.240097563047952463e+02
4.272320860250832197e+01
4.392889255593444631e+01
2.688523850889639562e+02
1.207531727555364824e+02
1.913711092955321931e+02
2.768218148402065140e+02
6.731259760065610465e+01
9.174077734047901345e+01
7.612938888835695650e+01
1.972646487069995942e+02
7.891931806060304666e+01
7.634334672552485301e+01
1.402789346194081475e+02
7.175804070014287106e+01
1.213045491020565123e+02
1.987689545824663639e+02
4.758340477308790639e+01
1.944055136814630202e+02
3.154931029892645711e+02
4.749668674919820432e+01
9.284213066476384313e+01
1.949978482366079220e+02
3.116771202547195685e+02
1.901630695320140205e+02
4.621444975471431604e+01
1.948355059376505096e+02
4.607192538685485772e+01
7.114063110217199437e+01
7.494044255839908431e+01
2.108604866638600299e+02
2.073965675249307026e+02
4.235353024731825400e+01
1.931019027543024720e+02
9.069133726950974506e+01
2.783193041878432155e+02
1.981175146548213206e+02
1.892166049204430465e+02
7.711431761608680802e+01
7.166735248505273148e+01
2.114704369299816165e+02
4.560495121903158378e+01
2.993916124853266183e+02
2.075116339068898696e+02
1.213231669535597206e+02
3.054847506895055176e+02
1.665820234525974115e+02
7.132013060921009640e+01
2.010345241061493482e+02
7.841687463397259705e+01
7.338996582904042043e+01
1.973841504236086166e+02
1.518710561478008003e+02
1.222267367963007700e+02
1.241284412688235648e+02
1.803907492864796325e+02
2.158569755760744897e+02
2.166258580707051351e+02
4.373550506394421689e+01
1.538821055432086098e+02
1.468930929259579443e+02
2.928295130962791859e+02
1.197285031570493175e+02
1.573534466286674558e+02
9.233152442568302831e+01
3.242595316583122553e+02
7.046126933138307891e+01
2.198273559506692436e+02
2.980873676008744724e+02
1.558564133124925775e+02
4.217735329055665972e+01
1.053814464240584527e+02
3.942542730559156894e+01
6.186056508326498715e+01
8.199138055980586159e+01
2.080640085255919587e+02
5.641848223359463788e+01
6.859003413181336661e+00
2.905443253904026051e+02
2.106757073823077064e+02
1.084225774302272640e+02
2.036428564300869368e+02
1.913214218667849877e+02
1.065796978502992545e+02
1.224842155156942596e+02
2.479058262377179389e+01
1.062641676337811987e+02
1.516287036764888967e+02
7.273333946496326519e+01
1.558960331166315996e+02
3.214619542100039951e+01
3.036535764630041285e+02
7.470175688194071029e+01
1.837387415025183088e+02
2.119765480045518586e+02
1.167914352682698080e+02
7.410833286957226562e+01
1.267282776285711492e+02
7.396118360094473587e+01
2.303293610468368797e+02
3.000334423023086288e+02
1.655729554553476817e+02
7.626793600621095948e+01
8.685186131465324877e+01
2.270592398096536897e+02
7.954035345354111541e+01
3.025797730063746371e+02
3.106698324521636891e+02
7.239246393296033943e+01
4.406525332686877050e+01
7.101903798314125993e+01
3.531452968580824745e+02
5.050187616744825903e+01
1.424082118056589366e+02
4.370837745303228417e+01
1.992038744428666348e+02
1.300980265943359768e+02
1.270261029698252599e+02
3.012936271165630160e+02
1.000233056293236871e+02
7.587801844294070008e+01
1.663059024328515250e+02
1.932284401463010113e+02
1.023596374681477954e+02
1.682938805735720393e+02
3.724744266134968029e+01
4.167093886423305094e+01
2.018021608839171392e+02
2.660596917100450014e+02
7.516666533888749768e+01
1.222556601472117990e+02
1.090725358684534427e+02
1.844427385404367499e+02
1.209788537826742072e+02
3.322038118058320322e+01
2.025943924115273944e+02
1.931596182133980619e+02
1.971645259833406669e+02
1.964975487123239475e+02
1.174767557807220868e+02
1.278096660297493656e+02
2.141248575895329225e+02
6.283832905016051740e+01
2.338752207070793929e+02
8.637420303390824472e+01
2.423571699172654803e+02
4.347700754655170385e+01
2.900311952753612559e+02
7.238955386652524737e+01
8.557906344860568026e+01
2.242568434948232436e+02
3.925598552098044536e+01
8.890339868835216919e+01
2.929519673273686067e+02
1.197952452497572864e+02
4.568190890054870579e+01
2.367508223999712413e+02
1.962020327056650331e+02
4.321419027183007699e+01
4.406656001770920028e+01
2.831279448229731202e+02
3.145736311734876267e+02
3.062971577373933769e+02
1.554746773996622835e+02
1.383721512544755683e+02
1.825824874203748607e+02
6.468474536826030885e+01
1.806173449953958539e+02
1.883423911771070891e+02
7.891211546703287638e+01
1.229999605722853602e+02
7.470868224022972015e+01
6.050377310643227702e+01
1.971754045749418651e+02
3.085700438058137252e+02
5.024974776966958245e+01
1.208519812745394972e+02
1.462897108114511582e+02
7.054198472368237560e+01
4.067154650999917465e+01
4.467068303905088555e+01
2.150883567662760640e+02
1.961100551402235510e+02
8.379757408395157370e+01
1.496111484586446920e+02
7.306367481643778206e+01
2.076871497931213639e+02
2.115963437041875466e+02
1.096332171879722779e+02
2.804236206529091078e+02
4.354775232627894610e+01
2.233464143110986129e+02
4.822720505048693695e+01
1.957416772168286627e+02
4.260256296491606776e+01
2.983511754727177845e+02
1.953458334667076883e+02
1.268281062452741708e+02
2.128198552717768450e+02
1.239442058704363632e+02
7.378817999819776219e+01
5.707958396570220572e+01
1.709421894335178536e+02
1.989630722418066000e+02
1.869685582770278245e+02
3.540226792371981333e+02
2.095513747224837573e+02
1.977821596454745929e+02
3.224838286909193812e+02
2.110806085399854339e+02
2.494229280771636752e+02
6.705463592995349131e+01
1.155793300594641124e+02
4.796717597383432263e+01
7.430041390686355385e+01
1.923092707224780042e+02
1.887877487382219215e+02
1.062779273399967082e+02
2.016580119169039733e+02
4.494672997602532405e+01
1.961116430062801328e+02
9.540991781987945330e+01
4.469861218674202519e+01
4.490287131678247334e+01
3.771140962599828583e+01
1.781095177074130049e+02
5.443716216564688182e+01
2.629507159188112269e+02
7.413738847347906358e+01
1.653170993176248516e+01
2.649623917293463933e+02
6.345816901914010089e+01
6.892101046581323942e+01
5.025974652039397483e+01
1.832841559024888056e+02
1.121589871076963760e+02
2.574097021012781283e+02
1.185747578377824141e+02
1.708098481263879478e+02
6.690970605652195502e+01
4.499123290848202572e+01
1.978027067104390539e+02
1.910315234869769370e+02
4.566374728253704518e+01
1.172990676677310660e+02
1.078514033407379316e+02
7.574408003540585810e+01
2.967486764983111698e+02
3.145626366887999552e+02
1.717856300433966226e+02
1.097661375893798237e+02
8.801185212502171851e+01
7.788693418880757235e+01
7.750724987653748599e+01
4.468938028861755640e+01
2.744365210342053629e+01
1.247969308561280997e+02
1.829934285206746551e+02
8.151396582952088465e+01
2.867502703479361230e+02
1.856801008707170126e+02
7.447805655183374540e+01
4.243416551500138922e+01
3.115807939590908973e+02
1.165341885104264747e+02
3.741805067610424373e+01
6.909096686656701536e+01
2.058479871539880719e+02
7.072219101793822915e+01
2.035138584305286713e+02
4.648692123401792742e+01
5.811828078936412822e+01
2.023314377095445593e+02
5.679178615333302815e+01
2.806711188179832561e+02
6.701814240936346323e+01
4.642653802230852733e+01
2.040328005321268279e+02
2.089457544818428119e+02
1.489433896183658703e+02
7.032777514790463158e+01
5.586603005178146475e+01
8.086841022275523017e+01
1.490921823605930818e+01
7.227428195419604151e+01
2.030437182495577702e+02
8.589061273571483923e+01
4.541354995890915092e+01
3.808676384605938665e+02
4.252961772695729081e+01
2.374799492156009535e+02
3.190790106486723943e+01
7.452631931283930555e+01
2.985576932162583148e+02
2.416464710305423580e+01
2.963160469813470286e+02
1.773077387980227968e+02
2.198092845768829875e+02
2.147841949680674247e+02
3.118357439812146481e+02
7.395746121195128353e+01
5.407505917417245911e+01
7.369050485446356902e+01
2.065417764063802792e+02
4.392392612462227675e+01
3.703745994046782357e+02
7.708961859229650315e+01
7.678092661863630042e+01
7.080581732605097045e+01
7.510876157225038696e+01
4.512710324696037389e+01
2.740539546055135816e+02
2.015615469126883568e+02
2.838902243994380115e+02
2.194244138762627472e+02
1.170654778362527111e+02
1.741576325928393487e+02
1.935491120109625740e+02
7.711704446737510921e+01
1.435120291344042869e+02
8.733233420165694838e+01
1.972564028793275384e+02
3.195021881269802861e+02
3.709131203264308851e+02
4.546214432900566038e+01
2.009228637967924271e+02
2.090083386128118548e+02
1.560323198026145519e+02
6.379024383858466507e+01
1.519710034008254240e+02
2.847484014016490050e+02
1.889712510769147116e+02
1.201528625164771427e+02
4.079625538146781594e+01
2.656831141053768306e+02
8.453855626574041082e+01
2.001698839447031730e+02
1.896148074662226009e+02
2.026494721187168579e+02
7.370635114693754986e+01
1.241702945175699426e+02
1.713414239077955585e+02
7.299762483672709834e+01
2.939252743862226680e+02
4.278358338407088013e+01
8.130110593790456974e+00
7.719874553654474880e+01
1.870946587417674607e+02
4.231885109578438176e+01
7.582132060759967374e+01
1.194910811503745691e+02
9.961555536458079985e+01
1.373266287705661455e+02
1.004456315745979964e+02
4.192749523464571837e+01
7.827685411583026109e+01
1.178832714797414667e+02
3.177378131930653353e+02
3.283933568026467356e+02
2.142388360820598621e+02
4.360940443010274947e+01
2.097025121897609097e+02
3.604292133991140901e+01
8.137007257957118611e+01
1.333235752683398978e+01
4.550181532503757609e+01
3.010324567977785364e+02
7.685392551273488948e+01
3.136956208910992814e+02
7.801315710416737659e+01
7.194656175506045770e+01
2.012382855896540264e+02
3.021240599978060004e+02
1.443795823835092733e+02
8.140319875442729369e+01
2.059858370973127819e+02
7.510941621976434135e+01
6.763348416889309078e+01
1.922026358586292361e+02
2.911202607891278831e+02
4.384638736277845084e+01
1.403477352945388930e+02
1.002955239543627783e+02
1.095700794060725372e+02
4.768324664690741344e+01
7.402150771110729011e+01
1.962932011240337715e+02
3.144872058400662240e+02
6.033969700052892193e+01
2.064641629962491152e+02
8.960018666990073655e+01
1.392392345094679911e+02
8.862909367919776571e+01
1.052350131935363464e+02
7.627481618777136418e+01
1.265484124240768011e+02
2.012735075684857122e+02
1.803796191176915329e+02
1.318125491869845405e+02
7.462202329490388308e+01
1.569357496091135999e+02
8.097308732369734230e+01
9.913466928160201519e+01
9.736301691693729765e+01
1.835211146037939614e+02
8.050622221361574304e+01
7.226665804191743803e+01
2.426441178210574492e+02
1.385133151242540919e+02
3.148700061766372755e+02
3.343870568896644357e+01
2.843840560385531262e+02
3.377402300378587796e+01
3.221141051417457675e+02
1.856315149846582813e+02
3.149182819620440910e+02
1.440784006930542489e+02
1.246224500724645026e+02
8.436062873648232596e+01
7.624714969569578216e+01
7.277681293210663682e+01
3.039899139200082345e+01
4.816667873475284267e+01
1.674612110374670806e+02
2.064657356272463460e+02
6.769530778020957484e+01
7.868477838154258563e+01
7.437539883694164189e+01
1.889905459240606831e+02
1.930942333111598259e+02
7.433462055060081752e+01
3.255417333914242306e+01
7.805699232078620753e+01
3.078937778255407807e+02
3.974187357928076949e+02
3.142132864690985343e+02
5.592971415827412329e+01
3.236340759778885285e+02
1.320353192058394143e+02
2.958874394883999344e+02
1.963558253162662766e+02
3.117546163910796508e+02
2.865501789167263951e+02
4.721354254979910081e+01
7.443278979161905795e+01
7.503850367299024526e+01
1.066309291581737995e+02
1.119171115896629232e+02
1.045462715750175562e+02
3.232942475156726232e+02
1.158124111776825629e+02
6.409725798948369402e+01
2.035627063983137077e+02
1.871910861091559184e+02
8.990372603105697635e+01
2.095394587503584205e+02
2.275648515629845576e+02
1.178567613521143329e+02
2.904262853194961167e+02
2.933588534157657364e+02
2.687720685504152840e+01
1.170349734224074894e+02
2.055867256294382628e+02
1.872936317467127481e+02
9.166965908676746722e+01
3.601425341048617383e+02
1.926396026039650451e+02
2.473930987256802041e+02
2.062003889770408591e+02
1.190233432870011825e+02
2.018443875583857618e+02
4.329732381173159439e+01
7.302153655177650649e+01
1.211073999314448173e+02
1.639366444724442431e+02
1.852402519393582736e+02
1.414918542569166959e+02
2.411834739209440954e+02
2.866612496931718965e+02
7.042432065300789645e+01
4.738444093594421247e+01
4.499906998202743580e+01
1.933294611410567541e+02
5.572245369442428142e+01
4.592871699638273242e+01
3.309737478130361978e+02
3.743641695929506454e+02
3.028291690454958740e+01
5.563863345462218746e+01
2.889116876634881947e+01
9.315581949585613586e+01
1.743307535874237431e+02
1.766544104280870613e+02
2.787075587290554495e+02
9.636744735678816198e+01
6.036137642562719918e+01
9.821335215547146902e+01
4.715972999726275816e+01
4.704647267435395719e+01
1.931448929253102733e+02
2.013039637055816229e+02
4.500718788273239568e+01
1.926656039738465722e+02
7.243439934471670938e+01
1.995431670351707680e+02
7.151475773689701043e+01
2.187003906708882539e+02
7.154235728533201666e+01
2.043911052469432832e+02
5.000022637085248789e+01
1.737647743521352766e+02
4.405412690660261177e+01
2.935225943156559651e+02
1.206027076889826759e+02
1.700719198534951317e+02
2.972719688679235901e+02
1.961272835944948270e+02
2.723273179977048812e+02
2.068459995979611108e+02
7.097597476630811286e+01
1.381370663400701062e+02
1.722319877074757244e+02
2.001113603613634382e+02
2.993144156398769269e+02
1.780830640990284905e+02
1.793600241594227498e+02
2.388268778333150806e+02
2.119570824781830254e+02
1.977819428019233214e+02
4.116041524379965466e+01
1.246988636070930596e+02
1.298509490402114750e+02
1.617935115326911273e+02
1.999211354936208807e+02
2.150700352866534217e+02
3.055293958023205505e+02
1.972301612971957638e+02
2.342546256428624361e+02
9.421562309429815230e+01
3.131203324679181605e+02
1.010014425734018317e+02
7.478085071195633304e+01
2.139641122331455279e+02
1.958290313790953405e+02
7.050444008873174084e+01
3.023581025313797568e+02
6.043375936479493049e+01
6.168082585130034090e+01
4.661897914932648490e+01
2.987539576962303727e+02
1.481333829527745252e+02
1.336345873788421557e+02
2.039812355667954762e+02
3.097620198444055859e+02
7.158139080685489830e+01
3.279780110645626223e+02
2.025858294413862666e+02
1.807504922597497341e+02
1.998635430035819809e+02
1.798728643584996121e+02
2.696087989909980820e+02
7.408222471816824850e+01
1.243264700235255873e+02
9.445156989510995516e+01
2.055858820301543517e+02
7.658317497329861112e+01
1.649491245981861454e+01
1.152974169580499648e+02
2.194885729675525852e+02
6.814952601479606642e+01
7.721547771275500338e+01
7.604632097598120311e+01
8.045370679725444063e+01
2.876241033566918190e+02
1.244442504396438949e+02
1.077743434250391061e+02
1.326042938594448231e+02
4.591330856793911863e+01
3.461890996746870997e+01
8.005395586009042574e+01
2.029816996326825063e+02
1.177266506649519044e+02
3.099944801532006409e+02
2.765519377975682573e+02
4.583512400169738044e+01
1.352977554122628874e+02
2.200726700279491581e+02
2.107202139734447712e+02
2.033649581977759979e+01
1.651770273591853027e+02
4.311654752248271905e+01
7.585000695312562868e+01
5.510252338434579400e+01
7.551284176407065729e+01
4.401982527390929789e+01
3.373336950590470451e+02
2.028231385131655031e+02
1.602025752344812588e+02
3.258932738432150131e+02
2.355803451683694902e+02
2.036437069112065785e+02
5.577740571514007684e+01
2.766573950746006716e+01
4.725481133805582346e+01
3.071584766974307286e+02
2.966837481078539440e+02
5.746825795409517923e+01
7.226127837615381111e+01
1.266660162215671761e+02
3.053607732638210450e+02
1.957089719034559607e+02
2.975912619085769393e+02
2.743121881946603366e+02
9.502083545973115974e+01
9.748701727912889226e+01
1.184599779590031545e+02
4.591145808224197111e+01
1.064721259431248654e+02
1.959910196225763173e+02
4.458850544840296948e+01
1.918596493778672993e+02
2.848152794719021017e+02
1.943920219131812246e+02
1.047671543308302944e+02
7.389706299262741140e+01
1.901796068003683899e+02
1.212902727937342178e+02
6.948450433100390455e+01
1.906271714908401691e+02
1.151639950447725624e+02
2.920835879060649063e+02
7.394976271198898132e+01
2.291022301688268783e+02
4.399968300365614482e+01
1.632917077991105828e+02
1.459552725307138985e+02
1.889928046207538159e+02
5.016017051758585410e+01
3.146806523305403971e+02
1.012656699444407593e+02
2.175801803348647638e+02
6.220058384914379701e+01
3.156296868969345724e+02
5.425887579785863579e+01
6.855978027107737205e+01
7.643212696235008252e+01
2.249346563216205084e+02
4.504384351652238649e+01
1.052289717523296986e+02
2.282718144527433708e+02
2.235507891835769811e+01
2.183902463092523760e+02
8.319312119498107450e+01
3.021392103576473573e+02
2.299163316163996740e+02
1.847199157390642199e+02
9.351412645109103039e+01
4.054464137426287351e+01
2.037366502539424573e+02
3.395918418928552285e+01
2.946878689840989409e+02
2.904061385078363742e+02
7.384489974938445300e+01
1.165856051243923446e+02
4.789600982679991148e+01
1.210358015334271187e+02
1.237029477528685248e+02
1.873954961742938394e+02
8.581181522436649800e+01
1.825819922545677798e+02
9.910943310197119160e+01
3.086792095564470060e+02
1.447889864131687432e+02
1.230915108348724090e+02
6.878519145876757079e+01
1.211776501256007776e+02
1.261488895848283249e+02
1.903393479917885713e+02
3.092798930033711144e+02
9.830423438787570944e+01
1.493984248867258771e+02
4.477588717942651186e+01
4.992913283666058533e+01
1.687212351299736213e+02
8.290678342214089014e+01
3.226637332652305759e+02
1.014245905811050648e+02
1.129926278638434951e+02
1.173049779415219689e+02
2.802267064970868091e+02
3.471192933158319534e+02
4.760778335694615038e+01
3.067334181783468807e+02
1.167502329528267353e+02
1.112396935470552535e+02
3.040296275901666831e+02
1.467888873594769734e+02
1.646406577830265974e+02
1.060751525224025897e+02
3.374658359412031245e+02
2.130303547340573118e+02
4.697367538202276194e+01
7.207744337968591708e+01
2.595214710852574740e+02
2.120872607054252228e+02
2.253786444568391119e+02
1.095182239971129121e+02
1.946681420500359252e+02
4.874497615719057819e+01
2.055158452821962669e+02
1.326872332943920014e+02
8.358292406197925573e+01
1.988008825207823804e+02
1.849089288448349748e+02
1.461726673960538108e+02
2.037163664187789891e+02
5.197392003893167356e+01
2.016783966222219533e+02
1.489569495232359202e+02
9.558630749583511488e+01
3.133920539631395741e+01
6.335277356862165732e+01
8.563291201879285097e+01
1.699308608915098375e+02
1.732579631729753089e+02
1.905888041674255362e+02
2.080954966816173055e+02
7.594426989576774645e+01
2.817203629841760062e+02
1.675700966520483917e+02
2.829720085450064744e+02
1.985563705560471135e+02
2.473256053066363052e+02
1.395619381735573370e+02
2.258256883407963400e+01
1.201648589084045113e+02
1.049269165517354594e+02
1.858787298330977649e+02
1.204869436984292577e+02
9.450365252515973680e+01
1.891137952641165043e+02
2.209569239659352888e+02
1.835335375377965761e+02
2.497150833284083831e+02
3.122292748683768764e+02
1.515343543928385657e+02
1.112695474630940282e+02
7.572115353840212038e+01
3.092195200011816496e+02
4.567513395389375574e+01
1.933699930790224073e+02
6.905992319431655346e+01
1.188025133182928670e+02
2.010535913792419933e+02
6.318264889470989232e+01
2.889611037082202074e+02
1.178358963817019145e+02
1.227470983443488137e+02
1.167685424997321775e+02
2.789959221373851506e+02
1.176105318062306537e+02
1.889929225811118840e+02
2.094059300840456501e+02
2.393533755596584740e+02
8.189113131870712436e+01
3.302367950041441986e+02
4.446978466885855852e+01
3.143940625422994231e+02
8.614173267859231942e+01
7.603602100009987907e+01
1.255953284655851689e+02
2.842160167056381965e+02
4.331640824461604211e+01
7.525968582368452076e+01
1.330174209218034207e+02
1.245028992772445520e+02
1.624109466275507785e+01
7.394185713176128161e+01
1.977738479533360874e+02
3.889829678387236100e+01
1.816277488851251860e+02
7.494270709675417663e+01
2.579813958136658414e+01
2.261120662697643695e+02
4.328584909176900908e+01
1.929210409865963243e+02
9.619424313963500595e+01
7.370431499394413777e+01
2.928752671480428376e+02
2.496138307705257731e+01
1.119941379550046747e+02
2.012564963162768379e+02
3.182541233430640659e+02
2.066229267083865295e+02
1.782411542238210131e+02
1.942157876685792246e+02
1.969507909740729303e+02
1.259962338883628377e+02
7.495879023107205796e+01
2.311215401278900856e+02
7.089169894964318530e+01
3.081555180039683250e+02
4.428989743098485121e+01
2.161250385293822376e+02
1.809472242500903576e+02
9.982741508594568813e+01
7.649424409697080307e+01
8.003478890252878841e+01
4.969932824735187893e+01
9.583399893371783662e+01
2.255145477842307855e+02
1.797992359963839419e+02
5.538948489251902885e+01
3.116553459189128716e+02
1.827159238014774303e+02
3.120436080415177571e+02
6.757594293328143920e+01
1.910052345371932176e+02
1.637167009787752079e+02
4.684314399462958534e+01
1.913630170600566487e+02
7.964703141537641784e+01
1.884245239328119794e+02
1.170959174286292352e+02
2.081045370039128670e+02
7.177386208802325918e+00
1.396159529950814147e+02
7.499135899019373142e+01
4.332967463424231624e+01
7.735428312990532618e+01
7.355172534227322956e+01
2.060136088058262942e+02
1.160758884585877979e+02
2.052581152416721295e+02
3.438429885191629296e+02
7.857501624003592156e+01
1.836141560415190668e+02
1.948377947335227418e+02
4.260321974212169494e+01
3.043097118793996856e+02
1.904508954934711369e+02
1.137020623712141010e+01
3.400970730079142186e+02
3.986546129898678004e+01
2.535786151953975605e+02
