2.332088269036557620e+02
1.854979739329084225e+02
5.398613106036117415e+01
7.303100702194383587e+01
2.952281225211569335e+02
3.091630298407129658e+02
6.661206625615972143e+01
2.981029105547638665e+02
1.156745278827553847e+02
1.215595562281364579e+02
4.568169808650142727e+01
1.505330112298519118e+01
1.517347845282529306e+02
1.066959997397729722e+02
7.122365537725430329e+01
8.606490295551205350e+01
1.557736642158661198e+02
2.056784755424340574e+02
7.069085957972910705e+01
2.632859375629254259e+02
1.194806625479880751e+02
2.159577035649157608e+02
5.983084710214772883e+01
5.360421126768498823e+01
3.170872757392137373e+02
1.058801259863278403e+02
1.592075392216060550e+02
3.032293566057034582e+02
2.336694449129831241e+02
7.842175987515430791e+01
1.353288130761872310e+02
1.921518892242992393e+01
8.843753708335169961e+01
1.310113707528980171e+02
1.124708899287288375e+02
4.713569447030587156e+01
3.167408002654129859e+02
1.495762641598030029e+02
3.004932007765372077e+02
1.057122938127487686e+02
2.856940145919821248e+02
4.767938035091744098e+01
4.689664755188203316e+01
4.520923220642739437e+01
1.371950788896036215e+02
1.801780437727643971e+02
2.156267938254957244e+02
7.775027550351228456e+01
1.340634557263156239e+02
7.932743853931880551e+01
4.571003908811280070e+01
7.287045767858393219e+01
1.960146288202129483e+02
1.874494956600051410e+01
3.104330315546033034e+02
1.852745889937557138e+02
1.978835031940668614e+02
3.051754821010914043e+02
2.239862579859556035e+02
1.685233048988894922e+01
4.244080912582242604e+01
2.983309072874337176e+02
2.049455992339449040e+02
1.081300063621417991e+02
3.166911134476674050e+01
1.694893360502566964e+02
2.112071355929699621e+02
1.040496690643181523e+02
7.581650595912940105e+01
8.319498001586254077e+01
6.274751309441975877e+01
1.712528235743831146e+02
3.153771386127802430e+02
3.088611341320943779e+02
4.816676844481252573e+01
1.826192006636051133e+02
2.047880035759390580e+02
1.853659452541369035e+02
1.600403307191394902e+02
1.649008737735810257e+02
2.013259800251102547e+02
1.075869270073720543e+02
3.062181443853522751e+02
7.118991514839365209e+01
3.977480113867257501e+02
3.011913682414735263e+02
1.216674001374305760e+02
7.233433224235281500e+01
7.566497510361203638e+01
2.434885939796762386e+02
7.341605534214991735e+01
5.889238544123102059e+01
2.018877825722852322e+02
1.248603607226822163e+02
3.099900885842483831e+02
1.947024502790280209e+01
3.057979175958407723e+02
4.662398399607828026e+01
1.294005438952469547e+02
3.023585534999954234e+02
7.160076178793373458e+01
2.704000786644788832e+02
3.165814102441144655e+02
1.431949354801401455e+02
2.081749576766989662e+02
9.363543737948070600e+01
2.933938222080091407e+01
6.939575380175779173e+01
4.159652919091119827e+01
1.046328221711572155e+02
2.098211715539687816e+02
6.559137869241635599e+01
7.211644977930923517e+01
3.276183186451655729e+02
3.218982028165860925e+02
4.608633464134481272e+01
4.627925572667086129e+01
2.914493927192250453e+02
6.565050154747616773e+01
7.254114363697293300e+01
1.927706074603818251e+02
3.636189219169914395e+02
1.873556723348895900e+02
3.911206841800578360e+01
1.969747007192892170e+02
4.043315692005492679e+01
4.629336023145352641e+01
2.584323098821943745e+02
1.174911134789986704e+02
2.089359427827504874e+02
4.704057146441838455e+01
2.964638996021612343e+02
1.212317027264573142e+02
9.554720896268719343e+01
2.112107026523021602e+02
1.993344613247998325e+02
1.454061349262608758e+02
2.145350359166292833e+02
1.808782069892224627e+02
3.329062310170189107e+02
2.970446908337391960e+02
2.008873332089398218e+02
5.409109443974953280e+01
2.911992868024456698e+02
1.252436614788258709e+02
1.974559711278217264e+02
1.975239967829910768e+02
1.933260091482566168e+02
2.190765716636546756e+02
3.160476218903198742e+02
3.084197815309949533e+02
6.140978319869433477e+01
2.788163540284034525e+02
1.959655127841172657e+02
2.100216121455977714e+02
1.180823899095213676e+02
4.363864594921523121e+01
7.493701627102861096e+01
4.391139583626975451e+01
1.474885682695579590e+02
7.427052025551387260e+01
3.234093838764243856e+02
2.326150413683818954e+02
1.530564486570219458e+02
1.063474877273448982e+02
3.173163447901187055e+02
2.992629638723952112e+01
2.553873400455358933e+01
4.984365652589537632e+01
1.931649562712197792e+02
4.614644915495831867e+01
4.947170338166034043e+01
2.965954622067093851e+02
1.032199902707070862e+02
2.916225026604485606e+02
4.295978514464742659e+01
1.258472427973452881e+02
2.014278286892144649e+02
7.411815739028268979e+01
1.893497040372630806e+02
2.554558526035383181e+02
3.381170218707384123e+01
7.403263854372778496e+01
9.277384964492844688e+01
6.950330423277446812e+01
3.886088117517303431e+01
7.552650207621867651e+01
2.168137023199361124e+02
2.099963394696053456e+02
9.045123474355865767e+01
2.063272884517108139e+02
1.970905791318602951e+02
1.185216819631964000e+02
2.756738076652642633e+01
4.117225672376603285e+01
7.191062176033183562e+01
9.003184497650262585e+01
2.529316006758856190e+02
4.688246476583641709e+01
3.360935919625887323e+02
1.276290990632735856e+02
1.604714811600058795e+02
2.990491359389092167e+02
1.913053010426167475e+02
2.866512682102294889e+02
3.124935529449173828e+02
7.848783029959456314e+01
2.388971312120826269e+02
6.907341585110371796e+01
2.219060119848248576e+02
4.715241149750037408e+01
7.856893681465888335e+01
7.399576727673931487e+01
1.550123082190715991e+02
7.592954843447846258e+01
2.905603342694395792e+02
8.273951396889007981e+01
1.863752276659811855e+02
1.995576743474381090e+02
1.917915914810598110e+02
1.369421845265529498e+02
9.218973174802954418e+01
7.252878041595242564e+01
3.781184648690235690e+02
2.122379067478659920e+02
2.121472545071499951e+02
9.197708393276860761e+01
4.395585540516896117e+01
2.348227281330312053e+02
2.018768100630829565e+02
1.959537698969589599e+02
8.616502225473230681e+01
2.385573638222322401e+01
7.610967401842682989e+01
1.074421312846985188e+02
1.363983778685328900e+02
1.957889524780115948e+02
2.232073091681912658e+01
1.002919708821009834e+02
1.749314457710088391e+02
1.996500245089642647e+02
1.834825162057070997e+02
2.909773222358612088e+02
7.249807259867900200e+01
2.118578200026030913e+02
1.263386682535834922e+02
1.342881769892590569e+02
1.822353713741653110e+02
4.410686337629879006e+01
2.152336202453853105e+02
7.416289445264652613e+01
7.773883426135490993e+01
7.541988476638483974e+01
2.959936208302942759e+02
1.530703551766869452e+02
7.396126611449189170e+01
7.087491747118089336e+01
3.990675884174270749e+01
7.673875377428380773e+01
1.107175309636658227e+02
1.324691535971093685e+02
1.557054849431178809e+02
4.515579534800031780e+01
5.677633671246794478e+01
6.896626364009480881e+01
1.219226484690804853e+02
4.833720321972803902e+01
2.108949246536983537e+02
1.769310454733071083e+02
3.213132481785382879e+02
1.872098610166058563e+02
1.847690511993870359e+02
7.312235827381402942e+01
2.837750432219065715e+02
4.131786419611706407e+01
2.052581122948888037e+02
1.985492163632922598e+02
7.601380629640523523e+01
2.609419108801250786e+02
3.152590823474216677e+02
8.451939968936936509e+01
3.032859465518977800e+02
1.913199429435598233e+02
1.960562022511943212e+02
3.280482099710219046e+01
7.979751918160860669e+01
1.600669930839008828e+02
2.056650114517179873e+02
2.829697216421135408e+02
1.646495149968044416e+02
1.137920307724183857e+02
1.947947069725529730e+02
1.562070794077622793e+02
7.762906656986589837e+01
4.209056379698755990e+01
3.415779433723442366e+02
1.865684678192324384e+02
2.075418437513539232e+02
1.892087738563065216e+02
1.971699038429247537e+02
1.295731153630589745e+02
1.222617058167279538e+02
1.391921827369320681e+02
2.972720240939502219e+02
7.685751423636803281e+01
7.939948986986769341e+01
1.948855937606709006e+02
3.572967090032955184e+02
2.178986363399595518e+02
2.550584881046457042e+02
7.579344414775852101e+01
1.683473131532282707e+02
9.185043753333619065e+01
2.289125846870271275e+01
1.692166938663456222e+01
4.501241866580695472e+01
1.656629696257758440e+02
7.930304737707292873e+01
1.344122423498786247e+02
1.544948137552994751e+02
1.454547553477728457e+02
9.226839876927455464e+01
1.969896350162507304e+02
2.760756271208687735e+02
7.725790998494552753e+01
7.083969681949874087e+01
1.967416332769599592e+02
1.674867345484524037e+02
2.441216005503980568e+02
1.081465149669170529e+02
7.549296205244893088e+01
7.294963037549992180e+01
1.945029318872429940e+02
4.457826769313076198e+01
2.020624524279735112e+02
1.300039759488793152e+02
2.877667956513914191e+02
7.552471869746787547e+01
2.107630245759937395e+02
2.366358555961110710e+02
7.668712539496520719e+01
7.418120581403326241e+01
8.706363889665297506e+01
3.102266334862549684e+02
7.573214773491370977e+01
2.960338654708368153e+02
1.342098489737113027e+02
7.163061792214412549e+01
2.075130966303370315e+02
1.171376272112925108e+02
2.085680769556979328e+02
7.504559392040913224e+01
1.204056047523976076e+02
7.752317539993103424e+01
1.249217561376660086e+02
4.248661900085792809e+01
2.360080394661104606e+02
2.008147862304292062e+02
2.879193658974778600e+02
7.496641319702246165e+01
7.894860737443333676e+01
2.014622454647677046e+02
7.730435630776408118e+01
2.136684839947085024e+01
2.002988164949217378e+02
4.320031900116861578e+01
2.024193946543169886e+02
1.117079362392607038e+02
1.207146777940427000e+02
2.556341589678791024e+02
1.282845128297200290e+02
7.439288391116005528e+01
1.724161836072621270e+02
4.431141145237477730e+01
7.301112984993935129e+01
2.994324771104902538e+02
2.185682437994937857e+02
7.370132090428806748e+01
3.948848387028203888e+01
8.705467835678804533e+01
4.240310807340910060e+01
2.948535531637265308e+02
1.959429821316625748e+02
4.609376802453702027e+01
2.077124443760891950e+02
1.667468062171818417e+02
1.995291523236007549e+02
1.434675260233027814e+02
3.198942081743284689e+02
3.461784397981255665e+02
1.853477574359158950e+02
1.933902499627407963e+02
4.568543360977006529e+01
4.527745341347424812e+01
2.495895272106499476e+02
2.148757077701806679e+02
2.101235697181626847e+02
2.025062765070930766e+02
7.717963515042087863e+01
3.132548524145014994e+02
1.589523777672413871e+02
8.367059986956979500e+00
7.848194047021664232e+01
2.954100453176566816e+02
2.858663156519277777e+02
1.912812799676448776e+02
4.881569825357293269e+01
1.883126871258033361e+02
3.390913005493392234e+02
4.300997129912058625e+01
8.718399305304536995e+01
1.744179241645313994e+02
2.142364737106386201e+02
1.947800477877649712e+02
2.065114847535786282e+02
1.273453667111512289e+02
7.143473123437182437e+01
3.194090181077815487e+02
2.073671322864180127e+02
2.928512166984529586e+02
1.997620223791804221e+02
2.866253619706228619e+02
1.879390207158684802e+02
2.003696033064914559e+02
7.086728057286705962e+01
1.899757779191632210e+02
2.089530731653211149e+02
4.668951152003010918e+01
4.666928141139629105e+01
2.060820755464648641e+02
1.619142224975923128e+01
4.570123979854876239e+01
7.637644832075039858e+01
7.151103401682077276e+01
7.214963351896909671e+01
1.191416659239680342e+02
4.843022938605429317e+01
8.471053116059044896e+01
1.010922580480362853e+02
2.093468077826387059e+02
4.333827163707518793e+01
2.763120862424257851e+01
2.151345146858884050e+02
3.245871391886644801e+02
7.950935362373070348e+01
3.055206376506279184e+02
1.018157786369530697e+02
4.629567445085046984e+01
3.156794923970829245e+02
1.389587800310579269e+02
1.909714801500290093e+02
9.779184114898373537e+01
7.407959930339205812e+01
5.641890544886908998e+01
1.231625405189682425e+02
7.499459009418393407e+01
7.272629015174680944e+01
2.047770526357601568e+02
7.359118117027368555e+01
9.411450559016280693e+01
2.490176367661963468e+02
3.058629348225377953e+02
1.022794499515079423e+02
2.859979007976749585e+02
1.034071819335406843e+02
2.344310264917100994e+02
1.617534343281469091e+02
1.204678718746756658e+02
2.294574956520429510e+02
1.267487680750472236e+02
1.824874197463868200e+02
1.665403031359418833e+02
1.887245659291485538e+02
7.422304866263696965e+01
2.585555772298029709e+01
2.115502566823701329e+02
1.590258756105001225e+02
2.052661288604720937e+02
2.880332345497998290e+02
2.215970401166892145e+02
3.051896109148028913e+01
2.656731459291181636e+02
6.960031975737639698e+01
4.440751643247429570e+01
1.147757509494044399e+02
3.665389409846716262e+02
3.130518880544771037e+02
7.328648668301825353e+01
1.139089980299028326e+02
2.941424245604667362e+02
2.480143088109208804e+02
4.533665903445237433e+01
6.836718215645939267e+01
3.973460590506362564e+02
3.572977544646733605e+01
1.337980974309285500e+02
1.313298076755372676e+02
4.606136393001511919e+01
1.062074074637677228e+02
2.286562919755197498e+01
1.158029040657720401e+02
1.081383407257213065e+02
1.440800867649205941e+02
3.022675014294429729e+02
7.566894963563048293e+01
1.150625598297006178e+02
3.897419354834667047e+02
3.758570337625942415e+01
2.093111759067061541e+02
3.288256737514859651e+01
1.806813951654989694e+02
1.889874873077023096e+02
1.160340922585881032e+02
2.025283136911531301e+02
1.534102552354732154e+02
3.126057322968327981e+02
2.908407705867854247e+02
4.939586135487671470e+01
4.401356216781908870e+01
1.395017164109648036e+02
1.352502287994651624e+02
9.327147322060346823e+01
2.890387179859581579e+02
3.234787340596339789e+01
4.401457457729124911e+01
8.022175745495815136e+01
3.174810548983683702e+02
8.030246336640178129e+01
2.064760093058650057e+02
6.863617201929402256e+01
2.037004164809412430e+02
2.057333607193876617e+02
1.579119935633230796e+02
4.406698752481509729e+01
2.090852593352172732e+02
2.211694878773693631e+02
3.052338706992461539e+02
7.936465692115095294e+01
1.302593933836571978e+02
4.570243169333513578e+01
5.013815793184139125e+01
1.764294703952511441e+02
4.014535834194493447e+01
1.436891374820664282e+02
3.951635018109485031e+01
1.567070523336907968e+02
1.664781961510864221e+02
4.045886781494829876e+01
8.183888419202045839e+01
2.910861823380598139e+02
1.370699906052744268e+02
1.493461776096497715e+02
4.548420946340745985e+01
1.249644841107933928e+02
1.936894427257403208e+02
1.236878531544578550e+02
1.502724494779590714e+02
1.068948624008802426e+02
4.085437782307477761e+01
7.632673433392524487e+01
3.098730510286007416e+02
7.557088847314635416e+01
1.098835327344789619e+02
7.429868396412516063e+01
7.566736634716146170e+01
2.106612915565640947e+02
2.080847584049375598e+02
1.534512589418847597e+02
1.147865486451048866e+02
6.766028854377429980e+01
7.857646733013012863e+01
3.185626415902492568e+02
1.997122600606508058e+02
1.768340221092528850e+02
1.374775848935597935e+02
2.671440442113949416e+02
1.761269849699888539e+02
7.417791178849923028e+01
5.404771684331693393e+01
1.054612679062790903e+02
2.415660555896503467e+02
1.911760532084398392e+02
7.730789421758422009e+01
1.004902592280511868e+02
1.990032971625033724e+02
7.432616986415601446e+01
1.245753372524120550e+02
8.774262460547005560e+01
7.367612608884877545e+01
1.741170589278767125e+02
7.321533208033034157e+01
4.177270469618927251e+01
1.864858232845594728e+02
4.560064834732577310e+01
1.286335808779055867e+02
1.928967658207166664e+02
6.135710755749666845e+01
4.533937246082193440e+01
7.161791514771637424e+01
1.898351838215990881e+02
1.598460211028683773e+02
2.736716309242213470e+02
3.184009540557064497e+02
5.933655322250642428e+01
3.105171941788988761e+02
2.005201821049097077e+02
2.191010308032929643e+01
2.476553340523542772e+02
7.551182020359094338e+01
3.106374616776066659e+02
2.057614829099456699e+02
2.036925461169590506e+02
1.969715440207985466e+02
9.982463449866958172e+01
3.005398545269634951e+02
9.829726422874890090e+01
3.139685524504784553e+01
2.997685963927365833e+02
6.557015523873944574e+01
4.467553832015266124e+01
7.425051213278699436e+01
1.092070482205870405e+02
1.120648187563926541e+02
3.084217328693990225e+02
2.021057751810599541e+02
3.731365249619288420e+02
1.325271491326932107e+02
1.187045059487028027e+02
4.181482760178322167e+01
4.415606268587774963e+01
9.584508510165331074e+01
2.454010203488352460e+01
7.790015510654903608e+01
1.879888117590342631e+02
6.326192589511567377e+01
1.147919370218079251e+02
1.231015162100125195e+02
1.482399217823263768e+02
7.401546785975126852e+01
7.058872343309612063e+01
7.856764028371190989e+01
1.114638698910116261e+02
7.879192640323788055e+01
1.286953556353167585e+02
2.850713327953858993e+02
4.330987783705491267e+01
2.137019838643696232e+02
3.151541713536892075e+02
3.014495073059198944e+02
3.110051758007026592e+02
1.795703318753803899e+02
3.345751643666724817e+01
1.312908556009600147e+02
7.531177237637608357e+01
2.792185451686553392e+02
3.100484603533997756e+02
2.008152621312974588e+02
7.983898784439732310e+01
6.464924439841074566e+00
1.870208343292835025e+02
2.544931510166363751e+02
4.291975776315399571e+01
3.094009971153404592e+01
1.303575471521621694e+02
4.419735016352757384e+01
1.966029136251901548e+02
3.438693166333896443e+02
8.968420322717055626e+01
2.672364188438539827e+02
2.158919421575219530e+02
4.769896776373149549e+01
2.611833439797445067e+02
4.314571571763884350e+01
1.146486542823610932e+02
1.891167888496484579e+02
1.909884443228042699e+02
1.087781683535941966e+02
6.772056774828601533e+01
1.118566988688769612e+02
7.015244141618728690e+01
1.976353965345323047e+02
3.058030740672768957e+02
6.733974028788090038e+01
7.579209136662927904e+01
1.407821163103580773e+02
2.017889740167096875e+02
2.267601784438993491e+02
1.802410986861294475e+02
1.156353690548532285e+02
1.906254074503627578e+02
1.890980032404891347e+02
4.492480240828405158e+01
1.356799065361204271e+02
6.625299088892289490e+01
1.416030012587598641e+01
2.362388261654918153e+02
1.945959284444491857e+02
3.011543955739219882e+02
1.923516181433705015e+02
3.016374982527808513e+01
2.087989246968588475e+02
1.299055903971024861e+02
1.494613073234573903e+02
7.263977244596428307e+01
4.853062938165973605e+01
3.010421543147728016e+02
1.502706169123642894e+02
1.332454718653748671e+02
2.917437325778207082e+02
3.075725072896801180e+02
2.017635853319812895e+02
1.271442895416354730e+02
4.356537951833738731e+01
1.789872825333954438e+02
1.934679178142328340e+02
1.969530193109197853e+02
3.981097516450323042e+02
7.047864816052894810e+01
2.509977998010277531e+02
1.650158759376471096e+01
3.050670594836531109e+02
2.085452360682256483e+02
2.091593173954138649e+02
3.203426809159644790e+02
1.219780413331106956e+02
1.800043425030559376e+02
1.180230751029828724e+02
3.106871765413310413e+02
7.443479185911016316e+01
1.802960354007311707e+02
7.790184029918111719e+01
1.421535556123029096e+02
2.162928630058029853e+02
1.918174714899896287e+02
1.949133654985283215e+02
7.823123346767665964e+01
4.203765234408567864e+01
1.135838531595960461e+02
1.347053458856499049e+02
7.963047700813241647e+01
1.289898106398450750e+02
2.308891078444611367e+02
1.977010858383447669e+02
4.606847324447584668e+01
5.703546361278207399e+01
4.936115732525112065e+01
1.700535967045588279e+02
8.487598864179567215e+01
7.734302435931084574e+01
2.246600550164713184e+02
1.740524165567613011e+02
1.046158875373665182e+02
7.184296143796103706e+01
1.220503031601250257e+02
7.123327209647786162e+01
7.478451724735998596e+01
2.182922594423826581e+02
6.944299940308614794e+01
8.916834917478270484e+01
2.158081648602452844e+02
7.468411581951814071e+01
1.278199383555888318e+02
1.996066810670647556e+02
1.895389092017572636e+02
1.222818710657597592e+02
2.813974037828846164e+01
2.842684480496191668e+02
4.735145729293628136e+01
7.927837793843852410e+01
1.987263972437580435e+02
2.184402600930779670e+01
2.576338535482238399e+02
7.472492638533991283e+01
3.018028955518925471e+01
1.947019500567768375e+02
4.653658516136365364e+01
3.119088412254719174e+02
8.696156077631158610e+01
4.343378673922958200e+01
1.031365021211164503e+02
1.086745445876594118e+02
1.396450296913155569e+02
1.175510193971989139e+02
2.047528615357751107e+02
5.191412702223666287e+01
9.206272126517869481e+01
4.980304744187855448e+01
1.121342262505705776e+02
4.407229751814421803e+01
1.981090483938504292e+02
5.332573811565348620e+01
1.379751436807400999e+01
6.273020204377853304e+01
4.477459452984867028e+01
1.963672354629128165e+02
2.199089377225875523e+02
7.016861182673414987e+01
1.977165111297275928e+02
7.813796452042505791e+01
4.404132291990686099e+01
1.267849515335488917e+02
4.412411272034980669e+01
1.395977574922324322e+02
1.279286201390045647e+02
8.964379219266697874e+01
9.868906092768560256e+01
4.419545689685667611e+01
1.357534829695345593e+02
7.886332317485940280e+01
8.009177649657145537e+01
8.058363713601785605e+01
3.069362563863053879e+02
1.738779918166415541e+02
2.824992878614816050e+02
1.152663521391342556e+02
4.594062388878143111e+01
2.054869804742561712e+02
2.012166189321649483e+02
2.891306014233993551e+02
3.212305042162576001e+02
2.074792663663946257e+02
4.342315108257086109e+01
1.546158070575100680e+02
7.379651045021476818e+01
4.850782917139067507e+01
1.958039681297332208e+02
9.932021016857527229e+01
1.343113971115082279e+02
4.048793736537837873e+01
1.251508834798246710e+02
1.921780467140655162e+02
7.817447431087798293e+01
1.195598618752317321e+02
3.094745241265831055e+02
1.333479888974713106e+02
1.446313468070133013e+02
2.756223053453433991e+01
2.947267692690719514e+02
2.714095309207424975e+02
1.436790199615837480e+02
8.906869654887755416e+01
3.026543949006731395e+02
4.254114819145137716e+01
7.128222235041381794e+01
1.943812390478446446e+02
2.956419390785144969e+02
2.630331276317006655e+02
1.221952465848534786e+02
1.985041267959929883e+02
1.148813563677963288e+02
8.513535271235478774e+01
3.949391545204172616e+01
4.964466195904736878e+01
4.009322910638987025e+01
9.806246510293757979e+01
1.981903197229632951e+02
5.057342012126455444e+01
2.348045192338186666e+02
4.339598088986516444e+01
1.245308213595264988e+02
2.011384124436463594e+02
2.295283425789467060e+02
3.091669583042712475e+02
8.052357656878011483e+01
2.536894250804593298e+01
3.530666374422665967e+02
8.081402604261059608e+00
1.634734338132576283e+02
1.335337661164084011e+02
3.321527068207833366e+01
2.013314722920195265e+02
2.668014967144310958e+02
1.296899775939983783e+02
7.712919352642036586e+01
1.128004244070464068e+02
2.035786955585170972e+02
1.453444667965661097e+02
2.477139798646899180e+02
2.853477242071727460e+02
3.482308918141867338e+01
2.199523190621726485e+02
4.403127314056061437e+01
2.868633574011988117e+02
2.006799025307310842e+02
7.808034084786078211e+01
1.122636473190841997e+02
1.648250885122421892e+02
2.012337382201393439e+02
2.972744399251395180e+02
3.096013349671937931e+02
2.283539521104819414e+02
7.173861289479752656e+01
1.406933214279540891e+02
7.037617919460554106e+01
2.190456922238919617e+02
2.792391538446536856e+02
1.763289566565011626e+02
2.027258154107261703e+02
6.807796136313447732e+01
7.272520017184920960e+01
4.239499892716447249e+01
7.493667329655139042e+01
1.960613929098515200e+02
1.882632422810779360e+02
7.472707827213953635e+01
9.502144456789287119e+01
2.088469574431620686e+02
2.041423688925359841e+02
2.018551076239548934e+02
1.979384577819361937e+02
9.240239567180863389e+01
4.475597893361726420e+01
3.085606906093429558e+01
2.785666862069751346e+02
7.800306461519238610e+01
7.416070509859409299e+01
2.023409830691030322e+02
5.097823018007801466e+01
1.466005120241930797e+02
1.191402457102436898e+02
2.542243253596928696e+02
1.810712325432658076e+02
3.690347516620889223e+02
3.128137830111619451e+02
8.087678855564277569e+01
2.923278532557194467e+02
3.275291318875408706e+02
1.183998183933595101e+02
4.763286463756769962e+01
2.046264289053583525e+02
7.657183552036214280e+01
1.127863397472130487e+02
8.569167651379346751e+01
1.394242744676519123e+02
9.092078631072124040e+01
6.872456766749020574e+01
1.128052162204137687e+02
1.157350435333730587e+02
2.058234873238237697e+02
1.229982456430063706e+02
1.695218186914496528e+02
1.099724157125317419e+02
5.366113118990756448e+01
4.725546833241856604e+01
3.203823226850938113e+02
2.013523484845910616e+02
3.164841059592766328e+02
2.183128450746927172e+02
4.680292468992044519e+01
3.674248858107947058e+02
2.948200712963442811e+02
1.407476040909544963e+02
2.969711794411950905e+02
7.296527275617246744e+01
2.049138115364779082e+02
4.856108949873986802e+01
3.193793069269574403e+02
3.114672547204705779e+02
5.781508570600706065e+01
1.593453574445543381e+02
2.324135970746625901e+02
1.189412524433879099e+02
3.680764557489152935e+02
1.957253961883198770e+02
8.494453537447358826e+01
2.062260881497128082e+02
7.361033004730035145e+01
4.432844323790214958e+01
8.403862607115820538e+01
1.249613985831744429e+02
2.173247606266394598e+02
2.900902520836646090e+02
8.567944428817303049e+01
3.245542059843108973e+02
2.101511159903784574e+02
1.063682010277905050e+02
1.506291535567684434e+02
6.964714850628828913e+01
4.595540971739011837e+01
2.203401709782007742e+02
3.238026024974152506e+02
3.012147413403771452e+02
4.754943550639201533e+01
2.966035680603065998e+02
1.023932033855440551e+02
9.575690327371826527e+01
1.233062053020732094e+02
4.349086500679566569e+01
1.053248222772699023e+02
1.908696505188406718e+02
6.723304256324932737e+01
3.210164870802884138e+02
1.169708307472377271e+02
1.228061227640223763e+02
2.009122720351813882e+02
1.946717606709048880e+02
1.173950854583102341e+02
6.787664964468390849e+01
4.354830145726800339e+01
1.573754086364524767e+02
2.059522927783849298e+02
2.011605463417153601e+02
1.755081246459317015e+02
1.161336543534082892e+02
7.571649498171974813e+01
4.611287576816188505e+01
2.872691252368916821e+02
1.902890653992035368e+02
4.314471579722163597e+01
2.970671358702550151e+02
1.397368427613616291e+02
3.096798302443572766e+02
9.361680406447132441e+01
4.598033666457659763e+01
9.119228083553912256e+01
1.993119396380013768e+02
3.261042064552625419e+01
4.406338443675051764e+01
2.121221907111089422e+02
8.020304078707562212e+01
7.812389494574907189e+01
1.981148183512978846e+02
6.566099004889416335e+01
8.712814402658632673e+01
3.016066100800708227e+02
2.931993962309583708e+02
1.200630599394982880e+02
1.862319826068370219e+02
2.037045930767274626e+02
4.914051553780989678e+01
7.712543398126570082e+01
4.528332337265271690e+01
1.803561704187812609e+02
4.493231117547794184e+01
7.777046388337520000e+01
4.312685688909606796e+01
7.873716537168948548e+01
3.182023887768102099e+02
9.842451357932239375e+01
3.951782267405106097e+01
1.537532582895286168e+02
4.815868042068952803e+01
2.101813065209210265e+02
7.730303805539941209e+01
2.749910756053140517e+02
2.140045267765760855e+02
1.922041022010698157e+02
7.458493309294065909e+01
3.082220700270647171e+02
1.262859937566549746e+02
1.097203250813448534e+02
1.305473769689323760e+01
7.471306131984034948e+01
1.421195223914727421e+02
1.000017930458915600e+02
2.853703718808318399e+02
3.032893071517136008e+01
7.920532779751606256e+01
4.989110293941402574e+01
2.142315265512657447e+02
1.232150302546981777e+02
1.896014984111799322e+02
1.894951091730652593e+02
1.948926635648618344e+02
6.264025904404364553e+01
1.454172460418499782e+02
2.087473113549653192e+02
3.123027600452917909e+02
1.930802938155814559e+02
2.632905007413842213e+02
1.920675271468331005e+02
1.764221493937874357e+02
3.120848870546693092e+02
6.114873168976254192e+01
1.872159661214625430e+02
7.156363230030895295e+01
4.495786529459353886e+01
1.274750808118100309e+02
3.055395485463471346e+02
2.488289875548041721e+02
2.058924885207312343e+02
2.020856695034103154e+02
1.658141159455343541e+02
7.486416469339756929e+01
8.890685544008201191e+01
1.124024069617616419e+02
1.315503896086648581e+02
2.790790820028842063e+02
1.930569483699944726e+02
2.048679817782076498e+02
2.174500578516293388e+02
1.695254508579617152e+02
2.048661516115533914e+02
3.252730670150578476e+02
2.012323799863930560e+02
8.457986734910784321e+01
2.471651140102520685e+02
6.735726327864789198e+01
7.213352437786429050e+01
4.202453365945370223e+01
4.976248422219266132e+01
2.707068745603586990e+02
2.955997572016499362e+02
8.545594967609190462e+01
6.392229910886030808e+01
2.338169801870733977e+02
3.218969823666810726e+02
3.273395612099349705e+02
3.133547605148604589e+02
4.630844646199179238e+01
1.546554751791514093e+02
3.086248065706706711e+02
1.947142194312740173e+02
2.280087993094956005e+02
4.603874961141114852e+01
4.944653893459515359e+01
6.511505280821606334e+01
3.195888955870544237e+02
1.175500809436014151e+02
2.790129844744615752e+02
3.573276355381228200e+02
7.514769369541235733e+01
3.225373467723268277e+02
2.167690827943712293e+02
7.063413576782777170e+01
9.329968999390946749e+01
1.982594460275631434e+02
2.043278254028141419e+02
1.296557473945327388e+02
1.883839469584140716e+02
7.279785232460858424e+01
1.697964694024071619e+01
9.203703411179937177e+01
1.170518879255786260e+02
1.752347853588861994e+02
7.913977101395016689e+01
1.583597708333508649e+02
2.105566275080158505e+02
2.890917606763947560e+02
2.892598671950375433e+02
1.507759147376564499e+02
2.485820512147097645e+02
7.725391869537173761e+01
3.110854439417095136e+02
5.745734140279645175e+01
4.588721589230601694e+01
3.819849243095392239e+02
1.453162767265880007e+02
7.261765946072337385e+01
2.145781957665121240e+02
3.848312314052270011e+01
3.887520376600340910e+01
4.619568811171465228e+01
1.236370081619050012e+02
7.241257536625855096e+01
9.255360221575563173e+01
7.242498316701063743e+01
7.206285938331031105e+01
1.882648986298881368e+02
7.876073846044805293e+01
1.240722926555374244e+02
7.781937572392062918e+01
2.825014042719462850e+02
9.798120112754919830e+01
1.972207721973134653e+02
1.796167335282136435e+01
3.069285738004721225e+02
6.066407941827288397e+01
3.048711048155971071e+02
1.293048850346516758e+02
6.414068460876069366e+01
4.449526206904622683e+01
3.893570609070210509e+01
4.349340650187501467e+01
4.532236107605924502e+01
2.090432564442629939e+02
2.079322672236864094e+02
4.400591149963063486e+01
5.699152244393653888e+01
7.997155519377997734e+01
1.992628929706737893e+02
2.938274677335105594e+02
1.972682650262873096e+02
4.447944126181361923e+01
1.900837371116334396e+02
2.123762087153900211e+02
1.508604883028060328e+02
1.183972764768106885e+02
8.108446283001426025e+01
3.990785876201707083e+01
4.070632005822489674e+01
1.857678592082845341e+02
3.121928372173925368e+02
2.888737512236784255e+02
7.464204014345631322e+01
4.425744628637002620e+01
6.447217830443010200e+01
2.986773554254324949e+02
2.898985524372801592e+02
2.961916263694587315e+02
3.197402932504863884e+02
1.011558011345396864e+02
7.860854818087643991e+01
2.020500647444290507e+02
1.749120329450863096e+02
1.936609957267469611e+02
8.036894633419437639e+01
7.978920659671024396e+01
4.294436541283010200e+01
2.854545603725193246e+02
2.026692243708801584e+02
7.720467814246208604e+01
1.172111835825002117e+02
4.685652152987675834e+01
1.770470297654656520e+02
1.142535302110019444e+02
1.447382989801484712e+02
2.238841783338428115e+02
9.140538569950635406e+01
3.028372875508048310e+02
3.103318925881385439e+02
6.676555427017308375e+01
5.422198512613437060e+01
2.150555271502147718e+02
1.025985110169068832e+02
4.417644246433091126e+01
7.882512493569382173e+01
7.311171709540444397e+01
7.117448476523239265e+01
1.887683293600671561e+02
6.993443788943670825e+01
2.043941262340738945e+02
4.595584814554896980e+01
7.492685606516388930e+01
4.443902591146617453e+01
7.298013274845330045e+01
8.143057177912508848e+01
1.258819103261759267e+02
1.240529036671575795e+02
2.068793781006384336e+02
3.031618091385884668e+02
7.507884075907885801e+01
1.083383342841099051e+02
1.141184854882170896e+02
3.257831718178490519e+02
3.082737227538789782e+01
7.055529759327419015e+01
4.418866992376955949e+01
1.383405075878317803e+02
2.414325465754661764e+02
7.104748942992789296e+01
2.265001330329396865e+02
2.614224803126439838e+02
3.460423201295408830e+02
3.416804322271175920e+01
2.054894638650946774e+02
1.165848474650072433e+02
4.199461862466578310e+01
7.113429991929687901e+01
2.903989395210475664e+02
2.153564173647897064e+02
5.147254119683773155e+01
1.914685695632632303e+02
1.391593517847233556e+02
1.185056349961376299e+02
3.005989481294222401e+02
4.788549998720425549e+01
1.473415435595325675e+02
7.899242520091080166e+01
2.032489436169002772e+02
7.565679525451993470e+01
1.579935364590099027e+02
6.775409586216711944e+01
2.938245298393221105e+02
9.970796120743302993e+01
1.204391124557884325e+02
1.917432474854312261e+02
7.039479478268025048e+01
1.920747219490920088e+02
1.956178225140839686e+02
1.219774536587843841e+02
1.269043529252689808e+02
1.538131562331057012e+02
4.243020521718950988e+01
6.876015029416019786e+01
3.404231754131117214e+02
1.214630986717820207e+02
1.889259418706699023e+02
3.539333214332707200e+01
9.875762015952173556e+01
2.915634049810235524e+02
1.515962035918997941e+01
9.322102023613305732e+01
7.464765102157146259e+01
4.008647275592393555e+01
1.199154565875112581e+02
7.967889951272242399e+01
3.371931920347702771e+01
2.603492449293012783e+02
3.978357561507743299e+02
4.628316321266798639e+01
2.681194877725376458e+01
2.225827090111468465e+02
1.777673269162438885e+02
7.537291283785896212e+01
1.900016742158151430e+02
4.604197111228541672e+01
1.196298605947016824e+02
4.578779520789314716e+01
6.442910441058174342e+01
3.088318438850820939e+02
1.935425997780689897e+02
7.503932487145442565e+01
2.032649883062114498e+02
5.268302688686446800e+01
1.178231854816900750e+02
2.979549395635930296e+02
2.998434030351264141e+02
4.322495838231595400e+01
3.028755075009967754e+02
4.462241921862050020e+01
8.178248423412398438e+01
7.302956948516735736e+01
3.959350311740975314e+01
1.275384281845135206e+02
3.002769439813971530e+02
7.228710629637606644e+01
3.234328112771131032e+02
8.631782819554533148e+01
2.823024833660350055e+02
9.392905543444913974e+01
2.889084898459011583e+02
1.774194395243254121e+02
1.828490668164963324e+02
3.956646303371609292e+02
2.030545536564296754e+02
3.639251181016746983e+01
4.503214672114219042e+01
2.111642174186629290e+02
6.454366026718400917e+01
8.103993067447559895e+01
7.995240709965962367e+01
1.992957275477588439e+02
1.265971032922256256e+02
7.270246036034102133e+01
7.472976446417648333e+01
1.371695702449717089e+02
3.072534605915674888e+02
2.080117626713335710e+02
1.190471954112113906e+02
1.126311591833590171e+02
1.223207663122513793e+02
7.828464830218830173e+01
8.602690554523621813e+01
7.195256391124202366e+01
2.130816442840550451e+02
2.157269690078826443e+02
7.705874056294653940e+01
4.298293198081891830e+01
2.222731419254866978e+02
7.269355793648591657e+01
7.513020895924398701e+01
2.066860227680503215e+02
1.951568080283083475e+02
1.192742783989442898e+02
6.312961715006938590e+01
1.023292096224600130e+02
5.852719257083732884e+01
7.539776921872183379e+01
4.486719231202273761e+01
1.415382435859237091e+02
7.842865203553181175e+01
9.746539340753794534e+01
1.966655347253594641e+02
1.205071099828497552e+02
2.806388771705365457e+02
6.809134333287454410e+01
1.991236649118781372e+02
9.790449902797222137e+01
2.029381172582944259e+02
2.040075069593501667e+02
1.838319599966625333e+02
1.952176966895850967e+02
2.058200100082794677e+02
3.100905953865583911e+02
1.439793803665711778e+02
1.188294979661461639e+02
7.010117102727139127e+01
6.246207765187174488e+01
2.307114004199300439e+02
6.003240326785668657e+01
1.876007747635740373e+02
4.532635861954360479e+01
9.446777448959332446e+01
1.657519880946732940e+02
2.172683644357315416e+02
1.019016301788620780e+02
7.523798554073172795e+01
3.133403899404025310e+02
1.916177557197925978e+02
4.323993708572462680e+01
1.816877470753343857e+02
2.985672168667981055e+02
7.595669176998698902e+01
4.697803236270176797e+01
1.885699455587513853e+02
7.122411424503160049e+01
1.223133773754434372e+02
2.964883801567887645e+02
3.131861565400933500e+02
7.442713925380432727e+01
4.297462136197336413e+00
1.539859043137428216e+02
4.553815062761541554e+01
5.133042567275791157e+01
4.304400765983825039e+01
1.006306642589250941e+02
7.453817621598841470e+01
1.198877130472529444e+02
8.078107958853756543e+01
4.487951983148899870e+01
4.415575761936138832e+01
2.009196377177547106e+02
1.023618768208415020e+02
7.336736191837265153e+01
7.703818217630495724e+01
2.142604827253773863e+02
2.877833752786501123e+02
1.069840255677688816e+02
4.337497785228570990e+01
4.356714583417108599e+01
1.262049698679597896e+02
8.052202235883149228e+01
1.276577496319753919e+02
2.120158890171898349e+02
1.997091770154273433e+02
1.295582552338943287e+02
4.505559171926309148e+01
7.544190312272183974e+01
8.025357655037643667e+01
7.822220312024846578e+01
1.566215176692201396e+02
1.758330345078512664e+02
4.415495921161091530e+01
9.291302062676945184e+01
2.639105879704483186e+02
1.963262447083684208e+02
1.048844691220496230e+02
3.399126214102314236e+01
1.734447381616640484e+02
1.327637392524732718e+02
8.523599638760163089e+01
1.408456036439499712e+02
9.159048031169565718e+01
6.051626844037123476e+01
4.591125967225292470e+01
2.017775220482026270e+02
2.514678973173668339e+02
2.600521869881107406e+01
3.455377742357616739e+02
1.919512371368055881e+02
6.674621239206082635e+01
9.200412538180849253e+01
1.514863864864850314e+02
3.016651931039195915e+02
1.408772149223340193e+02
7.697228739908841533e+01
2.767761567134423899e+02
1.964951811281068785e+02
3.255370140385851983e+02
1.197419740606752612e+02
4.411415799580611008e+01
1.878083736776592616e+02
2.074373393557343945e+02
8.507935534044933945e+01
5.918563808185240305e+01
1.991667084376200876e+02
1.942837707183422253e+02
1.294635588723172361e+02
2.031689639937533514e+02
7.621875275789690818e+01
7.917073770146986078e+01
4.373917440424662573e+01
2.153888666036356483e+02
2.051776334981064736e+02
2.319478709757024433e+02
7.529177797326572374e+01
7.256054320402071767e+01
7.803545504618946893e+01
3.131771266753960390e+02
3.070453797380950505e+02
4.457236054211810483e+01
8.546920043082756990e+01
6.970898469466951042e+01
1.896990804085950799e+02
7.100438980267682609e+01
2.962125510453335551e+02
1.185297983344849655e+02
2.812540761891391412e+02
2.133228642638779604e+02
1.857906565391577942e+02
4.139865915983102695e+01
2.078765584827437181e+02
1.149814889263635820e+02
2.027384966453059576e+02
1.984427841185303691e+02
2.632771130363321390e+02
2.888337583840396405e+02
2.038735697800343871e+02
7.529948413693801967e+01
8.724499977469201895e+01
1.998052928353098707e+02
1.223422238258576016e+02
3.072894952143251999e+02
2.108093549309684249e+02
1.801410759215740143e+02
2.495439230521367620e+02
6.054030236124734188e+01
3.213134368974165227e+02
3.071990127649686997e+02
7.746909930149584511e+01
7.174591703712769686e+01
2.382477654046124655e+02
7.316300582260905117e+01
1.230026687492795503e+02
7.964563541089634668e+01
4.568090241821191455e+01
2.692036748778230617e+02
1.455342352427873323e+02
7.413018637731561000e+01
3.560892113538756689e+02
9.482438676780830633e+01
1.981535103022283408e+02
7.903921801452058560e+01
4.575235784797450833e+01
2.004515741630731327e+02
8.830960692573563620e+01
3.023365849523758015e+02
1.209696944009297113e+02
7.688262411585827749e+01
5.807142246717658196e+01
3.733390629155281459e+01
6.424234089414737525e+01
9.154264717782248795e+01
2.500989459551122991e+02
2.020132334021986935e+02
1.281261757084390069e+02
2.032354954839296681e+02
3.155504206264430991e+02
4.367006349583420644e+01
1.921092740942679598e+02
1.407283792882463160e+02
9.966857360177081659e+01
2.158200426596189914e+02
4.484791526559860841e+01
1.630595233638456989e+02
1.051722127948167156e+02
2.029440245946280186e+02
2.886983838499112949e+02
1.949660209092589014e+02
2.385447066639678155e+02
9.945611996362751484e+01
1.826391234449658043e+02
2.109924421159019801e+02
7.102083618364986251e+01
1.173642116516677447e+02
1.861641576404895773e+02
7.242477969440083996e+01
1.096095827359707471e+02
1.673426094863610842e+02
2.682097664824037793e+02
5.711494141028133953e+01
2.891652002938600958e+02
1.075237143953043528e+02
2.036566148157421878e+02
3.006380861231725135e+02
1.388144784499759794e+02
5.309136378739393791e+01
4.281469013652863254e+01
2.046706918402647375e+02
7.253254963255577081e+01
1.168158884189805491e+02
2.022393530410828646e+02
7.692088700313165361e+01
1.275580173964707882e+02
1.666897636104105516e+02
2.895319181576302299e+02
1.027655187848792337e+02
6.565855155512147689e+01
1.984685697178648240e+02
2.466271323566711544e+02
1.060215428465496785e+02
5.910409033486035923e+01
9.650593920094219413e+01
9.440630071163420212e+01
7.515535260613165747e+01
1.929959608525866770e+02
1.769635931599760283e+02
7.581823455534235734e+01
1.817886068897006737e+02
7.251891809147210211e+01
3.382358110331145440e+01
2.066099793328421299e+02
7.615155521187972454e+01
3.070290729135697916e+02
6.867080693345506859e+01
1.975370636184400155e+02
4.344249807182357870e+01
1.328796839366720803e+02
9.737698782138313902e+01
3.499893034446102433e+02
2.820445251730752148e+02
7.361917851404591318e+01
1.080380941897681737e+02
8.979555499517041994e+01
3.120590449599829981e+02
1.942146709296706604e+02
1.684079158236593443e+01
9.093294248577259964e+01
7.443457223677324919e+01
5.486997470882526073e+01
1.829042624396099654e+02
7.133665724808119535e+01
8.777493479607518623e+01
2.599260726340581584e+01
1.388591450771048130e+02
1.175804537597644668e+02
3.092215355671658017e+02
2.741373969501871102e+02
2.838193830234291681e+02
2.908621221802326318e+02
1.566009522650204815e+02
2.048526053495102985e+02
3.160496379699417275e+02
1.009562495732277796e+02
9.051752271104660963e+01
2.075323486393016310e+02
2.054819691006291578e+02
2.046351387196626206e+02
1.098041119691518759e+02
1.922752291460169829e+02
4.959665721070895472e+01
1.391199663211993993e+02
7.862622907154127461e+01
6.665351984938908458e+01
8.176125574027761900e+01
2.166870990428973300e+02
2.150476073386223845e+02
2.478096291069394397e+02
7.393563664795081536e+01
2.814309653853356963e+02
3.994513893392804675e+02
1.231588772098801599e+02
1.909074726567171183e+02
7.770712967922335679e+01
9.102319086623778333e+01
4.492965255981855677e+01
3.605398270440381339e+02
7.799491448134715199e+01
5.044125700264961409e+01
1.222950913532864092e+02
6.397937669937820715e+01
3.047220427229217421e+02
3.187924831187474979e+02
7.496388053745961599e+01
1.556704072508466936e+02
1.249138170524392137e+02
4.588139525077809111e+01
7.766146032501991670e+01
2.189574318263612156e+02
1.939957959280499153e+02
7.414579735080813805e+01
8.977004253249464227e+01
3.173324902850574176e+02
4.890649921723641569e+01
1.342478014079727302e+02
1.930308176393170356e+02
3.944897844626733985e+01
2.039759463167937099e+02
4.785108413357680490e+01
1.963915674183147360e+02
8.841068743955004550e+01
1.755145045204160397e+02
1.746010434762545174e+02
1.171428638749552675e+02
7.816034832851073588e+01
6.927498867152708328e+01
7.695281054972052459e+01
3.105415572607674903e+02
1.978196710412289008e+02
4.528717148850320484e+01
2.044761806481051565e+02
1.996573097346768577e+02
4.948224815698980450e+01
9.234791062688199759e+01
8.315383485181625645e+01
1.245723305890515462e+02
5.712622396994611762e+01
1.138333930165538135e+02
4.477860666248961508e+01
2.119252903172356071e+02
4.441313903942376839e+01
4.592164301754125688e+01
1.990269398163021606e+02
8.001531578976336334e+01
1.236399135066389192e+02
3.173096666559458185e+02
1.051070958852885866e+02
2.079194219950770162e+02
1.911915740002411042e+02
6.944779484651635926e+01
3.403621621510841351e+02
7.646235450602019057e+01
2.825165369679388050e+02
1.645190717546398389e+02
3.700127066879124271e+01
1.915846957588937585e+02
3.031982740865417441e+02
3.352050002637445232e+02
7.698325038473775805e+01
1.025400094602025547e+02
1.965146403989877797e+02
1.927905769767483548e+02
7.457483745877641468e+01
2.001415304720061954e+02
1.132714678602387721e+02
2.973950683486051503e+02
1.776947755697731566e+02
7.724800624263122018e+01
2.101745323931334610e+02
2.959047684416152606e+02
7.219574859803874745e+01
1.849695977644271068e+02
7.099658843781622863e+01
7.636299556332015470e+01
7.289416106736670997e+01
1.949110954401754441e+02
1.965317058348161368e+02
7.510415710824383950e+01
1.596358841638301556e+02
6.480044835940634584e+01
1.971604867017045137e+02
2.745397005380073665e+02
1.956826598351612461e+02
7.105154927317106228e+01
4.567719776581724034e+01
2.755087394008614510e+01
1.415773532721452455e+02
2.798916363860140564e+02
2.284683653227104401e+02
6.800120981057926883e+01
6.468576299545489405e+01
1.112568396348629705e+02
1.976513467881974009e+02
6.283224539902058581e+01
3.248127855210636312e+02
1.287898749366390518e+02
2.313356816288071798e+02
3.054230664101471007e+02
5.098583385431728487e+01
2.921115558049442598e+02
2.607902937280536548e+02
2.006071755531679344e+02
2.008937164366112427e+02
1.083242510283444489e+02
2.993436093038674812e+02
3.484083659195124483e+01
1.106138259574966582e+02
9.688657610989326940e+01
2.935612201349554766e+02
2.867141329390433953e+02
3.430725871557511937e+02
1.067219831087243307e+02
1.740912651970532181e+02
1.282900059002163573e+02
4.535249140629565545e+01
4.290284340004159702e+01
1.900511303707984325e+02
5.018575699422032699e+01
8.099320017518594739e+01
1.466121569216550427e+02
3.017825795417232939e+02
4.643894792191289156e+01
3.024708456381274573e+02
6.871863572297557710e+01
3.419588926906211555e+02
5.633817138516819512e+01
3.574209293579929181e+01
4.646034790650843860e+01
2.006268780418114943e+02
4.488182561182409813e+01
1.729012531673900241e+02
1.597030480783792257e+02
8.245217315957665960e+01
1.510582328773336656e+02
1.978044668592047515e+02
2.642179389293548866e+02
3.000983071803354960e+02
3.119972366076075332e+02
3.729031993878300000e+01
3.294153979255009972e+02
1.234128220667876974e+02
3.116474000410933627e+02
2.541342812842350085e+01
2.164607008121730871e+02
4.799305838048199035e+01
1.913779231263744407e+02
2.715112382099432580e+02
7.290669932383438834e+01
1.192235184411215698e+02
9.847249894156307448e+01
3.221746540415839490e+02
2.244914877010025691e+02
3.208979468139198730e+02
1.397979102662897901e+02
2.270101914807002004e+02
1.886049243346410833e+02
1.236524578055473853e+02
8.763298412091623391e+01
1.616457914794418969e+02
1.546971569813150893e+02
1.117453973940010883e+02
7.616711411106173557e+01
1.865459755641062713e+02
1.839749208971669532e+02
2.066382958286308735e+02
7.715462096236234402e+01
5.329961235227200689e+01
4.318285310875199201e+01
3.215308548349227067e+02
1.931472211569480351e+02
4.597415619086400085e+01
6.855371882237785996e+01
1.395172992974072770e+02
1.533789436848547609e+02
3.601724415870800158e+02
6.877465053879913626e+01
2.847839216124212953e+02
2.003281027969200636e+02
4.514017973052836652e+01
1.997629726989296728e+02
7.385417140560714699e+01
1.156394635660558663e+02
4.383706493870668197e+01
2.131904122113498943e+02
7.323415405757363317e+01
4.485302341437594009e+01
2.676121454940929993e+02
9.541864295546002950e+01
2.776963389784758647e+02
4.446530219212847612e+01
2.829108275510796489e+02
1.980123369374280742e+02
1.161257157268516522e+02
1.973023845808594956e+02
2.112366183188326545e+02
9.044333833597973182e+01
2.027347847836714720e+02
2.981457798603735228e+02
1.097294483832394718e+02
4.653729527688953027e+01
1.212178411162748546e+02
1.352706572209689000e+02
2.266645138939957178e+02
1.456779050982334240e+02
2.851734101260480543e+02
2.122823852717481827e+02
2.007829769504627393e+02
9.337854261726818095e+01
3.824264897745251801e+02
1.257421682068113711e+02
1.226404878381188439e+02
1.489232071888982887e+02
1.724026569048499482e+02
4.487359509780860378e+01
2.095635618271265912e+02
1.212261104120702555e+02
1.651482714501412374e+02
1.136090004564045870e+02
2.021665122111937478e+02
4.449989672606263014e+01
2.976958417885791519e+01
2.493552551325497859e+02
7.724972366116008970e+01
7.395861654604929925e+01
1.285929510538214515e+02
8.303309811506949245e+01
1.246825131190729365e+02
6.454057610930682642e+01
1.715606541994869190e+02
3.266928152000253363e+02
9.535603059881211152e+01
1.176469516212189461e+02
1.493473365252725955e+02
7.204481380734581819e+01
7.541461289401284773e+01
2.138002789582179162e+02
3.243174198208993886e+01
7.458238786291836675e+01
2.054743447265243503e+02
4.281555693107323179e+01
3.024876076797773976e+02
1.347364140070293956e+02
1.904521758889537750e+02
4.572117187353598666e+01
1.339786046206232584e+02
3.284226547897330306e+02
3.601192464430792484e+02
1.020215222932695411e+02
5.853827902321830834e+01
7.827802696166051533e+01
1.597962826425392961e+02
7.550754857699335787e+01
2.199947960120768187e+02
6.736494178411206235e+01
5.545352362199871266e+01
5.906557332114244474e+01
1.917822507225911295e+02
4.137899197487120517e+01
2.977043867851464043e+01
2.040614062062550431e+02
2.065579239611156197e+02
4.525495526484363751e+01
1.801589820821477304e+02
6.628662285518744568e+01
1.184366503498083887e+02
2.185618265378170690e+02
3.055243028213635625e+02
1.254933648819166194e+02
7.384292562335858179e+01
4.387858642889067085e+01
7.360335659585771850e+01
2.189254313700766374e+02
2.870249560594492095e+02
3.225878739612613799e+02
2.027506302895922019e+01
2.228045058579230613e+02
1.754621049004046256e+02
4.732627585788489455e+01
2.902275617591836863e+02
7.854660751510959926e+01
4.912488594334283931e+01
2.932806191880451934e+02
4.618351553411820731e+01
1.907005486521000250e+02
2.798440024455789512e+02
2.728893441219291915e+01
3.408505074334568690e+02
6.235630127235997833e+01
1.445466553378630010e+02
7.363874234400529417e+01
4.943255926072957607e+01
7.657027456037914703e+01
4.442013127414949025e+01
1.614343518034544900e+02
3.039979646808005214e+02
7.399851399380615646e+01
4.685511493537757133e+01
2.900747393503796161e+02
1.814506840379985420e+01
2.091668122201032247e+02
2.381284409781675606e+02
9.368931148504923101e+01
4.716878624345875437e+01
5.166617707792360648e+01
7.258631039197082657e+01
7.360567746196345240e+01
1.228008980440762201e+02
1.421538414958650094e+02
2.056841592609219731e+02
1.831364333501852570e+02
2.980959262718990317e+02
1.116667054081403165e+02
3.029072864274921812e+02
4.902889736410273969e+01
1.985212353284861706e+02
4.222475845657819349e+01
1.113917217266976536e+02
2.931159636007873246e+02
4.341094421085833233e+01
4.528457000681844136e+01
1.393548923301975151e+02
1.157712157567507205e+02
9.740717303246123038e+01
7.425845691741105270e+01
2.980080898203785296e+02
7.606639387682153597e+01
1.764069381669128234e+02
1.284416109851865144e+02
2.944387082032843637e+02
1.288685110949751618e+02
1.959827155384786579e+02
7.236500519259816144e+01
4.507806316612698083e+01
3.570203741590105437e+02
2.729137613106716458e+02
9.919986560135473042e+01
2.758548457229832707e+02
8.129871031921352653e+01
7.205722159881165112e+01
