2.857794989873310101e+02
2.051875455730421436e+02
4.633379943693120850e+01
4.457963991354351663e+01
1.250860302355296341e+02
1.957240541527914957e+02
1.471082588003809519e+02
1.317341140783860283e+02
2.069312120310229020e+01
2.626856129571918927e+02
8.152403381236898383e+01
1.232074628445405438e+02
3.057375576312774683e+02
3.264995944780247896e+02
4.467467219273771661e+01
1.928920749437930482e+01
1.415364391536816129e+02
1.397230455806844986e+02
7.440177427307681057e+01
2.855656938925953341e+02
3.113348721843573230e+02
2.030786638854348496e+02
4.629796349333269490e+01
5.285026945200918647e+01
1.990532430133649484e+02
7.802183949997069590e+01
7.794643820616697383e+01
2.460192173694704820e+02
1.900050920493057163e+02
2.688350849801957452e+02
1.966123854059044902e+02
2.066548366892958200e+02
5.622514750547621531e+01
2.964696147307822116e+02
3.439935102610143076e+02
2.390958178791198065e+02
8.069985191130828639e+01
6.924710017038755439e+01
3.541641296404844752e+02
7.124159973420445624e+01
1.554171256468287083e+02
3.016361352854758024e+02
1.296529424537059754e+02
6.828198196794289743e+01
5.685950382654129953e+01
1.304263175287868819e+02
1.833410164833713338e+02
2.002702401252617790e+02
1.235114868888112909e+02
1.179274115250197781e+02
7.231784952439001302e+01
1.684921185303956577e+02
1.868911694985563940e+02
2.836631126480643843e+02
4.119629524851143998e+01
3.183957918243212930e+02
1.870939290657624383e+02
1.921808081226135982e+02
2.979041981679406490e+02
1.581752028644856694e+02
2.604734589305608097e+02
2.146551166776656316e+02
1.524172550166524900e+02
1.978720299815421129e+02
1.928529531630001657e+02
1.305175692532843641e+02
8.943556184093681338e+01
5.912234460819512094e+01
1.025090453357845917e+02
1.657319709140275563e+02
1.247400753666210278e+02
3.038404416476590200e+02
1.263334853156211040e+02
2.983888809711330055e+02
2.262360479795782169e+02
3.195416742138179984e+02
2.293464224389068704e+02
9.778251288989655166e+01
5.609566722913519499e+01
7.629166449067678002e+01
1.196365482137391609e+02
2.092527344972073706e+02
6.239230655195619590e+00
1.540774238502301614e+02
7.413560763885836025e+01
3.647043071161001535e+02
9.335211072925606857e+01
1.025845996756402627e+02
4.187016541287820814e+01
2.071864607890560421e+02
8.386233237833761223e+01
1.922161114652031699e+02
7.472252553371525607e+01
7.088313768251541092e+01
1.917191203125828167e+02
3.078850239832925126e+02
2.513140942121631269e+02
2.731690753182429887e+01
4.791142888978109227e+01
1.234539738847475974e+02
7.613745223874084900e+01
7.388857816897252917e+01
6.981791609964690792e+01
2.893567723289795595e+02
1.965504743399058327e+02
4.411225561998215028e+01
4.591858880166337542e+01
1.917526725409102255e+02
1.849278631839239324e+02
2.210418532755934677e+02
3.143011639198904277e+02
1.952505178265884922e+02
7.398385865480466350e+01
2.018464696863243262e+02
2.158441066316570698e+02
2.478139027182153029e+02
1.830155464670334311e+02
1.884861701681680017e+02
7.534621269274387600e+01
3.111728017517339140e+02
1.931460821154303176e+02
1.138779762572922323e+02
7.325891653641969015e+01
2.406819869059384871e+02
1.886258378594737621e+02
4.618357408217291749e+01
7.522154831341744341e+01
2.012195918734074951e+02
1.821382288571753918e+02
2.114887020823194916e+02
2.981119031683662683e+02
4.320319563163007359e+01
3.386384873938116158e+01
2.062646123963341722e+02
1.718932159694050767e+02
7.455317009957734342e+01
7.130193516845466206e+01
3.306723147562998832e+01
1.444037751083223498e+02
3.793052350662357242e+01
9.988803049652469213e+01
3.325333347583902821e+01
3.037968891826481013e+02
1.123326086137475812e+02
3.795886277658807018e+01
2.873901675300348870e+02
1.010842018125447197e+02
1.931213929934136218e+02
1.742738913308052702e+02
1.995903150381979287e+02
7.528190764250105360e+01
9.216556365730936307e+01
1.898638163891811530e+02
7.399314266326263123e+01
3.246696432777018231e+02
3.180902285246763199e+02
4.531485028150772365e+01
3.141893574026664169e+02
1.629877733492950824e+02
2.771058448269984069e+02
2.977332545297946353e+01
2.985478322409512089e+02
3.100503037991309156e+02
5.572081502294513911e+01
1.608986625153185059e+02
7.863102725002372040e+01
2.078378221948503892e+02
3.182810179965728992e+01
4.521749206372947327e+01
3.613917887208751267e+02
1.739601942477186469e+02
4.503583140664073170e+01
1.718409849915693428e+02
2.081430803189243193e+02
7.120152601637586542e+01
4.812330386721372122e+01
4.502961283880134147e+01
7.670253139860024305e+01
2.128871764873473182e+02
3.053679230899837194e+02
1.036927391923330504e+02
2.200892128809621511e+02
3.470696546212101907e+01
2.046889559264627394e+02
4.772295093464815352e+01
4.624800824081125938e+01
6.673119410252000705e+01
2.743756701270676785e+02
8.070618930489622755e+01
1.076163314944083425e+02
1.932065733690244826e+02
7.705001602014235118e+01
2.103445863982072126e+02
2.039572693171842559e+02
3.241669802816892911e+02
2.814540607686051885e+02
2.163482311023181524e+02
7.088130318504663308e+01
1.535335706458664049e+02
1.918537246824003546e+02
1.489236735506466971e+02
1.148249718938380397e+02
2.951929660764257619e+02
3.104412393542514224e+02
1.119159173162546352e+02
3.019256920286128434e+02
3.827720132356733984e+02
2.412484483649360527e+02
7.560301831016849405e+01
6.289851854275561749e+01
6.946217203849208488e+01
4.754305931883193637e+01
1.155946487325266929e+02
1.148501892758015828e+02
4.559411648251060001e+01
1.844006951101164020e+02
7.900363983118378997e+01
6.647778151663787582e+01
2.004354262232928079e+02
1.978241513784265635e+02
1.441559899756572065e+02
7.704029929213321282e+01
7.462155269521737466e+01
4.270915726387990929e+01
1.738843025820291928e+02
3.264077930380682346e+02
3.313815774510567849e+02
9.431791691551430290e+01
2.622384720705609880e+02
1.026713830386518680e+02
3.693449250420036378e+01
5.162071477998997437e+01
3.127935060509792038e+02
2.371445840592637637e+02
4.474501686808437739e+01
4.224328424797650428e+01
7.520073054163731285e+01
1.733640872628230625e+02
1.150219288148399244e+02
2.106470138008049560e+02
2.871515238789671685e+02
7.059617045320567286e+01
8.240890614690025018e+01
7.705137800944039839e+01
1.937895355263173940e+02
1.709123737158639642e+02
2.975720074632005208e+02
7.771242573951589350e+01
7.512419612733337715e+01
5.280410916099877028e+01
2.424746420385718864e+02
7.356137717030058809e+01
7.002028084448873813e+01
1.179890868049091921e+02
3.289565250838780912e+02
1.809504842122422588e+02
1.859370055865194615e+02
4.217595742654229696e+01
4.946782768491290483e+01
7.998201086405424576e+01
2.572153879586115295e+02
5.873822983497984751e+01
1.173205114224326309e+02
2.843900149623307811e+02
1.373618154748723725e+02
2.149690180817189287e+02
3.191070744654206806e+02
2.982676308516166159e+02
1.199516933077529046e+02
5.566112716904251556e+01
2.201521319371067591e+02
9.232469106368185408e+01
7.184060030185486312e+01
2.103524099014825026e+02
2.219490160906035214e+02
2.675727018268070765e+02
7.666683757064524229e+01
3.393527681433421890e+02
2.354892312598778972e+02
2.048154401239227127e+02
4.311712683296935467e+01
4.386731728696017996e+01
2.102123451857500243e+02
1.741497534940393734e+02
2.909603103755426901e+02
9.523009473723784879e+01
3.339399915202666591e+01
2.884861046982916832e+02
1.178897619897966820e+02
2.266488480806663688e+02
1.230014967895345563e+02
1.797355448681789198e+02
4.547062181129142289e+01
4.516305697696825661e+01
3.985924728708667431e+01
1.243160607866257408e+02
3.133884722199153430e+02
1.285284392129381672e+02
1.207683064380732390e+02
1.170760153824186602e+02
2.902963503552978182e+02
1.180198063793602188e+02
3.067693500485353866e+02
2.800066668270122250e+02
3.106875023386268140e+02
1.573781092899640726e+02
5.109491921791829583e+01
7.350582306698233026e+01
9.886859699366310394e+01
4.562405560784958425e+01
2.745448189547767726e+01
5.482611387000061676e+00
3.238703962218750689e+02
2.847210057601955668e+02
1.238721929863270077e+02
8.983266453287332354e+01
9.982141631905517443e+01
5.854064549980651577e+01
2.219674846829877879e+02
3.336602477788328969e+01
4.437815980831631180e+01
7.187294805038722245e+01
1.974545410505676273e+02
3.451001963490342916e+01
5.652596568948116840e+01
2.006798185486460966e+02
2.156471299220093556e+02
2.370778423601070983e+01
7.623924541298549684e+01
1.627743259985209647e+02
1.150524502831965350e+02
3.187632041449063536e+02
2.539878706205025196e+02
4.727048199896687919e+01
1.257415767301245353e+02
4.700301530226177960e+01
2.084488367721996269e+02
3.027139261502887848e+02
4.189421761596518223e+01
1.330995152768539356e+02
1.120718008201545643e+02
1.872064331618695121e+02
1.129356211089277622e+02
1.394274089080942360e+02
1.525885211147631253e+02
2.109761089229259881e+02
1.228415734058059456e+02
7.398417109578711859e+01
1.934312130650797883e+02
1.979655905793292447e+02
1.205405276387684097e+02
2.722274436998962415e+02
1.417030312370371803e+02
3.303431352209466354e+02
2.241734245946882140e+02
3.098001040561921400e+02
7.374470249529230159e+01
1.175124571074299524e+02
2.112964013740157156e+02
3.767439976714193506e+01
4.477495453710410800e+01
1.985321735940034955e+02
2.360814732230873290e+02
8.381117076845599456e+01
7.422134347663977394e+01
1.997632484802076362e+02
1.250851077572917944e+02
1.196472472927068509e+02
1.717622711282192256e+02
1.773720102072095131e+02
4.533873669003237694e+01
7.250736870751801177e+01
1.204028861601468350e+02
1.638285911132769002e+01
2.974165042115510573e+02
2.875493826224483200e+02
3.213034830068988867e+02
7.476905972968177139e+01
1.083644842259911343e+02
2.892812455388137209e+02
1.220958461452207047e+02
6.507862944868179511e+01
1.920653251729136173e+02
2.178730720718074281e+02
2.148284800186324048e+02
2.725125479150774481e+02
2.427568621094265495e+02
2.132048820391237030e+02
2.102372504863076301e+02
7.356212414825587587e+01
3.045025053799096781e+02
2.243607283789907285e+02
1.041671892383723872e+02
4.564136906226956825e+01
2.095599256191751465e+02
2.815366078279071189e+02
1.252240607443504814e+02
3.219052177920932536e+02
2.792949130653190082e+02
2.346669591669780175e+02
2.129021837003033397e+02
3.271536992501153236e+02
3.063817228012006240e+02
1.267933149467346254e+02
1.364046127666984489e+02
1.344851187565172097e+02
7.428397985862936537e+01
2.671118971844664429e+02
4.422633980055523040e+01
4.277941855110491787e+01
7.313157716925293528e+01
2.045713073146647503e+02
7.653716962865699713e+01
2.005877038682110367e+02
3.084383074310072743e+02
2.673463945218617255e+02
3.119501680045724470e+02
2.696871761778124110e+01
2.142130605265479915e+02
3.018796130887073446e+02
3.637325993823649384e+01
5.822336514537850150e+01
6.295467570057189022e+01
7.234836105499580583e+01
2.257232708192419750e+02
6.910611698742901865e+01
3.046053142482188036e+02
2.057772778677164354e+02
2.527740904877730088e+02
1.022287912771568585e+02
4.461549607003052387e+01
2.092979794887646108e+02
2.020209031913873616e+02
1.465690580887171848e+02
2.948706765668389949e+02
2.270801418267247413e+02
2.150673338443465639e+02
7.824915946404892964e+01
2.023778799994661313e+02
7.549194998443650206e+01
2.890612182560363408e+02
1.897950245271051131e+02
2.146198597670382924e+02
7.478404033109436000e+01
3.065322218068471898e+02
8.084266002933198081e+01
2.215913650760723215e+02
4.589630472060241573e+01
2.139020976608062483e+02
2.022103916539450665e+02
6.494781704650981169e+01
2.237561200389931670e+01
1.694183836004800412e+02
1.317407252541416085e+02
2.148321906630427236e+02
7.960087135529951752e+01
8.223732157647789620e+01
2.788625215976375102e+02
1.903881456856691159e+02
2.047233188137699358e+02
8.377406680335754174e+01
2.726874253789231943e+02
4.335166171225132814e+01
4.252501544129439282e+01
1.855642725784914830e+02
1.093599544694981489e+02
1.730489452644901860e+02
2.011783713069513340e+02
1.104733713273038660e+02
9.564053514294786851e+01
2.485855461954613475e+02
2.830756770814591050e+01
7.490449702632207618e+01
1.445666170679922971e+02
3.683248400739040562e+01
1.965102275772686369e+02
2.901466377947414443e+01
3.053512960839485118e+02
1.122206309330050544e+02
1.771911497398257609e+02
2.852956458958586836e+02
1.942696358040387281e+02
3.122505750793076231e+02
7.411916828231937870e+01
7.575987501729947837e+01
2.002194022853580577e+02
3.054090147521843619e+02
1.362983909970670595e+02
1.237636806157409382e+02
2.484619098889415341e+02
2.391067561257759166e+02
1.769101234362377113e+02
1.436910468204178528e+02
2.042880370895074975e+02
2.921502818891599986e+02
6.773889310892533899e+01
2.864171843809965878e+01
1.071032839697952568e+02
1.299274877661582366e+02
2.062668359018686886e+02
7.316918711194954028e+01
4.999366558029606011e+01
3.254793141104767074e+01
6.679206081092043235e+01
1.971001226116638350e+02
4.633611945899398421e+01
1.285974887692283062e+02
2.693880612731617248e+02
1.216578376877902201e+02
2.949644119527212069e+02
1.442771657333153428e+02
2.206446233901812093e+02
3.773862237876487313e+01
4.409721076638742687e+01
1.264098090317132517e+02
3.135936233801688786e+02
2.094178838570091443e+02
3.066827076667366327e+02
1.037696830078935477e+02
2.932151959526296991e+02
3.000082775457481716e+02
9.966964040270583780e+01
2.090150090668896325e+02
2.644485699964866043e+01
3.192846270872981336e+02
1.211169786546772542e+02
2.022077409803530088e+02
7.338258658096154363e+01
1.763996894009929690e+02
1.786811156463275552e+02
2.079143555729819468e+02
7.450755415693211603e+01
4.557513227132471201e+01
1.581641966610316956e+02
1.029050119607171041e+02
7.427709769357944936e+01
1.881612840881479372e+02
1.507462386468716034e+02
3.033198762633888919e+02
2.009914437386580062e+02
7.475054131552150238e+01
1.198078661036923194e+02
1.936491029439861222e+02
5.004240730601161147e+01
7.217097366692429716e+01
2.722748540789155527e+02
2.936078872137028952e+02
7.677316959654264394e+01
1.494085822104915167e+02
7.793782868070589132e+01
4.351548051135564066e+01
1.989236483979397008e+02
6.260646404004244658e+01
2.153308743898440412e+02
8.714246504781678837e+00
2.076482389026025146e+02
1.975870238452627632e+02
1.823254299806296217e+02
9.867188243856357133e+01
4.381943564282646264e+01
2.779887263451502122e+02
1.063672756441247600e+02
2.612323778553292186e+01
4.661375742775829423e+01
4.448230120433955648e+01
7.109808817653070889e+01
7.749430818060453419e+01
1.840025258156968277e+02
2.056921263817255578e+02
3.170526839596715263e+02
2.884577219188882964e+02
1.027205236180530932e+02
7.215011674084088611e+01
2.974544766659145694e+02
2.060944572192624946e+02
7.257267027781200852e+01
1.139680780740460335e+02
7.880257852509674876e+01
3.056717773436936341e+02
2.241554999578898162e+02
7.740545433405438303e+01
2.073910009688838727e+02
2.304540443019677127e+02
1.186656435907571137e+02
2.880442657782275546e+02
1.192229886711882187e+02
2.745248668110956487e+02
2.925372839772071529e+02
7.721875660812996500e+01
4.196785566592025418e+01
2.236294263799557882e+02
1.142118722636071624e+02
3.078089395352014890e+02
1.141709493983619410e+02
2.915442944268567089e+02
1.951664430077487964e+02
2.299056591928981277e+02
7.285799035626492071e+01
1.878141047239984971e+02
1.940826468546760850e+02
2.062150574820778104e+02
1.430195328639436525e+02
2.086053723793433221e+02
7.829160385544234657e+01
4.301417387914607815e+01
1.983311498472003223e+02
1.553467116046778642e+02
7.394849387905007632e+01
1.949847328690988491e+02
2.397674560965981243e+02
4.323086472536026292e+01
7.416977075460951596e+01
1.891179122792231624e+02
4.653007223253028002e+01
1.130766240853871381e+02
1.254197079656341458e+02
1.946599571743638819e+02
2.107246540712851015e+02
4.792376522123883831e+01
1.195458718041262216e+02
9.198751789508233401e+01
5.618389422495845054e+01
1.564915983691759038e+02
2.120579391244612850e+02
6.564468519996815132e+01
3.023567381609552172e+02
1.132893017708966710e+02
1.232703754103662277e+02
8.018355931687010241e+01
1.228247898004618435e+02
4.211599494632973517e+01
4.591704949100074629e+01
1.981694378028973631e+02
7.645051664699607841e+01
2.110081740192218831e+02
3.124873157858020249e+02
7.728835819619133929e+01
7.460194965288619073e+01
1.103576210942789544e+02
4.016505202062517554e+01
7.597450268596121248e+01
2.191786034241535503e+02
5.240195135284349703e+01
7.421606424660997448e+01
4.344009441431293794e+01
1.251976328452010563e+02
3.226357988260996308e+02
2.963756004194658544e+02
2.533189706322411325e+02
8.470854979162665188e+01
6.022246594712527212e+01
1.992140775075743022e+02
5.513050590994571110e+01
3.082807756504730037e+02
7.941873452894401453e+01
7.749070852415718491e+01
7.264775390909893815e+01
7.694606751156234736e+01
2.750308633049483831e+01
1.966041720669215636e+02
3.268641897492960311e+02
2.854990675739579729e+02
7.340058519458267483e+01
6.999946512987503411e+01
9.489575835479548971e+01
2.072820632271952377e+02
1.777611361279365951e+02
3.237385013151528597e+02
1.228167804956279525e+02
4.984223106217631738e+01
1.955682962702442467e+02
1.422552626658138308e+01
3.137325858962556708e+02
7.228933965482451640e+01
8.097099079619107442e+01
1.690414116882292603e+02
7.368516591206788746e+01
2.484114525670818807e+02
2.105361940320564145e+02
2.250036108912218253e+02
2.994011164221868171e+02
1.957415553851173513e+02
1.375885368020173303e+02
6.976978286813097441e+01
2.946272216502519541e+02
8.673425453249190298e+01
7.762909242943804600e+01
1.196734475311796047e+02
7.800055570159614149e+01
1.202391444624561245e+02
1.958753973293319177e+02
1.919143210979736409e+02
7.284837524671486619e+01
9.664220257059797348e+01
4.545613295304944756e+01
8.640453280318625673e+01
1.796900106164763429e+02
4.862266758026962776e+01
4.511752882619526162e+01
7.325501799304547035e+01
1.939735803308606421e+02
1.059508609747358605e+02
2.079747066573406471e+02
1.445203061966460041e+02
1.468252932928648420e+02
2.031838281733111558e+02
3.924191122513459362e+01
2.271418783092009619e+02
1.028154635776122774e+02
3.665054506333854647e+02
1.835944420961401420e+02
2.029421394664674949e+02
1.840314495471877478e+02
7.381168566126970632e+01
3.189413435366909511e+01
4.478855443502101252e+01
1.979782200385325552e+02
1.961471014212694968e+02
2.071901834710482717e+02
1.531197863096230947e+02
8.696799881610864702e+01
3.008693772018231130e+02
1.523778773892833840e+02
4.419010041028078462e+01
2.904813619503458995e+02
1.162268615883761527e+02
7.831797715361804535e+01
2.167632050333840610e+01
1.585702899403504205e+02
8.793595063025372838e+01
7.302813431089251139e+01
7.555947205739528272e+01
1.079982929312744915e+02
1.198966465759790765e+02
2.023294206219549665e+02
5.651307032855481793e+01
4.163766847820855332e+01
4.505406795696345057e+01
1.182721888022895484e+02
4.626305690634618628e+01
2.302369070028255464e+02
7.286363287129192656e+01
1.870991271054240030e+02
1.279978925413588513e+02
2.966402592428127036e+02
2.070059489185676682e+02
7.679775072249975665e+01
1.762653958281410382e+02
1.082277794424451400e+02
4.702449657031289831e+01
7.348218042656979776e+01
7.553010819438226520e+01
2.244930973054366632e+02
2.009424792774152309e+02
1.808590241789228799e+02
1.244707828604579305e+02
1.056261702396909214e+02
1.939492157355027189e+02
2.809116047034515873e+02
3.397681401477286300e+01
4.694823695022417809e+01
2.841933709484224480e+01
4.205610374795619322e+01
4.812626005080435476e+01
2.519384209964457000e+02
8.175643137879238509e+01
2.888467742523184256e+02
9.563148801335847793e+01
1.254542831980477473e+02
4.621244062950918163e+01
7.223597716961268134e+01
1.265670828921446258e+02
1.725489746002263018e+02
3.044253302006599142e+02
7.526065168892947099e+01
4.549767404528640924e+01
4.128652580061192623e+01
2.062275331935766758e+02
4.540038274953634101e+01
3.774250634038575072e+02
7.546271725194489477e+01
2.928424968678588698e+02
9.218554446125321533e+01
4.592401353439128542e+01
3.784811425138946674e+02
6.299027216235454318e+01
2.250132202822710212e+02
5.491923582293916084e+00
7.669774856615967451e+01
2.082265035711055532e+02
1.111326364510532301e+02
1.948034020266194659e+02
7.329205142119451466e+01
2.036561751186370373e+02
1.207244581683847002e+02
4.596044452497528710e+01
1.109204527377431617e+02
7.758341112890239799e+01
3.124729405437512924e+02
3.406590433956649235e+02
2.154750307521223078e+02
2.045649430371858841e+02
9.543210383522459495e+01
1.909987988545804001e+02
1.382285049653200133e+02
7.621578388860670827e+01
1.259496777645295964e+02
1.683223232195397827e+02
1.239946235890960935e+02
3.204981771701786215e+02
4.644200577525694484e+01
7.092480372478166828e+01
7.792003076740327572e+01
3.059532238865837712e+02
6.710688165671938066e+01
7.266205498468718815e+01
1.778656720854384048e+02
2.567841165610867051e+02
4.906393155247604909e+01
5.091867312490035857e+01
1.907944831686674547e+01
1.882374036278044969e+02
2.222310443825102766e+02
1.203900058843119041e+02
7.494494841499522408e+01
7.559586476267124056e+01
2.102699683845544314e+02
6.011679095738715972e+01
7.696729203328024482e+01
1.980234077806578341e+02
1.943538685342742269e+02
7.500565892784258892e+01
1.211626589822129603e+02
4.500421256952169102e+01
1.969708357337508744e+02
1.297886138017532858e+02
3.357237442513086734e+01
2.070934118771033923e+02
7.383385963639609884e+01
1.584326030269003240e+02
2.138675760262705410e+02
2.021625454856487067e+02
1.154011465498008278e+02
4.325493130267131647e+01
1.810286532705088121e+02
1.053670597114093397e+02
1.168224983009935158e+02
1.942922938841138887e+02
2.726132566727474682e+02
3.137958017502384109e+02
4.363674345448383463e+01
4.669392834695014471e+01
1.914397400524008219e+02
7.763778170228071929e+01
6.129866093666603177e+01
2.037616713657897947e+02
7.867291071964106663e+01
2.275831244477863891e+02
4.515849833356821108e+01
7.691802418627979421e+01
1.475829909192474076e+02
7.350737090766163817e+01
2.069521749829533235e+02
2.035991850429740566e+02
7.380198673086397321e+01
2.059343902691979906e+02
1.381315315598139115e+01
7.539116221668309947e+01
7.499607513217580390e+01
3.239817777917934905e+02
7.162925050313761233e+01
2.022585751934503548e+02
4.533570410515248028e+01
1.247568857105612636e+02
8.033211495855864825e+01
2.804715864107294010e+02
2.155564512566233759e+02
1.426874359234842302e+02
7.640662229623788448e+01
1.122233381783127371e+01
1.223871622939843604e+02
1.154360503929634945e+02
2.749499978918443048e+02
1.816110363639582204e+02
1.885349510487310738e+02
7.644453736536189581e+01
7.262787630479913048e+01
2.048912994907378788e+02
1.798322646457158100e+02
1.923004096804515939e+02
8.916334742848077610e+01
1.494080663451715054e+02
7.304778406493046816e+01
3.084296103208393447e+02
7.591612677413698407e+01
7.451221851320799772e+01
1.665443542654759312e+02
2.421990492240788058e+02
2.021494999112522351e+02
3.142931461009757186e+02
7.718472908252878995e+01
4.786017332844725303e+01
4.520914138164310714e+01
2.644332179419391196e+02
1.554890134418400010e+02
2.967976516641805915e+02
2.827625892250334232e+02
2.901540616232396133e+02
3.165840712673643793e+02
6.167088100644975412e+01
2.081027702006057325e+02
4.731913601482885667e+01
8.101760168717943600e+01
2.005983938483006739e+02
1.965843952622073516e+02
3.561563405495256802e+02
2.122811696364809393e+02
1.856723659714983512e+02
6.359081792286050927e+01
2.858669972728454809e+02
2.143894811389776578e+02
3.072346999394306977e+02
1.141983639949029765e+02
7.581849688715702484e+01
4.024123921051972985e+01
7.391596278646059659e+01
1.153140474369135688e+02
7.213975765680028474e+01
2.006558447431201841e+02
1.323250370361008379e+02
7.374283265316832114e+01
7.535209170964331804e+01
4.335128927792731446e+01
1.239261038148638789e+02
4.406461508152361972e+01
8.214340747790060959e+01
7.299920060660905108e+01
2.055364012343899560e+02
1.742208830705976368e+02
3.280124237854185765e+01
8.601615215419441540e+01
3.243171687922614410e+02
2.117933577791548032e+02
1.967114863865789687e+02
1.531446510750068057e+02
1.180843923707552676e+02
2.163221040942286209e+02
6.259944801999356656e+01
3.065447629332477391e+02
7.294131559323994907e+01
1.924742355496319135e+02
1.190703474317662938e+02
1.056863934678494843e+02
1.931116744010247714e+02
8.139145027922494080e+01
8.587885798113364899e+01
9.563075225177952632e+01
3.033305839905441985e+02
2.789263414880483083e+02
2.175339452628818151e+02
1.961402403828373338e+02
7.980995710637074581e+01
2.125934981581373506e+02
2.118534006264346203e+02
9.719612512711617569e+01
2.764072340785540973e+02
7.744391796068008205e+01
3.380750389685229607e+02
1.262447514178516172e+02
2.797190528729420862e+02
1.111681969003886792e+02
4.690604788526197666e+01
1.989622903314793518e+02
7.771473000542478360e+01
9.942948683482204331e+01
1.988271876059224041e+02
3.306351368305588068e+01
2.823927536833802492e+02
5.674809147950320920e+01
1.315398629621740554e+02
1.148870979618375827e+02
7.887360646483945459e+01
1.367479180105377168e+02
1.987598068821126276e+02
2.074060719256791572e+02
1.228783233342862502e+02
2.313611332637191609e+01
2.199064211281994972e+02
1.971746240601240459e+02
1.240494292730825805e+02
2.050746065510788299e+02
7.716110827923044724e+01
4.546567346402747489e+01
3.262613210304016320e+02
2.542887620679565686e+01
1.166422352913585883e+02
3.322414250084445939e+02
2.044761597565039892e+02
1.227256011353063911e+02
2.051959988256294594e+02
8.728001876462647601e+01
2.930715831763192796e+02
1.941560289842722398e+02
3.318840546187901737e+02
2.071253057322640529e+02
2.314289727109283490e+02
3.804362288091743380e+02
5.533995005972566616e+01
2.792810523887422391e+01
2.809693724787874771e+02
4.489349189730735645e+01
1.322712317382654135e+02
4.506306488146375955e+01
2.006330036695437116e+02
2.221623950123727411e+02
1.853741333391318449e+02
7.973038807215742452e+01
7.303443301417225086e+01
3.070679687010617727e+02
1.072757987432533042e+02
1.296148100443272995e+02
2.982783294426004659e+02
6.774912080872256581e+01
7.065529179995088782e+01
1.032061728602558617e+02
2.204441646129927506e+02
1.442856150362491121e+02
1.686643759393055007e+02
3.240451369108383233e+02
6.904648584558528057e+01
3.239983489268091716e+02
5.973450313171122161e+01
2.039114506664450914e+02
2.007792513412165363e+02
7.327957270831070957e+01
3.029658175733389385e+02
4.542232712761565239e+01
2.171869017573877727e+02
1.154396021602066043e+02
2.148290380853926536e+02
1.421485738201408537e+02
5.158072278057943549e+01
6.600156098691481077e+01
2.014660183894871750e+02
3.337836376523707713e+02
2.114692858876080095e+02
4.523191668160292522e+01
1.970406502163372124e+02
2.008140416468670821e+02
1.302063219884167040e+02
4.329385778100473203e+01
7.414270970751401535e+01
9.873873784364509731e+01
1.507191008210168661e+02
7.572878333132030093e+01
1.909112755464167321e+02
1.025877170833493324e+02
1.133945979590184265e+02
7.437563778035027440e+01
6.438991596517067251e+01
1.128673604240453301e+02
3.197677899941170381e+02
4.883890417186939459e+01
7.672990427754685072e+01
1.166782713833969041e+02
2.587861424317541150e+02
1.959046950888181016e+02
7.791603947493287308e+01
1.992771226924989776e+02
1.871963597057708171e+02
1.460419805309020091e+02
6.899225429298167001e+01
1.089615411518790609e+02
2.910706725225725791e+02
1.973660223889619942e+02
1.502958686018000094e+02
4.541933614220358351e+01
9.419715377632289233e+01
4.249436293797361941e+01
2.257714961516365904e+01
2.024459387620200630e+02
1.862813588601347874e+02
2.028733732787096642e+02
2.952129412696148734e+02
2.389387752222078802e+02
1.918821371250524237e+02
7.710891451794772422e+01
7.348421789806018012e+01
1.833959421569388439e+02
3.767275750943542079e+01
2.212852796983858354e+02
1.183055502177938649e+02
2.074424391761619404e+02
1.986904468600649523e+02
7.628555213106113797e+01
7.269872754512060453e+01
2.206339663405055376e+02
1.870936476143947971e+02
1.193737240159233153e+02
7.086992190898295974e+01
3.901908546107674169e+02
6.063399127463238614e+01
3.130224598224862120e+02
3.055710092429852125e+02
1.979192484976881019e+02
1.898445714599510552e+02
1.978646845990177212e+02
1.582135098836283760e+02
7.291795918603888538e+01
1.329157114208424275e+02
3.039258414396040280e+02
3.013287737352978866e+02
3.098790786303341065e+02
7.843957517458022721e+01
3.028682378278980991e+02
2.318244939031291096e+02
7.919285591205296271e+01
7.535840882558892417e+01
2.658125907842858737e+02
1.432604133200285901e+02
3.036757430138154632e+02
7.720623926338051035e+01
4.406106443141037943e+01
8.643114299102978748e+01
1.254042500674685527e+02
9.932687273622984492e+01
7.703622720997684326e+01
2.752272838864943694e+01
7.456488094174984838e+01
3.345363389048805516e+02
1.695126440485708770e+02
1.210258767816201129e+02
1.607029161466589926e+02
2.899001731421277555e+02
2.065885986210456053e+02
1.961746912336832054e+02
1.771780173983413533e+02
3.004440549402506804e+02
5.077534809624459911e+01
1.174901129556530464e+02
7.929838100146641011e+01
1.521231106302002161e+02
8.005018163823095279e+01
3.081644775113987862e+02
7.590587558822960546e+01
1.211283829099618288e+02
1.852005355660443513e+02
1.895223461129349118e+02
1.756015203449057935e+02
1.811590744524191621e+02
8.018925384244778343e+01
4.321429193655777112e+01
4.140730152843480028e+01
9.826340394308189730e+01
7.940230546350527163e+01
2.876243535995580487e+02
3.124376083949778717e+02
7.544361384708716400e+01
4.148616357865319770e+01
4.581578460753076598e+01
7.603940532805334840e+01
9.962225934293134344e+01
2.791633411310276074e+02
1.964017203768190427e+02
1.029189165266624144e+02
2.938668469697100818e+02
1.954275308603976669e+02
7.576852625391967422e+01
1.183524174322803759e+02
1.219464821227913234e+02
3.170584044665652073e+02
1.795683824216058326e+02
1.326517070539564429e+02
1.114796673774061446e+02
2.651889763288226050e+02
3.393531724594177490e+02
7.149753200529627861e+01
2.604635251736701775e+02
2.866670698999601541e+01
9.762010333843272747e+01
2.048818641131447009e+02
2.883819606120089247e+02
6.787298116260993197e+01
9.517958208044306900e+01
5.764133803892851660e+01
1.913662766350174707e+02
1.642291003101612432e+02
7.419858441777293478e+01
1.497463352691115688e+02
4.666434505793244369e+01
7.767461694728065424e+01
1.512058247518830854e+02
7.555456316051815691e+01
3.603430420477492362e+02
2.533324429027436224e+02
3.498784632653851077e+02
8.582395564326708381e+01
2.084407900244242740e+02
6.238571233865951626e+01
7.978115046960499512e+01
1.157956423649442854e+02
1.516607764912617995e+02
2.031646930117622674e+02
2.078592419541099332e+02
2.094183515328489875e+02
7.538843237950254661e+01
7.618294576719738131e+01
4.655430355898393913e+01
2.101471112430503467e+02
4.171466502572628343e+01
4.558241199462449345e+01
2.624505878318346959e+02
7.318733155837446702e+01
3.090295530101059285e+02
1.246601952682193968e+02
2.156199678780394891e+02
4.651827865024797148e+01
9.866864164646486302e+01
2.081825100384225777e+02
2.657910267151450512e+02
7.499762246066747196e+01
1.979446402332477533e+02
2.087213165736341409e+02
1.923384781349596722e+02
3.119714303062621070e+02
2.101160842387700143e+02
2.356118923001328369e+01
1.173863456480181071e+02
1.938036447876808097e+02
2.017491106599896966e+02
2.162255240507512610e+02
5.642015045047536148e+01
2.174796273739126775e+02
3.381691738600635517e+02
2.108404227832360789e+02
7.687684011377706383e+01
4.412298372047315098e+01
2.011751582928546327e+02
1.035921271834966575e+02
3.730008321387094838e+01
1.372676017038092766e+02
3.108088978874763484e+02
7.299266213583396734e+01
2.975257804955600704e+02
1.630874705090421344e+02
2.985292846250640082e+02
2.928862917241608557e+02
5.028452956814452079e+01
1.903266220166001403e+02
4.424111107635846452e+01
2.089199156848495420e+02
2.980289153568769507e+02
2.869033835195468214e+02
2.385368042148531345e+02
9.326398987401081797e+01
2.925612299032929968e+02
4.549892436330670620e+01
7.508914348869254241e+01
5.384288893192375269e+01
9.954905659231040715e+01
1.819120261860748826e+02
1.145480412203363727e+02
1.874948657543593455e+01
5.066784818473403007e+00
2.818566346588704050e+02
8.215556257932581730e+01
2.963988518391142861e+02
1.919403119363292944e+02
2.535620043290598460e+02
3.313801637091689258e+02
1.759341767349197028e+01
4.143250691469116020e+01
1.797345619226952067e+02
7.310647258676364402e+01
4.660751802696231749e+01
3.312551208265787039e+01
1.193559765924591005e+02
2.029821735692684683e+02
2.182364843718657426e+02
9.745194953578317154e+01
3.193879155826501801e+02
1.724861826858188749e+02
1.792958819363289251e+02
2.808514315525637528e+01
1.420645037495783072e+02
8.024363493094132593e+01
7.759319138444223540e+01
3.586098434306109084e+02
4.847532183838727349e+01
2.616595137059489318e+01
7.133880866544562593e+01
1.263297941196307050e+02
9.612771377781010074e+01
2.097125779778373840e+02
1.226875435375493737e+02
1.133443976727108264e+02
1.235946195743407969e+02
7.328640467873059094e+01
2.900626466161625103e+02
7.243403047792789096e+01
1.100862393897558036e+02
3.924314601828533000e+01
2.011008456860161857e+02
1.735829315968939852e+02
3.033081362264857148e+02
2.809643018782423951e+02
7.275732651531468775e+01
3.335341161838947528e+02
8.796789573984050037e+01
1.632171439900525911e+02
1.942270844230106945e+02
1.995777141368395462e+02
4.452270388966103809e+01
2.875645081378968939e+02
1.885232973727090666e+02
1.373618466831009073e+02
1.200348271175746078e+02
1.949639719383463330e+02
3.656542060783714732e+01
4.709690118445941209e+01
2.004827323296932491e+02
2.937729253536614351e+02
4.177405112090076500e+01
1.250982988431632918e+02
3.112936950052634870e+02
2.971016923200384667e+02
1.870845392021347209e+02
4.488184299979852909e+01
8.132041933120487442e+01
1.394561153007446990e+02
7.860091021463438210e+01
1.068572556114146295e+02
1.607487412714766322e+02
1.474785214031055318e+02
2.211340718266308727e+02
6.112671803217043021e+01
7.917425734639395785e+01
7.615114587554288050e+01
7.690691009533823319e+01
3.096851071979638732e+02
1.506664837511108317e+02
9.683926072451633615e+01
4.437474814066113282e+01
1.781314143065034727e+02
2.212614210791248865e+02
1.180765098618614388e+02
2.006386136137383005e+02
2.724401011089654503e+02
1.803135872705038310e+02
1.254594412120184330e+02
5.898030504297181409e+01
1.218510597440318293e+02
2.245842476432506629e+01
7.747051687157086519e+01
1.005562198693692579e+02
4.581115123768398689e+01
1.185061297224292360e+02
4.509061718200926094e+01
1.682054620353466987e+02
1.637238501063345382e+02
1.233897447490952146e+02
1.952733780666766279e+02
7.433023085322749068e+01
2.272523679166398267e+02
7.407332131034755207e+01
1.163461679273159035e+02
2.040160078056794362e+02
1.167422565859369712e+02
2.649318042952132259e+02
1.337473087748245746e+02
1.241081190125782285e+02
8.370953600295966623e+01
2.099931608391729299e+02
2.242858171507195948e+02
1.303575957340540015e+02
7.744965913001273350e+01
3.137289107059761477e+02
6.853820461926291330e+01
2.268694937583653086e+02
1.486088151944595097e+02
5.962002224834868258e+01
4.493248448072877466e+01
1.958445067691737336e+02
7.728553383123831111e+01
1.197002847913003620e+02
1.206323344883847852e+02
4.819329186707126667e+01
6.763610481811990383e+01
7.487207194477925043e+01
2.963459711161570453e+02
6.108819896890578605e+01
4.589535800109897679e+01
8.499732901669321450e+01
1.300475637225292189e+02
3.054340679915509895e+02
1.007322220041985901e+02
2.030719192076130071e+02
4.128747811780272770e+01
7.445405473114347217e+01
2.122842427765912987e+02
1.598346725301327922e+02
7.346574539409149907e+01
1.984777306188053387e+02
7.549417443270615991e+01
1.738617232265574728e+02
2.856170757312617638e+02
2.082738256830146213e+02
1.778768249360539357e+02
2.824760400513636682e+02
2.116676436219831032e+02
6.933688171533086120e+01
3.149361590058776983e+02
5.398732472634112156e+01
7.378934870469248608e+01
4.365526611773997701e+01
1.816184510739271332e+02
1.229859217346041760e+02
1.909609117446946129e+02
2.990788432689916476e+02
7.239595056413409679e+01
7.384341959010771461e+01
2.252094492187521553e+02
1.840040578210638387e+02
2.995084646222591118e+02
1.242269397107354081e+02
1.635997568818415573e+02
1.956883645328199464e+02
1.874295007938714548e+02
2.052846275962289724e+02
4.502797833906948455e+01
4.549493424956064302e+01
1.210328205280503937e+02
1.909470701068644871e+02
7.314026234617467992e+01
4.925138637192064550e+01
6.490113446947657394e+01
1.280588039428863283e+02
7.317253694549884813e+01
1.137568457187106361e+02
2.945993816088045492e+02
1.475013846665707149e+02
2.924474327417466384e+02
1.553215331890980906e+02
8.071698814237406339e+01
8.514260317645793918e+01
2.068639842297627851e+01
1.649622174214573818e+02
2.105966211488671433e+02
4.370605442381455674e+01
2.977913422858782155e+02
7.751386980399634297e+01
7.188167792642251186e+01
3.039290575780873951e+02
7.548800104241009024e+01
4.578586040124807965e+01
7.198636990687836601e+01
2.090603501813737637e+02
1.852829762897544015e+02
1.063156633412197323e+02
1.922002940479253255e+02
1.882544919546039353e+02
1.529431685727794559e+02
1.226574800889071781e+02
1.042572329978521424e+02
1.981918473101305835e+02
2.901972876157982029e+01
1.202672562858547138e+02
2.818220807660392779e+01
1.541897332637805960e+02
3.278423428640191162e+01
4.460788418883633710e+01
1.999982400957398170e+02
7.415095110978542436e+01
3.139857098978901604e+02
1.256721073294663995e+02
8.651665738395936955e+01
2.497160587148912896e+02
1.146903499425439321e+02
7.395206791025530890e+01
2.203813080546708818e+02
4.719091372788942351e+01
2.728455200731622767e+02
4.474314183246750787e+01
8.606491295053325530e+01
1.287041554044761824e+02
8.583942447726353464e+01
4.183167312694542517e+01
2.597198263639634774e+02
1.874653809616922615e+02
3.005666612763764647e+02
1.232035733742282275e+02
2.277464371140635819e+02
2.146643936965749333e+02
3.344857650517909065e+02
9.822085206491275144e+00
7.409113385383811590e+01
1.947925295786997708e+02
1.986812594864896369e+02
1.375826435085045034e+02
2.011776296285858621e+02
1.114746260904306325e+02
5.367674371785366816e+01
2.005843016975495914e+02
1.940572304379578839e+02
1.720641146421338590e+02
1.939602606078989595e+02
1.571354159857535251e+02
7.294498631658673560e+01
2.943656442251672729e+02
3.107688698633833155e+02
2.978099425675156340e+02
3.092631900968917762e+02
1.194315431787987194e+02
9.359571698304407050e+01
2.921380665574019986e+02
3.128910600580351229e+02
1.000207360418609852e+02
7.839272641250727247e+01
7.745188145632577914e+01
1.964593285073762559e+02
2.119229586575522433e+02
4.616485539278730954e+00
1.993584669143390329e+02
1.990992684227384473e+02
1.999656129363083039e+02
2.861660228932342420e+02
9.938858977332292000e+01
2.047289106375614836e+02
1.091326483673951770e+02
1.047588044258672255e+02
2.960367721523247155e+02
1.912409256859642994e+02
1.208902666098654350e+02
2.685724531932409036e+02
2.159105656339986012e+02
2.442453459498416350e+02
4.103086314500475140e+01
1.958483803645516161e+02
1.618886189422747179e+02
2.311648293768275551e+02
3.419826933483170706e+01
9.284787874346659464e+01
7.629550273394781357e+01
1.891463906613194581e+02
9.466923351824812016e+01
7.059924985943169418e+01
4.318210726854802317e+01
2.506389485644599517e+02
4.508864227052969653e+01
2.109202430636018732e+02
1.184918829008353214e+02
1.585836487548447735e+02
4.608490681478215834e+01
4.420632007790287332e+01
7.940161787538700366e+01
2.656764309706427412e+02
6.798827191262435576e+01
4.556941984771194143e+01
1.992188975653854754e+02
3.234125939579585065e+02
7.645341002295856470e+01
6.190490097853562901e+01
3.069492685917022072e+02
1.333108761928408228e+02
8.348427989166033569e+01
3.385775365297720185e+01
2.596737376717525763e+02
6.288432722578541245e+01
7.389405032429253595e+01
7.035944987501197545e+01
3.815464178897710212e+02
1.997134073556879628e+02
7.804993872133142929e+01
1.527398563420726703e+02
1.825523933323979122e+02
2.832222768067500169e+02
1.161784318639153213e+02
1.202152329389263770e+02
2.006696846490260668e+02
6.249379961638107517e+01
1.252576897015065072e+02
7.977900222965234889e+01
7.888805397779420048e+01
3.601868025072928248e+01
2.533046746005099976e+02
2.057694218864452296e+02
3.493253519922219539e+02
2.889665456887847199e+02
6.305663365353129990e+01
1.107792985180936398e+02
4.683923948644876134e+01
1.295448483746291970e+02
2.633904889305888446e+02
7.313029295480167491e+01
1.487411525718863174e+02
2.000938589492193387e+02
1.142113408765523275e+02
1.865200704886935057e+02
1.106467329488964566e+02
8.007764426566014038e+01
1.827441732103821437e+02
2.839756867477634614e+02
6.656502458005900280e+01
3.133668783608377453e+02
1.887499444648069868e+02
2.074245592082117469e+02
7.383723386004385247e+01
7.592746592122597349e+01
3.077810870425637972e+02
1.275547424273294439e+02
1.180570097627904147e+02
6.175373748189804957e+01
1.015133787767421154e+02
1.941565753387688460e+02
7.567547356776839251e+01
6.412198667603841784e+01
4.539266457291334689e+01
4.547120211661049893e+01
1.856303630512113614e+02
6.824521606051240497e+01
3.989579151670204027e+01
7.977196997803186207e+01
4.417379141151180733e+01
5.714958699952644849e+01
4.728560800391734631e+01
1.914227269393889230e+02
1.670779302927771823e+02
4.619907168791739593e+01
1.120533304995198165e+02
2.840942804386116904e+02
1.995363055322445689e+02
1.719135219181578407e+02
3.107495991405277778e+02
1.945975376566988757e+02
4.225313775740362132e+01
7.050471975069059738e+01
4.681190845367063957e+01
2.077592116759996372e+02
2.133504836392926336e+02
7.154289807408477486e+01
2.150401710597001284e+02
3.200147351748597089e+02
2.012883070498755274e+02
1.194768654170816689e+02
4.703427421411399223e+01
2.863423872442122331e+01
3.266933335508293794e+02
1.450443235808357088e+02
4.501044505294630227e+01
1.778843812827829254e+02
1.846275144731036448e+02
1.365093963775213126e+02
2.553755733430122064e+02
2.895756807238859096e+02
1.940675890019240057e+02
2.795080952514463775e+02
5.054992238370368796e+01
2.022393751349768820e+02
1.291158806619158099e+02
2.080956518856261539e+02
1.679092146443921649e+02
2.839602784176289560e+02
9.419185122112438080e+01
8.834670190857430327e+01
1.624833844000864360e+02
3.065012088258125118e+02
1.346314488246042629e+02
1.567831522351719684e+02
2.700924763669431741e+02
7.327422349090650755e+01
4.322552690828327115e+01
1.152334021509441584e+02
1.426700546775058456e+02
2.017617921444843319e+02
7.206463887929940881e+01
4.381523540266324801e+01
2.900568295758519639e+02
7.688107806076031636e+01
3.135663005200931934e+02
1.437962724372043510e+02
2.984073258774748894e+01
2.186708511022941650e+02
9.061705687672549914e+01
1.437939480572863360e+01
5.969096001623973535e+01
1.018772309894784485e+02
1.469752667154149322e+02
4.390548979023013487e+01
7.510385224059224640e+01
3.157579125964116429e+02
3.583257712137680642e+02
1.923168932446263568e+02
5.409337465113417664e+01
3.093943069260563448e+02
4.809200424379017136e+01
2.731073666086388130e+02
2.114855547146067920e+02
7.244184402774369858e+01
2.887593197875070246e+02
4.752595925840846292e+01
2.030131673716155660e+02
2.078607123175511333e+02
1.163666735605876568e+02
2.128681380600291675e+02
2.331190305360093191e+02
5.959596096028852230e+01
1.979592112587300790e+02
2.641386235667936830e+02
2.442753668101809126e+02
2.823520361088417872e+02
1.313590084644132219e+02
3.081187125943061460e+02
2.002693787848773965e+01
3.054414345925788439e+02
2.988728138345047469e+01
7.566365260894266953e+01
6.056964667956465576e+01
2.014296147010872176e+02
7.402897576231617904e+01
1.680931299524257270e+02
7.721946811611232420e+01
3.073722196702571523e+02
1.926255675551536797e+02
2.996552994234117762e+01
7.304533271604715594e+01
7.716711120624306375e+01
3.357206057513247544e+01
1.986278790151988289e+02
2.863663677241069081e+02
3.105113731370863661e+02
1.111385677100408174e+02
7.385145876939897391e+01
7.911058773808078115e+01
6.991950246896341525e+01
2.931007181246214444e+01
2.059239055937298701e+02
4.393891341400419748e+01
7.683323358414017434e+01
1.460078534670020645e+02
9.388426896004165201e+01
8.788954687550311462e+01
1.854043974988912282e+02
3.414052170602885639e+01
1.348540803576867120e+02
2.105777027731757869e+02
3.068489648245399053e+02
4.729822202536431064e+01
4.198862293572669557e+01
2.023755556912939824e+02
2.696443627001957566e+02
1.983529622764386602e+02
2.753300148891294157e+02
7.572159084762341763e+01
2.044467392036818012e+02
7.025335697121882106e+01
7.959856963699920129e+01
4.605067092403533735e+01
6.907557125881876914e+01
1.025700757464773716e+02
1.590925018256215253e+02
7.592470080779368402e+01
1.638605534153139942e+01
4.648008080394265562e+01
2.128594126015640597e+02
8.379936919043083776e+01
2.974990239228367841e+02
6.229097776870583658e+01
7.830148949624042132e+01
9.893915893428868458e+01
1.874387554021137134e+02
4.435868364006065434e+01
8.190235039096326375e+01
3.191711530738201645e+02
1.891770476720193699e+02
2.054191551630597417e+02
1.928081662527780509e+02
1.383665244088428210e+02
2.056805811510339765e+02
2.086240558980155413e+02
9.408545640826278600e+01
2.686396791660444023e+02
2.048670711972076504e+02
3.052306324849137127e+02
7.494005556070129614e+01
4.276411683474224645e+01
4.474056088340659443e+01
4.248930194887396539e+01
4.172312134438887909e+01
1.466589854964356618e+02
1.424059702285969422e+02
3.025341249387793710e+02
7.157950934750489580e+01
2.050983537263840333e+02
1.553911299330760016e+02
7.712347204302780312e+01
1.673177825462800001e+02
1.953043028815837658e+02
1.751356450667819331e+02
8.464445777122845982e+01
6.968043354702780334e+01
3.681613145636564468e+02
7.013432424148226119e+01
6.230794348399991023e+00
1.021750043369511332e+02
9.256972309683492028e+01
1.912280432191278976e+02
4.596888815889253976e+01
8.037494423651422437e+01
3.229024262962319654e+02
8.782605744109244483e+01
1.962331498600209727e+02
2.199021208251907353e+02
3.097673615735427006e+02
1.257215882504984705e+02
7.337877708219700423e+01
2.506896089690466738e+02
7.710619232627809083e+01
4.898278362280583309e+01
3.275322696839982086e+02
8.473601075278689621e+01
2.137531453028427677e+02
7.009427508523030781e+01
7.185585626420650840e+01
3.133569453467496260e+02
7.616682495222291038e+01
2.744384261430420224e+02
2.181448783207681856e+02
1.784459528391683989e+02
1.591003980660336481e+02
9.624563282703681111e+00
6.828180800455919552e+01
4.387864601326938185e+01
2.059679934768151952e+02
7.730008195703805995e+01
1.414412066834831592e+02
4.456240350603783895e+01
8.825930547720844288e+01
1.931662625917898879e+02
5.694098129498450334e+01
2.375268142494998642e+02
6.155996447855409315e+01
1.869604295963552829e+02
1.206786194673330357e+02
1.156761946423051342e+02
7.015010416875699661e+01
2.936665717935523503e+02
1.218901183708485263e+02
9.763566191132603933e+01
3.061299345738003126e+02
4.456885736042179502e+01
4.619115044086414201e+01
1.477792732233256743e+02
3.925856973205274869e+01
4.694624728766127220e+01
3.234910635266875829e+02
4.458592263956809632e+01
7.276792512120881895e+01
2.755707278678298167e+02
4.483421609852573653e+01
3.151816553532183320e+02
1.388261115955052674e+02
1.243741183298146922e+02
1.663991889447174799e+02
1.158864883775790275e+02
1.184704108053970941e+02
7.299796394451898607e+01
1.949036561258594418e+02
3.523789088526552860e+02
2.884856680566444425e+02
1.831335826099423514e+02
7.482609222345561761e+01
2.873761282112400863e+02
1.917918633026244493e+02
6.180772826682827059e+01
6.514285338736867459e+01
2.175224749865591534e+01
2.422428810333977367e+02
1.171556368027343211e+02
1.541090854205973244e+02
1.074974877651932701e+02
4.772204401466834867e+01
2.094285415060222704e+02
7.544783664712581128e+01
2.090089355108179916e+02
2.017138742678271512e+02
6.969606569505722860e+01
7.347570471744461429e+01
1.240713058126163730e+02
4.295603995440978196e+01
4.362859742757186865e+01
4.619005370873296101e+01
5.158967598881788774e+01
1.053706229743144149e+02
1.716754029778244899e+02
5.945815729014552886e+01
1.346507365114328252e+02
4.296995313408697825e+01
7.303824519435273999e+01
1.956773628150760374e+02
1.168466460924871200e+02
3.189767908571858470e+02
3.132292411944632136e+02
2.056773445084069181e+02
1.199309031948324957e+02
4.734950739090191973e+01
7.259120788314690742e+01
1.341213400508451912e+02
3.074938868975038986e+02
2.790078327388650905e+02
1.082825552366725219e+02
1.936694429479039741e+02
7.902621845709646209e+01
1.368247130584000217e+02
2.021069904286345036e+02
2.321802527146090256e+02
7.514490669732037986e+01
7.224815383489958265e+01
2.092587742113985314e+02
2.046215953601757747e+02
4.502352986517743716e+01
2.921929024330909215e+02
1.305006996009525722e+02
2.049819923462097790e+02
4.930566629176880866e+01
1.816500022806016830e+02
8.769728119692153712e+01
3.653661706072159063e+02
1.944780118152897899e+02
2.978089065146876919e+02
1.544185017921663245e+02
1.565583293270478293e+02
2.052467630127771088e+02
2.027054309157246905e+02
5.031114776885740980e+01
1.490024359313612194e+02
1.704603276471876825e+02
1.140112572770119925e+02
2.116601033160551140e+02
7.935954605563959774e+01
3.569682180477785494e+01
3.166299460738650851e+02
7.776110564321587049e+01
1.431627294405379871e+02
4.609430532433955108e+01
7.874118616189988984e+01
8.731914345308649672e+01
2.457530534365892834e+02
1.978811285611267010e+02
7.466073317168591927e+01
4.370855446604982575e+01
7.183675788537790652e+01
3.714135707524334293e+02
1.688726952409736839e+02
1.211842611341827052e+02
7.412024148660793799e+01
4.336744520031513161e+01
1.874479021376406536e+02
4.576679707833696398e+01
7.837683172654077168e+01
2.020910080933701636e+02
7.158421866533805655e+01
1.796887063770292059e+02
1.690746877592724502e+02
6.119238066748134486e+01
4.787424278989239212e+01
7.650355814313475378e+01
1.189360006465366695e+02
2.179379947440158389e+02
7.403268609114898879e+01
1.048873549991115937e+02
2.848269692070905421e+02
2.868125201938371447e+02
1.569504993281218219e+02
2.773768135556023253e+02
2.414873422472014113e+02
7.209017964880935381e+01
2.999119168418704362e+02
2.788725887987204288e+01
1.138384423695188445e+02
4.309726085234097326e+01
2.538473704022338495e+01
2.018014808398864659e+02
6.163217388662428675e+01
3.070062644802664522e+02
1.600034907381561879e+02
7.445973378235628104e+01
7.278501505338370237e+01
1.988565594830885175e+02
1.544724193969139492e+02
7.065759203571205660e+01
4.468520923992270610e+01
1.339641225910443438e+02
1.134879813055508180e+02
3.351010775068845646e+02
2.021472916561658622e+02
3.023336236687588325e+02
1.614276929822656541e+02
4.680934744250279067e+01
1.760358756942260428e+01
1.457532317145731042e+02
