1.995486760017533925e+02
7.080257798384660362e+01
5.102839977075715439e+01
9.090843234970495246e+01
2.469216161731135912e+02
4.041832450363061469e+01
1.719559714941710240e+02
9.997897510661231024e+01
2.042743663680791428e+02
1.787350851918657781e+02
1.224066780807815746e+02
4.297892075639632736e+01
1.036773647791894035e+02
3.133134571863688507e+02
2.843037703203150386e+02
1.959244973334047870e+02
7.258164519872488540e+01
1.118642774368232153e+02
2.640590483940891886e+02
1.293509936026162279e+02
3.723321672674316574e+02
3.247184641414881412e+02
8.500111758777521231e+01
4.383611272346362142e+01
1.976812883986908389e+02
2.001129465110281842e+02
3.145947009386419495e+02
1.045179260048573866e+02
3.204057106977346052e+02
4.282490695370680100e+01
1.678597737571971606e+02
4.267502794195222293e+01
2.109364979605831820e+02
1.328123018739290160e+02
1.177454905504686735e+02
1.200451386601916965e+02
2.038161433565826712e+02
4.535330900389959652e+01
4.528067740132613039e+01
2.073586951040664701e+02
1.478485623036390848e+02
7.719449213271627741e+01
2.159901070886809009e+02
3.080638841777399080e+02
1.366516724981341042e+02
7.176493472520252226e+01
1.842820652514828339e+02
3.082756631966909708e+02
1.382689095963139323e+02
6.451533401508356746e+01
7.897685420005404922e+01
1.716150275646625687e+02
1.935318648353151332e+02
3.091272808032995840e+02
4.516386688094637236e+01
2.560551825169473545e+02
1.927302054887538247e+02
5.662695411974742399e+01
3.815258942492193910e+02
1.366117721782376577e+02
6.332068333325338472e+01
1.304200829201806471e+02
7.486576976083752299e+01
7.146997054078750011e+01
1.906268742844640087e+02
1.627479352822340388e+02
4.704455688467169949e+01
5.816702797389755375e+01
3.058864336917113178e+02
1.888802862709100339e+02
2.212371051096378096e+02
1.012357867232262834e+02
1.026111748285789815e+02
7.873036383564506480e+01
2.052923548686301842e+02
1.233590863561890671e+02
1.160009679680579495e+02
7.457492404456229451e+01
4.672368259279279812e+01
1.215946974423554110e+02
7.103868754469563385e+01
8.172564635177479886e+01
4.346879628526978223e+01
2.998648235626174596e+02
1.063893449984988280e+02
1.930467635460295810e+02
1.798334112374633946e+02
2.119485425995212609e+02
2.887366023849331782e+02
1.871952531980298318e+02
1.179080108657896488e+02
1.082884863880055271e+01
2.114225109725549601e+02
2.038941058493934122e+02
2.997890589943597774e+02
2.019661248257898194e+02
6.771669343908786232e+01
7.247983740059409286e+01
2.511649773394617284e+02
3.054035969624660538e+02
4.413274514299833129e+01
5.285478284535768267e+01
2.194135849788322901e+02
6.893640757775523298e+01
4.498062130647819146e+01
2.789537484314154199e+02
4.674069340061260647e+01
2.953371471203063265e+02
1.017385644517674876e+02
2.907321954893916995e+02
2.700287958047018151e+02
1.193782516187363427e+02
1.219636262851464465e+02
7.621538396070828014e+01
2.010671577268045098e+02
2.024981340221362700e+02
6.200108297383897593e+01
3.851573077927186972e+01
2.035913362859044753e+02
1.071777836336535330e+02
4.541666295197632763e+01
2.952130355919503586e+02
1.335451858553266504e+02
2.396809141698761607e+02
7.716757162543285631e+01
1.318970724356092319e+02
1.451668876299844158e+02
3.087874438924716856e+02
2.142518077029476160e+02
2.319946013194318652e+02
4.689661185995518622e+01
2.137608169416066914e+02
4.330810621835341578e+01
4.566834464695294571e+01
1.932200171010979943e+02
9.682105126009376761e+01
1.296813444489286269e+02
4.772344363700647563e+01
4.311294295190884895e+01
4.528383205362624153e+01
1.404896160743218161e+02
7.808565227921397423e+01
2.964773458659811354e+02
2.041732561396280232e+02
2.236729193230673900e+02
1.951822012033856595e+02
3.192678522774966723e+02
1.720387032554423001e+02
2.086742086379080376e+02
1.680823305484117043e+02
1.110602660708237437e+02
3.000378876430943933e+02
7.205972631989354227e+01
3.079291278361346826e+02
6.832075359366680800e+01
4.337428246771597884e+01
7.188458702303672965e+01
1.994240568147973391e+01
2.353437010846953399e+02
7.414602534350007090e+01
1.989305327786620694e+02
2.415214513328828332e+02
1.041550050290290308e+01
1.255969462916654464e+02
2.040416711418077682e+02
4.415672829629664164e+01
1.975321012797269304e+02
9.282802298298082633e+01
7.430563648411447275e+01
2.949776227463350438e+02
2.988450248117911201e+02
2.245636919486002228e+02
3.207798950996198641e+02
8.520208263872770260e+01
2.116505424678863392e+02
9.885676929884452591e+01
2.227245728311546600e+02
1.799636928034312007e+02
7.019350774045599906e+01
1.175954171984990637e+02
1.941976748911530137e+02
1.980998048239904392e+02
2.712135522028363539e+02
4.996600621722076596e+01
3.167521445563298244e+01
2.014920251885671689e+02
1.693824280023325741e+02
6.714788173343809774e+01
7.994350246839722729e+01
2.276797743590774132e+02
7.581401075923190547e+01
2.796480195522766508e+02
2.175913091818184739e+02
1.769422698424709495e+02
2.061454614129303309e+02
1.969669452293445602e+02
2.015848540592993743e+02
1.172931770988258933e+02
4.468735086067379569e+01
1.703582744595972827e+02
1.374469794788701904e+02
1.513774732299223729e+02
1.937988319926467966e+02
1.180098247501876614e+02
9.972312189016902551e+01
1.974236295854115326e+02
3.342138589707201959e+02
2.012981767108957456e+02
1.963248310422656573e+02
1.799704060271389210e+02
7.525893209625549218e+01
3.211617563619871589e+02
3.923147275078367358e+01
1.236639319606751570e+02
2.659016841753941094e+02
1.249395803428318175e+02
2.135801599490071965e+02
1.201416448687429721e+02
2.121354023033475755e+02
2.015928731230147548e+02
4.951070198718096549e+01
1.363585207713940690e+02
1.170411215817842958e+02
1.974312542673287965e+02
3.166510432420051870e+02
3.817195219462254130e+01
1.244963267678362371e+02
2.106616373930237671e+02
3.431040750278519624e+01
1.403430759339211420e+02
2.911213693320939342e+02
2.175281823996117510e+02
2.152131531671852542e+02
2.309784644827738589e+02
3.000699331635467502e+02
6.337619043472742675e+01
1.898036875584384120e+02
1.921056274756525113e+02
2.088160110494015953e+02
2.180760676649164793e+02
2.782210966335297826e+02
4.749622144568742499e+01
2.393214101026780440e+02
1.167307432973257306e+02
2.660914498659970491e+02
1.083143441359238182e+02
7.507034787512330354e+01
2.006261412317373924e+02
1.291640298615299116e+02
1.246022443426784747e+02
7.312979412341726970e+01
7.281322560189414617e+01
2.012944105157531567e+02
2.019339756240918859e+02
1.192927113107318036e+02
1.812491165889576337e+02
3.044535244532131628e+02
1.141580494595906003e+02
2.945073405938937299e+02
4.434754816254511667e+01
3.352989844198550031e+02
7.573116009568185802e+01
4.264609137425399865e+01
7.671295589526422987e+01
2.814905704929657304e+02
2.072697825426706970e+02
7.545557003423091658e+01
3.150711002659247697e+02
6.660664443369897469e+01
2.384819924273845686e+02
3.019102407150986664e+02
1.218920202058651796e+02
1.162184602070369550e+02
2.066369234655106766e+02
1.923279975838934490e+02
4.323865450234726637e+01
8.559509364168641810e+01
1.652923150922752882e+02
2.817021202287158985e+02
2.880442430490857220e+01
9.917607315115648703e+01
6.928038921294584895e+01
2.069509419927165936e+02
4.225085036402415284e+01
9.310137302751914490e+01
7.692746601873784584e+01
1.182836388175177156e+01
1.854775648002595574e+02
1.161566762053301858e+02
7.741056017506835474e+01
6.919832242962641544e+01
1.831314308505351960e+02
1.900008454272952463e+02
1.169597318560450958e+02
1.998630096239938041e+02
2.972514158647598492e+02
1.542584800412719517e+02
2.125326082687880387e+02
2.408503694436937224e+02
7.811668051189474227e+01
1.939671605161523189e+02
8.143686527148273058e+01
2.111669408405307706e+02
1.978592952403699030e+02
2.131653369907938043e+02
2.800143923908881405e+01
7.223901892071241093e+01
2.761609370251194946e+02
7.425443357711937153e+01
2.840216645140944820e+02
2.203772463569631839e+02
7.898305648526130085e+01
7.651491107058085106e+01
3.098533631971079103e+02
1.820782559239961529e+02
4.710860255149574272e+01
2.614944513237517185e+02
7.522551787473261697e+01
2.181795921796567654e+02
1.143861845866201747e+02
1.952752571977351579e+02
1.846085570584192794e+02
1.880294831116982266e+02
1.381452506015459107e+02
1.973046329424087446e+02
2.097019433794410190e+02
1.970231432052187586e+02
3.205118583592636696e+02
3.055378344670213551e+02
6.111258759638851501e+01
1.175760296583536615e+02
1.113953633025740686e+02
8.495263394747539110e+01
3.110399224400098888e+02
1.031934627298224854e+02
1.324016729724449419e+02
2.340555301356521625e+02
1.286663081763652485e+02
1.086187397307380138e+02
7.532567554830987433e+01
9.208292368675141404e+01
6.320545706533815178e+01
7.710131099964907264e+01
4.514008216457025924e+01
1.411994417344286887e+02
2.763821197129135498e+01
7.424553521903312969e+01
3.172934634594984686e+02
2.914648422988456105e+02
3.253408313180759706e+02
2.942584963177288842e+02
3.081196903131617546e+02
2.814939342157782107e+02
7.855628484747451523e+01
1.576341642092327504e+02
1.135820450591127297e+02
1.900590087049481269e+02
2.965918242269137863e+02
2.964862016362793611e+02
2.566323096876377576e+02
2.005274802235670393e+02
4.247845308408282960e+01
2.953353801574086219e+02
1.984594227514459419e+02
7.358841769686313228e+01
4.355742239600149901e+01
7.551126129308558177e+01
7.638144565471783665e+01
8.862715705144094613e+01
1.143476114941801569e+02
7.951584890273151984e+01
3.519028328330939530e+02
1.018191228043133236e+02
3.146873957508429953e+02
1.677802757829429936e+02
1.249415852122084374e+02
5.910409731316236304e+01
4.719047748234392259e+01
1.316203081584371262e+02
3.659275759768268586e+02
7.566036987344139675e+01
3.094186756554848330e+02
1.204697352270969617e+02
1.040129104735539443e+02
2.912089565127267861e+02
3.043628091409648846e+02
4.219366617841278355e+01
2.058846761368531020e+02
4.350521613324548298e+01
1.147420863739614987e+02
7.876760099462588016e+01
4.441052002616516603e+01
1.914323797970811540e+02
7.562397634481486364e+01
4.151303659654798395e+01
1.921584235685302815e+02
1.972232427074646921e+02
3.821069820140289153e+01
1.176027948183979532e+02
1.186115718252729181e+02
1.753201470174064696e+02
1.933554839052349905e+02
4.857458927782501235e+01
4.341031553132596343e+01
2.763707581269776483e+02
2.152117028708937028e+02
2.830593473812135699e+02
1.068355509268815240e+02
7.111263031330337014e+01
2.569707909513983850e+02
1.237826149053082929e+02
2.066570231032361562e+02
2.081119310677189276e+02
7.804345971978989382e+01
7.221631102087785337e+01
7.635878598703561693e+01
1.566172367545684097e+02
1.520212494982722831e+02
2.212265441364774290e+02
7.679717256846726059e+01
9.968167612863850024e+01
7.727759832543310381e+01
3.438019056579682342e+02
1.106116687370744245e+02
4.644721354078964737e+01
8.765849097897473996e+01
1.843262000994718335e+02
7.306825729103400136e+01
5.202308239891164021e+01
5.830186594063258809e+01
1.103950464027013538e+02
3.850965058569631339e+01
1.127870047083207368e+02
5.398698110969833408e+01
7.561982154915151000e+01
2.250801053930327669e+02
1.478807061131435603e+02
2.954058552135713001e+01
1.824149674338634384e+02
8.255463875125249729e+01
1.791411941485135344e+02
7.425637298494469007e+01
4.645607918464794750e+01
1.076644397037456855e+02
1.217868574258685470e+02
5.590134682105237118e+01
1.208692036579664091e+02
2.048110211031459755e+02
1.972470322399264262e+02
3.094538241343517484e+02
1.669705592480780751e+02
2.164142210121266885e+02
1.051694841006296315e+02
3.011269671165486557e+02
1.262597873483231012e+02
7.723074110090396971e+01
4.589266416046308450e+01
7.326984109709695758e+01
4.510088756719525094e+01
1.149002151154295035e+02
1.529521128425193695e+02
3.082017765356915788e+02
1.887731829481691079e+02
1.918338260523688064e+02
7.011101541573508200e+01
4.883394298823960611e+01
2.809738922706724793e+02
1.215524055852304315e+02
2.108611796801536400e+02
2.324140554693674687e+02
2.008948043582648495e+02
2.938948245271257065e+02
2.068040302116041573e+02
1.956417372518336322e+02
4.510339843039762542e+01
2.079866266597257436e+02
1.125767358704436560e+02
1.157177223602832186e+02
1.702776878145741932e+02
4.968880450136755655e+01
9.229184931094162891e+01
9.154389415307326772e+01
2.080526452621175224e+02
2.065375186831053895e+02
1.196090320496666379e+02
3.152617499207011065e+02
1.368719432522280783e+02
1.476026689799663245e+02
2.178418957483201268e+02
1.033928251695428457e+02
1.839756854725811195e+02
3.149605392785442177e+02
1.950843363560751129e+02
1.965217944340091094e+02
5.045501434410026320e+01
2.517199844201181236e+02
1.382480836084540670e+02
9.292948722872087330e+01
2.091939130802655029e+02
3.787585844753725439e+01
2.387788631283935104e+02
7.063779664791194079e+01
2.157308707759580102e+02
1.491208394489818261e+02
2.053814514904137809e+02
3.047269146092557435e+02
2.171620909016725136e+02
6.943043869176246119e+01
7.471339220045906870e+01
2.134414334239187951e+02
3.058483391667330125e+02
1.924295557431407246e+02
1.620396178747686520e+02
1.710907809657406347e+02
1.297020581540866715e+02
7.614456506361035792e+01
2.009217817998153066e+02
7.892414772029583503e+01
1.167077927701591307e+02
2.808549584312682441e+02
1.784851621821488550e+02
2.044291264546345701e+02
2.062479474055492119e+02
3.034961692220253440e+02
7.305680561668251016e+01
3.146581231037649218e+02
3.702019810085226936e+02
7.118293094747659211e+01
1.253406926980704981e+02
2.903207215491840998e+02
2.991534717652222639e+02
3.092074279237854171e+02
2.808705186109608576e+02
8.033053065610707222e+01
5.494465048172936861e+01
8.051772678962943530e+01
7.746930160779807295e+01
5.684385875402038835e+01
1.370421114742536872e+02
4.322303601885070634e+01
1.035565118466086005e+02
6.022111576750955919e+01
1.219521093770850371e+02
3.006819009882363503e+02
2.066574084674097094e+02
1.187474911430661848e+02
1.378417622808079557e+02
1.838268639935207034e+02
1.347576763570085916e+02
2.846478024992094333e+02
7.339840678901910564e+01
2.326941518660735539e+02
7.770982354783322421e+01
1.923243957502435819e+02
6.185843712862047816e+00
2.083047801306214524e+02
2.068447508027704771e+02
3.968369960589663492e+01
8.196321413005543377e+01
6.038433190689311658e+01
4.416644358129907744e+01
2.780449775894877007e+02
1.962216271954230820e+02
3.051027520742876220e+01
1.627885733539296496e+02
7.159047578767351183e+01
1.424407640102931509e+02
1.988046592863000512e+02
2.483277703643153984e+02
1.306342399389102127e+02
5.763537444793217901e+01
7.067831484676258924e+01
1.155922771971326597e+02
7.309094656339631513e+01
9.321784428821386825e+01
4.377534886679131176e+01
7.054287749581359890e+01
7.439889576055868758e+01
1.956249585472326942e+02
1.297953225194454490e+02
1.346069192158316810e+02
3.340261190018447479e+01
1.041815381232653692e+02
2.821001800686950105e+02
3.522196007163245213e+01
4.663395688615859314e+01
7.820447915888541957e+01
2.284040144058924682e+02
2.110827284615915289e+02
1.987432698213353035e+02
7.090967720724528078e+01
4.907549878028635248e+01
2.962458052371024451e+02
1.198699604101868346e+02
9.408711032360039894e+01
3.050937114200091855e+02
7.625336318908664168e+01
2.021742578282378417e+02
3.110084326231509522e+02
1.909354149517386361e+02
1.738708931793679255e+02
2.542265474973146127e+02
1.452006399173943123e+02
2.061994869354574007e+02
1.955974288343147691e+02
7.726600898914999505e+01
3.025822672530471777e+02
4.910078632658817810e+01
4.470123186048324015e+01
4.065675263061083911e+01
1.177195005958672027e+02
2.047841168417405697e+02
5.158033360084817787e+01
7.696605821917634671e+01
4.211479640810217973e+01
1.350816036162669320e+02
1.220614863037017130e+02
7.565294330782241161e+01
6.755558235417277047e+01
7.489619953414447195e+01
2.064006858968056690e+02
1.990151951205153011e+02
1.827808869171953745e+02
2.786768612348975580e+02
7.134718525011447809e+01
2.044059619388532667e+02
7.166145121917419658e+01
1.466548503158482504e+02
1.380136822489814392e+02
1.062154000830106071e+02
2.897638800704613686e+02
4.445090604372700227e+01
7.632671421380130994e+01
1.656206267858344745e+02
9.032091669786221644e+01
3.043213088581109673e+02
1.858885418197129695e+02
1.402967817562910113e+02
1.176637852264408224e+02
1.890705502357793080e+02
5.094015146775245029e+01
1.142939867029748626e+02
7.583941413819161426e+01
2.010741091154568210e+02
7.572355925834612833e+01
4.411573243973765557e+01
1.950807502700489522e+02
2.932883661961623716e+02
4.330660154752352753e+01
1.508408199560911100e+02
1.897001623573007976e+02
2.849811107723082273e+02
1.256806109175076500e+02
2.689738503095101123e+02
6.155270255268378321e+01
2.058727349003721372e+02
9.565849823696999010e+01
7.859304593540736050e+01
1.101518903883036842e+02
7.493624913518669928e+01
2.293744780397457248e+02
4.471340111798291161e+01
1.223765889616575606e+02
1.529809088415035205e+02
3.206542906036850695e+02
4.084651315142725991e+01
1.160483621040223170e+02
3.007178326001705955e+02
6.534920124394167829e+01
3.597801920062771046e+02
6.804525206961741901e+01
2.020655548413565157e+02
7.282366114231892595e+01
3.045393352900247237e+02
7.325931273453483072e+01
1.328727956358110873e+02
1.984085625714216974e+02
1.430548315617516550e+02
2.731099175083330124e+02
2.596045208470735020e+02
1.484115035061590504e+02
2.907306942774421827e+02
9.491073088443258143e+01
1.705107614896937491e+02
2.261590993539865053e+02
4.039944068767967167e+01
1.959243257455769083e+02
1.953893843051903616e+02
1.962347310918881362e+02
1.907715318098591979e+02
1.296829175547151181e+02
6.785903221117358441e+01
2.130298770379784514e+02
2.680362650640630022e+02
3.012198745598386154e+02
9.210973412565257945e+01
2.535808373589604230e+02
6.357103818233955650e+01
2.182942038648612879e+02
3.157168659842703846e+02
1.002123949322314616e+02
1.877617978790200084e+02
1.439177197966160975e+02
3.132160470049780656e+02
2.147561768479992850e+01
1.314665529986476997e+02
1.199217631357368816e+02
2.432784563738959491e+02
7.673736467695431429e+01
7.049613106849986366e+01
2.689423024016959971e+02
2.103207718850881633e+02
2.920835637226975336e+02
1.148749405741346123e+02
2.014643795954364691e+02
8.013001076307529047e+01
2.127567371843446153e+02
1.023285627476064974e+02
2.100041073154576452e+02
7.753117344762195273e+01
1.140006993536110116e+02
3.040063835739520073e+02
7.554447444862896077e+01
5.802442458524189561e+01
1.028922560816451863e+02
1.552969386155893687e+02
3.302640218240270542e+01
2.017081063316111909e+02
1.587276874133993090e+02
3.440250392539487478e+01
1.199140642917653850e+02
2.091590943030145979e+02
2.689717784821543205e+02
3.168899170883142915e+02
7.433777429297460060e+01
7.264795278656995947e+01
3.062095999655959986e+02
2.220075840314577249e+02
2.032798410939753637e+02
2.011242748602770973e+02
5.758327672147198939e+01
1.273800845655670599e+02
3.133649745247731744e+02
7.752851747419425976e+01
9.700004731438747285e+01
1.863721579388408145e+02
1.716238061913209947e+02
2.701046066875273368e+02
1.557199981229316279e+02
2.027522367797026277e+02
7.407155044947212730e+01
3.112097475087850285e+02
2.572905276412781745e+02
6.012472069640145378e+01
2.832182883280786001e+01
2.939855236145435242e+02
1.878807691879739536e+02
1.809339212166726725e+02
1.943062765257588467e+02
2.016797191416017085e+02
4.975302148337524955e+01
1.879422839052523386e+02
1.178028289644924627e+02
1.195272995894056152e+02
2.755096830226258362e+02
1.971970896200023162e+02
8.457301299740372258e+01
1.996570817064162782e+02
7.593329012474002582e+01
3.091231688626946834e+02
1.274147847222468357e+02
1.344433256353061381e+02
2.487342381768451816e+01
2.902077332829022680e+02
2.222449027328307807e+02
4.220214349953226218e+01
2.079764615824034024e+02
2.901613510381274068e+02
1.937170783258148674e+02
2.067229128386225625e+02
1.313643881485310203e+02
1.537564842568523318e+02
7.588743476396578558e+01
1.148207143044330252e+02
1.188452073548195216e+02
2.080291605291401993e+02
1.201326044338618857e+02
2.811316828663150886e+02
7.095712467846387028e+01
1.139946972306896527e+02
1.888416498027955583e+02
4.915956978649951736e+01
2.017277439579632130e+02
1.192116938459390809e+02
6.320206939970032067e+01
1.932525963092902543e+02
2.211078805259119520e+02
2.021399445075579138e+02
7.460294342725188699e+01
1.960469813832201567e+02
2.372671158212376668e+02
3.377344188869238195e+01
2.773255649679446719e+02
2.648510937705805190e+02
1.463184629771406264e+02
7.020165337793305582e+01
7.266648888041140708e+01
4.454172421453498742e+01
1.154901778513360426e+02
1.721819319907725117e+02
1.282332019618619938e+02
7.433707065607809739e+01
7.692595947726813677e+01
2.054722872103357645e+02
9.939119417519314936e+01
2.927894223700339467e+02
2.547286701494914780e+02
2.122973857190129934e+02
1.406458499607010424e+02
7.679244841989877557e+01
2.206880259015122192e+02
7.541827688128812213e+01
1.177359859594140090e+02
3.356068809887708682e+01
2.022283370840127930e+02
1.942551034529851393e+02
1.610567263469204988e+02
7.525042689138338403e+01
1.109082689329256226e+02
2.111628931677274750e+02
9.049223195789720364e+01
2.065484314668065906e+02
2.038301802727553138e+02
3.570917760932138663e+01
1.473560440513439289e+02
1.296174560201808958e+02
2.933491853726587806e+02
1.954113212983187111e+02
5.404235050729386103e+01
1.717887222016200326e+02
1.884192115711734630e+02
4.629497783372916331e+01
3.662008695313803628e+02
1.997807488895564916e+02
1.042746278512211404e+02
1.909023601912680306e+02
9.565627416870496802e+01
5.181171915414607554e+01
2.158462020763065539e+02
2.468415765949264085e+01
2.937811566688260996e+02
4.493773289550360772e+01
1.001955444126957389e+02
7.530244838685899822e+01
7.202366505435125532e+01
2.116896579579982358e+02
1.250305346295404121e+02
7.532700803312283711e+01
8.913927635608168032e+01
3.359257326128414434e+01
2.505512641670397613e+02
1.622264761271474640e+02
3.570922335668957004e+01
4.426558105750969929e+01
1.418285311251959797e+02
3.115240585743832753e+02
1.202353612130642517e+02
1.229818594670445577e+02
2.704358120813022879e+02
2.770035765745944332e+02
9.337182179307545482e+01
2.079707549278030285e+02
2.234629433714404740e+02
1.216934339760712334e+02
1.937983316013615251e+02
3.292002315104105037e+01
1.717307215516847521e+02
2.023356237888079363e+02
1.117870565723022764e+02
1.569060106158001417e+02
7.141365429173893631e+01
5.999892254982859185e+01
1.111045410036613248e+02
5.552478225438262172e+01
1.396118553342845132e+02
1.958784307382781833e+02
1.279186654296496926e+02
1.179417117953329637e+02
1.091711281271377345e+02
4.790062111555666036e+01
7.784337912928849335e+01
1.801970338584718263e+02
2.906807599178676469e+02
4.564116118030466396e+01
5.517879003526807224e+01
8.783081776908635163e+01
1.758086314214310732e+02
1.879337531911280124e+01
1.329181199791120207e+02
2.621797046657901546e+02
7.938031494098694907e+01
2.130945251095810988e+02
2.008049472281744272e+02
2.247142351980238288e+02
2.711165559207507272e+02
7.268241881844700458e+01
3.184947875175059835e+02
2.738603023055118797e+02
9.513115440188525440e+01
4.512710297425685724e+01
1.203285192206419936e+02
7.710317865859317976e+01
1.982294666942742367e+02
2.331737217485600695e+02
1.426939760332666083e+02
2.081936986844547164e+02
6.218388999147819618e+01
1.275398757097307225e+02
7.803758133489209570e+01
1.190273430739054135e+02
5.218817142570664913e+01
4.535151528421539524e+01
2.090868596026469959e+02
2.094727097073314042e+02
4.434264291271417591e+01
1.321298540937694099e+02
3.970915572513295615e+02
4.599179992316756937e+01
7.397466223025300280e+01
1.282469417074002251e+02
4.450394633418766688e+01
1.007439033074676473e+02
2.130679086349082638e+02
7.202137667050426728e+01
2.036423821721485865e+02
1.918346163133985272e+02
3.639711982462777939e+01
2.050936978156698842e+02
5.882457976433770597e+01
4.578771223320925543e+01
2.122186838588927174e+02
1.321384141647437502e+02
4.612911869052493330e+01
1.145292252021275630e+02
1.848238002493790191e+02
7.033064558267052746e+01
7.806515755427538750e+01
1.261963736090961561e+02
1.803148076600924981e+02
7.689520878534605686e+01
1.080707935762815879e+02
1.153745187859478989e+02
9.813443727301077502e+01
4.654973458283799204e+01
1.492573142403923896e+02
7.423354854130806757e+01
1.076380876370278656e+02
1.558084416234229082e+02
7.818153844573241429e+01
1.573944049248860324e+02
7.087967498982429504e+01
1.905923921162628289e+02
1.156258172187312567e+02
2.132354941713606991e+02
4.249694869685655618e+01
3.044873376748961959e+02
1.280112477476983486e+02
1.189417649601959326e+01
7.715407944877026125e+01
2.178887936677447215e+02
2.598156219118548051e+02
7.801296530305333476e+01
3.027724658835366611e+01
1.969769545915933051e+01
8.938079615243587739e+01
7.642121573069455565e+01
7.215867057744807767e+01
4.686872893967758102e+01
1.043898557024861304e+02
2.837525812987468044e+02
1.308792078409837529e+02
1.902967707628644973e+02
1.864582729019284102e+02
1.203711111896156183e+02
4.461507431133134105e+01
6.934507108172937251e+01
4.694454947605777306e+01
1.659009686082002020e+02
1.947464446958184396e+02
2.063463774656027283e+02
2.007374913130582286e+02
1.869337490019505310e+02
4.415113597737214235e+01
2.111278069002071618e+02
3.657497654346785794e+02
4.370536522698915149e+01
7.130208640098902606e+01
2.845713892695735581e+02
6.097128180964225663e+01
7.620653399498876013e+01
2.969426415967730009e+02
1.448332749645352351e+02
7.698450838743875124e+01
1.592006573921081838e+02
2.973222612414468813e+02
6.832346335679110894e+01
2.061055639603704037e+01
1.917413007815798665e+02
1.435652144365920151e+02
2.115368575051144830e+02
2.276852575940101246e+02
1.929261157199395598e+02
3.138540421362856705e+02
9.350170234021777560e+01
1.064609389664817343e+02
1.090976102466373305e+02
2.927376605452850526e+02
7.349116406045270367e+01
2.433380320535196120e+02
1.497885767938888080e+02
2.137403310380504990e+02
4.154493006034919489e+01
2.283488298938726757e+02
2.394889632404273527e+02
2.114220285102346111e+02
3.029711808226849712e+02
1.145523589018604440e+02
1.124058815945942769e+02
7.763048986187638434e+01
1.586061106496460411e+02
7.032670718907029084e+01
4.419693067086546279e+01
2.816683619576551791e+02
1.335614463245039474e+02
1.993109517747478421e+01
2.937189327922632742e+02
8.120469831044258058e+01
3.116302145131280099e+02
2.381958600840771396e+02
7.358624442879509786e+01
7.058134420707540357e+01
2.054532198788524511e+01
2.060953056588828076e+02
1.533790405581982839e+02
5.585594282873478278e+01
7.262158685196035890e+01
4.528816296077602033e+01
4.483528125614365933e+01
4.598303757698887040e+01
2.879924363346222549e+02
3.213676620406139364e+02
9.894525041842389612e+01
1.566222496045529624e+02
1.174718379111745747e+02
3.598426352031167994e+02
1.093381227479262492e+02
7.314527956382704588e+01
3.245647497257583609e+02
1.216701361899321654e+02
2.142745038233062758e+02
1.002723089668713499e+02
1.287886091674148759e+02
2.899585465150681785e+02
1.669039536929477947e+02
1.288652813061811742e+02
2.178422323373557958e+02
2.911219161920897136e+02
5.352413740487251204e+01
3.247982504637539591e+02
1.249173452328391392e+02
7.156832320307796635e+01
2.907016464783253014e+02
7.594625101005513557e+01
2.569558187171679720e+02
4.487618387185953139e+01
1.945625201015160997e+02
2.116134148794215264e+02
6.538379783398995926e+01
2.860606493288951242e+02
3.498612844093918994e+01
7.235751086268099641e+01
1.176151746707655121e+02
4.536531712144829953e+01
1.081490916375444726e+02
3.494180751839763133e+01
4.595111170439718506e+01
1.745136434995248749e+02
1.285376427531679866e+01
4.579350904757779261e+01
1.146313323137183744e+02
2.820076578855507137e+02
9.411288658668026130e+01
2.808456963029110511e+02
2.119859996304534207e+02
2.436334289951518883e+02
4.729717392685765276e+01
1.921377412267135583e+02
2.789089915442995675e+02
1.279152801619123778e+02
7.759658968675151414e+01
3.074875662318753484e+02
7.367894010678617178e+01
7.782869837613029063e+01
1.665590740371443985e+02
2.065782207817618996e+02
2.371262329152666837e+02
7.290376545775255579e+01
2.112337019058412864e+02
4.790925959753976571e+01
1.930600156717394498e+02
6.248964831418936683e+01
7.143762951517091153e+01
2.009899849522265072e+02
3.457600431339180318e+02
1.283965911740770309e+02
4.591753503821787064e+01
1.794960722933510624e+02
4.258842453322247934e+01
3.209705146090175845e+02
1.087359816987186605e+02
2.778576152739728968e+02
2.697103579403205913e+02
1.453614033399558139e+02
2.944493695187112507e+02
3.251743652921933858e+01
2.256036978957569659e+02
1.432708306263761813e+02
5.426595990240216594e+01
2.788147304079913056e+02
6.511130803094417274e+01
2.086893007537074993e+02
4.078647420424098158e+01
3.159775660041362357e+02
4.368417453611965584e+01
1.971187242841046441e+02
1.029273485310645810e+02
1.957294824201388224e+02
2.340526910854649145e+02
2.904305970459896002e+02
9.950359600819511741e+01
1.907135253739004952e+02
3.122813556381420312e+02
3.099118748013115692e+02
1.657506005371411675e+02
1.919610085504566541e+02
1.136466491584902911e+02
7.033309476982958586e+01
2.788372924837692040e+02
1.996229368871808560e+02
4.602496206814048918e+01
1.550827646571845548e+02
1.887650146038785408e+02
2.776954004848414002e+02
6.949458655662112960e+01
1.270461390622897255e+02
7.917394199934057042e+01
2.064821974875728188e+02
7.494385234991558775e+01
1.404500845199208072e+02
7.461082626603803192e+01
8.681833224433265173e+01
4.000948772630746220e+01
1.023110004039217671e+02
6.545312080922330722e+01
2.042367011423254723e+02
1.972416745005354528e+02
2.598760349915604451e+01
1.503780554649958674e+02
2.926156998184105760e+02
7.574262416666985587e+01
1.214713005152511869e+02
2.148644577790839492e+02
6.954950475367088814e+01
1.342981710187208080e+02
1.922199280415334215e+02
4.629737275076357150e+01
7.190177652057829505e+01
2.134713268597212448e+02
1.949105752778237672e+02
2.915586485500126628e+02
7.116479314268973155e+01
2.015425223549160592e+02
1.210136078725102067e+02
7.794637103643385956e+01
1.401785656112896277e+02
2.033504526109163066e+02
9.465426190146428098e+01
2.506764938311949820e+01
2.178182444827067741e+02
2.059584693983861712e+02
1.276855168544956172e+02
2.953354174477992728e+02
1.411989581195969663e+02
2.762560977152696182e+02
4.313108383695145420e+01
2.307543290179723385e+02
2.749659408417959838e+01
1.120976098179977356e+02
8.757731553183333517e+01
1.885570713835251695e+02
1.868519787864097452e+02
1.482124073960643500e+02
2.550398256246245126e+02
7.829517380774365165e+01
9.801812175051989584e+01
1.312465457413044305e+02
1.344925056480855119e+02
3.999933637838371396e+02
8.555987186628932761e+01
1.966688679675684170e+02
4.251664875122581577e+01
3.238341741355467889e+02
1.961989394794709440e+01
3.098230208978017330e+01
2.010919368915882615e+02
6.745096194189972039e+01
7.193226520845733774e+01
1.944055105729236175e+02
2.834854805413108920e+02
7.445915559818341478e+01
1.163205375516703697e+02
7.042058126218590530e+01
3.089139440030735386e+02
1.206143530221522013e+02
1.244650106377056460e+02
7.868200254848321151e+01
7.276503922168473082e+01
2.273134858582947118e+02
4.771738566946228133e+01
7.356447090310378201e+01
1.830759782107008675e+02
3.044751556175602900e+02
4.479458999392854679e+01
1.882712427250176574e+02
1.194038185070854610e+02
5.950822124132103852e+01
2.725201715263622191e+02
4.695271241485211533e+01
6.783316269942261556e+01
6.803414288315023839e+01
7.904392429372802553e+01
3.142436220714443493e+02
4.706029729045445720e+01
4.509670850009102594e+01
1.655144593476153716e+02
2.938527428465245066e+02
7.497485700749562909e+01
4.187622701265498648e+01
1.396442548138415702e+02
7.663138062192059863e+01
5.814386686679134186e+01
1.257376211340128549e+02
1.943321388013526416e+02
1.196295706515074215e+02
2.078372251019669932e+02
7.359200017394320525e+01
6.232621681861702712e+01
6.998958173634190416e+01
3.534895881082723577e+02
1.258122672367237556e+02
4.513517075874580797e+01
7.312534606218356714e+01
5.911359273623876476e+01
2.033455766291029931e+02
4.222314562200483579e+01
1.852687482442473197e+02
1.212940547097037296e+02
3.683405396156793188e+01
1.219384184889783427e+02
3.052158665256906716e+02
3.455271296033792510e+02
1.202050092515221706e+02
4.468650148737200567e+01
1.234142360986025295e+02
6.988292576038158188e+01
1.940761812636379204e+02
2.259014633033233679e+02
1.143640531908719851e+02
2.288493464865246096e+02
1.322723758644793293e+02
3.121767180502960741e+02
4.615723528193519343e+01
4.330991753243751674e+01
1.869367211338741583e+02
1.023608177560191734e+02
2.668730654161715847e+02
2.267805598267702294e+02
1.857859138823624221e+02
1.899539142274195171e+02
4.532799933876177079e+01
4.727933871699801216e+01
3.303572899716478446e+02
3.098640124667234730e+01
3.791936671902814169e+02
2.055579949638258483e+02
8.223650175061689538e+01
7.250355981649920523e+01
2.129745312759760054e+02
6.934888796458865556e+01
7.288430404126479800e+01
1.317635573202483670e+02
4.263292207293888936e+01
1.197914398396198550e+02
2.082697008349525731e+02
2.015446964076527934e+02
1.347273227910016828e+02
1.859698858645168116e+02
2.293293300195994391e+02
3.057509843227750821e+02
1.609635028643863564e+02
1.298034461412410856e+01
1.038824748182896798e+02
2.044591109823664397e+02
7.592374585018106359e+01
2.039111900737395615e+02
4.622581771122363392e+01
2.059522802700436728e+02
2.122231582320165728e+02
7.336487604353756353e+01
7.356631200004044047e+01
1.234931268612402846e+02
1.954533441729359140e+02
7.704293102178429820e+01
1.017104295305645110e+02
2.987243072986241827e+02
2.103048438908275841e+01
5.817450424855681490e+01
2.813603266079484229e+02
3.036148279146869982e+02
7.150928253760808673e+01
7.319656038307878987e+01
1.983302740636347892e+02
1.270386820104325523e+02
2.106755107468003700e+02
1.887281918210183562e+02
2.783509821548653917e+02
7.206049337039019065e+01
3.174594044398982646e+02
8.280000340210527554e+01
2.813126859855304929e+02
3.160103687368211567e+01
2.054623573098296561e+02
7.435949741717764994e+01
4.153041647706089634e+01
1.453578632311627530e+02
2.559765990488947693e+02
2.119667678538732787e+02
4.365635665074852767e+01
1.666976967121125881e+02
7.482995376524770847e+01
1.664356266214485061e+02
1.754641183921344805e+02
1.941887775413115946e+02
1.211901695196146562e+02
2.050850450487213266e+02
1.205277530493176670e+02
7.568664679803742956e+01
1.169521335347114217e+02
1.032695524321899541e+02
2.760036628831797998e+02
2.004697422597196805e+02
6.228868176506552601e+01
1.860388020628527102e+02
4.436249541328113821e+01
9.439162732820344104e+01
1.568483645873029957e+02
1.217065804239937137e+02
1.699602363171404704e+02
1.598250230055162433e+02
1.230605636392810709e+02
7.328559470973884515e+01
1.931579408261669073e+02
2.851931387296523894e+02
2.832116704607551583e+02
2.406624344581834691e+02
2.142336390309981766e+02
1.975062059941043913e+02
7.648866665414129784e+01
1.926244062391970147e+02
7.664732322427903455e+01
4.139301001955897163e+01
6.530939173908747364e+01
1.286103824855491666e+02
1.523314579160043820e+02
3.239795839112248643e+01
1.959082946976461415e+02
1.577426051317508211e+02
8.093127983135792647e+01
1.171201354881469143e+02
7.929473606475437464e+01
7.660054611715609951e+01
4.741381332662292891e+01
1.419195325582757903e+02
1.155795769314076011e+02
2.213207239769589592e+02
3.369493177153781858e+02
2.970659043247510454e+02
1.870750916432719748e+02
1.268140005216836386e+02
2.245442378510863080e+02
4.690583100538749051e+01
7.254418897710404224e+01
4.813434047441388941e+01
1.196609612805957283e+02
2.118520078099761150e+01
4.861357730389210730e+01
2.926508252764314193e+02
2.040206780299070601e+02
6.953158380150006224e+01
1.924818339908319444e+02
2.201519527862461416e+02
1.407039222906045666e+02
1.149457794526901040e+02
1.145238375835760820e+02
1.178021011605775925e+02
3.084059697574031134e+02
1.215715992387531799e+02
5.202033325253144369e+01
6.969859537032428420e+01
2.023821798177298774e+02
4.642478056431952638e+01
4.556488637782847917e+01
7.745122782440209619e+01
1.885304651880816209e+02
3.277419394226879490e+01
2.043332365229256311e+02
7.514741704416769608e+01
2.099134017913734169e+02
2.066617610265698488e+02
1.446627947772756215e+02
7.633144513190654834e+01
7.778358008580559613e+01
3.152555426666989433e+02
1.973693888728863328e+02
1.194426638288802280e+02
2.970589074833035284e+02
2.920189318559660592e+02
4.255579216763138106e+01
3.978199367696840483e+01
2.007168107499544476e+02
1.400759336570611424e+02
1.987834682823213370e+02
8.940576853438078331e+01
1.282463429214770372e+02
9.400858029614911970e+01
1.035566249245542423e+02
8.715746966874156954e+01
4.446948131992389364e+01
1.794992479205614018e+02
7.778683439876695616e+01
3.184181914675639860e+02
2.784243073263832002e+02
4.591019402499640734e+01
1.926144919336011867e+02
1.226974907603861595e+02
4.040553287848294417e+01
4.382975441829154306e+01
7.135442979518241202e+01
1.099769972256307540e+02
3.324907386717683977e+01
2.012194452623266159e+02
7.194400378926542317e+01
1.943623430856680727e+02
2.453360724283687944e+02
1.056701553277972891e+02
1.323723990124867669e+02
1.002515234445526318e+02
2.098001366643224230e+02
9.984453180186244481e+01
1.910456522990612882e+02
3.111942659959900084e+02
8.873932563665586315e+01
7.758869050782932675e+01
3.248316077541958293e+02
4.728442455949332413e+01
4.360363313525990492e+01
6.837257967697682659e+01
1.093095175147564646e+02
7.488312810336198311e+01
1.505139404490657853e+02
1.336802263877254404e+02
8.503840082220808938e+01
2.857992421661504778e+01
4.601642381738741960e+01
1.949714546556590733e+02
1.975122989462448118e+02
3.031852321957271670e+02
4.211077599866258225e+01
1.838038077694379240e+02
2.115979386815488397e+02
2.112947028950407855e+02
1.940712256686505270e+02
1.769715830043003564e+02
1.646916177860562129e+02
1.095149791151887086e+02
8.447094802695504256e+01
1.546359865135199243e+02
2.955477469756077085e+02
2.075071624515396707e+02
9.863276005011165637e+01
4.538515264268612981e+01
1.086959078621216293e+02
7.578701891936520951e+01
2.180880039893982030e+02
7.214776926565551207e+01
4.109419039378519045e+01
8.129609094068396757e+01
5.957298278128548930e+01
1.910676352307662000e+02
7.095465754969508509e+01
1.793173666049403536e+01
8.927141572351308696e+01
1.225911076423745953e+02
1.919901016819784729e+02
2.056520254062897664e+02
1.009432462194461664e+02
1.578692282083251541e+02
1.548361493389633665e+02
9.079036567158448179e+01
4.038559328526011427e+01
9.070591977720282273e+01
2.033905811814901909e+01
1.998792411353243779e+02
1.905083251154965467e+02
2.922360318427478774e+02
3.134445076333642533e+02
7.824537942916661848e+01
2.033908356766561383e+02
7.196249418378336316e+01
2.931821557972574510e+02
1.196328947166552865e+02
1.922087439601133667e+02
1.958293302234511657e+02
7.402669186819596803e+01
4.473111350693215371e+01
2.982891139565141998e+02
1.255577491127924645e+02
1.550498551906741795e+02
2.052342427685890129e+02
1.284905072545707867e+02
5.028073129061789359e+01
1.928513951324549396e+02
2.941647707933983042e+02
7.367344497893603261e+01
3.247158695833653042e+02
1.856290078283967375e+02
9.492563588567062993e+01
2.024102286529518722e+02
1.471664606547265919e+02
1.026945745157282772e+02
3.034938866228279153e+02
1.346586992137061429e+02
5.596052887498104411e+01
2.908982379087709660e+02
1.815990886236755131e+01
1.029959452809659410e+02
1.992614518793180594e+02
9.250752151080250485e+01
1.917555997104431640e+02
4.398415379879160270e+01
1.069018152108434094e+02
5.566236107028577607e+01
7.765286379142948192e+01
2.023874269255875049e+02
1.657797867260713076e+02
2.155862963048689664e+02
2.207554159427064633e+02
1.023025626336032445e+01
5.801670282632650100e+01
2.225015632598074546e+02
1.158284161446141241e+02
6.892249222554757182e+01
7.876522863357496362e+01
2.842981706764419982e+02
2.825433376956314646e+02
2.123497165120876105e+02
1.670380082409756710e+02
3.794209891255140832e+01
1.123677182625912820e+02
2.600187050757052276e+01
7.596984894656056042e+01
1.034379610775193328e+02
1.605119453421361868e+02
1.983474991614466489e+02
3.666258637130231079e+01
7.670168598937051740e+01
1.793171652366781643e+02
7.644385084016735732e+01
1.202721795665723050e+02
2.290930914361357509e+02
7.101603190318502357e+01
1.562128921312104524e+02
7.591861278980522343e+01
7.459487450305708478e+01
5.563436362911676980e+01
2.975627140643749726e+02
4.570731475000798838e+01
1.627843619984984684e+02
1.225904679894709233e+02
3.000965661128619786e+02
6.647904442568463423e+01
1.227486464652379681e+02
1.029317839622986952e+02
2.128533224753281843e+02
2.077489903622446263e+02
4.590433343255095622e+01
2.890379173458047148e+02
1.359243555364563179e+02
1.200897081535270132e+02
2.035749136753023265e+02
2.934586610693348234e+02
7.620169690494520864e+01
1.115973431885049081e+02
7.443855481325286405e+01
5.026891676987940372e+01
6.853321694247156870e+01
1.915237038180977152e+02
1.045720961696101767e+02
5.744296138240537175e+01
2.441047722563377818e+02
3.266582243372616290e+02
4.609741828636932581e+01
3.689757821573720520e+01
1.334347054663824679e+02
1.029238570437580478e+02
8.773904043930552632e+01
1.960934211687217896e+02
3.194856448108005793e+02
7.041048335087302235e+01
3.224229498261572076e+02
2.249484813920182091e+02
2.719426798312200049e+02
1.133173777871305674e+02
1.218877184228363149e+02
8.222183410470175602e+01
6.485497648052485431e+01
2.138331152698070809e+02
6.989933225291716212e+01
2.940993575805353544e+01
5.707781105849571901e+01
2.280497277910118044e+02
6.030682985826538101e+01
3.081921216061081168e+02
3.084284784707910276e+01
7.768358144590675352e+01
3.789340027538531785e+01
1.496358389683117593e+02
1.013307893011722030e+02
1.994533893772544104e+02
2.682253668061935628e+02
7.372554054265468437e+01
6.341783246706830823e+01
1.638388075793081384e+02
1.243137062652510849e+02
7.150578067221330514e+01
1.934832903817509475e+02
3.001465245991408324e+02
1.855083620059934049e+02
7.489193548132649880e+01
2.073337724825075554e+02
1.452645687227874021e+02
7.725877817616702714e+01
5.860539547849436559e+01
3.555612266217777346e+02
2.472581320490641303e+02
1.409824233559346283e+02
1.137360547033217699e+02
4.718924482863739911e+01
3.182313610174278438e+02
1.820450930300347352e+02
2.075486216547824370e+02
7.149107262072763547e+01
4.421207340881851877e+01
1.962468762880234863e+02
1.849214144478231390e+02
3.426487472960921536e+02
1.223920685359414335e+02
4.787081051900832307e+01
1.790618850157454460e+02
4.513152252237496498e+01
4.743746904265375974e+01
3.173480892426699711e+02
1.510710851139083388e+02
2.139473181851936943e+02
2.102082990086597647e+02
7.297590725764131037e+01
3.088074989647382722e+02
4.693872556290693865e+01
2.206115698119971285e+02
1.269914621660210656e+02
1.216844745648590305e+02
1.845061335105149851e+02
3.478926132811557181e+02
1.867363725366539597e+02
2.009070593035345667e+02
3.524899671964628851e+02
1.142225505882916536e+02
4.867214725990283597e+01
2.530655761022646004e+02
9.910340829325456014e+01
1.003180628365249021e+02
7.359040603626641541e+01
1.249577914387463977e+02
1.985610943968594881e+02
2.801010624519379348e+02
1.938580793252781120e+02
4.347119029514945510e+01
7.420729817972662090e+01
1.973196993602573741e+02
1.077908313863018748e+02
7.436794824156289963e+01
1.228895676633709257e+02
2.582369430162775643e+02
1.325807785650704034e+02
2.070390338869088112e+02
4.392578172555943183e+01
7.495049764811302850e+01
4.807633350078387480e+01
1.051108936201376451e+02
2.234978438895580055e+01
2.219439098440026612e+02
8.058638492658788266e+01
1.402758807333419782e+02
2.022007161993803379e+02
3.301193877506046874e+02
4.698807641607966445e+01
5.191784412432481588e+01
1.871277673547988627e+02
1.803555707063914610e+02
6.780975679046396465e+01
7.449846803579563925e+01
1.047552528346160585e+02
1.233614255889514908e+02
1.115103685956249535e+02
2.186555143723560093e+02
1.784023429771980318e+02
1.579348254243343206e+02
1.610729553578413515e+02
2.135667909393610131e+01
1.187817960965658415e+02
1.209268973756455665e+02
2.952671133254703477e+02
2.533124065044486315e+02
2.242848070382663650e+02
9.004078889878417158e+01
8.708718688746495218e+01
7.139557663875024218e+01
2.036173467311147931e+02
3.215559790849822548e+02
1.874125375475881583e+02
5.704709544938431520e+01
6.651642920538043313e+01
7.589382226025510647e+01
2.115068976029351688e+02
1.650046409664302587e+02
7.438675720448465256e+01
4.663655757144567815e+01
1.291343790013554838e+02
2.730808311843500178e+02
2.995661061128797087e+02
4.511508924483933214e+01
3.020469139994102648e+02
3.423352344476398201e+01
5.411621178281012590e+01
2.044422499255701950e+02
3.718180954283692472e+02
2.003695153216582128e+02
7.942926067067979545e+01
7.910040503456509953e+01
3.030481841933648184e+02
7.730725303218245870e+01
5.471815594604731103e+01
3.019715058879573348e+02
2.806941940138739255e+01
2.015081725086643587e+02
3.958290065873733852e+02
1.208722381667324974e+01
4.580694158166961216e+01
1.200516490511980834e+02
3.218680835019393953e+02
2.998328820857873325e+02
1.725483699978308039e+02
1.280383194720973279e+02
1.966506967911222148e+02
4.631492295565329442e+01
1.195057179773224334e+02
9.312433615513245400e+01
1.917788542311165259e+02
3.922575048529698165e+02
1.440995346198252207e+02
4.503402892943516633e+01
7.071435974714796657e+01
6.016703969189079260e+01
3.100336559791779791e+02
2.446099174437519821e+02
2.896346387740306909e+02
2.857397541450363860e+02
4.739377363282184774e+01
1.432527067922159461e+02
2.956895686817953788e+02
7.283237606524440366e+01
4.784204491115995950e+01
4.261832320157080289e+01
1.693602447053816036e+02
7.779252848499962170e+01
1.997800063822344327e+02
1.856298601667387231e+02
1.417934745704918953e+02
1.963301230054469215e+02
1.290923054689343985e+02
2.056786516186446931e+02
4.568774565483876415e+01
3.106742252167167067e+02
2.853762970582700405e+02
1.633534026846376150e+02
7.434286090674035563e+01
3.033548359466181523e+02
6.586725046380249182e+01
7.340338507787454603e+01
2.184241538264537326e+02
2.040132529780511277e+02
4.865136201273195127e+01
2.024734274730488153e+02
2.985801703158275018e+02
2.300323895559970140e+02
2.971973972594497013e+02
4.606629266600857875e+01
2.180289016776554547e+02
9.589148411347763101e+01
1.202087093556883133e+02
1.810901473082672339e+02
7.008460788645857065e+01
2.961930645621234817e+02
7.581714139336757796e+01
2.017816470902940296e+02
1.262571710716869866e+01
1.990221414213086746e+02
2.043591228489752893e+02
1.955854330903765685e+02
1.878597199548297283e+02
7.454328683211745954e+01
3.618569716714247875e+01
7.601744167152307341e+01
2.207170397916400191e+02
3.002734239103392611e+02
2.080702295343357946e+02
6.011432476891810239e+01
1.824435821587491660e+02
1.002057628569239540e+02
3.071946159190696903e+02
1.798122668630650480e+02
1.844946496493345194e+02
2.342786325258680336e+02
2.153446017629392486e+02
1.173810915974963365e+02
1.973284782741081926e+02
1.193389761020544881e+02
5.542763523142605919e+01
1.980126576849619369e+02
2.326761131320865417e+01
2.058725291330767107e+02
3.041658853527949304e+02
6.804588641235216073e+01
2.986516965718591905e+02
1.979459445071636594e+02
1.258995149464222578e+02
1.708938136417833391e+02
1.391556752911698425e+01
3.100319598566069317e+02
1.195991180611184319e+02
1.641450131048211460e+02
2.543833379748036236e+02
1.630053854474656987e+02
8.811946923897752981e+01
8.317502877393418714e+01
3.078413982035746130e+02
3.035792270156582617e+02
7.322665853850362794e+01
3.904299778944300670e+01
4.561087517623396081e+01
4.223672110484050535e+01
7.852826091230834038e+01
2.059551959538406720e+02
2.886019077117856000e+02
7.765731789470754620e+01
1.923755487112594551e+02
1.590093401098206414e+02
7.123790082441082916e+01
2.028793891961914824e+02
7.590223829569688974e+01
1.082506837179503520e+02
1.918257126649076838e+02
1.441151685782988068e+02
1.172505116804119183e+02
4.470086850601667550e+01
2.974028713405634221e+02
1.560922818221739305e+02
2.491229491014370865e+02
7.002382572712606645e+01
3.447580026689584543e+02
2.090524888038889344e+02
1.143988400656213855e+02
2.438841256054477071e+02
1.226736852044976160e+02
4.609030863719776505e+01
7.816441473025830078e+01
3.211950005052064512e+02
3.112174752026875808e+02
2.168333901608796168e+02
7.195228860562700390e+01
2.730821655649876902e+02
1.255771341050546255e+02
1.573423184712296177e+02
1.207939931317611837e+02
3.672631494424426819e+02
1.808993570842043823e+02
7.063581127556001604e+01
7.558410741810024547e+01
6.885433866447172591e+01
1.948516453875638774e+02
3.257692416881332065e+02
2.930715561553126847e+01
7.373554000681329512e+01
1.370693608649367832e+02
1.330196008029380721e+02
7.943467576738569846e+01
7.006115380735184317e+01
4.384887505677398423e+01
7.439487372481737282e+01
1.970161781006140700e+02
1.029167531929099368e+02
8.852602178780443865e+01
7.334613233049225300e+01
4.296217632764054173e+01
1.184928969396568164e+02
2.853481095834793564e+02
3.160132368968637451e+01
2.205039236274896837e+02
7.429193087339409374e+01
8.175151690667495075e+01
1.931146868941206947e+02
2.028990726836757688e+02
1.583371392585169133e+02
2.058383748910222266e+02
1.939066434351289274e+02
7.061722906871216310e+01
7.573086032131043055e+01
9.939095380335827201e+01
2.958156098332445367e+02
2.044738681917968961e+02
1.515760014957090505e+02
7.042085884495359949e+01
2.181283451454654880e+02
1.286658344148303570e+02
4.623683604998771557e+01
7.894714203349370507e+01
6.230323717634385616e+01
3.221026470438421541e+01
1.453654838309176398e+02
2.113885255727611536e+02
4.389138868521431647e+01
1.404692712826944501e+02
4.238781819161958708e+01
4.462139283017954483e+01
7.450667935350047344e+01
1.418637040312167130e+02
1.562367211666233970e+02
3.065176872968137900e+02
3.107228184432989906e+02
6.497716554448126658e+01
1.286961324565954783e+02
2.625058951325298153e+02
2.379318091879643191e+02
4.547637228296631662e+01
1.819652001878273495e+02
9.934048632442926419e+01
1.682951345861565642e+02
2.716428688085666110e+01
2.817751264052392344e+02
3.370784477397108958e+02
7.416112836947188214e+01
7.310520676720655331e+01
7.642021102256747156e+01
5.749719480178234221e+01
1.949140555499495804e+02
1.216319545798214961e+02
7.775279933910232444e+01
8.102704288413657707e+01
2.134381660730571753e+02
1.898124459759082470e+02
6.907670374895320720e+01
4.715310095915007338e+01
1.171816618284588287e+02
1.263870486170627032e+02
1.097126181710024468e+02
1.203941326060427031e+02
1.231991710175003618e+02
2.634966395986467660e+02
2.842145575376484885e+02
7.974520550983443457e+01
