4.483590430656310843e+01
8.144643715550999730e+01
9.202137788250357175e+01
2.009249605125922074e+02
2.880741746545608635e+02
4.351052956890562484e+01
4.562892111582691967e+01
1.727255579870362965e+02
4.500773048637234552e+01
3.172569915766603117e+02
1.932927022502000796e+02
7.790798708628568647e+01
7.997926387644906754e+01
2.016465296953286952e+02
2.055517858624227472e+02
5.960526759445247791e+01
1.477612149274638114e+02
3.004602798823497096e+02
9.078872571875017172e+01
7.589288646657470849e+01
1.811081255453625829e+02
2.070637406272472845e+02
2.836597258242061912e+02
1.274306636891786013e+02
8.021016461432141398e+01
1.079151540978613326e+02
1.222161636026098108e+02
7.120688548919140715e+01
1.200883345752956899e+02
8.429498786008058175e+01
2.916609615389414785e+02
1.990786434818817270e+02
2.019726471568205852e+02
4.766452295691626517e+01
2.779523612181898216e+02
7.850440579203802827e+01
1.991165727282486557e+02
2.042676250941549938e+02
2.928689938973242306e+02
1.995304849349528808e+02
3.440587627371255763e+01
1.246851270805094032e+02
7.504191896562592490e+01
1.988675430847017651e+02
2.785451205325806612e+01
2.245898769753191857e+02
1.816743413168541394e+02
2.045142121361008947e+02
4.334039085406094927e+01
1.950384302660086746e+02
2.434802847627966216e+01
1.203654338315247969e+02
8.764632894555492726e+01
3.162447150852972868e+02
7.094528115530701484e+01
2.825392523738984210e+02
1.256283675428482525e+02
1.193414042685659808e+02
1.279981452967043651e+02
1.677297760915062668e+02
2.837300391711897873e+01
7.094916325565728243e+01
2.118898713328902659e+02
7.392836174519480608e+01
2.238724450753164419e+01
1.266279403235978123e+02
1.219158971542098584e+02
8.057763800722929659e+01
4.792564321158910445e+01
7.509166182078082841e+01
2.836899169023054696e+02
3.284008793628006515e+02
1.324150517228279114e+02
1.785330110223950726e+02
1.188043834246686146e+02
4.779346384012046656e+01
1.968529367653093516e+02
1.280669424849440645e+02
4.490683087184965672e+01
2.789033329872549416e+02
2.104480890394801804e+02
2.030851216791828620e+02
4.509863532809074371e+01
2.061263295904003030e+02
1.193343542355492986e+02
9.568939175243441753e+01
1.441152604869372453e+02
3.271265391054485576e+02
2.753344500756063553e+02
5.807323658625034568e+01
2.099045587056023692e+02
5.914548383387137420e+01
1.947521090302917912e+02
3.232180274872623613e+02
5.992791845348200042e+01
2.185741725832603493e+02
1.181524273571484684e+02
4.617546044314308773e+01
2.002673531837210135e+02
8.220159356787260663e+01
9.959938393637872878e+01
2.021119102733860871e+02
7.628792555814344212e+01
1.197144666680592735e+02
6.997743665418528280e+01
2.134366360789158534e+02
5.797814475188719285e+01
8.534026909803111494e+01
1.159198794859719754e+02
7.234972574793621902e+01
1.066238367634381348e+02
1.708733053490854843e+02
1.880645686690892830e+02
2.013987601120858812e+02
4.274705761300750595e+01
1.454779375108461466e+02
2.584184274380870079e+02
2.912459862320348520e+02
3.134431735340322689e+02
2.245231982844707090e+02
7.433143203269261790e+01
7.287139774859593899e+01
2.243712275373609089e+02
3.111863387481112113e+02
7.371600824040876887e+01
2.030856985515085569e+02
7.223290064329042082e+01
3.170504564656887396e+02
1.677962927681369933e+02
7.248732305873940618e+01
4.510633916534042953e+01
1.949314419782454308e+02
1.901613266709390757e+02
1.436606437827267939e+02
7.217117502594277312e+01
8.653607733257796042e+01
1.223448832740187697e+02
2.033579899661229362e+01
2.822056123616797549e+02
2.496937352889311228e+02
2.145155120485046609e+02
2.065197178140989536e+02
3.290772520409965409e+02
2.173051108502088766e+02
4.563935188045343949e+01
8.360567317833029222e+01
1.289203470130705966e+02
1.929595277660457953e+02
1.983580174407206300e+02
8.657653503531626882e+01
2.769355079356465694e+02
6.708483889864818650e+01
5.079822768468279293e+01
7.774621449282791730e+01
3.100746961376091804e+02
7.616244907773358364e+01
4.366453880932768072e+01
2.889873462378828322e+02
2.077112966736662543e+02
2.919481033027027479e+02
1.665096707342382558e+02
2.857291925722385031e+02
2.163689342157960596e+02
1.014731360410495569e+02
2.029352010497568131e+02
4.493450844953189716e+01
7.790304773164000096e+01
7.771466220389460489e+01
7.393359035712828131e+01
3.232940805146176189e+01
6.859009414315295317e+01
2.068828273941607279e+02
4.225192529704901290e+01
7.849115578460813936e+01
3.003055089500987833e+02
3.367171401697389399e+01
2.100041876593789141e+02
1.417669558711390039e+02
4.430368943031764672e+01
7.318109074575603756e+01
8.728619942829867284e+01
7.562431709342710917e+01
1.883639134500280363e+02
2.797566636168152172e+02
7.016079426986830470e+01
2.678715809604029801e+02
7.548251288131801573e+01
1.938106649405622193e+02
2.080973951022527046e+02
3.077782570579146295e+02
1.910441172792368150e+02
1.511807348716557442e+02
2.010147362435334628e+02
1.906194950871761762e+02
4.592274023985430631e+01
2.934714760040464512e+02
7.051706210897357607e+01
6.975709503631986763e+01
3.139296954145229890e+01
4.437365213363625571e+01
1.161892053924777457e+02
1.206371671486753172e+02
1.953159797309804162e+02
1.117678063328232980e+02
2.741111959707611945e+01
1.970475474269032077e+02
3.064912576898448719e+02
2.989764185158120995e+02
3.030776193662197784e+02
1.608945333598379364e+02
4.731072253459240784e+01
4.637936271558587720e+01
1.322949160199090954e+02
7.667212608111167071e+01
7.674717434881756617e+01
7.691440334031034354e+01
7.609126392972127917e+01
8.862659195530275724e+01
6.912465834217377392e+01
6.315786717034815467e+01
4.311402747424148174e+01
7.202596516202316934e+01
7.792219849385453756e+01
4.865863037482835551e+01
3.859172164070982944e+02
2.026514067822618586e+02
2.046371302985658360e+02
7.740668020350804568e+01
2.437951047202205643e+02
3.292258612792462600e+02
1.515138527786213558e+02
2.935350674345933157e+02
5.443987453819099187e+01
2.413252826912383853e+02
9.382646657032115911e+01
2.080991669808707627e+02
1.202068293146534330e+02
4.453916387637204366e+01
2.040740927404043532e+02
2.600333281264096286e+02
2.081046868976242195e+02
1.197016807868992174e+02
1.098503948200388720e+02
3.827596772098851261e+02
8.630746741606446903e+01
5.085300620605647026e+01
1.253654268659733759e+02
7.655513940606296330e+01
1.152345919286622689e+02
1.627974596620905459e+02
2.056379901296973003e+02
5.866121984496237474e+01
2.027653427031061995e+02
2.050473260668253204e+02
3.114331009200531071e+02
7.655763669909973146e+01
3.143094285062371682e+02
3.784098857374267482e+02
2.172940079402955007e+02
2.096823306444441926e+02
1.281392786746053787e+02
2.089944007353078348e+02
7.621893284718088069e+01
1.182545435989066647e+02
2.903791434685052764e+02
2.779733596043959665e+02
2.056488274661878108e+02
2.969213476930214668e+01
2.944113151599798357e+02
9.013479524797703846e+01
3.157212172544810755e+02
3.101716229807952345e+02
1.204437139556727345e+02
1.872396358182039648e+02
1.215272187880157873e+02
4.290217887894635140e+01
4.968178220469076933e+01
2.998423107785599768e+02
1.323776061309066563e+02
7.600103299146491054e+01
4.550599520080617566e+01
3.948652323546729122e+02
3.129953647383608768e+02
8.729375023886986185e+01
4.198204392585087419e+01
2.352585794361767171e+02
7.492616637718377604e+01
5.921824272873546846e+01
2.890314751879006394e+02
1.114901091544691383e+02
7.861967117605833266e+01
1.971838403050290083e+02
1.638382519355903639e+02
2.103685482090945698e+02
7.459051912723693079e+01
7.433459291174918349e+01
1.782251773246488540e+02
1.773765499992786090e+02
1.916263066111775402e+02
1.355037660495272860e+02
1.772240254699685522e+02
1.151722487065809020e+02
1.222625631658709864e+02
4.564945102252432463e+01
1.220277442562799024e+02
7.403645376312223902e+01
1.284650693700307897e+02
2.057932586447292067e+02
1.544568429546712593e+02
1.184408414385121660e+02
1.950024239892488822e+02
4.375304496220328332e+01
3.414813218023302710e+01
2.367163193366361327e+02
1.950102359794688596e+02
2.594601115292119857e+02
8.424100159538434696e+01
1.638409747379033945e+02
9.188252547597774367e+01
2.012437599901739418e+02
1.910718847258154369e+02
3.002575996837310299e+02
1.971024194956658846e+02
4.368855725053391836e+01
5.345151082195850023e+01
9.105658036679800205e+01
3.200426344846499092e+02
1.468753257634870124e+02
2.952525918972194745e+02
3.289196785034912551e+01
1.445237669323679768e+02
7.461929952828161561e+01
9.995946322450100752e+01
1.161673850911810177e+02
2.119425200778607916e+02
1.082074467074334478e+01
9.382269771410125969e+00
5.553473532823781511e+01
1.783402624081628289e+02
2.730370658417662639e+02
9.755471830933153399e+01
2.851944340548454306e+02
1.928109580162194447e+02
1.515965410200573444e+02
7.182830495528544645e+01
1.879970835309107429e+02
1.145356317690680328e+02
3.320149712986993791e+02
1.992778369219192882e+02
1.894453826353455383e+02
2.068605866402474902e+01
2.093077166581020947e+02
7.805005629543775569e+01
1.136579779595702320e+02
1.611219081308397278e+02
2.136780246116539956e+02
4.764867844923573159e+01
5.230990337180415395e+01
4.294373510846506292e+01
2.069456709777467722e+02
4.584036478892772237e+01
1.885098935324897695e+02
1.203143362586947234e+02
4.335388268652395993e+01
7.962512593460409960e+01
1.947283594462358280e+02
4.848850868132885239e+01
6.419939111280611144e+01
1.219841081663760889e+02
2.788294479996298492e+02
6.935868995931495817e+01
2.003282266817967923e+02
9.043732208145412699e+01
2.140171992348429910e+02
2.372118722842918714e+02
1.064033402557577972e+02
2.105387279316634306e+02
2.107955704618040613e+02
4.445415019811017032e+01
3.129399529032867235e+02
7.486022838492178266e+01
7.754217205123094914e+01
2.047800465012828397e+02
2.176439338468420601e+02
7.650251044745725437e+01
2.685699411924092601e+02
2.027200092648229486e+02
1.941076151248750250e+02
1.701237828168127351e+02
2.147456612421520816e+01
1.142816900492225187e+02
1.544519451400601042e+02
1.373565954011361896e+02
2.016479181904299480e+02
2.047072888723003530e+02
7.339357345103377384e+01
7.320440594168741200e+01
3.038412306827838734e+02
7.037835138762302734e+01
4.658272773940630884e+01
2.447455774541935511e+02
4.343313928955767977e+01
3.489491677088408750e+01
1.240132479215243677e+02
3.153362397551047991e+01
1.986451631239391133e+02
1.420872246028713164e+02
1.747108956781918323e+02
1.129661565756184274e+02
7.329404682107335134e+01
2.347896757409416182e+02
3.026569720420458225e+02
7.163581839051892075e+01
2.855260873315624508e+02
1.948477687014650144e+02
1.331066234698528206e+02
1.317509836586973222e+02
2.902025402966861520e+02
1.260945470920891722e+02
1.192829906986507353e+02
2.255897510130436672e+02
1.230091456511846673e+02
2.946958416415878332e+02
4.492466359386144603e+01
4.749792637472769741e+01
3.127759038465720778e+02
1.917876416728557842e+02
7.916612144857629119e+01
6.005293291453783411e+01
9.821929167440704589e+01
1.864583029543546786e+02
3.071396276637040046e+02
1.121154295904127025e+02
3.371727932278403159e+02
7.181978606556158695e+01
5.936271960769116873e+01
2.041995198169038304e+02
2.568540332249909852e+02
3.097844507736979835e+02
1.892002599148681554e+02
6.819732884103670756e+01
2.213487632615910741e+02
1.087461183833175227e+02
2.390371913931481345e+02
2.594977815791858688e+02
1.924478451465567446e+02
8.153525945712704015e+01
2.100187087340386825e+02
3.351881426971159073e+01
5.734909611582891387e+01
6.939850469754760809e+01
1.973253331733218943e+02
9.622520207114172308e+01
2.054859513768537909e+02
1.113497453808222133e+02
4.663275167700342649e+01
1.629473084116145003e+02
7.079994677094610722e+01
2.220143765005691989e+02
1.964439419270360361e+02
6.964713738031855428e+01
7.776280656318503759e+01
2.236621636274703206e+01
1.308102954806727212e+02
2.035073738557753131e+02
1.238458352774788906e+01
7.086189762561151895e+01
7.549452607263266657e+01
3.059766220353060930e+02
9.684581779537542445e+01
1.881260224107382157e+02
1.228223620698952061e+02
2.057907592510716199e+02
1.955878901488233339e+02
7.748618552321170228e+01
6.906687499724303336e+01
1.550607705594308356e+02
1.307500637903653171e+02
7.675544936268622109e+01
2.981235256171834749e+02
2.422488621935661968e+01
2.859423713661629449e+02
1.201544438588400254e+02
1.977017693569425205e+01
2.459132627304698815e+02
2.314510969935053879e+02
2.105973328280602459e+02
1.826783564727383293e+02
1.849440696346471782e+02
2.892894920060689401e+02
1.187938041512977065e+02
4.247258454708648401e+01
1.240706182419642687e+02
3.961292443071451999e+02
4.956682225436182421e+01
4.068349344827750258e+01
8.235952871139534182e+01
6.281339883607813590e+01
2.083189500474624367e+02
7.519236919944474096e+01
1.570656696845388112e+01
1.536635563841786052e+02
3.252451014276133634e+01
1.757907814259643544e+02
8.173887984650944816e+01
5.009061462470551618e+01
2.197200867972908327e+02
5.941501948350163786e+01
1.251793099436822416e+02
7.711842142837711833e+01
9.246293119946622951e+00
1.928919709463558263e+02
7.705366253642439744e+01
6.205098935929545689e+01
2.084693077260174903e+02
7.469620532321556539e+01
1.000525942427374986e+02
1.342032121646627445e+02
1.865693944946783347e+02
1.820868672784399109e+02
2.784639292295464585e+01
4.470617634289629194e+01
1.791397824638025895e+02
1.879889695742951403e+02
1.765192313551684720e+02
3.917066770835874081e+02
2.205567222668118177e+02
8.320776930307530961e+01
2.209936225897469342e+02
2.771137100763164085e+02
3.135770314676379371e+02
1.355281666902434949e+02
2.969687173730818586e+02
7.613870361220317307e+01
1.213492331772951331e+02
1.221873850714781327e+02
1.665736526728315425e+02
1.934701765608379276e+02
3.141874644811798021e+02
3.150394653467594708e+02
1.185984525392109532e+02
1.998865760688887576e+02
1.689248232767736795e+02
1.811924345267207173e+02
4.321816793803506584e+01
4.571774812463958426e+01
4.569463151296567816e+01
2.862642184956663982e+02
3.055169766968608656e+02
7.564280169393261133e+01
5.538691449748310447e+01
3.122394431041760186e+02
2.908382381172776832e+02
7.175908278171368693e+01
2.646958199461266190e+02
6.531472919650354925e+01
8.100802631283218602e+01
1.202091594661266356e+02
1.035061157246892662e+02
1.190605830592502912e+02
1.971295062413542212e+02
3.178568374810380419e+02
1.332876359909652990e+02
7.669530347670588810e+01
1.538414565117352595e+02
1.845477835926631940e+02
7.936462919639349423e+01
4.917955966999719664e+01
4.524361050873942247e+01
1.139609800939091002e+02
1.903902290026812594e+01
4.381370174635114978e+01
3.031433135703152857e+02
1.921277259205270695e+02
1.183318115463811324e+02
2.084216712027125311e+02
3.010194171507445162e+02
1.121668201397403948e+02
7.435740820093340631e+01
9.639771195405499782e+01
8.008214782747566574e+01
3.137951049300520481e+02
1.010165279767577715e+02
7.359679519431286110e+01
3.024073380306055014e+02
7.284965417865201687e+01
1.908651946509417030e+02
5.265427400443346073e+01
1.528254873778448086e+02
9.360638118436366995e+01
3.064653644565328250e+02
4.395452302065810812e+01
8.348214264962530251e+01
1.798237032792805508e+02
7.554109267594098753e+01
1.761603469141055314e+02
1.167812906771406603e+02
2.073443055853068131e+02
1.108025302369479022e+02
1.490341896610262040e+02
1.944312425779431521e+02
2.105835557778333111e+02
7.745192402434850010e+01
1.807809020887866609e+02
9.150732826465825553e+01
4.464780070404629697e+01
2.017739430659800632e+02
1.082100887862514043e+02
2.315300015580591264e+02
3.050746398374538444e+02
4.224928400368690973e+01
2.107573733350284328e+02
2.954184209767287257e+02
1.126608905436382173e+02
3.667716726713450726e+02
1.598344528771344528e+02
4.106329249354347155e+01
7.126747188249888154e+01
1.965090606768226849e+02
7.200653256049373852e+01
2.035776937310004371e+02
1.048638160389494232e+02
4.562488837014885235e+01
7.393057950234121734e+01
2.682616027701477037e+02
2.376428133126616160e+02
9.607760496661394711e+01
3.110040461470745754e+02
1.973409113692839014e+02
1.856611220916042271e+02
2.037215893379693057e+02
1.987450156099777416e+02
1.547103872725130032e+02
3.660751544661704315e+02
2.170301730818128192e+02
1.614647336541239326e+02
1.992675805498741681e+02
7.691739248089425018e+01
1.200768801290922738e+02
1.919979039248426034e+02
1.796539647592167057e+02
1.083541447937476221e+02
3.233021163268419400e+02
2.964871706365705109e+02
1.468945589709010733e+02
1.453492041400717483e+02
3.181311559159365174e+02
2.938624246009210310e+02
3.426811387914400484e+02
1.175033296236434381e+02
1.506113274927139400e+02
2.712673811136239266e+01
2.771938032350933554e+02
1.899280790421824463e+02
7.668127967320383220e+01
6.013937359725410658e+01
7.831344605061255493e+01
7.588985588958523465e+01
7.325661966484906884e+01
5.981544023401814059e+01
4.038668326968463163e+01
2.008649453157753726e+02
4.184793884419404009e+01
1.447679280172094423e+02
2.008695385044392765e+02
1.419848167446261016e+02
8.539018201039839084e+01
3.040381349108757831e+02
1.995410479853367463e+02
1.170172388133102572e+02
2.998617258961456287e+02
1.994541813291107246e+02
2.776204469999171351e+02
1.094165997531150225e+02
8.659463854208701150e+01
8.684256682860662124e+01
2.298242491419284477e+02
2.843078935266917142e+02
3.344458698883418037e+02
2.055185648790383937e+02
3.997498605071579902e+01
2.788391876354386909e+02
6.789259190908251185e+01
2.786689548278482107e+02
7.445572069562592787e+01
5.417481085148946107e+01
2.833061743635075231e+02
7.495646981735778525e+01
7.645246452115421221e+01
2.860578819684475889e+02
1.018209944301302130e+02
2.001849891597761939e+02
6.214591664836757623e+00
2.082059289156146633e+02
1.711906457581679888e+02
1.833199201970231229e+02
7.242511535002030598e+01
1.957921974208768177e+02
1.212317065294931808e+02
1.437579421530341222e+02
1.996522231350315053e+02
7.829108198386146000e+01
1.039917665701890712e+02
1.138964724263711048e+02
2.593689017441924989e+02
1.472550839246430954e+01
4.416430677149059392e+01
2.780532603618132725e+02
2.026287423106986125e+02
4.685543356642368451e+01
2.154514248177424065e+02
2.969569457382353903e+02
5.625867068307403684e+01
1.863173405615252420e+02
3.033401767934435043e+02
8.192648501956307427e+01
4.485818053559852814e+01
1.173548603894951441e+02
3.298146406604100207e+02
9.160144010163985229e+01
2.751726225288993533e+02
8.606444286005134359e+01
2.927586198079272322e+02
3.877650295464791785e+00
8.153863846406378002e+01
2.102916753938903867e+02
3.416393500008857700e+02
4.949699372834110278e+01
2.084559742636875797e+02
2.810700868351868849e+02
7.303374998968449461e+01
3.153252239745436327e+02
2.440391058798254065e+01
7.422807132536163977e+01
1.101738016468351020e+02
3.077651093039418129e+02
2.086302142446598964e+02
2.887063307955355071e+02
2.122099967634615041e+02
2.192644960232184701e+02
7.105621628706418846e+01
1.516282178864473451e+02
8.960595561473401460e+01
2.077655833232551004e+02
1.180833460966747310e+02
7.792972543607572788e+01
1.464595098992959095e+02
2.004193574290837887e+02
2.058447549273035406e+02
7.656792578161308427e+01
1.663326022234496406e+02
4.566030922511740187e+01
4.568425688945697516e+01
1.493044926763640774e+02
8.343829520067853878e+01
4.460365122370854607e+01
7.505343018636953900e+01
2.276395167637209909e+02
1.948438090593374454e+02
7.230678863160650849e+01
8.219595673944515113e+01
1.770078452966599514e+02
1.098105103214139291e+02
1.487641573672791537e+02
1.184475151481234150e+02
2.071367709820285654e+02
7.840792832539179358e+01
2.967032363934056320e+02
4.191968082212607527e+01
1.852271349558028248e+02
1.334424393459496514e+02
3.155640570703416756e+02
8.788936105081958772e+01
3.204478081256676774e+02
2.319935023504994831e+02
2.395849445829048250e+02
1.219084833260838963e+02
2.853679251051910910e+02
4.200577705823791774e+01
2.026427047185631807e+02
1.925218944822035496e+02
2.099922617618436220e+02
7.740819597191381263e+01
4.441805996159509817e+01
1.150975113280214828e+02
7.358329219464262394e+01
4.179689706325909526e+01
1.341965573558909597e+01
2.873374114003302680e+02
7.433449416320266323e+01
2.954996176197612954e+02
4.059650563040860050e+01
1.008267399202683094e+02
1.290622786476126009e+02
4.764703862095833387e+01
5.006726576165971210e+01
8.196518761968698641e+01
3.020691516172356046e+02
1.996552689778844751e+02
9.038817801153165021e+01
1.106850030828955340e+02
1.217611196384978314e+02
2.494541369973681526e+02
7.643668539682586527e+01
2.959116652731813133e+02
1.165243021338968390e+02
1.479008826219611308e+02
3.070408004565990723e+02
2.047067886716156977e+02
1.895556213132904588e+02
4.595388005893457972e+01
1.266018946232336191e+02
1.535130327129778891e+02
5.939820587412711461e+00
3.043599646925852085e+02
4.523999382992992224e+01
3.046583788933323831e+02
1.006338619941102763e+02
2.815958060802599050e+01
2.081086139723861947e+02
1.833554797697123036e+02
2.836216311860554242e+02
1.836039862956416187e+02
2.844191486282209524e+01
4.605455626053206686e+01
7.451092506978893937e+01
7.310066828749995693e+01
4.444887716643583531e+01
1.910791031027621045e+02
1.502477629534347727e+02
7.822382827446701015e+01
2.011729776592017060e+02
1.153445680412847167e+02
8.545228637211033629e+01
2.740911890808564522e+02
7.689575012803217646e+01
7.001501370785649669e+01
4.441209999499780992e+01
3.028720556559890724e+02
7.379739108904675504e+01
2.915897195937720312e+02
7.755004247570681741e+01
7.287949258300592703e+01
2.196599265007894815e+02
7.821579306880948934e+01
1.049666533344129817e+02
3.169503675959356315e+02
7.855603389583878027e+01
8.760967237870535484e+01
3.021299770600806482e+02
4.214054852505839222e+01
3.233012343558154384e+02
2.339395409492903752e+02
3.931600375900499102e+02
5.348803429355150740e+01
5.292859437149920154e+01
4.760353069617444532e+01
9.092487033660090390e+01
4.803133784442108123e+01
3.059092982931235483e+01
1.015743049388111388e+02
1.711014454990769451e+01
1.541941269179064307e+02
1.391446036588247068e+02
2.132975818938765542e+02
4.260659287306663146e+01
2.072783212162337634e+02
7.269680214086898218e+01
2.152778130544270709e+02
8.808025779681138090e+01
2.327497993145558155e+02
2.095486949255320042e+02
4.624987420768610491e+01
1.940587053628732122e+02
2.482163864123430130e+01
8.360853976082999850e+01
1.477544614561692526e+02
1.976042991829455673e+02
2.437503104767124853e+02
8.442406278748029536e+01
7.434164109512347807e+01
7.581496399538173137e+01
2.642429868281730592e+02
2.278130193176030218e+02
8.269888708163551883e+01
1.837849307164205470e+02
1.933754486939502613e+02
4.612857057077322764e+01
6.648751610792454869e+01
3.027772944852280261e+02
3.510023850186770034e+01
2.962639470044840095e+02
7.473591297287735813e+01
4.111814441925093178e+01
7.532274214348102248e+01
8.770357462547752903e+01
7.776729377975628665e+01
3.107138090941073756e+02
4.475061083988850186e+01
1.198562337833410112e+02
1.221524844209815512e+02
4.094242553514793315e+01
1.140535095149364508e+02
1.086325064273188445e+02
1.980092896652921581e+02
2.029793648324918536e+02
1.791787468049479344e+02
3.082130359041728411e+02
1.123071322143348141e+02
5.735523481699306103e+01
2.143724567714105547e+02
7.894020339343666137e+01
3.136652887758903034e+02
1.952074970801254494e+02
2.001673703708373182e+02
2.218112358689565156e+02
1.964568696301978719e+02
1.206078424340598474e+02
7.268574422886301534e+01
1.781677948524921646e+02
2.515968975122575557e+02
1.223848620235662281e+02
1.279938808634818059e+02
1.875616405514461178e+02
1.118623173650728475e+01
1.381445068489817629e+02
1.244675927754271498e+02
2.950261865825593759e+02
1.132693180094723857e+02
2.099375841422061910e+02
7.873224271556112797e+01
1.479531459194648164e+02
7.317189560138029947e+01
4.583356633502544497e+01
2.450170410317127221e+02
7.472666375898850788e+01
1.244838054638538125e+02
2.196498906753990923e+02
7.544044292059675172e+01
7.401028311277175931e+01
1.125366688023334234e+02
7.957217745576060963e+01
7.291827088442771299e+01
1.992532478097860604e+01
3.522486235061594471e+02
3.028009339162093170e+02
1.828016074231577193e+02
4.484787579251162981e+01
1.587481548110188498e+02
1.727235008412561683e+02
1.994470623135010499e+02
7.357001765547276761e+01
1.246216537481738413e+02
6.037812592412780788e+01
7.166952048854471968e+01
1.685794364937785588e+02
4.685584035544485459e+01
1.420007308551500955e+02
1.962884374255179409e+02
7.784623248613134194e+01
2.150130560633235177e+02
7.241840328595476706e+01
2.553018308058386197e+02
4.714228442239929251e+01
2.879372371533961541e+02
2.387500204981958518e+02
4.651088774692814809e+01
7.590460667619122148e+01
1.935058703907418476e+02
1.459388810489708703e+02
8.273331293359140659e+01
1.454332148673269387e+02
2.035733020095432266e+02
8.820446938700743544e+01
1.105265790757852926e+02
1.954233310381679303e+02
1.206805565834765162e+02
7.329737671257458942e+01
7.113327425963372264e+01
1.993410724420319298e+02
2.137112110369779714e+02
1.190595000284385065e+02
1.749682692088496196e+02
2.798225245475725842e+02
7.306340041771203175e+01
4.301120935682536839e+01
2.695247629980598845e+02
7.645646540973899619e+01
2.019040191513764739e+02
1.145708990118567243e+02
1.014620056826060619e+02
1.356056992017665550e+02
1.247125475228867941e+02
1.964091866173036465e+02
2.051048024575465547e+02
7.330996551528124883e+01
2.016791852648784982e+02
2.002245286234918353e+02
7.339918894818653428e+01
9.876319279694786246e+01
1.973710171603328263e+02
1.921860436951643010e+02
8.764923116223134514e+01
1.843106590122418424e+02
1.208341921283605984e+02
1.086205258252205113e+02
7.295280381773174838e+01
2.096915616948202228e+02
1.409540223603902689e+02
7.802100796379875192e+01
2.961421421179950357e+02
1.681183142901713552e+02
2.036066727176928737e+02
1.196898508841376838e+02
2.019261620252213163e+02
1.546844801826979676e+02
5.382577839884380921e+01
1.235431448634230804e+02
7.522560883980742119e+01
7.079604278071865053e+01
7.141810213749141667e+01
5.904530588025222926e+01
8.379739771860000985e+01
1.072047073641020347e+02
2.986965009830167901e+02
1.594088857424389687e+02
6.910579797643308098e+01
2.054366723486381261e+02
1.832544387994573754e+02
1.021907666049812207e+02
2.471912283563181063e+02
2.000778889265920100e+02
4.276320831690144786e+01
2.181439343076763180e+02
7.674661427805050096e+01
4.434937965160239060e+01
1.160734397191942548e+02
7.517429448068995157e+01
4.467077096935525304e+01
9.095940679877806190e+01
4.543559428413763612e+01
7.505315473794316006e+01
2.446359944329295644e+01
2.008673295861819952e+02
4.573025782244349102e+01
4.779439507706944568e+01
7.139608745972589077e+01
1.889175310965545123e+02
2.050569587571414729e+02
1.872025856977136868e+02
1.759762559045458374e+02
1.961541499935663069e+02
3.710036274079668601e+02
7.450172638914608569e+01
7.494492359582243068e+01
9.417829955955032517e+01
2.842033933052497900e+02
4.821309853346228635e+01
2.738924323774954246e+02
3.017530227151074769e+02
6.997180720620228556e+01
1.260459480391646991e+02
3.980362771869442895e+02
1.207662322134787303e+02
3.362732912199816724e+02
3.151072347955525856e+02
1.224646818122069334e+02
7.428495005539426188e+01
2.966600330293039178e+02
2.258489979159045049e+02
2.813312326467661819e+02
2.074634328895174065e+02
3.767496604926178634e+02
1.990100885146128746e+02
7.159256214953747133e+01
1.351065466008347187e+02
4.674634338154561419e+01
3.101910714140776122e+02
7.389534909051025124e+01
7.315818868010669007e+01
1.206002945914465698e+02
2.120043142911918039e+02
7.185907708540345595e+01
1.338338059028652935e+02
3.798701375848547457e+01
2.765156201462964418e+02
5.525282159432274653e+01
1.987102666349782112e+02
5.479337778162231842e+01
1.507259692150973081e+02
1.918210896772396268e+02
2.844015077651333741e+02
1.094794104434592583e+02
1.305660568437007214e+02
1.943757312212772206e+02
1.998206560352014094e+02
9.367908197167804474e+01
7.434918416925246731e+01
4.739545405927584198e+01
2.158304751647659998e+02
3.064121486311926219e+02
1.617996653907468669e+02
1.031927595188307691e+02
2.588017273791019690e+01
1.110658934999306098e+02
1.389341142639402449e+02
1.735244088971348901e+02
8.724878013337902871e+01
7.530071951257281171e+01
4.709266070136254712e+01
7.366222950856430884e+01
9.253761634877966458e+01
1.324565789158204439e+02
7.172679889621609561e+01
1.226199503749453328e+02
1.099737788928929660e+02
6.941271254658197165e+01
1.873987583859061772e+02
1.717294036356215372e+02
1.229604155247210713e+02
2.802207756106431020e+02
1.245957225770561365e+02
2.580015677349228440e+02
4.567514320236543313e+01
1.272244671294300389e+02
1.160701507453667602e+02
4.614060721670757204e+01
2.066945789381400118e+02
6.155074845068783418e+01
1.347301936903922410e+02
3.161516013572415318e+02
7.422856727623231166e+01
4.797972954664575695e+01
1.207867278181634703e+02
3.011799006460811938e+02
1.404905313633495041e+02
2.765941207483169819e+02
1.236267082770675074e+02
3.095325789101952410e+02
1.190844714738488364e+02
1.961921429385346869e+02
4.425565319651134644e+01
1.902377701580272173e+02
9.737361218393714068e+01
1.515429155798252623e+02
5.433598464000304773e+01
5.181662769110902644e+01
1.573692524546851246e+02
1.136650494965402061e+02
1.306528456356860772e+02
1.123309248108975567e+02
2.009156689530396420e+02
1.987229050052144146e+02
3.052411849504844099e+02
1.103744231325435123e+02
1.519869756609069498e+02
1.654740018537848911e+01
1.392960754416389761e+02
4.319177564659729995e+01
3.328634403326407920e+01
4.367775973549122170e+01
6.807229130772935832e+01
2.636195393250572465e+02
4.810090949182139042e+01
1.197366068474346292e+02
8.994030572258867551e+01
6.234634824185510382e+01
5.003495211265370557e+01
2.242303521933585273e+02
1.607341327437322889e+02
1.642405206080366042e+02
2.016071523539702639e+02
3.305893401494678301e+02
8.060203360762618274e+01
1.277665046068621422e+02
4.727411077470706857e+01
8.374556452320751987e+01
1.221813780988899367e+02
3.961416109950789064e+02
2.208058288757977436e+02
4.569935048086632889e+01
1.383368788752488285e+02
7.094625270456285193e+01
1.999840510941152729e+02
2.043550351064195638e+02
1.869005405977186456e+02
4.838271711962386235e+01
9.118094073343831951e+01
7.695211659861010389e+01
2.067308912897972277e+02
1.995644200569011844e+02
1.763058526300493156e+02
2.865581986066143259e+02
2.041366481663825994e+02
1.996481831584771953e+02
5.515603005114952140e+01
7.551228308583692694e+01
1.109871350382260857e+02
2.028543987272290963e+02
8.294515796734759761e+01
3.182763816237208516e+02
7.279192281082649174e+01
2.134348248570076478e+01
3.048740625087369835e+02
1.228903488184732851e+02
1.202890723114220037e+02
2.539676355889342005e+02
2.339638604040996768e+02
1.204483429618765200e+02
7.161357699598534055e+01
8.408976704895511034e+01
9.197573219201886729e+01
7.411312538420440887e+01
8.665367877894841797e+01
3.170039290823410738e+02
1.147980124908993815e+02
2.385869315126577419e+02
3.195772173012804274e+02
1.214707376427311800e+02
2.943975538985167759e+02
1.986872860548428434e+02
2.283954737457984550e+02
9.250201592241297988e+01
8.366409281416534327e+01
7.185892808236464191e+01
1.257460017778818013e+02
3.116012520319270607e+02
8.723062407462667522e+01
3.230797007955841309e+02
8.523097885290829367e+01
3.588899176192151685e+01
2.567160553434062535e+02
1.069352604595490988e+02
7.423239639322594030e+01
7.242414883870092979e+01
7.538252763913096999e+01
4.792854999273514238e+01
4.626049362497409589e+01
2.191371422819536008e+02
4.132526351193393310e+01
1.205103929693137843e+02
3.020949170047250050e+02
4.038980074614570270e+01
1.464144396354901971e+02
7.557443845833039120e+01
1.886123448720302918e+02
2.920639940667069823e+02
2.926847205013841062e+02
1.970952401628138659e+02
7.516363598089262155e+01
7.416459326356498138e+01
1.301060402381512517e+02
3.109477270868714527e+02
1.361947511210578625e+02
1.949408505552515010e+02
1.895791006142958395e+02
1.115839524477997990e+01
7.042146579749099544e+01
4.437106794575954893e+01
1.288328060752830027e+02
4.137439846084532036e+01
1.617138590027657585e+02
7.922113385159492793e+01
8.145915003386043907e+01
1.308129775554960190e+02
8.176823204270178280e+01
2.740430985419507124e+02
1.514528055700577056e+02
7.589469461764814184e+01
1.890047044498606255e+01
8.281552179745209230e+01
1.925291250831743071e+02
3.355935810074339543e+02
1.750199687879200781e+02
2.239308051035090585e+01
1.832454920498473072e+01
7.321425542201163239e+01
2.947568713092480266e+02
7.384387718213892526e+01
7.482787142337078024e+01
2.031229824745255996e+02
2.265192977213972014e+01
2.419712821867095727e+02
7.707344339753262830e+01
2.959312256246852257e+02
5.524022293435375985e+01
2.006666120567298321e+02
1.974002265686214344e+02
8.075619165901653673e+01
1.309181243944088919e+02
2.108892616143283476e+02
1.037441378617669443e+02
3.069073367108143771e+02
6.821847018117796324e+01
1.992245150277116466e+02
7.825555678398596626e+01
4.632402200568511574e+01
7.474568913747687304e+01
1.546609845551954265e+02
6.363499643485597801e+01
6.205438490654790229e+01
7.783447139635856615e+01
8.304487877021389863e+01
7.323522934010533447e+01
2.026623821001523709e+02
1.091526764764353707e+01
1.363191165387661101e+02
2.176585970569349513e+02
7.068612171496391738e+01
2.012373759846909707e+02
3.085429222728486707e+02
9.790253943906532186e+01
2.104294767493075540e+02
1.765803667911337129e+02
2.684059342937471229e+02
2.639475000138323253e+02
2.869065616546705542e+02
1.609689189884230984e+02
1.293133772837291815e+02
3.011868350826943583e+02
1.908268712098272317e+02
1.673745525581905440e+02
2.167465476518003697e+02
9.747434929526968972e+01
9.664503229398987116e+01
2.166548173621614524e+02
1.908540552922768825e+02
2.060762009312101952e+02
7.799131368766339278e+01
9.442018544392725232e+01
3.039910231772703355e+02
7.600956650783076896e+01
7.780008537914810063e+01
2.010689079506430801e+02
2.163238104518364651e+02
7.922534858512928224e+01
4.200229337780184125e+01
7.359384029486606948e+01
4.484702662489998914e+01
6.324709362389822331e+01
1.720545866773555872e+02
7.611971301243241328e+01
9.171889617807117645e+01
2.153413927681702944e+02
2.867216488104809287e+02
1.571763397205830017e+02
7.482376106543739525e+01
4.677288197881134835e+01
4.709514517166388003e+01
1.992928566811983728e+02
7.427850685472670023e+01
1.943665355606605658e+02
7.523136260397843955e+01
1.965522432203639767e+02
2.133398524368075186e+02
6.937246900879952705e+01
1.132086603970217595e+02
5.595468588031994983e+01
1.343463829638679670e+02
7.340907070018185721e+01
2.028684613864607797e+02
2.927938005659194687e+02
1.904326246680315933e+02
4.826049661444289995e+01
2.067763504286891703e+02
1.272862767253657950e+02
1.295250638430140384e+02
3.037123349601820905e+02
7.459992707735833051e+01
1.103482800482531303e+02
1.951904456373909795e+02
3.581760245674847738e+02
2.539772956113809528e+02
7.716080592182206033e+01
4.401393174850100820e+01
9.372291081533178669e+01
3.607230109567543650e+02
2.907778632033591180e+02
2.043636910333393075e+02
7.257595242916472955e+01
2.495622110690040074e+02
3.361389880964665053e+02
2.110856068902348568e+02
7.733840247907161825e+01
2.121151040844267470e+02
1.272796643429385028e+02
7.662649021262448912e+01
5.059675311131760367e+01
3.603230014271233586e+02
1.932336995426926762e+02
2.960453366531209554e+02
1.223808647071520426e+02
2.093069124740434006e+02
7.361642750517685840e+01
1.848764232821770861e+02
2.003609967717359552e+02
4.418720863455300929e+01
9.311655032067272941e+01
1.901051242822701965e+02
7.806835247993552684e+01
8.079445684816431594e+01
7.630844469142058983e+01
2.110886432091809866e+02
2.783408066722861349e+02
7.610943003399962947e+01
2.564231918256180620e+02
1.975303554974882729e+02
1.840209323182257890e+02
2.030101641159403698e+02
1.268640646535453129e+02
4.259038981761638354e+01
2.157067455646106851e+02
2.825038355146344884e+02
7.295806077661116262e+01
2.731652118056202880e+02
2.510783017385841447e+02
1.480208608432629660e+02
2.036842622841827222e+02
2.087223735286229669e+02
4.550154583488895099e+01
6.626822139837096870e+01
2.532584600206084247e+02
3.015011623977811794e+01
4.807103521704088678e+01
1.854083114254462146e+02
2.051627648347584625e+02
1.208563208112950491e+02
1.948500837114111448e+02
2.964272410045128368e+02
1.363918624602135026e+02
1.974892329310874004e+02
3.793401154965087585e+02
1.603191861327981940e+02
4.244986723707788201e+01
9.095627028914437062e+01
7.470230034055475699e+01
2.001804558461644490e+02
6.245265597830645277e+01
2.152323659563129468e+02
4.120550323042516538e+01
4.487814812465107650e+01
1.489178628616630817e+02
7.754736611780694489e+01
3.288293534839448853e+02
1.012625302880452836e+02
7.689323235581187532e+01
1.824261418733040898e+02
3.136656667559392986e+02
4.551907268747068258e+01
6.115985772886818239e+01
3.664432606458535133e+02
2.983155020524483803e+02
8.426229359125252927e+01
1.992940056008054057e+02
2.063452741088370317e+02
1.865351627995146657e+02
1.413248235494554308e+02
7.958012420924933394e+01
4.616399158806529357e+01
9.719254431963932461e+01
4.676190515139783344e+01
3.654295859883757203e+01
7.493102619541089382e+01
3.317161351084318994e+02
1.814240411880548152e+02
2.012822118376946605e+02
9.722528846792557999e+01
1.212870194745854349e+02
7.654116623959430399e+01
1.785302954958151744e+01
1.184350835988102517e+02
7.486372729571135665e+01
1.534244817907301126e+02
2.240643231256515264e+02
1.958437969762049704e+02
5.820051942807785395e+01
5.498510989245906444e+01
1.216065770379386777e+02
1.803985204234647597e+02
7.745487831773583309e+01
8.819722711299151285e+01
4.448672496397732345e+01
3.160010840055680887e+02
3.085275550102410875e+02
1.231615035012218584e+02
1.235007893342773144e+02
7.593426275643115275e+01
4.173763510818257316e+01
1.146947176718427812e+02
3.102538599785103202e+02
7.370637308491137674e+01
1.224580291339529765e+02
1.330482373973599692e+02
2.284549974201255296e+01
2.622786074744011557e+02
7.365606785838643589e+01
6.973810328828838578e+01
1.581956980092241736e+02
1.451981458664934621e+02
1.078313427324681300e+02
3.019957330850405128e+02
2.822462580825234113e+02
1.864080056264429572e+02
3.402145867440669917e+02
7.757214266303837746e+01
2.520959868396706156e+02
7.372038187537847875e+01
1.167870297908236950e+02
7.717386754399583992e+01
4.305144292264537853e+01
1.207526420569776775e+02
1.873401888069104473e+02
3.085636618106401556e+02
6.195840394306208054e+01
1.588154470350382610e+02
2.850779351105486512e+02
1.454166800923296989e+02
7.494457799331233616e+01
1.231124633821876557e+02
1.291032967214490270e+02
1.191274743034008452e+02
7.454086787684229876e+01
1.266513620376053524e+02
2.004130634677534317e+02
2.024445961783980579e+02
3.448093979890192600e+02
4.711913079995106557e+01
3.538506108117081226e+02
2.116199396217354547e+02
2.959148472244152117e+02
1.935430255002456761e+02
3.020799961162181262e+02
3.960413602991683035e+01
3.246963620006703195e+02
4.381843313765644155e+01
1.951234626807575410e+02
4.778354338930426337e+01
7.398991326379059785e+01
2.506122270990669847e+02
3.134744607959058840e+02
1.333622134005175894e+02
2.030021434810527694e+02
7.636916802956437778e+01
4.486811303087980463e+01
1.292593503759891007e+02
2.305561866129040638e+01
9.234305406504418556e+01
6.307636469649495581e+01
9.473147154172926321e+01
4.416384382774817396e+01
1.675819199829988690e+02
1.241143607675441700e+02
9.461161124332963368e+01
1.153140528131409042e+02
2.587732024081431064e+02
2.079847451254462101e+02
4.962007778415993897e+01
1.980406015634380026e+02
1.103083541307992448e+02
9.590152156276094786e+01
2.037242032288646101e+02
7.775715888346960014e+01
1.185368258772880239e+02
3.358997102188628219e+02
3.183230543136148185e+02
2.133080805959673967e+02
7.485181415073270728e+01
4.301512746394966058e+01
7.035769431205369528e+01
3.202566425923841962e+02
4.426671568370598919e+01
9.983476237031629807e+01
1.362682764282754988e+02
1.740022760777399640e+02
1.028689864433764001e+02
1.132562016136901377e+02
1.463096341683548189e+02
4.033472597084338673e+01
4.505923979725095307e+01
3.152521202080684475e+02
7.789344032153599073e+01
2.307947633834818646e+02
2.491733324756552008e+02
1.058542719089105049e+02
2.066806140511183969e+02
1.387508491235323618e+02
2.081268115423955578e+02
2.868289198573936574e+02
8.112431710898106019e+01
1.647297575836888086e+02
1.999805587134520692e+02
5.079144568394720949e+01
4.228222551572758903e+01
1.987921293043950755e+02
1.231973572504860925e+02
2.138052362444461210e+02
5.469104045275430792e+01
1.528145560566228482e+02
2.266202449461584081e+02
2.331624087824798153e+02
1.204214108281384767e+02
7.449685395176885550e+01
7.512396830093041444e+01
1.235161731522122608e+02
7.935209373122022214e+01
6.920770278785990115e+01
1.148352465204453949e+02
1.132659007614314390e+02
1.812637539029043126e+02
1.172106088996156643e+02
7.415639506023904914e+01
7.708878269348024048e+01
2.479162298257692782e+02
9.628716832464516528e+01
5.145891951264525943e+01
1.205678627373511205e+02
1.747815466154036983e+02
4.435219713942699116e+01
6.257481073774664537e+01
1.385615871693109398e+02
6.679467842667312993e+01
8.147367650189904964e+01
1.043331148243363629e+02
2.181070380309443735e+01
1.071299513962681687e+02
1.094521426896433098e+02
1.598404139483958097e+01
2.067083647415713301e+02
1.017211808891160842e+02
7.864131093261688932e+01
7.227743504778131012e+01
7.695378387235226114e+01
2.011218731561515654e+02
7.181590057092682855e+01
7.410535029933741669e+01
1.076889871209719871e+02
8.597025091949628006e+01
4.700177169563494317e+01
2.557179854806710466e+02
5.615410899351266494e+01
1.678474876106448335e+02
5.264918197541682332e+01
3.297927726207295223e+02
1.703842740810515863e+02
5.671854479105378743e+01
1.921373554779924859e+02
2.993655130253798688e+02
3.219580797378928878e+02
4.442537410758338723e+01
2.405863899829965646e+02
7.535723237466397961e+01
1.814869546484005696e+02
2.191845758853594077e+02
1.138853361825413657e+02
1.753362850154650232e+02
7.530048724589170206e+01
2.072848871102194153e+02
4.435370022988762884e+01
3.001324728646429776e+02
2.046520746875272039e+02
1.154998904527635517e+02
2.786648574236496074e+02
2.108041341570138911e+02
3.677350583077375177e+02
1.563455198150028593e+02
7.230211960850618880e+01
1.249095854596954354e+02
2.520628248797020774e+02
1.194936919741461310e+02
7.743426223506138228e+01
1.582041021489181105e+02
4.008918704839432223e+01
1.462038761584836379e+02
2.104106603772373205e+02
1.550367202200674228e+02
1.855308007739810350e+01
2.256885556190036652e+02
2.107569059345051130e+02
9.708883310624624130e+01
8.652993756569058803e+01
1.233698615459079804e+02
2.025691331038365206e+02
2.557975539318334199e+02
1.669529163317992015e+02
2.063741073509453940e+02
7.613847009733551374e+01
2.869266377650405957e+02
7.529760783317045991e+01
5.196986740640464575e+01
1.601272129055620610e+02
1.887840957404221740e+02
2.068521577196139560e+02
3.199280208524845648e+02
1.884712366166171762e+02
1.250577809992459066e+02
1.938136350628807349e+02
3.109379002407550843e+02
1.415212653456303258e+02
4.722696740336501620e+01
3.072199837457508806e+02
1.175547644210943758e+02
4.267048786420009066e+01
1.863764204617044129e+02
2.099707266039658577e+02
3.011971292853560271e+02
4.801252823528366775e+01
2.145576469486432529e+02
7.760021769655742219e+01
2.475569258832403108e+01
1.141419758712935106e+02
4.327767298625290948e+01
2.947304064504851340e+02
4.670647286526104125e+01
1.711606492090242568e+02
3.081703474185682694e+02
2.158867685568267518e+02
2.520477025309705965e+01
2.165742052247198615e+02
2.110743560817208504e+02
1.248669724083155188e+02
3.030275156010746969e+02
5.782808095553456695e+01
3.334784054318107138e+01
1.000996791529641428e+01
2.026150411074713418e+02
2.413837144510082169e+02
7.002019117085052358e+01
6.618095586067617830e+01
4.076142712059829876e+01
2.896708034175624107e+02
2.276275188265442750e+01
4.386440169613973694e+01
4.306394329264412590e+01
1.867011750290848227e+01
2.525371836331128179e+02
2.017296735168864075e+02
1.512219570836551270e+02
4.677273917866165931e+01
6.431013240124782726e+01
1.862227437628317261e+02
3.162689033272091592e+02
7.498840546938328089e+01
7.298535437431607420e+01
2.275001098850163146e+02
3.017078377798109159e+02
1.148368997299265715e+02
3.399367690820322707e+01
7.022161292925895282e+01
3.258323973536318476e+02
5.868424623889700342e+01
1.942104705271072191e+02
2.006338776551167484e+02
1.888466013707076456e+02
5.584858752554515604e+01
2.015054066195616826e+02
1.085016593988825946e+02
1.820325149322175662e+02
7.544195757563720406e+01
2.037745080038444030e+02
4.999798430510063696e+01
1.281076155801017933e+02
4.445021676175588965e+01
2.597416256572913653e+02
2.034752974260051133e+02
1.175106293184805395e+02
7.469928398102030087e+01
1.266546758974113942e+02
3.056439372784884654e+02
1.385900876042550749e+02
2.085608394418107991e+02
3.880921352381822658e+02
1.452082936018727821e+02
1.004644235315955143e+02
9.917978921469189402e+01
2.019108416718457590e+02
1.961990881869687371e+02
7.068116453162062385e+01
4.422573068027629262e+01
2.847251917625760029e+02
7.083790101953141516e+01
2.105436561063947352e+02
2.012912204590153635e+02
3.044154533402247154e+01
1.274976086622600775e+02
1.528912935547849941e+02
4.532484801032477151e+01
2.194511009391074197e+02
2.281058750875975534e+02
4.371192009214871632e+01
1.209685284370302867e+02
1.050952914362295303e+02
2.904306242210618052e+02
9.595362455892355058e+01
7.077555612718548161e+01
3.130205724591086209e+02
3.144997894641851488e+01
2.194195657476297470e+02
7.712553508558569604e+01
1.182608267102887396e+02
1.784188890919492962e+02
1.196425413441692172e+02
6.427133253417861170e+01
1.605553191499137995e+02
7.474967775427181493e+01
2.013740005442800296e+01
2.073969324263854048e+02
4.211273128762930895e+01
7.626924847372934835e+01
1.953888944798806904e+02
1.214095081835149870e+01
2.691312116528379761e+02
4.415164486907305275e+01
1.181415641092894617e+02
1.943109336115722385e+02
1.549033281560969044e+02
3.051802918794472248e+02
7.192510414547625430e+01
1.183514205829293076e+02
2.759974524456235940e+02
6.570813694940605387e+01
7.556239298801207838e+01
3.082620663718054175e+02
2.011631109401019728e+02
8.960292170624995833e+01
1.256281454100570443e+02
4.486484417465558749e+01
2.527938355373187207e+01
1.997176837569976726e+02
2.827626340021676015e+02
6.671104020799914736e+01
1.225425570761197207e+02
2.077350260840433407e+02
2.951672884486593489e+02
8.867933140816012383e+01
1.216318086002943630e+02
1.063677933584174156e+02
6.400216540698487222e+01
7.738316894597397777e+01
1.969765689491575813e+02
2.116762872975326388e+02
2.998472058522850148e+02
2.013314499763367849e+02
3.154295203525128386e+02
1.255551316226156473e+02
8.044525035897640919e+01
8.477475949337564032e+01
1.795050197697984231e+02
7.664723930966027865e+01
2.333944606234751120e+02
2.003075887587006321e+02
2.183513005204378317e+02
1.545888377545162768e+02
5.732858498259383140e+01
7.416574365674011915e+01
2.016224665451524061e+02
4.639343428078065301e+01
2.023966459695180617e+02
2.333884227517666545e+02
7.142342974707409553e+01
1.260345788353591416e+02
1.678776150537449041e+02
7.465130783175951024e+01
8.306459449744930623e+01
9.001065009993098442e+01
3.168791685699885079e+02
2.089054320724585239e+02
5.694499580719058685e+01
1.424998448918407803e+02
1.510883082282740872e+02
1.499921574853281072e+02
4.436733002836624706e+01
7.106845582659296667e+01
2.306113854395992178e+02
1.646830516004313267e+02
3.159689250026086071e+01
1.924008651962107592e+02
4.420115841755051633e+01
4.624810604778914325e+01
8.373757959776496307e+01
2.088719536354313959e+02
4.607971649281192583e+01
3.007358225877522386e+02
6.701107842678565873e+01
1.995719119016908394e+02
3.046653353164099940e+02
1.012464759188232364e+02
5.047165486222868935e+01
1.535383463211425976e+02
1.753248577961377919e+02
1.973887108352688529e+02
7.454161028054446092e+01
7.454947073674070168e+01
2.029524933137102778e+02
6.840932850170676716e+01
1.250104026590973127e+01
6.666389741572304217e+01
2.036458215621703971e+02
3.352745498982557137e+02
4.668056011725984433e+01
2.270023287019585112e+01
7.120540430550047972e+01
1.403911762077997594e+02
1.309929382287759836e+02
2.364182054311303816e+01
1.646885540386641935e+02
2.947892867120726237e+02
2.858906638488508634e+02
2.184382146501610293e+02
2.732672219024598235e+02
1.404172402755312703e+02
2.728671356528894876e+02
2.297731044395894173e+02
9.168589561760056483e+01
2.142078851948824365e+02
7.698005971245270018e+01
4.467460209685240358e+01
7.915493591997810086e+01
2.161545565165633604e+02
2.762816796569974827e+02
5.234547681688231080e+01
2.113927973049914897e+02
1.577645606837943717e+02
7.372550649479298102e+01
1.169479143508790031e+02
4.590508710598558650e+01
2.517365862837225521e+01
2.920104534684481905e+02
7.204029241574373543e+01
1.913161022358371497e+02
2.925788881976396283e+02
7.329030827323376229e+01
6.685474237311882462e+01
1.099561074935917020e+02
6.171783078144314771e+01
8.839095388049190660e+01
7.532597234736863356e+01
7.246550942849236776e+01
1.811191291583172358e+02
1.676937151172935501e+02
7.116761112315867877e+01
2.293847405777885911e+02
5.502520448135051367e+01
2.067451771221873003e+02
3.131800727240901097e+02
8.053915663670680658e+01
1.154247011573443586e+02
2.087241709004447614e+02
2.126258020606772732e+02
2.051143911470631167e+02
3.397140317275317898e+02
1.238488806700752747e+02
4.772106804515551914e+01
2.103958839407204096e+02
9.142393602998474478e+01
1.149944961431282593e+02
3.116713049752499387e+02
4.338997774311220468e+01
7.666469019807315988e+01
7.914225116848402308e+01
2.090941223014947354e+02
7.167987480227404262e+01
7.021177264774262028e+01
2.845489180609977709e+01
1.887856640013517904e+02
7.984765532122651166e+01
4.559072578046738755e+01
3.051154275093626893e+02
4.704991851680126302e+01
2.472389757648339526e+02
2.245519696413892063e+02
2.056434569675449779e+02
7.775106843386508615e+01
2.004847726588762100e+02
1.818115720410174561e+02
1.907495886407698436e+02
1.983846572512785542e+02
1.933625785132616670e+02
2.990614752805906278e+02
2.073182368916202165e+02
2.413658622790529762e+01
6.830217985953071036e+01
2.016756984111194981e+02
1.961824835644238760e+02
1.650939466485447937e+01
2.003441756010609822e+02
1.869134252836012138e+02
1.062297313264267586e+02
3.925355518850614800e+01
2.040626162375849333e+02
3.157919402175747337e+02
2.050910828270978215e+01
1.803979197075510967e+02
1.016203522447677443e+02
2.886037619006615387e+02
1.217674710115031331e+02
3.745290093058346059e+01
1.694634257607519601e+02
1.987504936295268863e+02
1.213136019523004308e+02
4.291608722147942245e+01
