1.837265649665501144e+02
3.897782797153215597e+02
1.905747343423702205e+02
2.063162645399208941e+02
7.682482275350045597e+01
3.052322980984546348e+02
4.792977880572922089e+01
1.948551167405174738e+02
2.810677961301886967e+02
1.232923518790214530e+02
1.910033090274231142e+02
1.818924459073082005e+02
3.124568161123849563e+02
2.520513246142904791e+02
4.466309353176649211e+01
1.325328998825276301e+02
1.561141712292345858e+02
2.854049984631490702e+02
2.939639748202400256e+02
1.204216848572697955e+02
2.902551842585221493e+02
3.288893269488789883e+02
4.612429632123198076e+01
3.764767753631205238e+01
1.878012052711890760e+02
1.973177485963799995e+02
3.340891967009693531e+02
2.016998694371986289e+02
2.989430758344260539e+02
1.386556881965582022e+02
7.977594379025565274e+01
4.578267071242171227e+01
1.959140323556702867e+02
3.001966034666638734e+02
3.075893338054634114e+02
8.949429930605128902e+01
2.001025591476300178e+02
7.329126767836454803e+01
9.962228820804845952e+01
1.068960893147425253e+02
1.716508084388038355e+02
2.800148371559479301e+02
6.497405765493572005e+01
2.790331896490615122e+02
8.646547471429573761e+01
2.111288999772363582e+02
1.671432466930512533e+02
2.289632644572095046e+02
1.301531300936836999e+02
1.591004758811936028e+02
1.943999429769274343e+02
3.361151564807096292e+02
7.787014802532635827e+01
7.230263836850618020e+01
2.797585117794510552e+02
1.062225358604724761e+02
1.413090442852239619e+02
2.717108809200842643e+02
2.859949276645451164e+02
2.499785359797532465e+02
3.087687097486529453e+01
4.950690560001899598e+01
6.193732275082876271e+01
1.204645695491424533e+02
2.937354895893402613e+02
7.579888812869086223e+01
2.421116479935382131e+02
7.717415983715817163e+01
4.290640170587320057e+01
1.013789979062564584e+02
1.559306775591564929e+02
6.475465310502127636e+01
3.228027003077013433e+02
9.504168876822843970e+01
6.522164779213491670e+01
2.833648204667414916e+02
1.800039538624128568e+02
1.280140013191846151e+02
8.258178271721688191e+01
3.032460691630974381e+01
1.794497316680747190e+02
5.317751730499633567e+01
7.812121066328033692e+01
1.527735546045828983e+02
4.365110338118317657e+01
1.082987888884959204e+02
2.759803479824780084e+02
4.316977179841973822e+01
2.795589230335471029e+02
2.588709398802275814e+02
6.716160286069236918e+01
7.389553653146617762e+01
1.975613479203130396e+02
2.082251587388450673e+02
2.822676198352988308e+02
1.891787672531845601e+02
2.267833835937858282e+02
6.997368230529151845e+01
1.518793520379096549e+02
3.704679212223032891e+01
2.146390299630575953e+02
3.011702889692124927e+02
2.150410273894745501e+02
2.066251871663288000e+02
1.970985538138308470e+02
1.988468405530064729e+02
2.843147683941938340e+02
7.290118895819351508e+01
1.980502169562426786e+02
1.870053106453224245e+02
4.550143879080934539e+01
1.427871777610926252e+01
4.233551375464843858e+01
7.889180465604995618e+01
4.440950694270215848e+01
1.243502990573540501e+01
3.182175919715517125e+02
3.689839163956232255e+02
1.839951808661185737e+02
1.899761040134746111e+02
2.260669513225170988e+02
7.479271377698864853e+01
1.196044695363679011e+02
1.060355089709259317e+02
9.267793444903232114e+01
8.367467942297645322e+01
1.281080508929829591e+02
1.297698368339177932e+02
3.219341417705234107e+02
1.051876032875295124e+02
2.945206273938179606e+02
2.068889650508029376e+02
6.593611904326914441e+01
7.405973153148391930e+01
1.934856106582641360e+02
4.336804953973732779e+01
3.307256516337320136e+02
2.122863999457638329e+02
7.544674442913841972e+01
4.224338548509761182e+01
2.005065892167918093e+02
2.164913770099063299e+02
5.006702448633055269e+01
1.962144179562098714e+02
4.280409232556083765e+01
2.812071997419698164e+02
2.347335916985063307e+02
8.097788201155226773e+01
1.962606662302301288e+02
6.305073499861966724e+01
1.666541400571480835e+02
1.923792813033414291e+02
1.888918926982133826e+02
2.196069060790864285e+02
1.765000318703259268e+02
2.808515808191564815e+02
1.272627216069050746e+02
4.731191095903489696e+01
1.143409284078327062e+02
2.011761812980998059e+02
2.020589695530425445e+02
1.268020435206560137e+02
1.243868312619535885e+02
1.902198657838198699e+02
1.057225347490226142e+02
1.967183368535523584e+02
2.882949071577941140e+02
4.544344489877030924e+01
1.138432549833902812e+02
1.904439717271527286e+02
5.323544894501656444e+01
1.207436064720017725e+02
3.127643386105115155e+02
2.534061104894661653e+01
9.914148299263878528e+01
2.877916106022075269e+02
2.184104009549414513e+02
2.225632708823023336e+02
2.261577775418329850e+02
2.824124738901591627e+02
2.137892194410257787e+02
7.344074274984842532e+01
7.825910586418429205e+01
1.173193808795977873e+02
2.198055780225323872e+02
1.199483279049487265e+02
1.235887959596815762e+02
4.535429516140496276e+01
3.118714617628074848e+02
3.038984782412542813e+02
8.867275090781797076e+01
7.231336008999967646e+01
1.861912424853111929e+02
2.458878948192606018e+01
7.778762781968723061e+01
2.960016351388835574e+02
5.057386470844650717e+01
7.167732745065829647e+01
4.341145136384660219e+01
1.332357265150531020e+02
5.759054970420822883e+01
1.312555900079706532e+02
5.607525886938805826e+01
4.820971204004342781e+01
4.774491439230347822e+01
4.388288492853941136e+01
1.910881826259095817e+02
1.168994339825130737e+02
1.205083165346541278e+02
1.437962999519708660e+02
3.065590434037660827e+01
1.223860891682789287e+02
7.426194145053555928e+01
2.160802566848621780e+02
1.030813883622941773e+02
9.232109295378840841e+01
4.335844056371423960e+01
2.501756897372371498e+02
3.113179854016244121e+02
2.085333713956475492e+02
1.888213681742868744e+02
3.639675751272099546e+02
2.892923310237763417e+02
3.857589600826807441e+01
7.230016557776747277e+01
3.150345504032465556e+02
1.078184278058406278e+02
8.430708975253513415e+01
1.653989644510744768e+02
2.007829052833362198e+02
1.118193155502865750e+02
1.913804460844531263e+02
7.721321189233407267e+01
7.642058504572430877e+01
2.012043618849843938e+02
1.164911901500931037e+02
2.285475120183598108e+02
7.758111048431226209e+01
4.490061031559052651e+01
2.012707971459056466e+02
1.184024572325674427e+02
9.468656262365321652e+01
2.094518275142881123e+02
7.939655368075126773e+01
7.775254704671225170e+01
3.114359660755552000e+02
2.409322767096850555e+02
3.645024680572306863e+01
4.507099791565543256e+01
7.724836578889659222e+01
2.009254539604115450e+02
4.686939425584463947e+01
6.299067888057495423e+01
3.235582144155371225e+02
7.783696984123291429e+01
2.219496169140971915e+02
1.426087787525012800e+02
4.482838260140852071e+01
2.693511324706091870e+01
2.510898625956345853e+01
1.706010999392277938e+02
2.168294592959708496e+02
1.975003321191093733e+02
1.396297969021799759e+02
1.504354106438296697e+02
6.241177439676767591e+01
2.049444867838269602e+02
7.201331204541003217e+01
4.066218044909491169e+01
2.908473022931512446e+02
1.175590010890768298e+02
1.884627372904421065e+02
1.998562010090660692e+02
3.560544410154575985e+02
7.598427041223449407e+01
2.010960758396297763e+02
1.931008410271714411e+02
7.712952766715223163e+01
7.094004578860376853e+01
8.633875946005022683e+01
2.086948948365477179e+02
4.577690430529112575e+01
1.819300236596922957e+02
8.813791554024831498e+01
2.175160820052544182e+02
1.238676236575416283e+02
7.278617337066759774e+01
7.457155192833944568e+01
1.207611363805989555e+02
7.402174306464266351e+01
1.973859293398730301e+02
1.466301485560839239e+02
4.130462214298218271e+01
2.940520031384982644e+02
2.109288202906858771e+02
1.086513254089944098e+02
1.763928583772973013e+02
7.664651135406388960e+01
2.219189261849408297e+02
1.991399354602937990e+02
7.239869599610473472e+01
8.929491109569508467e+01
7.963922807468436815e+01
1.331722517355025559e+02
2.034553571033127639e+02
5.698881107906216670e+01
1.944593179132158411e+02
1.047511919427885658e+02
7.327275664667868682e+01
1.228176463162805732e+02
1.870635990476292250e+02
4.569191319229270221e+01
1.833917325996496004e+02
4.533389405555858787e+01
2.320598086713221164e+02
1.209178695366413052e+02
4.360858922934355064e+01
2.098522544931993252e+02
3.201021048837145031e+02
6.956790252061610147e+01
2.699142740759630783e+02
1.465505548070439374e+02
1.350090043428525064e+02
3.055813732674327525e+02
3.262642249061767643e+02
2.827608703693998677e+02
2.918810824917899822e+02
3.003926933156062091e+02
1.841951261115570162e+02
1.594063470488249550e+02
4.176923523498061996e+01
7.875162640878961895e+01
2.117669662102552763e+02
2.685082664334460674e+02
2.080876626980035837e+01
3.095714287023295128e+02
8.652485012219176497e+01
2.065056929677330686e+02
9.947947743390584208e+01
1.002971944380791314e+02
1.480739738757763178e+02
2.196707029214939553e+02
1.382700340370418246e+02
1.388312319782712052e+02
1.202013241224017293e+02
2.103802817342110245e+02
1.035275538424297253e+02
1.236452402799483394e+02
3.137098457278548835e+02
1.268305105445117391e+02
2.137284431224059063e+02
1.859829115981036978e+02
1.306517631649908822e+02
1.475361190263040498e+02
8.870335435378508748e+01
2.559690301999965527e+02
2.974988641734765906e+02
7.589759328481292755e+01
7.118497235028880255e+01
1.197459676929259729e+02
2.664556967707841864e+02
1.634617498020924700e+02
4.785137393589391053e+01
4.138590958245243456e+01
2.194273077511608108e+02
1.934805277681177813e+02
2.220418070051311759e+02
3.606194319318881014e+01
5.601779410075128141e+01
1.609925180556614634e+02
8.113605391977884551e+01
1.187375105321731041e+02
2.947363424257218298e+02
1.314584810678152280e+02
1.313326481815671798e+02
6.575597954671239620e+01
1.935950183137221359e+02
1.117569860067552696e+02
3.206978201209136046e+02
2.026184236838230674e+02
1.888931322381292688e+01
1.913328011482832380e+02
2.072203810618785269e+02
8.627945074787051283e+01
1.984485828486356525e+02
2.111928534410120335e+02
3.348702332246772926e+02
3.207528180260304111e+02
3.186908644194907652e+02
3.058194681800569583e+02
6.218388682828163638e+01
4.894523845986393695e+01
1.014791529230745510e+02
1.915355650017568792e+02
7.590719064773577429e+01
7.244325268261891893e+01
2.665573932027767228e+02
1.986065121519621073e+02
3.009892271851927035e+02
8.513314459211161989e+01
1.156031032531552967e+02
1.283583695456266582e+02
4.335674631756461395e+01
1.170416626667338420e+02
1.857322628182523374e+02
1.882877350842086059e+02
8.582797948386533449e+01
7.113613297180994266e+01
7.425728277708606129e+01
5.712218406071139754e+01
1.687152421791730603e+02
1.714476261601677720e+01
1.173543135636190868e+02
1.614924983393994466e+02
1.960634281303720172e+02
1.498285193736073779e+02
2.882395745475782292e+02
7.688354353310724321e+01
1.161328750504658984e+02
6.828845205428605425e+01
1.215919066687689281e+02
1.235138777248803450e+02
1.246586631454092924e+02
2.757806968092015723e+02
1.941663920847365148e+02
1.801590148407623246e+02
3.191576801650618904e+02
2.626976801295508039e+02
1.904981393252868713e+02
2.800467143111925452e+02
1.820929852875836161e+02
2.438332165643574285e+02
5.072332409601535375e+01
3.462760827357379299e+02
2.070723631810137988e+02
3.181163062706579012e+02
7.600201260971145700e+01
3.762633483220864861e+01
2.318318028107082966e+02
4.673743337798303088e+01
3.124081361309542899e+02
2.047508819554616650e+02
1.021762037645028869e+02
1.667060811532604703e+02
1.913739287483709006e+02
2.259071159030390561e+02
3.175272070392859405e+02
1.897900392701065186e+02
2.803188048975823676e+02
7.577698653924082350e+01
2.965110675775396771e+02
2.824244289302708921e+02
2.758396833638930161e+02
1.542441783422817139e+02
1.345021473018300355e+02
7.566143251819597992e+01
3.037766125660833723e+02
2.524178571190340392e+01
2.788365821203664723e+02
2.700832198755745139e+02
2.777703777399570413e+02
1.872185205802225028e+02
7.289081057962786758e+01
2.583955204748237406e+02
2.374182751427791516e+01
1.224485015119930011e+02
2.752888866337780769e+02
2.117867923706608337e+02
2.137331420100787795e+02
3.219556350546445742e+02
1.242917730341265781e+02
1.943839109721958494e+02
1.243916907353320482e+02
1.452818488301557309e+01
1.122762101575124944e+02
1.006651428309684064e+02
2.963372602022853926e+02
2.856718023492874181e+02
1.604080831932542992e+02
5.741018304449806209e+01
6.499390963153506107e+01
4.876676855468009109e+01
1.168031018125239910e+02
8.282903293330974748e+01
3.040874608354027373e+02
2.148543543994811102e+02
1.999467811675120572e+02
8.037740183844887554e+01
1.179109371565110678e+02
1.399457871344485227e+02
7.396143992527248656e+01
3.130192126787723623e+02
1.102811146222796452e+02
1.962748819420960444e+02
2.944042440766814934e+02
2.777701649505196428e+02
1.893953184747655598e+02
1.598961296873254057e+01
4.393507107607896955e+01
7.380359167945771048e+01
1.977603747279320601e+02
2.277625880466341357e+02
2.215918840564578431e+02
2.609000329011053054e+02
1.446130012372361193e+02
7.117615357523393982e+01
4.218954966117904348e+01
1.610716001700902495e+02
4.503575746731529961e+01
7.161669684078562170e+01
1.203299883582792660e+02
1.980587403901919288e+02
1.098739279143730556e+02
1.911186737849684505e+02
1.149698227877419328e+02
8.514292717737011174e+01
8.572496756351807790e+01
1.150361681549439936e+02
7.800963726237175422e+01
7.405196894648277350e+01
5.504257228322035189e+01
1.998654186108089164e+02
1.144101157830173889e+02
2.382700430915246059e+01
7.223520128970724841e+01
2.230557924068370923e+01
7.639759889087778788e+01
1.538732780429162688e+02
7.171049807781086827e+01
2.021321094500384845e+02
1.871273228067587411e+02
1.913037483969462187e+02
1.823415717540981404e+02
2.066758554206149086e+02
1.965338949088342417e+02
4.779453181748807111e+01
9.628177687839216503e+01
4.343459262925659914e+01
2.083556607375396368e+02
7.693444779615137463e+01
2.920281477764388569e+02
7.827980363300775934e+01
1.144250449099286726e+02
1.510806009290579368e+02
6.462918530133873674e+01
2.618757215050767400e+02
2.574858463109178075e+01
1.994573987330155660e+02
6.929358983032297203e+01
8.622326176811299092e+01
4.214291870916060390e+01
2.313098153296963062e+02
2.048622682943005202e+02
7.203625581810511846e+01
1.186631520726157873e+02
7.368394509063845987e+01
4.670239486725176192e+01
1.703982696940889241e+01
1.220480267226682116e+02
2.938383587523225060e+02
7.435674664955162427e+01
7.070753284788396797e+01
2.077050339490208444e+02
1.313084454095669571e+02
6.958193307478960321e+01
1.054392074334143672e+02
1.292317651611640485e+02
2.942944733890838620e+02
2.190484764407310649e+02
2.799579211612950189e+02
5.533654260564669158e+01
7.922723245219061994e+01
7.218702132982714659e+01
2.826598287220644465e+02
5.475988006319916934e+01
1.938420138356761697e+02
8.808825693322887673e+01
1.093371371191069841e+02
1.088939856233998711e+02
4.611957126168393017e+01
5.192458755462462960e+01
3.039972933160836419e+02
7.754653717226145204e+01
1.662759345967911315e+02
3.139066946044296174e+02
1.283040423148916886e+02
2.039853475203989319e+02
7.323587188634147083e+01
4.478933007486914875e+01
2.066956160057439433e+02
7.269044768840555548e+01
4.572400191432426197e+01
3.123763115494722342e+02
7.394988547056701123e+01
4.128713594513581597e+01
1.320100112348417838e+02
2.050596745261525484e+02
1.416976944806860104e+02
1.903457492481940392e+02
1.439542327593171365e+02
2.916741349117804134e+02
2.757099786034559656e+02
1.790345348586859586e+02
2.054875074505566204e+02
7.173654979941260024e+01
2.863691966866211942e+02
7.923435910316727870e+01
2.962665729893423645e+02
1.802537967988961611e+02
8.319368164366596829e+01
8.666983003514994266e+01
1.734221696978749208e+02
1.884757636741012732e+02
2.087240618218244776e+02
1.076013346208147397e+02
9.858022535621263671e+01
7.841999974091422132e+01
1.734172343322196923e+02
1.837980821083129683e+02
3.223256144535397993e+01
8.760043902367738156e+01
4.244073357860163753e+01
2.839711054051296060e+02
7.171709019160491039e+01
2.830439975003384916e+02
4.589394483632207766e+01
1.947692528605229825e+02
9.380365624132221569e+01
1.075615639104965737e+02
1.537647050882811151e+01
1.235145106224157701e+02
6.398543159017279436e+01
7.746152804701702621e+01
2.297450226892665910e+02
3.372667507729689760e+02
7.624676213643692790e+01
1.987446208482957672e+02
1.655087426330211997e+02
1.999141722341726961e+02
2.010407029064485016e+02
3.168074931285837010e+02
2.194664953276477490e+02
1.967934352844860939e+02
4.354247953355626066e+01
3.274881510180565556e+02
1.016326487976888160e+02
1.231223379133605533e+02
7.794943917320723870e+01
1.732734525751849617e+02
7.036336829548004346e+01
7.434916207654822529e+01
1.767687760463701352e+02
1.521345047420673211e+02
7.697562489508732142e+01
1.163136746573717062e+02
3.185203067581179539e+02
4.646496703925049587e+01
1.262801891616434062e+02
3.096073455679856465e+02
1.751064608991315197e+02
2.096157794471994293e+02
9.921923908175162410e+01
2.571703567546718432e+02
2.706817333933342979e+02
7.481660436780664725e+01
2.576114778872057514e+02
5.973647449535407361e+01
1.193424147740327754e+02
7.882063352029850023e+01
1.944339177048381089e+02
2.145997646662738134e+02
2.080590562697431665e+02
7.522892035405861577e+01
2.053010873968464978e+02
1.415040070692157030e+02
7.305271925132092292e+01
4.502513372087297938e+01
9.003233199100299089e+01
1.306609317521407547e+02
2.129154457483436715e+02
4.513618595646853038e+01
1.573697325409329721e+02
1.260215705737180372e+02
8.667012491666523033e+01
1.917507207255467847e+02
9.961858252606488406e+01
4.562116134173928117e+01
2.048146040828134176e+02
3.065198307435496190e+02
4.695683759654252043e+01
8.026711272373724171e+01
1.743068586608881674e+02
1.790319244470891533e+02
1.912314467886837122e+02
1.247015429025450999e+02
2.210469461556640738e+02
3.238281699031271614e+02
1.183555374941959002e+02
1.514622007308221328e+02
5.586554235600050333e+01
2.821702333183459359e+02
2.861603532438251918e+01
2.980178386214431043e+02
1.542534549572268361e+02
8.246269694891134350e+01
1.220019791898267130e+02
4.503481101568682021e+01
2.495317384997561874e+02
2.132318850875314098e+01
7.303916124248929975e+01
1.856644421328425665e+02
1.584694847769697787e+02
3.290207741646153750e+02
4.587882020638905090e+01
2.422759192466835430e+02
4.330427326176908309e+01
3.127343451621234180e+02
1.826696446150535849e+02
1.968501090506643436e+02
5.407080430249789771e+01
6.996855651838467338e+01
9.290758169366600328e+01
2.803470457863541014e+02
1.401801352200781423e+02
2.382127539412401518e+02
9.433711383862642208e+01
1.968583723077935019e+02
2.074093712451317515e+02
2.862883778929988239e+02
2.222538910423354253e+02
4.629254902488050050e+01
1.562854548092104778e+02
1.141918686536007357e+02
1.973876026336477025e+02
8.782251994308089138e+01
4.350633196760479393e+01
5.020675847259504110e+01
2.034545091528489706e+02
2.043124883430318732e+02
3.105751231421979242e+02
3.002498927070466834e+02
3.034971442253176406e+02
1.886388287628654155e+02
4.587090764635556184e+01
2.449821762609201130e+02
5.238188618228878823e+01
1.820709192863293708e+02
2.890338180567570134e+02
2.078108400026098650e+02
7.230575297234223342e+01
3.291772793966372319e+02
9.994297341026759796e+01
7.494050934361906968e+01
9.066174435321754288e+01
4.556681215087255055e+01
1.942475016300061839e+02
2.013203769135547816e+02
1.974555193400586859e+02
7.975840364762342460e+01
1.467546863295350761e+02
3.039696628862412240e+02
1.195356849357236939e+02
2.109745369617084236e+02
1.979382277103116792e+02
1.848205335764837116e+02
1.659749266807627066e+02
2.063803977966499588e+02
7.407057467846306054e+01
1.488993642911336792e+02
1.761890099282231574e+02
1.184322910983041197e+02
2.439932456500073954e+02
7.641411200525652703e+01
3.228867791996727874e+02
1.818723333947377228e+02
4.433969979099124714e+01
7.328439945262933009e+01
4.631094553760345889e+01
9.456982457363839245e+00
2.056254661967212485e+02
3.044433038157862939e+02
2.979848656043474193e+02
1.992427329762510908e+02
7.022509758849039940e+01
1.908716952411512580e+02
3.333904233742362777e+01
1.041750643635742080e+02
4.426011324073709829e+01
7.752979313517334958e+01
4.498028226539526031e+01
1.550856681667413568e+02
7.282442559007667171e+01
1.047663457650880190e+02
2.973333145593093150e+02
4.153875835629321500e+01
3.257813800433019935e+01
1.431746506999861026e+02
2.830171649033310359e+02
4.634206957294264129e+01
6.138880846245016443e+01
1.043541080519498223e+02
1.872990996768645289e+02
2.007622494670536355e+02
2.892712807970853532e+02
3.204775771422085313e+02
8.983739320494100866e+01
4.257740351292827796e+01
3.999387297847743525e+02
1.958635028694468190e+02
8.105293275177844237e+01
1.809856730291378923e+01
1.213563745156694154e+02
2.031166465979183613e+02
2.958400983331825955e+02
5.392599454077949872e+01
1.828964821483892820e+02
2.125382824210414583e+02
7.187331172973554771e+01
1.697247305798987895e+02
2.152848182232266936e+02
1.100196086664737294e+02
6.551231543414070302e+01
5.446960607204162841e+01
7.734061576079555778e+01
3.033720812048992457e+02
1.774557970442231465e+02
4.503913433542766853e+01
2.201184372392746127e+02
8.924378049381924427e+01
1.991814914411772293e+02
7.015690638848479921e+01
5.220426799540654628e+01
1.433536597109159345e+02
4.371966411904111993e+01
2.011111641699270081e+02
9.619863008382235137e+01
4.146392869631724665e+01
1.508096192948367502e+02
7.178491144860403494e+01
2.470448193290997096e+02
1.270002873169109705e+02
7.453216408720332709e+01
4.685021782062736406e+01
1.285793398020629752e+02
4.446696852583774273e+01
4.309358566827199866e+01
1.015185925442026758e+02
1.190750980233448644e+02
3.519867070784748364e+01
1.606753063940942070e+02
7.321465006724508839e+01
1.289263987802736153e+02
5.017316819649000337e+01
3.160375694400766520e+02
2.493302577303972782e+02
2.075514025035705004e+02
2.005032562225904371e+02
1.403809787660794655e+02
2.898382319250338242e+02
1.565346033265250867e+02
7.164221809521858120e+01
2.108300508700933165e+02
3.835405056953377567e+01
1.925522482730030731e+02
7.822948804404261125e+01
4.649495365223555154e+01
2.165787570681950456e+02
4.337603396368722031e+01
3.311941379631551285e+01
1.766703088866726148e+02
2.153601412125807713e+02
3.152309540080982515e+02
7.025537874901783653e+01
4.477498690158992645e+01
2.227450018421199616e+02
2.736182294096996088e+02
1.130955427065042187e+02
1.537272413951045991e+01
4.109379093085347989e+01
3.569256071316339103e+02
7.529032313594660764e+01
1.183337879769914451e+02
7.093888444339224009e+01
7.437670113825382145e+01
1.932524733865039934e+02
1.333000755051362205e+02
7.630075587274373561e+01
2.385135620432755843e+02
4.383964036267975928e+01
1.127814137491345576e+02
1.684803895894921482e+02
3.865804843836473736e+01
4.676553957885928270e+01
7.484225781792245868e+01
6.931761903506063049e+01
3.721218141805508139e+02
7.320977737775686478e+01
1.224856093281781995e+02
1.989270306677705094e+02
1.950289654444522967e+02
3.325802577463360308e+02
7.458155490258009479e+01
2.225738136027980545e+02
4.215528531511888843e+01
1.961095181990790195e+02
7.496142216240230027e+01
4.128419457727331121e+01
1.609039636529543316e+01
4.521329482681304057e+01
1.332178855876062755e+02
1.648585623586372719e+02
7.693678179694012442e+01
2.073336093941215381e+02
1.265872176651448200e+02
4.937425419899506096e+01
1.246939149992967089e+02
2.023306964738416980e+02
2.168233424547001675e+02
7.088891290549149460e+01
1.966432055957525620e+02
1.129010815199115854e+02
6.107410228859010459e+01
1.056317288143010416e+02
2.999641689549881676e+02
3.028467767195959937e+02
2.946186493677222415e+02
2.988000735689914222e+02
9.754526831077363624e+01
7.580331182580889049e+01
3.679314780049664932e+02
4.543468744890952848e+01
7.650700794309591402e+01
2.758939386088421202e+02
3.139534386369772392e+02
2.030527344844142306e+02
3.225945130053441972e+02
4.423983546974417180e+01
2.272185165992966347e+02
2.369924593776783865e+02
1.515588764152870169e+02
7.678550414729110685e+01
1.976468237448557659e+02
1.041107921698399110e+02
1.393950579523442173e+02
9.626167145463116981e+01
1.505634703380301858e+02
7.715604969611615616e+01
7.337603962428327975e+01
2.269235294153149027e+02
1.641220167079948737e+02
7.512803695663600934e+01
2.982759324947866730e+01
5.400999835726737075e+01
3.393037016145161715e+02
4.884050441751897864e+01
2.054693981748532394e+02
7.867467902220465703e+01
1.961313182145181031e+02
1.198513665511935784e+02
6.265884144687547774e+01
1.088318717400793361e+02
8.470535192325691298e+01
2.974799292853733732e+02
4.669548824063173242e+01
3.045701974431410690e+02
5.576863277946083741e+01
2.048486620403423615e+02
5.301912521725905947e+01
1.896037490033446602e+02
1.408741748725085472e+02
1.919077372796763541e+02
3.877162031418095012e+01
1.800148450343965862e+02
2.191502985401409376e+02
7.607962638797266663e+01
2.194337519230367093e+02
1.252525468421564625e+02
7.452357156763119406e+01
2.614570958932388294e+02
3.242273229279056181e+02
6.062290079169375190e+01
7.423200373352375436e+01
1.294092978362307065e+02
1.172117323388065273e+02
2.390301133352510874e+02
8.053109125404156998e+01
1.796002130549082096e+02
1.340269228068065388e+02
2.591575141465132504e+01
1.184849636346997528e+02
7.421002010243871894e+01
2.052701911589705048e+02
1.996343262574680750e+02
7.190803393889808603e+01
1.066860800501570452e+02
3.854372403939413516e+01
7.843755173472955278e+01
6.440237187338178160e+01
2.188637521336739553e+02
4.315737868702141355e+01
4.507353256123082019e+01
8.335836575534423787e+01
1.904757831422757306e+02
9.758779193752641845e+01
3.696262921342100185e+02
2.160045076891864539e+02
2.146895553353918444e+02
2.810560395824791868e+01
4.710296015878005704e+01
3.137562836914460718e+02
4.712823519040199471e+01
5.784567573498650006e+01
4.361987675347428706e+01
2.192319896289804149e+02
1.062125172080286859e+02
2.818512218348296869e+02
7.153672101727033805e+01
3.183817574061553159e+02
2.280545983565027370e+02
6.569236059782747361e+01
2.126069885232241745e+02
1.980111540597403064e+02
1.289965542017273208e+02
9.118665940465139386e+01
2.267357763690310719e+02
1.793839658014116480e+02
1.962937512285281798e+02
4.228869564572013928e+01
2.637839398162539055e+02
3.923258531938263616e+01
4.484150851252674386e+01
1.811493173385435682e+02
1.380305754167063981e+02
5.640829861248636234e+01
2.371463204928845698e+02
5.526987271766979148e+01
4.577924310628414162e+01
2.744781263849371840e+02
3.597811083201776228e+02
4.452965008248830969e+01
5.533229519383791484e+01
3.066761806262761070e+02
3.015139119577141287e+02
2.266167233125679559e+02
1.235231597556747971e+02
7.176716886555252017e+01
2.767438175054650173e+02
7.686127287154025112e+01
3.016746776286189515e+02
3.324168954653453056e+02
2.273896935377851776e+02
7.474564402265271212e+01
1.790891355608625020e+02
7.712989567177739048e+01
2.567904620465891981e+02
7.039323626255399802e+01
7.522517975338465135e+01
1.123531836381845181e+02
2.786271176458116656e+02
2.194198557997939076e+02
1.945759706798408786e+02
3.223232335463737286e+02
3.275425121165930591e+02
6.702845318304237310e+01
2.388995493781575306e+02
2.745517605196171189e+02
2.001726044594297491e+02
1.447841976322184507e+02
3.285271663191736735e+01
1.236670212197428640e+02
1.237304043236424036e+02
7.284851903169784748e+01
4.736920173315612459e+01
1.682332723456102883e+02
2.527001845448541530e+02
1.922751407193111106e+02
1.899145651576371279e+02
1.074273718087396219e+02
3.087293162993966007e+02
1.695803393732941799e+02
7.372071449298114487e+01
8.188932056739022869e+01
1.415388203212120857e+02
6.951508982036817486e+01
2.120824713283862764e+02
1.491881518313539345e+02
5.165282147868904872e+01
2.903386667769976270e+02
3.106345592322040261e+02
1.695853256863386491e+02
4.943553698391452400e+01
4.917381225622988694e+01
3.034038623234247893e+02
4.669644246941401633e+01
1.518136070568149876e+02
2.117784717863558512e+02
1.428132659139418763e+02
7.328261059124673693e+01
1.632201620043130674e+02
2.042277801339106986e+02
2.051195215711705941e+02
1.190051978334603433e+02
1.839638489592114752e+02
2.153055013373601980e+02
1.247331186846993631e+02
8.783158414284622495e+01
2.041770699646064600e+02
3.417057903519897764e+02
2.040132430636798233e+02
2.081310953215126744e+02
1.920054793057569213e+02
7.254988272901844937e+01
7.195532873453319667e+01
2.015849720193138239e+02
1.228530896046434719e+02
7.962315146041291314e+01
3.145646636364625692e+01
2.561634757223077585e+01
4.561192480120433856e+01
3.021360479466193851e+02
2.030696938780039034e+02
1.075562197123526431e+02
2.380502715320118909e+02
2.037597610868667459e+02
1.194637176119508410e+02
1.219272368404239586e+02
7.048643014300924392e+01
7.458804103202912472e+01
2.216687639469338649e+02
6.204484788994963651e+01
2.108790226750842294e+02
1.085168214329365952e+02
7.634492970799296074e+01
8.634461523883264533e+01
3.000917252337719674e+02
3.038636051264499542e+02
1.169420303995147208e+02
1.406855985782830203e+02
1.909804732021683833e+02
3.000951474878539784e+02
2.024236528679518585e+02
2.860360570507911007e+02
4.577319130142493719e+01
4.600655695044288507e+01
2.111990177492419321e+02
7.940912369277441485e+01
1.769494577139435023e+02
7.933866681878720328e+01
1.972410553241557238e+02
1.994514238085518514e+02
2.128021760953490400e+02
3.270250428495317010e+02
1.393715836243417527e+02
7.162950617748545312e+01
2.689304419553434968e+02
4.867433174761320203e+01
7.716132097951347646e+01
9.507579617752256240e+01
2.821521241306389243e+02
1.743114050174999079e+02
1.731083789064699658e+02
7.416415022794278400e+01
1.184365833203759450e+02
5.500562166745250892e+01
4.537890855382845956e+01
2.194729329479918079e+02
2.319555907732958033e+01
2.155143702695547461e+02
1.381905700105731682e+02
4.573324049178694395e+01
3.000165386531396621e+02
7.436768327566609571e+01
3.205506957877881291e+02
3.435916088725897453e+02
4.280371692404595052e+01
2.890860539234619750e+02
3.104680800712874884e+02
4.992172474452734576e+01
2.941141356337556090e+02
1.961473191633652107e+02
2.398669671926574836e+02
1.204064199560878876e+02
5.222248824354536367e+01
2.970920642375717762e+02
2.066677900887683279e+02
3.842330171437102848e+01
2.119007330380680685e+02
2.974344783911434433e+02
2.913236769352694751e+02
2.076792969113407992e+02
2.657522012417484802e+02
3.058529648141869757e+02
1.602408798269374870e+02
4.496304391557315228e+01
1.440955473882169429e+02
1.626282234839562761e+02
2.788033657022444700e+01
6.926871481966450972e+01
2.055855802509210832e+02
2.057749934407506771e+02
1.182351231124943212e+02
1.359627936480181916e+02
5.433869378585908549e+01
8.635164259047176927e+01
2.750626571908087499e+02
2.070043435909701373e+02
1.178219044954222738e+02
7.311488630902445607e+01
2.058165794386306686e+02
1.907902365769705852e+02
3.363701478790872557e+00
1.245751224563529718e+02
4.257652996001076673e+01
3.092382962791448335e+02
1.947627444497669273e+02
6.747828795621298070e+01
7.238396067927304500e+01
2.061640616771331906e+02
1.893323907745579504e+02
5.416089736324068582e+01
2.601371671559713832e+02
7.316872372923094758e+01
1.969161087944406745e+02
1.273574045817032641e+02
2.076022174454550395e+02
2.964309606462859961e+02
1.878567129014454054e+02
1.380645679582415255e+02
1.186845761786050701e+02
1.008561647275739972e+02
2.191496066379051229e+02
8.340940622908534863e+01
7.692127188219576794e+01
6.461802982814141671e+01
1.980280484460937771e+02
1.984938226490296813e+02
6.902601679429152171e+01
7.151432247288708766e+01
7.159683866498566829e+01
4.972364632194437917e+01
7.750685829473243871e+01
5.850887156004291967e+01
3.471280468876385612e+02
5.993149441499856778e+01
1.963031442949375105e+02
7.398519298369436115e+01
3.384484089017497013e+02
1.152376550043867098e+02
8.254723459699233956e+01
4.255049652651887726e+01
6.906569573001553408e+01
7.533798006366430400e+01
3.214729839331695302e+02
4.731141459669608196e+01
4.666622890697922799e+01
1.162229691946135119e+02
4.020323133874732946e+01
4.744977646893819667e+01
1.913321183528156268e+02
7.708943077259796439e+01
3.148184316111835415e+02
2.415416051640240198e+02
7.215463056192048441e+01
3.062651437978537956e+02
8.915112228482927037e+01
6.918055001293150497e+01
7.979029790753138229e+01
3.047876457956405147e+02
1.951233559808784719e+02
7.078106008928872939e+01
4.414353370739123505e+01
6.300229058626683809e+01
1.854581907810846531e+02
3.175570183681277854e+02
3.424992045081775416e+01
2.871162485283287538e+02
7.600360250964455133e+01
1.276383673676047152e+02
3.865993219799755138e+02
1.994214907335492342e+02
2.237606889872863576e+02
1.427860200391272372e+01
2.185804860705939916e+02
3.851880803357236118e+02
6.847529501137354657e+01
4.627128183893484703e+01
1.749341639102634360e+02
7.476743475976532238e+01
8.438365954482469533e+01
2.809395118842983834e+02
1.901288308664813655e+02
1.461185209746746523e+02
9.632284106533295187e+01
7.553959150980205095e+01
2.749091392373920826e+02
3.152046692091252567e+02
6.146418490755374364e+01
1.533486202470664068e+02
2.025035803609430047e+02
7.347114582564785223e+01
1.880493062988716986e+02
8.361934592070076633e+01
2.911562729022545568e+02
9.053058337432985070e+01
7.119072246334160070e+01
1.173126520548944285e+02
5.441289400138739296e+01
7.702070100452759505e+01
8.626495370112198202e+01
1.512016215945058661e+02
6.990379890958742237e+01
2.989069893426550379e+02
1.241489978262261644e+02
5.639668099372164534e+01
1.567253439916222568e+01
2.767777041892954912e+02
4.825493753027013000e+00
7.711587258833758085e+01
2.622814212226535702e+01
1.147628271736234638e+02
1.199156102113809510e+02
7.784738318676703273e+01
1.225312191614261081e+02
2.013492259534957611e+02
3.218135286682236256e+02
7.740909969476820152e+01
7.016319198538906221e+01
6.800793627047787027e+01
1.771474947431685223e+02
1.644726838731473038e+02
1.994970840094089510e+02
4.616323440540462997e+01
3.050461025804312953e+02
1.958945536385660660e+02
1.322927278207493202e+02
1.145054407394734000e+02
2.979492840642175224e+02
2.917726208098304710e+02
1.327930873970773860e+02
1.721164078952425598e+02
1.085132613456423627e+02
7.032514168503027463e+01
1.424328025095563532e+02
8.397758005955036253e+01
3.131068358279835593e+02
1.091584030265711505e+02
4.751883537892614839e+01
7.531309637345295016e+01
2.821370109824936208e+02
1.556409782067537719e+02
1.952485321265808125e+02
2.153268401666594798e+02
1.350248290327898530e+02
2.807375361527861912e+01
4.422775096001163320e+01
5.395848112190968493e+01
7.356398248528124384e+01
1.206576918676961157e+02
1.916334944162748286e+02
4.780090475269023642e+01
2.920418325114175104e+02
2.553668982044913776e+02
1.385181650712077044e+02
1.808435591653355345e+02
1.290991403538953080e+02
4.429025363080212685e+01
1.804250761717416083e+02
1.157467038753844690e+02
2.146230653194505464e+02
3.190995066322922185e+02
2.197072531764071357e+02
1.685875172955507821e+02
1.209518919789032481e+02
3.159502471084582567e+02
4.017671037603886219e+01
2.031697880711716095e+02
9.846630375574248717e+01
4.682679560921848605e+01
2.168576176962160957e+02
2.815377109586427764e+02
8.173778774919006196e+01
2.373371097055415930e+02
1.210257396795151976e+02
2.801114515921694874e+02
1.525817777608099561e+02
2.173344589073129498e+02
2.183908244774196135e+02
1.219279607868136566e+02
1.739637696002928635e+02
1.246976787681144003e+02
2.337827479549817724e+02
1.364022376695386356e+02
9.423719488378176834e+01
2.243355400393578520e+02
4.766751619228920589e+01
1.966200601705611462e+02
1.687579144981100399e+02
3.187806973957503374e+02
2.121945379882693317e+02
7.105595238419883231e+01
7.217667771145048050e+01
7.370567541730403605e+01
4.722625314169314237e+01
1.944191521807940148e+02
3.020607666952980139e+02
2.187514189133950424e+02
2.058950540274451555e+02
2.830840012578377127e+02
4.216155510693389630e+01
7.518751754174691371e+01
3.013859663949907599e+02
2.084420859453782100e+02
1.190945489834941498e+02
7.222375121757961836e+01
7.322843096572353261e+01
1.269834783045487967e+02
6.933578266801679035e+01
6.566976007506508495e+01
2.188867729222912715e+02
6.352022187759700955e+01
2.071632187151688242e+02
7.723993004844767540e+01
7.353454388234911221e+01
1.063666554891930360e+02
2.121069552672850591e+02
7.736405355780574666e+01
1.993294274343332120e+02
1.223488632719552385e+02
7.297917538650150959e+01
4.292690459240112233e+01
6.249195748011539564e+01
1.335953843937151078e+02
6.857498441893014274e+01
1.881129581285195798e+02
2.145917587354104512e+02
2.074688114474414533e+02
1.134116939837794291e+02
2.109038879817499037e+02
1.636903789357675691e+02
7.259990441817689089e+01
1.200907007640966953e+02
1.179387892458861415e+02
4.406380207117152281e+01
2.035411422647459645e+01
7.376430480863611194e+01
2.955793071408558035e+02
3.145488848352507034e+02
2.816171892997277837e+02
4.798672393152872928e+01
2.856872745092193782e+02
4.461929495181531991e+01
3.722553735634102168e+01
1.815060293846850925e+02
2.979055715150786909e+02
1.956051422176697372e+02
4.446205196438622664e+01
7.817319677180924486e+01
1.223864980219278777e+02
2.207383670196734471e+01
7.640276003969215424e+01
1.397377399828698401e+02
2.111125756299030058e+02
8.297306389834805884e+01
7.663186065654505796e+01
1.175209767165540455e+02
6.160081621659401918e+01
1.355224712635399555e+02
2.877570258779853702e+02
3.785704978132611700e+02
7.124433963758578159e+01
4.281439290845725765e+01
2.647001775878486569e+02
5.317796547647971295e+01
7.539489129893807728e+01
8.998627498409503289e+01
1.798012023988757733e+02
5.993171452126055954e+01
8.245420549402160759e+01
6.550668275124434103e+01
3.141557895841178265e+02
7.525541195769518765e+01
2.676668654335277324e+02
3.036923657143822766e+02
7.626861257979565778e+01
1.868387554941555209e+02
1.175089731522464973e+02
2.496371128675802993e+02
2.446845875521890719e+02
3.001409789247402387e+02
3.362353143534955393e+02
2.450793417065685276e+02
1.532305124832814158e+02
2.201812127172271119e+02
2.243180661092256400e+02
3.071759399611379422e+02
6.362957048913125391e+01
7.197068461550571783e+01
1.838194149647875122e+02
1.379631136310568991e+02
6.249328155309715527e+01
2.948553842128996507e+02
3.198859042667590415e+02
6.876573157393721658e+01
7.539097034235145145e+01
7.555680301252681375e+01
1.927511812100051998e+02
1.684800387473999876e+02
1.505152353998858246e+02
7.457117003551508105e+01
7.268390953215723016e+01
4.400788196852803225e+01
2.032229580314446480e+02
8.307016003043497676e+01
1.072505304447049213e+01
4.143307792614420038e+01
1.819854550878995951e+02
2.091271479724017013e+02
1.122918904689362307e+02
7.065872549678636005e+01
3.353811811538088250e+02
2.961305102001950331e+02
1.907112375078641548e+02
7.741718069905410005e+01
2.378869416531252412e+01
1.268224783615990816e+02
1.209761572815972528e+02
1.961879461598037153e+02
1.324522996270279407e+02
1.966865168030959694e+02
1.188163456472244377e+02
4.699108522951929956e+01
6.337381687309439116e+01
6.981399454352177258e+01
2.175935628815356608e+02
2.070943703677561984e+02
5.155404317385558954e+01
3.052029599208988202e+02
1.961877922616568810e+02
1.136790247958764013e+02
7.796721243787553135e+01
7.338417872566992628e+01
1.266533733408650733e+02
1.960351388069132383e+02
1.045164700931041608e+02
1.726286481555858643e+02
4.345098272390244887e+01
4.301786505458782983e+01
1.979414972378974085e+02
2.702738880262006660e+02
4.382179688906285975e+01
2.976415310580845244e+02
2.003583496351642452e+02
7.489544457028183899e+01
4.370113061994077697e+01
4.478380081291862780e+01
7.830725091755668643e+01
7.658950127537468688e+01
4.350231197114431581e+01
4.318373306082615670e+01
9.217010992103318756e+01
7.717169048198076098e+01
2.982488263629617791e+02
1.712726632124068544e+02
1.316298641582044127e+02
2.591325987383520442e+02
3.078385124777535680e+02
6.049741427805624028e+01
1.166813125238457260e+01
2.198471938213611736e+02
9.923467988667313477e+01
1.278837389602799846e+02
4.744051261075851755e+01
8.009316356102482359e+01
6.045731391877137639e+01
1.774256453778703815e+02
1.173863021419579695e+02
1.217597398242921258e+02
9.343331251723896003e+01
2.304490036135989897e+02
2.104458332105988347e+02
2.663326114362978458e+01
3.157311899737904923e+02
7.947240074905339213e+01
4.542555783819147308e+01
1.911532133622438607e+02
4.436498628793790999e+01
1.194535717429283892e+02
7.046692384893711392e+01
2.834978456892590089e+02
2.934736875462102148e+02
7.821731609941613783e+01
1.145672909858125763e+02
1.550810357212967183e+01
1.133504005336867948e+02
8.362943116468584037e+01
7.087580634865929596e+01
1.122416774877868875e+02
1.979087631080333267e+02
2.493292342673410360e+02
1.840995769893551426e+02
4.367753565933672633e+01
2.127786759164007435e+02
7.945743555412417436e+01
2.176914540735160131e+02
2.068963900119686343e+02
4.213376933953654913e+01
2.574279942752878014e+02
1.854775367482701256e+02
2.938565757760073893e+02
7.259059084906957082e+01
3.775579091387115795e+02
2.143620308896621509e+02
4.786720217436259617e+01
7.478843745735130710e+01
1.312067116443550105e+02
3.765109658948873630e+02
4.006504227335203439e+01
2.027642441103705266e+02
5.815841161990895358e+01
1.737190209520810242e+02
2.901617363693960669e+02
1.167131654571024910e+02
7.396357381618459215e+01
1.239080626359762505e+02
6.218431236405665885e+01
3.716103035996743387e+01
3.271686187104090209e+02
1.671362850513357898e+02
7.906208619011269434e+01
1.436332355448217868e+02
1.109971211019047530e+02
1.339970739315158426e+02
4.504194435269376129e+01
1.234372479987758169e+02
5.343749488005273207e+01
2.223810709047578484e+02
1.880465724509392658e+02
7.429733499532915175e+01
2.005293665026714507e+02
2.611934678555371647e+02
9.069748764497775539e+01
3.141578541411701053e+02
3.148696684604897200e+02
2.362726712729333300e+01
7.416242868249081255e+01
1.888320485536261799e+02
8.291792160598856753e+01
1.744831890213968393e+02
9.724400592615074856e+01
2.176752337191447282e+02
2.038563772849687723e+02
2.021206284355485252e+02
3.804607912525971614e+01
2.957174582633853674e+02
1.139490173571089997e+02
1.885422351622726751e+02
6.489718039669989480e+01
7.943901782846344872e+01
5.802612515706379526e+01
3.129319967139072105e+02
2.384861649549387437e+02
3.172244735499282342e+02
2.360872881309751392e+02
5.765965950840603682e+01
1.855342848673897151e+02
6.095214778193581395e+01
7.099287147302891299e+01
1.505496983289408774e+02
7.840252069123781098e+01
2.120410595645975604e+02
2.719230341188471556e+01
1.963414746970983629e+02
1.998851342286552892e+02
1.106069291233394978e+02
7.649450049734120682e+01
2.041263134745308889e+02
1.540016165001844684e+02
2.115548091744286126e+02
2.759987459038400175e+02
1.903418069431979802e+02
1.046167177727049733e+02
4.617066805105661587e+01
1.677398073664221272e+02
4.738409048372738397e+01
7.555215584230361969e+01
3.020597803578964999e+02
3.043258425917975387e+02
1.943977879668818787e+02
7.703820335310591361e+01
2.221585917269670745e+02
2.922535142534668839e+00
3.003955728505093816e+02
3.049803352967195025e+01
2.605960948335707599e+02
8.572753358612504826e+01
1.817092792732172484e+02
1.121179137824588956e+01
7.145730981384846814e+01
2.390915920714124923e+02
1.704526774943812484e+02
7.192192513121089803e+01
1.924169636793492941e+02
7.001967442168147215e+01
9.055190850991330365e+01
2.753528947140392233e+02
4.143348644181727991e+01
1.833096262884029670e+02
2.952181680633722181e+02
1.948460763112218217e+02
6.605440513934155433e+01
1.939846373369759078e+02
1.094911022578216659e+02
1.219585278626177001e+02
2.753347024310387496e+02
1.498733745431051290e+01
4.263041874881284343e+01
1.350199461335803335e+02
7.258586599906362835e+01
1.367263522537285780e+02
2.783559659976035050e+02
2.037662515942883203e+02
8.885780395474010618e+01
2.481158307139833710e+02
7.896314236826160027e+01
3.202615961872687222e+01
4.916391562555089934e+01
1.953958234285877040e+02
1.116718956139747831e+02
4.440452022101384699e+01
3.933504720918954263e+02
4.908051864422456845e+01
1.961315095728011499e+02
7.606785427813639444e+01
4.090073882957444340e+01
5.062827445479195632e+01
4.666505673394085107e+01
4.244841801534326464e+01
4.528392614727376042e+01
3.300087473875277624e+02
4.386885325767684662e+01
1.646418704027886406e+02
1.477068652612413757e+02
2.241236413479903149e+02
2.131090471476065886e+02
1.870767122531389361e+02
4.458414289169487432e+01
6.834925699919614317e+01
4.438354119083508209e+01
2.982346911954645066e+02
4.875213629165030937e+01
1.255168103094428744e+02
1.265770293966300102e+02
1.720208958776482575e+02
3.255926027986303097e+02
4.595764669098623756e+01
1.190268965020541572e+02
2.049200343473117698e+02
1.052504889748148997e+02
7.746980405639857281e+01
1.710485734945501690e+02
1.273279577205722291e+02
1.112688808400109792e+02
4.521495128543190845e+01
1.883933931049039074e+02
4.645339947048907447e+01
1.303736473154223461e+02
2.987542940856005771e+02
1.246772966602153758e+02
7.873018837635594025e+01
1.821208506687430884e+02
1.077899180965605836e+02
7.473665753348288376e+01
2.444223161855719582e+02
2.616215574956628984e+02
2.806914114202912174e+02
6.356543582107101287e+01
1.446038930582889463e+02
3.856936836247617606e+01
7.335216028388160225e+01
7.904819665671860207e+01
7.323628184403752073e+01
4.731148408380085613e+01
5.054993043532635255e+01
4.500913466484502834e+01
2.784967274960825989e+02
1.349045983438788312e+02
7.404063411014962526e+01
2.023008651199188250e+02
7.431245571430130781e+01
2.894849181795494246e+02
3.038683586812603465e+01
4.282508780397093062e+01
2.015238707128897886e+02
1.203625596598757141e+02
1.350606191693072731e+02
1.608047824577851372e+02
1.953653698429203587e+02
7.902803223384768216e+01
1.870896283653241881e+02
1.068186417133337898e+02
1.881016236808708300e+02
5.604182561840485732e+01
6.784157269867338869e+01
4.855940558426585341e+01
7.770720330955666100e+01
4.325499693668012213e+01
1.517964874291078914e+01
2.031404752505589784e+02
2.686782950615576624e+02
7.032719832691223871e+01
1.122372327182690412e+02
7.382257053775509803e+01
7.551837371355766493e+01
7.417364195387129655e+01
2.130868028328663684e+02
2.131200628041894163e+02
7.534585190270342991e+01
8.004051253125443566e+01
7.647810423333783092e+01
2.581384494946681798e+02
7.466072505444458329e+01
4.054865491670470590e+01
3.101612783641418218e+02
4.268594392451021946e+01
2.066049890620819554e+02
1.174993625999552478e+02
2.813808890682082051e+02
2.906282667555004195e+02
1.023208468839737861e+02
2.240390530993155949e+02
1.380744002934239347e+02
1.000122308684449024e+02
1.306974359642953800e+02
1.939684399436172839e+02
1.924014602622563075e+02
7.711018833913406922e+01
1.378125760974914158e+02
7.249686493787905306e+01
2.008128476265038387e+02
2.078269543378805508e+02
1.784040791379025563e+02
2.012658361858838703e+02
7.154709497146576780e+01
4.886914540581545197e+01
1.406683091261594996e+02
7.690673741394999752e+01
2.848565572830577821e+02
7.036424049523606072e+01
2.061906416930236219e+02
5.512796353779248193e+01
2.208624336026080641e+02
1.224328551752153373e+02
1.229636125639938626e+02
7.395872002266702339e+01
2.884008912723011804e+02
7.294832219507289039e+01
2.178492044568135100e+02
1.374367704390086828e+02
4.323433712616695601e+01
9.451786191196390519e+01
2.244770927151448632e+02
1.820299927248615006e+02
2.127524237625134731e+02
2.730648451010638382e+02
6.249542267703112941e+01
9.727917968387338021e+01
1.357737620367637419e+02
1.954844115898724795e+02
2.061001969837498393e+02
8.025303092984326270e+01
4.270060107243169512e+01
1.900112020627579739e+02
1.235166853052758142e+02
7.098034908465321280e+01
1.244735456502596946e+02
3.282961884080493178e+02
2.908954648124474147e+02
1.773374008038063039e+02
2.982715947295945966e+02
1.381000138703346636e+02
2.925494241518421177e+02
1.082770670481313005e+02
6.899889152869259590e+01
2.049796326940637243e+02
9.239256868177956505e+01
7.304598914150491851e+01
1.351830127359571918e+02
8.286750631150199808e+01
4.333756658127187933e+01
3.133673484683047832e+02
3.077964046401307314e+02
2.080521267256035003e+02
2.923699532762888680e+02
1.199417462201398337e+02
3.132809263220864295e+02
3.313357281323342818e+02
2.005952895315502360e+02
2.086317716781184970e+02
7.444509968070300943e+01
2.871708622751414737e+02
3.012246582640107135e+02
4.728255572069220136e+01
2.029582601705112950e+02
7.593564188780459290e+01
1.277135095562224762e+02
2.059344800942945710e+02
1.184967398137963102e+02
2.789602896509472885e+02
2.116226510779455623e+02
2.828169199790719404e+02
2.993782821070645923e+02
7.697039592333361213e+01
2.128504747659581540e+02
5.733918828457426997e+01
2.020884569936392836e+02
7.512324356256736735e+01
8.003250707117607021e+01
4.940141432562430168e+01
4.866393404706406045e+01
7.437873969407419850e+01
8.262982726071172124e+00
4.241529324836894688e+01
2.837066485670731453e+01
9.078457701623116805e+01
5.904356422386608472e+01
1.112788872392314232e+02
2.956767550536834506e+02
1.322442631240173512e+02
2.648793318716598151e+02
1.310374694356267433e+01
6.520007072743193532e+01
7.792417427241339567e+01
6.911948730466221491e+01
2.602887996527410337e+02
2.139624365830127601e+02
1.185069076475411265e+02
1.978980095611073864e+02
7.377485226571047860e+01
2.001145449908999865e+02
1.969699789682026392e+02
2.461847503052898105e+02
2.591865876890534892e+01
1.305316457191892994e+02
1.910691196813765202e+02
2.934669458823637456e+02
2.060623719026779099e+02
1.286943474990927712e+02
8.394106723288244609e+01
9.954221691855599374e+01
6.892296449796674551e+01
3.925593915253920159e+02
1.385592412120003871e+02
7.362423392851808046e+01
2.067405404083370968e+02
7.837873632513782240e+01
2.057986325098816849e+02
3.156295827066505240e+02
1.191293514013097479e+02
7.409260774537443694e+01
1.942482235734059941e+02
4.254745792206185229e+01
1.134232730828857427e+02
7.721104141139379351e+01
7.145268179622804894e+01
2.114178823659854345e+02
1.212715954322428757e+02
2.947186019389198464e+02
1.185394889124277427e+02
2.399991012713444150e+01
6.592350968683210510e+01
1.209778720932713725e+02
1.188284969827499964e+02
7.875832627465180735e+01
7.567483162585341461e+01
2.637054975681704718e+02
4.466339367081743461e+01
1.896008178196811969e+02
5.919729287788150174e+01
5.302816649963646256e+01
2.024568247781522530e+02
1.927737385131060535e+02
1.715287334432981368e+02
2.055801075601529249e+02
1.844110346898261241e+02
4.582917446276949391e+01
1.246341554654934498e+02
2.064675786090074610e+02
2.036229975944181660e+02
3.870621757957925979e+01
4.389709692994790657e+01
7.365121666159879510e+01
1.724580060163097244e+02
5.013623256077513446e+01
7.858985406492482184e+01
7.487151515849315331e+01
1.531934841990757263e+02
7.164750951394452727e+01
3.075429398741067075e+02
7.414463980184805791e+01
9.273994877413838367e+01
