1.000000000000000021e-02 9.582435511145935152e+02
1.105295141126021521e-02 7.209266637403135292e+02
1.221677348996791888e-02 5.638062463347996527e+02
1.350314037869872891e-02 4.566723114787802160e+02
1.492495545051829124e-02 3.818389190250982210e+02
1.649648074098020514e-02 3.285910323215431958e+02
1.823348000868441413e-02 2.902344169194230972e+02
2.015337685941732959e-02 2.624712383399833584e+02
2.227542951999557375e-02 2.424758396764100041e+02
2.462092401494625493e-02 2.283529220778955278e+02
2.721338768375307360e-02 2.188111218420278306e+02
3.007882518043098960e-02 2.066585030118189934e+02
3.324597932270941664e-02 1.901271869139427508e+02
3.674661940736687754e-02 1.736893554381257445e+02
4.061585988376979761e-02 1.498419620668086338e+02
4.489251258218605184e-02 1.326283182683023654e+02
4.961947603002903051e-02 1.201397054209619739e+02
5.484416576121017850e-02 1.111191702828488559e+02
6.061898993497571997e-02 1.047228547512218739e+02
6.700187503509590081e-02 1.003756870854320908e+02
7.405684692262434754e-02 9.768197832893295640e+01
8.185467307069028975e-02 9.636880374702556651e+01
9.047357242349297890e-02 9.624944053088817952e+01
1.000000000000000056e-01 9.719935794815212660e+01
1.105295141126021452e-01 9.914023613483688280e+01
1.221677348996791784e-01 1.020292292859152923e+02
1.350314037869872752e-01 1.058517267933725918e+02
1.492495545051829020e-01 1.106164978091263578e+02
1.649648074098020722e-01 1.163524970214400867e+02
1.823348000868441343e-01 1.164379959523529067e+02
2.015337685941733237e-01 1.046923855659387925e+02
2.227542951999557652e-01 9.293475220380435076e+01
2.462092401494625493e-01 8.433965638756968985e+01
2.721338768375307082e-01 7.808762129374862582e+01
3.007882518043099029e-01 7.362316493434062181e+01
3.324597932270940137e-01 7.056453111334440109e+01
3.674661940736688170e-01 6.864712381713853517e+01
4.061585988376979484e-01 6.768731191068314956e+01
4.489251258218605600e-01 6.755883571630660356e+01
4.961947603002903051e-01 6.817718305537374590e+01
5.484416576121018405e-01 6.724266268221344944e+01
6.061898993497571997e-01 6.577227900047815012e+01
6.700187503509587028e-01 6.517168074749673679e+01
7.405684692262434199e-01 6.533667652660712122e+01
8.185467307069028697e-01 6.619878009980361355e+01
9.047357242349297612e-01 6.771658815087087646e+01
1.000000000000000000e+00 6.986992727596272346e+01
1.105295141126021008e+00 7.265587291608287046e+01
1.221677348996791812e+00 7.608605621795933871e+01
1.350314037869873474e+00 8.018487356858837245e+01
1.492495545051829131e+00 8.498834287902701590e+01
1.649648074098020611e+00 8.856661008791233769e+01
1.823348000868440399e+00 9.157132776743839031e+01
2.015337685941732904e+00 9.539011517381065630e+01
2.227542951999556209e+00 9.577282578470352803e+01
2.462092401494625715e+00 9.301381756816454072e+01
2.721338768375308526e+00 9.155123403860099529e+01
3.007882518043099029e+00 9.120635667368499355e+01
3.324597932270941580e+00 9.185698224748637131e+01
3.674661940736688059e+00 9.342277684487594058e+01
4.061585988376979373e+00 9.585528198239738629e+01
4.489251258218603269e+00 9.913104954142548308e+01
4.961947603002903051e+00 1.032469250509601579e+02
5.484416576121015297e+00 1.082168368557076406e+02
6.061898993497572441e+00 1.140696627040263991e+02
6.700187503509590137e+00 1.208478833903109546e+02
7.405684692262434865e+00 1.286068242228353142e+02
8.185467307069028919e+00 1.374143467375921830e+02
9.047357242349292505e+00 1.473508958152763455e+02
1.000000000000000000e+01 1.585098376256134998e+02
