3.162277660168379134e-02 1.207414925844391746e+03
3.437414337286241045e-02 1.002775043194877412e+03
3.736489516721269721e-02 8.101038548253675344e+02
4.061585988376979761e-02 6.536649267524193192e+02
4.414967757076887489e-02 5.407194091706411427e+02
4.799095809323872946e-02 4.576375181667718834e+02
5.216645251859962362e-02 3.955519619231251909e+02
5.670523941381171856e-02 3.485624548625053194e+02
6.163892735146683094e-02 3.126614362276486645e+02
6.700187503509590081e-02 2.850757556789973819e+02
7.283143057666745246e-02 2.638541907822585699e+02
7.916819159263009664e-02 2.476035946603549007e+02
8.605628792983370523e-02 2.353168416925351494e+02
9.354368899026167805e-02 2.262586148383114448e+02
1.016825377948150644e-01 2.117592210264267010e+02
1.105295141126021452e-01 1.876175676485820247e+02
1.201462291846031316e-01 1.526146184484480273e+02
1.305996547906053407e-01 1.271393760848197019e+02
1.419625896474748517e-01 1.082762559696414257e+02
1.543141663868093649e-01 9.410689422012224270e+01
1.677404026426158323e-01 8.334203565392706992e+01
1.823348000868441343e-01 7.509831652346169051e+01
1.981989955845199214e-01 6.875981576864920441e+01
2.154434690031883926e-01 6.389035558820665983e+01
2.341883126059244868e-01 5.919534643996453127e+01
2.545640673860414815e-01 5.214001310150332813e+01
2.767126321678177181e-01 4.674528401119985688e+01
3.007882518043099584e-01 4.259931919425398661e+01
3.269585913541653843e-01 3.941141552497920486e+01
3.554059037181062641e-01 3.697350237496014813e+01
3.863282988666283391e-01 3.513489959970772958e+01
4.199411234979421037e-01 3.378548437659519266e+01
4.564784607342344258e-01 3.284428677285826836e+01
4.961947603002903051e-01 3.225165040535085836e+01
5.393666105372006969e-01 3.196377251832491595e+01
5.862946645916405908e-01 3.194885682434981078e+01
6.373057341948979992e-01 3.218437579040227092e+01
6.927550656129388695e-01 3.265510718566226700e+01
7.530288136174587699e-01 3.335171867815627422e+01
8.185467307069028697e-01 3.426974590705839319e+01
8.897650903054697968e-01 3.540885719849602253e+01
9.671798642975448779e-01 3.677233032324467388e+01
1.051330177026238655e+00 3.836668872450039913e+01
1.142802059810032578e+00 4.020145987393078713e+01
1.242232532124357691e+00 4.228902903908805655e+01
1.350314037869873474e+00 4.464456917688829662e+01
1.467799267622069692e+00 4.728603279959042993e+01
1.595506400444828943e+00 4.937429129213456491e+01
1.734324801772465507e+00 5.161734335881037339e+01
1.885221217040871311e+00 5.418192158609627995e+01
2.049246504200854080e+00 5.708588201171894383e+01
2.227542951999557541e+00 6.035059991249563183e+01
2.421352234995232777e+00 6.400093703632401798e+01
2.632024060704877488e+00 6.806524680385810200e+01
2.861025569104377997e+00 7.257540717428034327e+01
3.109951549940198401e+00 7.756687611887836908e+01
3.380535549007040341e+00 8.307876983540259630e+01
3.674661940736691612e+00 8.915396834392747394e+01
3.994379051172821438e+00 9.583925625468789633e+01
4.341913422721453308e+00 1.031855078397337309e+02
4.719685320018228047e+00 1.112479250347676754e+02
5.130325584897002855e+00 1.200863350392847906e+02
5.576693957839359506e+00 1.297655514613773562e+02
6.061898993497572441e+00 1.403558002248144589e+02
6.589319708984723967e+00 1.519332093323158688e+02
7.162629115692790371e+00 1.645803604007978151e+02
7.785819798516770085e+00 1.783868997075423408e+02
8.463231720621141818e+00 1.934502071504146272e+02
9.199582447383766848e+00 2.098761227606677835e+02
1.000000000000000000e+01 2.277797319303485892e+02
