1.000000000000000021e-02 1.354407636570571412e+03
1.142802059810032675e-02 9.489302328455266888e+02
1.305996547906053407e-02 7.086506710425992424e+02
1.492495545051829124e-02 5.595428287753167069e+02
1.705626983142527822e-02 4.638434169769938649e+02
1.949194029602852388e-02 4.012063892740937945e+02
2.227542951999557375e-02 3.555462097017530141e+02
2.545640673860415093e-02 2.945145859799073378e+02
2.909163405623881732e-02 2.546248537268815539e+02
3.324597932270941664e-02 2.285267966478383528e+02
3.799357365039405382e-02 2.119156061544553893e+02
4.341913422721453003e-02 2.021991891657816609e+02
4.961947603002903051e-02 1.977933242239770664e+02
5.670523941381171856e-02 1.966728171854324216e+02
6.480286440412508231e-02 1.951570791594784282e+02
7.405684692262434754e-02 1.975528847841780760e+02
8.463231720621142151e-02 1.991271257973137665e+02
9.671798642975443228e-02 1.996866827666225959e+02
1.105295141126021452e-01 2.040707189186441042e+02
1.263133563976838181e-01 2.096119730361551490e+02
1.443511638727918156e-01 1.732239076966156404e+02
1.649648074098020722e-01 1.497341721259109306e+02
1.885221217040871367e-01 9.553213510721664647e+01
2.154434690031883370e-01 5.255746289784072189e+01
2.462092401494625493e-01 3.181980745087759033e+01
2.813684267870688038e-01 2.100588237242095957e+01
3.215484176977705943e-01 1.439204987084754173e+01
3.674661940736689836e-01 9.233584498703221399e+00
4.199411234979421037e-01 6.408092169579616915e+00
4.799095809323873363e-01 4.764052211882871646e+00
5.484416576121018405e-01 3.760555476433394606e+00
6.267602560047386140e-01 3.126790740619609821e+00
7.162629115692786819e-01 2.719395559013363162e+00
8.185467307069028697e-01 2.458776106168890863e+00
9.354368899026167528e-01 2.299006336332916955e+00
1.069019204603001150e+00 2.212849518598345888e+00
1.221677348996791812e+00 2.183955734671367388e+00
1.396135390856794611e+00 2.202631690200554271e+00
1.595506400444828943e+00 2.263469473114930963e+00
1.823348000868440399e+00 2.363983902562289519e+00
2.083725851142959939e+00 2.503819750119647747e+00
2.381286194765587005e+00 2.684294486153148807e+00
2.721338768375308526e+00 2.908147477795592462e+00
3.109951549940198401e+00 3.179422702305402915e+00
3.554059037181064529e+00 3.503443016128666265e+00
4.061585988376979373e+00 3.886851737844145838e+00
4.641588833612777520e+00 4.337707845991108258e+00
5.304417279843931965e+00 4.372940587345555130e+00
6.061898993497572441e+00 3.835631651028599709e+00
6.927550656129392692e+00 3.485515385320568260e+00
7.916819159263009276e+00 3.267544523288062663e+00
9.047357242349303164e+00 3.148190060200950047e+00
1.033933849239399372e+01 3.106904641211178486e+00
1.181581732618100844e+01 3.131331677277245706e+00
1.350314037869873474e+01 3.214540178741866150e+00
1.543141663868093083e+01 3.353397163193448272e+00
1.763505472047138767e+01 3.547602801355532076e+00
2.015337685941733170e+01 3.799126520367968496e+00
2.303132058706995977e+01 3.988407259039035146e+00
2.632024060704877400e+01 4.154080515310761612e+00
3.007882518043098941e+01 4.388217511938852233e+00
3.437414337286242727e+01 4.692983045354861993e+00
3.928284185071254342e+01 5.072975855866602934e+00
4.489251258218607887e+01 5.535014229876038527e+00
5.130325584897003210e+01 6.088047450743392375e+00
5.862946645916402133e+01 6.743142781644359651e+00
6.700187503509590670e+01 7.513518577829243483e+00
7.656988080124196472e+01 8.414614794145666821e+00
8.750421749906803370e+01 9.464210315516082161e+00
1.000000000000000000e+02 1.068260686345787924e+01
