1.000000000000000021e-02 1.334511279823497489e+03
1.105295141126021521e-02 1.017590747483123323e+03
1.221677348996791888e-02 8.053964952783406943e+02
1.350314037869872891e-02 6.593348963673264507e+02
1.492495545051829124e-02 5.464149420816263500e+02
1.649648074098020514e-02 4.334722212677243078e+02
1.823348000868441413e-02 3.557527315355323481e+02
2.015337685941732959e-02 3.010902257323961635e+02
2.227542951999557375e-02 2.620207630761921678e+02
2.462092401494625493e-02 2.338296676334697111e+02
2.721338768375307360e-02 2.134612916528581366e+02
3.007882518043098960e-02 1.988909866717361865e+02
3.324597932270941664e-02 1.887527560041417871e+02
3.674661940736687754e-02 1.821126000835851357e+02
4.061585988376979761e-02 1.783271957313005203e+02
4.489251258218605184e-02 1.769538552449381541e+02
4.961947603002903051e-02 1.776920530286175790e+02
5.484416576121017850e-02 1.803448344539258699e+02
6.061898993497571997e-02 1.762253859935230480e+02
6.700187503509590081e-02 1.682769216229036147e+02
7.405684692262434754e-02 1.631877317339298088e+02
8.185467307069028975e-02 1.604679566683719827e+02
9.047357242349297890e-02 1.597807700277693925e+02
1.000000000000000056e-01 1.608991617024927052e+02
1.105295141126021452e-01 1.636772103751467000e+02
1.221677348996791784e-01 1.680307873134295278e+02
1.350314037869872752e-01 1.541374246460112829e+02
1.492495545051829020e-01 1.272088656884871938e+02
1.649648074098020722e-01 1.014161284335407203e+02
1.823348000868441343e-01 8.347955738937993431e+01
2.015337685941733237e-01 7.074168779031276699e+01
2.227542951999557652e-01 6.155187505488488853e+01
2.462092401494625493e-01 5.485624633446385445e+01
2.721338768375307082e-01 4.996539720461333189e+01
3.007882518043099029e-01 4.641880900897292150e+01
3.324597932270940137e-01 4.390352539627834716e+01
3.674661940736688170e-01 4.220413952145635506e+01
4.061585988376979484e-01 4.117132989961955758e+01
4.489251258218605600e-01 4.070165717699502750e+01
4.961947603002903051e-01 4.072435651479186447e+01
5.484416576121018405e-01 4.119257157555779969e+01
6.061898993497571997e-01 4.207746808852008513e+01
6.700187503509587028e-01 4.071066207963471584e+01
7.405684692262434199e-01 3.949138958005019617e+01
8.185467307069028697e-01 3.884169623156071793e+01
9.047357242349297612e-01 3.868352136354091186e+01
1.000000000000000000e+00 3.896430677367790452e+01
1.105295141126021008e+00 3.965048516746774965e+01
1.221677348996791812e+00 4.072306794896738324e+01
1.350314037869873474e+00 4.217463499498866497e+01
1.492495545051829131e+00 4.400727893735624718e+01
1.649648074098020611e+00 4.623121322688980683e+01
1.823348000868440399e+00 4.886385282299721666e+01
2.015337685941732904e+00 5.192923964719707897e+01
2.227542951999556209e+00 5.545772480711831776e+01
2.462092401494625715e+00 5.948584476493851980e+01
2.721338768375308526e+00 6.405634552215235544e+01
3.007882518043099029e+00 6.921832210512877737e+01
3.324597932270941580e+00 7.502745275392273072e+01
3.674661940736688059e+00 8.154631883864327335e+01
4.061585988376979373e+00 8.884481178864122342e+01
4.489251258218603269e+00 9.700063585630336149e+01
4.961947603002903051e+00 1.060999194491597564e+02
5.484416576121015297e+00 1.162379481552599998e+02
6.061898993497572441e+00 1.275200305115241832e+02
6.700187503509590137e+00 1.400625045475846093e+02
7.405684692262434865e+00 1.539938905873647172e+02
8.185467307069028919e+00 1.694561946009955022e+02
9.047357242349292505e+00 1.866063668465124863e+02
1.000000000000000000e+01 2.056179224197794611e+02
