1.000000000000000021e-02 1.106388596284507230e+03
1.105295141126021521e-02 8.496278624304561617e+02
1.221677348996791888e-02 6.441111608024358475e+02
1.350314037869872891e-02 5.070291065413163096e+02
1.492495545051829124e-02 4.129230053418277180e+02
1.649648074098020514e-02 3.467714698565457070e+02
1.823348000868441413e-02 2.994096464736260828e+02
2.015337685941732959e-02 2.650756945967348770e+02
2.227542951999557375e-02 2.400497213016897717e+02
2.462092401494625493e-02 2.218740856649002637e+02
2.721338768375307360e-02 2.088934078219916444e+02
3.007882518043098960e-02 1.999757963416533357e+02
3.324597932270941664e-02 1.943397175337692602e+02
3.674661940736687754e-02 1.914440753389314125e+02
4.061585988376979761e-02 1.909170451082523812e+02
4.489251258218605184e-02 1.925092176512404762e+02
4.961947603002903051e-02 1.960623291999268076e+02
5.484416576121017850e-02 1.983033498344858572e+02
6.061898993497571997e-02 1.801227423518943738e+02
6.700187503509590081e-02 1.669260235175306093e+02
7.405684692262434754e-02 1.575332722743922034e+02
8.185467307069028975e-02 1.511343919273371057e+02
9.047357242349297890e-02 1.471685863653803779e+02
1.000000000000000056e-01 1.452473059479381732e+02
1.105295141126021452e-01 1.451040620116800426e+02
1.221677348996791784e-01 1.465612207074483422e+02
1.350314037869872752e-01 1.495077563920742989e+02
1.492495545051829020e-01 1.285074830961887358e+02
1.649648074098020722e-01 1.095272178974937844e+02
1.823348000868441343e-01 9.579182016873184580e+01
2.015337685941733237e-01 8.577000397038762003e+01
2.227542951999557652e-01 7.845424010849383478e+01
2.462092401494625493e-01 7.316828354990985872e+01
2.721338768375307082e-01 6.945090357181409502e+01
3.007882518043099029e-01 6.698392181766982389e+01
3.324597932270940137e-01 6.554668202701574842e+01
3.674661940736688170e-01 6.498666998265746031e+01
4.061585988376979484e-01 6.289924507804671094e+01
4.489251258218605600e-01 5.816519003292266632e+01
4.961947603002903051e-01 5.478674378375029619e+01
5.484416576121018405e-01 5.247454065540360801e+01
6.061898993497571997e-01 5.102816028204678389e+01
6.700187503509587028e-01 5.030869744104094110e+01
7.405684692262434199e-01 5.022087232428246750e+01
8.185467307069028697e-01 5.070117750446496530e+01
9.047357242349297612e-01 5.170992041430129404e+01
1.000000000000000000e+00 5.322582355757973716e+01
1.105295141126021008e+00 5.524232806879021496e+01
1.221677348996791812e+00 5.776504404324753494e+01
1.350314037869873474e+00 6.080998067546986618e+01
1.492495545051829131e+00 6.440231548703322062e+01
1.649648074098020611e+00 6.857554983070748733e+01
1.823348000868440399e+00 7.282685174101855807e+01
2.015337685941732904e+00 7.567334735876249852e+01
2.227542951999556209e+00 7.918694662980078647e+01
2.462092401494625715e+00 8.338524311593970140e+01
2.721338768375308526e+00 8.829673329321883557e+01
3.007882518043099029e+00 9.395999847587107467e+01
3.324597932270941580e+00 1.004233198075033044e+02
3.674661940736688059e+00 1.077446244262713577e+02
4.061585988376979373e+00 1.159916903686870597e+02
4.489251258218603269e+00 1.252425604666073298e+02
4.961947603002903051e+00 1.355861330728597238e+02
5.484416576121015297e+00 1.471229108741010521e+02
6.061898993497572441e+00 1.599658990673828498e+02
6.700187503509590137e+00 1.742416515126703871e+02
7.405684692262434865e+00 1.900914688195229587e+02
8.185467307069028919e+00 2.076727562955698829e+02
9.047357242349292505e+00 2.220132347787772460e+02
1.000000000000000000e+01 2.350291285730474442e+02
