1.000000000000000021e-02 1.356574515079749062e+03
1.142802059810032675e-02 9.514997546299779287e+02
1.305996547906053407e-02 7.117385755245966266e+02
1.492495545051829124e-02 5.632826958171036722e+02
1.705626983142527822e-02 4.683853737308879204e+02
1.949194029602852388e-02 4.067157016217231558e+02
2.227542951999557375e-02 3.603118893000367962e+02
2.545640673860415093e-02 3.002014763845636480e+02
2.909163405623881732e-02 2.612208855734365898e+02
3.324597932270941664e-02 2.360589192314706679e+02
3.799357365039405382e-02 2.156808480126910297e+02
4.341913422721453003e-02 1.812418546960270476e+02
4.961947603002903051e-02 1.587977132239285538e+02
5.670523941381171856e-02 1.442835729065774615e+02
6.480286440412508231e-02 1.353056989534067895e+02
7.405684692262434754e-02 1.304203593782684720e+02
8.463231720621142151e-02 1.287496367373521764e+02
9.671798642975443228e-02 1.297699218890339239e+02
1.105295141126021452e-01 1.331932996415974628e+02
1.263133563976838181e-01 1.389014592671476578e+02
1.443511638727918156e-01 1.469105704224521958e+02
1.649648074098020722e-01 1.423713674239834575e+02
1.885221217040871367e-01 1.298984482554050430e+02
2.154434690031883370e-01 1.118646756058447949e+02
2.462092401494625493e-01 8.513389019469373409e+01
2.813684267870688038e-01 6.850382939319052866e+01
3.215484176977705943e-01 5.790246187467025152e+01
3.674661940736689836e-01 4.441833883864450883e+01
4.199411234979421037e-01 3.280646612335721812e+01
4.799095809323873363e-01 2.570437773401564741e+01
5.484416576121018405e-01 2.120395387042660218e+01
6.267602560047386140e-01 1.829192982994908334e+01
7.162629115692786819e-01 1.640428790555363392e+01
8.185467307069028697e-01 1.502048958504096454e+01
9.354368899026167528e-01 1.396912030048946640e+01
1.069019204603001150e+00 1.336856349254948384e+01
1.221677348996791812e+00 1.311583588935883249e+01
1.396135390856794611e+00 1.314874273638442048e+01
1.595506400444828943e+00 1.343131872446022257e+01
1.823348000868440399e+00 1.394538926096849885e+01
2.083725851142959939e+00 1.468560362968992195e+01
2.381286194765587005e+00 1.565651356541870776e+01
2.721338768375308526e+00 1.687090512591654345e+01
3.109951549940198401e+00 1.834893317656738887e+01
3.554059037181064529e+00 2.011779869510743524e+01
4.061585988376979373e+00 2.221181993910257191e+01
4.641588833612777520e+00 2.467281477385345667e+01
5.304417279843931965e+00 2.755075156545065695e+01
6.061898993497572441e+00 3.090465037209905574e+01
6.927550656129392692e+00 2.396070245588791181e+01
7.916819159263009276e+00 1.786901076545098377e+01
9.047357242349303164e+00 1.406999126942910650e+01
1.033933849239399372e+01 1.162191157535311348e+01
1.181581732618100844e+01 1.001319151713788003e+01
1.350314037869873474e+01 8.953321823926437162e+00
1.543141663868093083e+01 8.271224548313448111e+00
1.763505472047138767e+01 7.863387522490691062e+00
2.015337685941733170e+01 7.646921341711610864e+00
2.303132058706995977e+01 7.209785497928360876e+00
2.632024060704877400e+01 6.978464591345050927e+00
3.007882518043098941e+01 6.911948017019144075e+00
3.437414337286242727e+01 6.985644836053937823e+00
3.928284185071254342e+01 7.185944515107501651e+00
4.489251258218607887e+01 7.506981752091739679e+00
5.130325584897003210e+01 7.948679032158721292e+00
5.862946645916402133e+01 8.515547010584818111e+00
6.700187503509590670e+01 9.215947283538611146e+00
7.656988080124196472e+01 1.006165446447471190e+01
8.750421749906803370e+01 1.106763471989317615e+01
1.000000000000000000e+02 1.225200288201085819e+01
