3.162277660168379134e-02 1.258762508036224062e+03
3.437414337286241045e-02 1.001926351456848806e+03
3.736489516721269721e-02 8.184637717003221269e+02
4.061585988376979761e-02 6.847374261634895447e+02
4.414967757076887489e-02 5.855605964198820175e+02
4.799095809323872946e-02 5.109427489918571155e+02
5.216645251859962362e-02 4.541680810684846392e+02
5.670523941381171856e-02 4.106324926276454335e+02
6.163892735146683094e-02 3.771231424133117116e+02
6.700187503509590081e-02 3.513624548089951531e+02
7.283143057666745246e-02 3.317136725927888392e+02
7.916819159263009664e-02 3.169871582409339226e+02
8.605628792983370523e-02 3.063107598558878522e+02
9.354368899026167805e-02 2.879243259558456884e+02
1.016825377948150644e-01 2.637043030563818320e+02
1.105295141126021452e-01 2.450778041376422038e+02
1.201462291846031316e-01 2.230136108462318418e+02
1.305996547906053407e-01 2.043183770452240822e+02
1.419625896474748517e-01 1.899415051657024378e+02
1.543141663868093649e-01 1.789628694905067903e+02
1.677404026426158323e-01 1.707142682537044323e+02
1.823348000868441343e-01 1.633275613506901038e+02
1.981989955845199214e-01 1.520812399889142057e+02
2.154434690031883926e-01 1.394503841268944200e+02
2.341883126059244868e-01 1.196846200042143948e+02
2.545640673860414815e-01 1.033757400828469315e+02
2.767126321678177181e-01 9.101453332681815311e+01
3.007882518043099584e-01 8.156018677563659480e+01
3.269585913541653843e-01 7.350958357728615056e+01
3.554059037181062641e-01 6.708527426333466792e+01
3.863282988666283391e-01 6.214192248367423588e+01
4.199411234979421037e-01 5.835985181274629241e+01
4.564784607342344258e-01 5.550725834906088352e+01
4.961947603002903051e-01 5.341452989395304485e+01
5.393666105372006969e-01 5.195682260285096277e+01
5.862946645916405908e-01 5.104206810530758531e+01
6.373057341948979992e-01 5.060261000285665745e+01
6.927550656129388695e-01 5.058930359574976876e+01
7.530288136174587699e-01 5.096731225691571154e+01
8.185467307069028697e-01 5.171308931273269138e+01
8.897650903054697968e-01 5.281220005184257360e+01
9.671798642975448779e-01 5.425774758686430488e+01
1.051330177026238655e+00 5.604923907993159560e+01
1.142802059810032578e+00 5.819177801809855310e+01
1.242232532124357691e+00 5.913265876707746571e+01
1.350314037869873474e+00 6.041350264886492738e+01
1.467799267622069692e+00 6.208841105743010758e+01
1.595506400444828943e+00 6.415731744047525353e+01
1.734324801772465507e+00 6.662643567969115566e+01
1.885221217040871311e+00 6.950762555361832540e+01
2.049246504200854080e+00 7.281795458245187547e+01
2.227542951999557541e+00 7.657940523730827920e+01
2.421352234995232777e+00 8.081868884251699114e+01
2.632024060704877488e+00 8.556713745170567620e+01
2.861025569104377997e+00 9.086065382725379891e+01
3.109951549940198401e+00 9.673970793243199751e+01
3.380535549007040341e+00 1.032493759258830863e+02
3.674661940736691612e+00 1.104394239643739297e+02
3.994379051172821438e+00 1.183644435096191074e+02
4.341913422721453308e+00 1.270840468787608302e+02
4.719685320018228047e+00 1.366631315203529766e+02
5.130325584897002855e+00 1.471722194666811845e+02
5.576693957839359506e+00 1.586878754594427505e+02
6.061898993497572441e+00 1.712932042746479908e+02
6.589319708984723967e+00 1.850784255023801563e+02
7.162629115692790371e+00 2.001415228599026932e+02
7.785819798516770085e+00 2.165889650859441247e+02
8.463231720621141818e+00 2.345364963866975359e+02
9.199582447383766848e+00 2.541099959597323732e+02
1.000000000000000000e+01 2.723497958861467509e+02
