1.000000000000000021e-02 9.566078951077508918e+02
1.142802059810032675e-02 6.595587961496230491e+02
1.305996547906053407e-02 4.858194016887353541e+02
1.492495545051829124e-02 3.791018447570666012e+02
1.705626983142527822e-02 3.111103599442731138e+02
1.949194029602852388e-02 2.667909134891357326e+02
2.227542951999557375e-02 2.377377421642084414e+02
2.545640673860415093e-02 2.190665202234951892e+02
2.909163405623881732e-02 2.078517243781671198e+02
3.324597932270941664e-02 1.846228275573921849e+02
3.799357365039405382e-02 1.690034535006773240e+02
4.341913422721453003e-02 1.594600389987091660e+02
4.961947603002903051e-02 1.544844001189894129e+02
5.670523941381171856e-02 1.531553555530042559e+02
6.480286440412508231e-02 1.549233590891057020e+02
7.405684692262434754e-02 1.587821605375357308e+02
8.463231720621142151e-02 1.554572268179783805e+02
9.671798642975443228e-02 1.555644031210888443e+02
1.105295141126021452e-01 1.587015967689999059e+02
1.263133563976838181e-01 1.647106207533249176e+02
1.443511638727918156e-01 1.608320523274198308e+02
1.649648074098020722e-01 1.476190171850778086e+02
1.885221217040871367e-01 1.400030209363516462e+02
2.154434690031883370e-01 8.839382515453401368e+01
2.462092401494625493e-01 5.582203918610542814e+01
2.813684267870688038e-01 3.732103061143788381e+01
3.215484176977705943e-01 2.689747437646018113e+01
3.674661940736689836e-01 2.069945505961999288e+01
4.199411234979421037e-01 1.678450261988485792e+01
4.799095809323873363e-01 1.347357482128741957e+01
5.484416576121018405e-01 1.136358857283500079e+01
6.267602560047386140e-01 1.000029634768538855e+01
7.162629115692786819e-01 9.128737736008464054e+00
8.185467307069028697e-01 8.490124322454031258e+00
9.354368899026167528e-01 7.743507101430276762e+00
1.069019204603001150e+00 7.286984731002172921e+00
1.221677348996791812e+00 7.046365642443795707e+00
1.396135390856794611e+00 6.976608900311396688e+00
1.595506400444828943e+00 7.050868948768932221e+00
1.823348000868440399e+00 7.254247695674310492e+00
2.083725851142959939e+00 7.580152456091372670e+00
2.381286194765587005e+00 8.028154355300481271e+00
2.721338768375308526e+00 7.969740160282496433e+00
3.109951549940198401e+00 7.782948031241699205e+00
3.554059037181064529e+00 7.769774494618927108e+00
4.061585988376979373e+00 7.907199887701191976e+00
4.641588833612777520e+00 8.183182895382740796e+00
5.304417279843931965e+00 8.278308961180835368e+00
6.061898993497572441e+00 7.314549340043825509e+00
6.927550656129392692e+00 6.688643492573424609e+00
7.916819159263009276e+00 5.970100707107502735e+00
9.047357242349303164e+00 5.438478394374410385e+00
1.033933849239399372e+01 5.108524700684208497e+00
1.181581732618100844e+01 4.929610625943619873e+00
1.350314037869873474e+01 4.870678584356165963e+00
1.543141663868093083e+01 4.913055640938251756e+00
1.763505472047138767e+01 5.046296692799987937e+00
2.015337685941733170e+01 5.265733384650349791e+00
2.303132058706995977e+01 5.571019140193888219e+00
2.632024060704877400e+01 5.965278174032889957e+00
3.007882518043098941e+01 6.283520651562208847e+00
3.437414337286242727e+01 6.670760617623620270e+00
3.928284185071254342e+01 7.163931700641989586e+00
4.489251258218607887e+01 7.771069101617852581e+00
5.130325584897003210e+01 8.503339024970003379e+00
5.862946645916402133e+01 9.374939055317090819e+00
6.700187503509590670e+01 1.040308848444449552e+01
7.656988080124196472e+01 1.160808777750656340e+01
8.750421749906803370e+01 1.301345353031014085e+01
1.000000000000000000e+02 1.464615071068079288e+01
