1.000000000000000021e-02 6.040784904568499769e+02
1.105295141126021521e-02 4.735938155219275814e+02
1.221677348996791888e-02 3.842403567364031574e+02
1.350314037869872891e-02 3.215482298881173620e+02
1.492495545051829124e-02 2.767174975914671791e+02
1.649648074098020514e-02 2.442312726653118773e+02
1.823348000868441413e-02 2.205363780435030776e+02
2.015337685941732959e-02 2.032899838047530636e+02
2.227542951999557375e-02 1.909164312495273634e+02
2.462092401494625493e-02 1.823393430678432026e+02
2.721338768375307360e-02 1.768156331336099925e+02
3.007882518043098960e-02 1.738303321464786109e+02
3.324597932270941664e-02 1.730286107620431721e+02
3.674661940736687754e-02 1.741710847217021012e+02
4.061585988376979761e-02 1.771040147599345858e+02
4.489251258218605184e-02 1.817392389299286322e+02
4.961947603002903051e-02 1.880405981202854093e+02
5.484416576121017850e-02 1.960147863842877882e+02
6.061898993497571997e-02 2.057052846207153891e+02
6.700187503509590081e-02 2.171884959305210998e+02
7.405684692262434754e-02 2.305714970573446578e+02
8.185467307069028975e-02 2.459910143711684611e+02
9.047357242349297890e-02 2.230913393855138054e+02
1.000000000000000056e-01 1.925603958855662086e+02
1.105295141126021452e-01 1.703646209239460063e+02
1.221677348996791784e-01 1.541459060644696422e+02
1.350314037869872752e-01 1.423385987004413380e+02
1.492495545051829020e-01 1.338838505936728893e+02
1.649648074098020722e-01 1.280552644830785312e+02
1.823348000868441343e-01 1.237810885727328412e+02
2.015337685941733237e-01 1.015949816307601452e+02
2.227542951999557652e-01 8.584971367943006726e+01
2.462092401494625493e-01 7.449597242493585725e+01
2.721338768375307082e-01 6.622573252161990354e+01
3.007882518043099029e-01 6.018369770307820943e+01
3.324597932270940137e-01 5.579882675558572203e+01
3.674661940736688170e-01 5.268326876910774814e+01
4.061585988376979484e-01 5.057021325860542760e+01
4.489251258218605600e-01 4.774307218138458353e+01
4.961947603002903051e-01 4.570329987727705401e+01
5.484416576121018405e-01 4.442339840102612669e+01
6.061898993497571997e-01 4.378085131606343339e+01
6.700187503509587028e-01 4.369161410938799150e+01
7.405684692262434199e-01 4.409964424907398950e+01
8.185467307069028697e-01 4.496988123311652430e+01
9.047357242349297612e-01 4.628349498212844537e+01
1.000000000000000000e+00 4.803464906844853033e+01
1.105295141126021008e+00 5.022828714826862750e+01
1.221677348996791812e+00 5.287861525424128217e+01
1.350314037869873474e+00 5.600806010137706892e+01
1.492495545051829131e+00 5.964655832174765493e+01
1.649648074098020611e+00 6.383108667461311825e+01
1.823348000868440399e+00 6.860538453568140937e+01
2.015337685941732904e+00 7.401984889775621923e+01
2.227542951999556209e+00 8.013159899231898464e+01
2.462092401494625715e+00 8.700471367662575517e+01
2.721338768375308526e+00 9.471064288581186474e+01
3.007882518043099029e+00 1.033287888359611770e+02
3.324597932270941580e+00 1.129472472002764647e+02
3.674661940736688059e+00 1.236636957237090968e+02
4.061585988376979373e+00 1.355864184970828035e+02
4.489251258218603269e+00 1.488354577958700133e+02
4.961947603002903051e+00 1.635438907571737559e+02
5.484416576121015297e+00 1.798592339776780875e+02
6.061898993497572441e+00 1.979449844963137366e+02
6.700187503509590137e+00 2.179823101666776779e+02
7.405684692262434865e+00 2.401719060791827758e+02
8.185467307069028919e+00 2.619898777539722801e+02
9.047357242349292505e+00 2.856592528684042804e+02
1.000000000000000000e+01 3.119035164862801821e+02
