1.000000000000000021e-02 1.334511279007303301e+03
1.142802059810032675e-02 9.375595115020588537e+02
1.305996547906053407e-02 7.023167812853902205e+02
1.492495545051829124e-02 5.464149409996202849e+02
1.705626983142527822e-02 4.043796039835885381e+02
1.949194029602852388e-02 3.172804264497162876e+02
2.227542951999557375e-02 2.620207627306942300e+02
2.545640673860415093e-02 2.262878334958180915e+02
2.909163405623881732e-02 2.031984562337543707e+02
3.324597932270941664e-02 1.887527578635432803e+02
3.799357365039405382e-02 1.805589332426962415e+02
4.341913422721453003e-02 1.771646395725049672e+02
4.961947603002903051e-02 1.776921439871108532e+02
5.670523941381171856e-02 1.816324220144001629e+02
6.480286440412508231e-02 1.705800927651191614e+02
7.405684692262434754e-02 1.631910885552449031e+02
8.463231720621142151e-02 1.600359582254448583e+02
9.671798642975443228e-02 1.603627157370112286e+02
1.105295141126021452e-01 1.637444152234591002e+02
1.263133563976838181e-01 1.699831807694662302e+02
1.443511638727918156e-01 1.362405095670728770e+02
1.649648074098020722e-01 1.016116338739937959e+02
1.885221217040871367e-01 7.917965921651686756e+01
2.154434690031883370e-01 6.499489644675172428e+01
2.462092401494625493e-01 5.588388223179943992e+01
2.813684267870688038e-01 4.430452111360128242e+01
3.215484176977705943e-01 3.308759530770122836e+01
3.674661940736689836e-01 2.620247511231128001e+01
4.199411234979421037e-01 2.100120253196305953e+01
4.799095809323873363e-01 1.693691605830946401e+01
5.484416576121018405e-01 1.433444870386562187e+01
6.267602560047386140e-01 1.265016713207575449e+01
7.162629115692786819e-01 1.157525180701060386e+01
8.185467307069028697e-01 1.092831045982875970e+01
9.354368899026167528e-01 1.060040729965963102e+01
1.069019204603001150e+00 1.052573025168454635e+01
1.221677348996791812e+00 1.066536648563353573e+01
1.396135390856794611e+00 1.099805928325041293e+01
1.595506400444828943e+00 1.151482938551788671e+01
1.823348000868440399e+00 1.204690541714917096e+01
2.083725851142959939e+00 1.243870895210782557e+01
2.381286194765587005e+00 1.303564484682381774e+01
2.721338768375308526e+00 1.383896951278026144e+01
3.109951549940198401e+00 1.485778066532135000e+01
3.554059037181064529e+00 1.610803004711351250e+01
4.061585988376979373e+00 1.761209040999718312e+01
4.641588833612777520e+00 1.939871819950658605e+01
5.304417279843931965e+00 2.150332168068721472e+01
6.061898993497572441e+00 2.396848469757429001e+01
6.927550656129392692e+00 2.399418443185915706e+01
7.916819159263009276e+00 1.830749894089095875e+01
9.047357242349303164e+00 1.470860857603257443e+01
1.033933849239399372e+01 1.236688911594282025e+01
1.181581732618100844e+01 1.082257993711240829e+01
1.350314037869873474e+01 9.810478842967942370e+00
1.543141663868093083e+01 9.172494402232434396e+00
1.763505472047138767e+01 8.812217402587142701e+00
2.015337685941733170e+01 8.670338479522015973e+00
2.303132058706995977e+01 8.710869222322797256e+00
2.632024060704877400e+01 8.913191632928649355e+00
3.007882518043098941e+01 9.267372182689339155e+00
3.437414337286242727e+01 9.771370393401392462e+00
3.928284185071254342e+01 1.042938284418686834e+01
4.489251258218607887e+01 1.125088429992709216e+01
5.130325584897003210e+01 1.225010053646755637e+01
5.862946645916402133e+01 1.344574716572633122e+01
6.700187503509590670e+01 1.486093631365393897e+01
7.656988080124196472e+01 1.652320701880558573e+01
8.750421749906803370e+01 1.838766321477297438e+01
1.000000000000000000e+02 2.037560908010238592e+01
