3.162277660168379412e-01 1.304631568404045483e+00
3.674661940736689281e-01 8.210297797371052253e-01
4.270067916167659128e-01 5.507612696928998464e-01
4.961947603002903051e-01 3.904070753505141100e-01
5.765932649858945824e-01 2.902611931824395919e-01
6.700187503509588138e-01 2.249439402263304633e-01
7.785819798516769863e-01 1.808064938557012447e-01
9.047357242349296502e-01 1.501818131382037513e-01
1.051330177026238211e+00 1.286054291191338073e-01
1.221677348996791812e+00 1.134000802531047181e-01
1.419625896474748350e+00 1.029227655608751235e-01
1.649648074098020167e+00 9.615160863584579221e-02
1.916940776533455626e+00 9.245471885076783636e-02
2.227542951999557541e+00 9.145828194511430864e-02
2.588472040318300582e+00 9.296831187137906405e-02
3.007882518043099473e+00 9.692145765989267081e-02
3.495250132675474131e+00 1.033534529832628307e-01
4.061585988376979373e+00 1.123816909945409698e-01
4.719685320018228047e+00 1.242010915532793108e-01
5.484416576121017961e+00 1.390909868945802152e-01
6.373057341948979548e+00 1.574286472297395656e-01
7.405684692262434865e+00 1.797053238573695921e-01
8.605628792983365472e+00 2.063052911637137665e-01
1.000000000000000000e+01 2.381577767440644922e-01
1.162030136386260892e+01 2.762046261280630133e-01
1.350314037869872941e+01 3.215794962851624694e-01
1.569105605590211816e+01 3.756382663503440300e-01
1.823348000868441332e+01 4.400072523579240391e-01
2.118785326128771018e+01 5.165984560921934587e-01
2.462092401494625449e+01 6.076953153684369058e-01
2.861025569104377908e+01 7.160010412139278246e-01
3.324597932270941669e+01 8.447174213413035648e-01
3.863282988666283302e+01 9.976321720962839645e-01
4.489251258218602914e+01 1.179216306785373369e+00
5.216645251859961974e+01 1.394726249457548750e+00
6.061898993497572263e+01 1.650303240515477388e+00
7.044109314173721259e+01 1.953065671541879933e+00
8.185467307069029630e+01 2.311199586290740182e+00
9.511759691218703949e+01 2.734064063888419494e+00
1.105295141126021008e+02 3.232333949263864525e+00
1.284386263589742896e+02 3.818198732354864067e+00
1.492495545051829140e+02 4.505626757180159814e+00
1.734324801772463900e+02 5.310695182110536372e+00
2.015337685941733241e+02 6.251982622578363014e+00
2.341883126059243523e+02 7.351023192505987680e+00
2.721338768375305790e+02 8.632825246589257873e+00
3.162277660168379612e+02 1.012646312583998132e+01
3.674661940736688166e+02 1.186575445022129571e+01
4.270067916167655540e+02 1.389003886059617265e+01
4.961947603002902838e+02 1.624507695043572753e+01
5.765932649858943932e+02 1.747211002202344332e+01
6.700187503509590670e+02 1.836075239448055285e+01
7.785819798516770334e+02 1.956774996461505012e+01
9.047357242349293074e+02 2.110773672191871242e+01
1.051330177026238516e+03 2.300688663010864232e+01
1.221677348996791807e+03 2.530216019602560706e+01
1.419625896474747606e+03 2.804127044960448245e+01
1.649648074098020743e+03 3.128318971670826798e+01
1.916940776533455619e+03 3.509910089162018920e+01
2.227542951999556408e+03 3.957374804258477496e+01
2.588472040318301424e+03 4.480717482761835413e+01
3.007882518043099026e+03 5.091686302154111132e+01
3.495250132675475925e+03 5.804030188487372754e+01
4.061585988376979458e+03 6.633803479522647706e+01
4.719685320018227685e+03 7.599724418332652931e+01
5.484416576121015169e+03 8.723595048809708885e+01
6.373057341948973772e+03 1.003079163812805632e+02
7.405684692262441786e+03 1.155083645625527851e+02
8.605628792983370658e+03 1.331806365640890135e+02
1.000000000000000000e+04 1.537239417822673033e+02
