3.162277660168379134e-02 1.372929427265404229e+03
3.530417660538831548e-02 1.048431848522697919e+03
3.941415080287675315e-02 8.091093898375664821e+02
4.400259212602089520e-02 6.417962148593218217e+02
4.912520184673455081e-02 5.284288784136007280e+02
5.484416576121017850e-02 4.498527644108702361e+02
6.122890909288016686e-02 3.945683311169235026e+02
6.835693927822929228e-02 3.554484946661505660e+02
7.631478686643580756e-02 3.247584941089086215e+02
8.519905595487022032e-02 2.956374058661788808e+02
9.511759691218703294e-02 2.753675428967848688e+02
1.061908156252536900e-01 2.541123490683751243e+02
1.185531351634873803e-01 2.303727847004759610e+02
1.323546276044391679e-01 1.901753564123333717e+02
1.477628358301314171e-01 1.624034217270400688e+02
1.649648074098020167e-01 1.430339601166310786e+02
1.841693652593244523e-01 1.257400886092326999e+02
2.056096426419194712e-01 7.868009908914734751e+01
2.295459132837373295e-01 5.218555107592846554e+01
2.562687509604298919e-01 3.666907507521793974e+01
2.861025569104377331e-01 2.715659971150054375e+01
3.194094978959385878e-01 2.109110664422508563e+01
3.565939027174543918e-01 1.709453004172180357e+01
3.981071705534971472e-01 1.439223884463018877e+01
4.444532507099246965e-01 1.220432363959006317e+01
4.961947603002900276e-01 1.063700602371971726e+01
5.539598141226161898e-01 9.546378091304923430e+00
6.184496496437186241e-01 8.791952427133910675e+00
6.904471396543906403e-01 8.284141696556039491e+00
7.708262959346177112e-01 7.964750036837424219e+00
8.605628792983366360e-01 7.795565956677555697e+00
9.607462448181176562e-01 7.751513579441839497e+00
1.072592566024592520e+00 7.816443702348112588e+00
1.197459598615466358e+00 7.980496063117548999e+00
1.336863162897809154e+00 8.238421848474221321e+00
1.492495545051829131e+00 8.588508573215653641e+00
1.666246040597821887e+00 9.031892960112354984e+00
1.860223889453220592e+00 9.572130730394796672e+00
2.076783880999303999e+00 9.487939483079617986e+00
2.318554939989653896e+00 9.251011932035662966e+00
2.588472040318300138e+00 9.163517339295239594e+00
2.889811834063971574e+00 9.205838163040054312e+00
3.226232428328361657e+00 9.365676742218980166e+00
3.601817792738369217e+00 9.636137455264774943e+00
4.021127336696125987e+00 1.001447865005649440e+01
4.489251258218603269e+00 1.050130297118206713e+01
5.011872336272719330e+00 1.110004264058253831e+01
5.595334916732480401e+00 1.181664920646650607e+01
6.246721929411505947e+00 1.265942984938871874e+01
6.973940871117343399e+00 1.363899281491387505e+01
7.785819798516762091e+00 1.476827773378978037e+01
8.692214496115088451e+00 1.606265531841270189e+01
9.704128120312613959e+00 1.754008687349088902e+01
1.083384477195432360e+01 1.776917631919504004e+01
1.209507861887348312e+01 1.588279109738664197e+01
1.350314037869872230e+01 1.454780572437504738e+01
1.507512318293853681e+01 1.362084348614939167e+01
1.683011007863576580e+01 1.300694671032716343e+01
1.878940568655332299e+01 1.264256195748469835e+01
2.097679482810011820e+01 1.248511081424610225e+01
2.341883126059243736e+01 1.242442433639591393e+01
2.614516002594537980e+01 1.227499855571885945e+01
2.918887732593875128e+01 1.230093287274696756e+01
3.258693229275402814e+01 1.248488501154543684e+01
3.638057553206641614e+01 1.281689404393721610e+01
4.061585988376975820e+01 1.329265748230752564e+01
4.534419947930706485e+01 1.391239438194543254e+01
5.062299388226948338e+01 1.468009239897467388e+01
5.651632488900333584e+01 1.560300946949834078e+01
6.309573444801932851e+01 1.669134817186315800e+01
