1.000000000000000021e-02 9.582435504774069841e+02
1.142802059810032675e-02 6.614796181399368606e+02
1.305996547906053407e-02 4.881032774339923321e+02
1.492495545051829124e-02 3.818389186852901389e+02
1.705626983142527822e-02 3.144014302044071201e+02
1.949194029602852388e-02 2.707461866381484015e+02
2.227542951999557375e-02 2.424758395423471029e+02
2.545640673860415093e-02 2.247140238516637396e+02
2.909163405623881732e-02 2.134880610484223951e+02
3.324597932270941664e-02 1.901271884286720706e+02
3.799357365039405382e-02 1.648478735745250674e+02
4.341913422721453003e-02 1.377633508295797640e+02
4.961947603002903051e-02 1.201397698654041761e+02
5.670523941381171856e-02 1.087285940452112243e+02
6.480286440412508231e-02 1.016251510299162533e+02
7.405684692262434754e-02 9.768414994732411571e+01
8.463231720621142151e-02 9.620994832080559434e+01
9.671798642975443228e-02 9.678679866690103495e+01
1.105295141126021452e-01 9.918395809469494395e+01
1.263133563976838181e-01 1.033028753602614955e+02
1.443511638727918156e-01 1.091490319499738746e+02
1.649648074098020722e-01 1.168181576147503051e+02
1.885221217040871367e-01 1.151087473397707015e+02
2.154434690031883370e-01 9.756471302249552480e+01
2.462092401494625493e-01 8.593082640947383766e+01
2.813684267870688038e-01 7.860101368413070588e+01
3.215484176977705943e-01 5.892421133990357163e+01
3.674661940736689836e-01 4.038053650272677686e+01
4.199411234979421037e-01 2.963088455320987435e+01
4.799095809323873363e-01 2.308525255891080974e+01
5.484416576121018405e-01 1.895033828277079024e+01
6.267602560047386140e-01 1.627893660283499244e+01
7.162629115692786819e-01 1.454618519960744294e+01
8.185467307069028697e-01 1.344946742196231071e+01
9.354368899026167528e-01 1.280895641479948388e+01
1.069019204603001150e+00 1.251587940428412082e+01
1.221677348996791812e+00 1.250450667316887099e+01
1.396135390856794611e+00 1.273645793332771348e+01
1.595506400444828943e+00 1.319166669391264612e+01
1.823348000868440399e+00 1.386308467323730831e+01
2.083725851142959939e+00 1.475356858287651285e+01
2.381286194765587005e+00 1.587409133462949207e+01
2.721338768375308526e+00 1.715414313013942760e+01
3.109951549940198401e+00 1.717870367309719626e+01
3.554059037181064529e+00 1.752567883717314601e+01
4.061585988376979373e+00 1.817147651846832090e+01
4.641588833612777520e+00 1.910876507935634550e+01
5.304417279843931965e+00 2.034283798524882414e+01
6.061898993497572441e+00 2.188953606314779066e+01
6.927550656129392692e+00 2.377418118768856914e+01
7.916819159263009276e+00 2.603120165770025807e+01
9.047357242349303164e+00 2.352750849995079463e+01
1.033933849239399372e+01 1.921967338589966090e+01
1.181581732618100844e+01 1.639761409165015849e+01
1.350314037869873474e+01 1.453481837847297697e+01
1.543141663868093083e+01 1.332372615008644523e+01
1.763505472047138767e+01 1.257924990746013982e+01
2.015337685941733170e+01 1.218790653404810698e+01
2.303132058706995977e+01 1.170926421100304538e+01
2.632024060704877400e+01 1.137751337083669334e+01
3.007882518043098941e+01 1.130555646286776827e+01
3.437414337286242727e+01 1.145663332920273803e+01
3.928284185071254342e+01 1.181076252959821105e+01
4.489251258218607887e+01 1.235990370813900796e+01
5.130325584897003210e+01 1.310502745035444860e+01
5.862946645916402133e+01 1.405432240721154180e+01
6.700187503509590670e+01 1.522210003818872970e+01
7.656988080124196472e+01 1.662815384110578165e+01
8.750421749906803370e+01 1.829745011171234736e+01
1.000000000000000000e+02 2.026009506764615509e+01
