3.162277660168379412e-01 1.304678370039061397e+00
3.674661940736689281e-01 8.211645831437768273e-01
4.270067916167659128e-01 5.510943559911648526e-01
4.961947603002903051e-01 3.911274911987529523e-01
5.765932649858945824e-01 2.916493079513993725e-01
6.700187503509588138e-01 2.273646758661280187e-01
7.785819798516769863e-01 1.846833854822709509e-01
9.047357242349296502e-01 1.559625097482698342e-01
1.051330177026238211e+00 1.367339878742936665e-01
1.221677348996791812e+00 1.243070149576835232e-01
1.419625896474748350e+00 1.170337291124305679e-01
1.649648074098020167e+00 1.139068205713512083e-01
1.916940776533455626e+00 1.143288292798282646e-01
2.227542951999557541e+00 1.179747877402859829e-01
2.588472040318300582e+00 1.247106057151528002e-01
3.007882518043099473e+00 1.345487841559664943e-01
3.495250132675474131e+00 1.476299475351917911e-01
4.061585988376979373e+00 1.642203829536446058e-01
4.719685320018228047e+00 1.847177188722250729e-01
5.484416576121017961e+00 2.095044758023710818e-01
6.373057341948979548e+00 2.392793216384069832e-01
7.405684692262434865e+00 2.749747756793073372e-01
8.605628792983365472e+00 3.176424563527198708e-01
1.000000000000000000e+01 3.685478553747583708e-01
1.162030136386260892e+01 4.292044411919554991e-01
1.350314037869872941e+01 5.014345813242107042e-01
1.569105605590211816e+01 5.873610932207140589e-01
1.823348000868441332e+01 6.895366457030721596e-01
2.118785326128771018e+01 8.109782458054303200e-01
2.462092401494625449e+01 9.552597831831822761e-01
2.861025569104377908e+01 1.126611996071093857e+00
3.324597932270941669e+01 1.330039773970522754e+00
3.863282988666283302e+01 1.571457791072696786e+00
4.489251258218602914e+01 1.857842193603904235e+00
5.216645251859961974e+01 2.197390896800974325e+00
6.061898993497572263e+01 2.599681625146843533e+00
7.044109314173721259e+01 3.075821030642347687e+00
8.185467307069029630e+01 3.638592172753142506e+00
9.511759691218703949e+01 4.302624825645056994e+00
1.105295141126021008e+02 5.084622210210826054e+00
1.284386263589742896e+02 6.003672971261025282e+00
1.492495545051829140e+02 7.081663245975724941e+00
1.734324801772463900e+02 8.343790546211025116e+00
2.015337685941733241e+02 9.819175688180447281e+00
2.341883126059243523e+02 1.154157142332400632e+01
2.721338768375305790e+02 1.355017319508823981e+01
3.162277660168379612e+02 1.589054499777524931e+01
3.674661940736688166e+02 1.861567982901141960e+01
4.270067916167655540e+02 2.178721946501598694e+01
4.961947603002902838e+02 2.547686276198606947e+01
5.765932649858943932e+02 2.956086169236974470e+01
6.700187503509590670e+02 3.120603088497604460e+01
7.785819798516770334e+02 3.338821083134031653e+01
9.047357242349293074e+02 3.613790860040325725e+01
1.051330177026238516e+03 3.950438367169159193e+01
1.221677348996791807e+03 4.355479214131450760e+01
1.419625896474747606e+03 4.837442531702861714e+01
1.649648074098020743e+03 5.406779255389209027e+01
1.916940776533455619e+03 6.076041703423995699e+01
2.227542951999556408e+03 6.857461145720256468e+01
2.588472040318301424e+03 7.760038068231251884e+01
3.007882518043099026e+03 8.813967289491617407e+01
3.495250132675475925e+03 1.004295946803153186e+02
4.061585988376979458e+03 1.147470820982359072e+02
4.719685320018227685e+03 1.314150795047307838e+02
5.484416576121015169e+03 1.508097803512133055e+02
6.373057341948973772e+03 1.733690868429438012e+02
7.405684692262441786e+03 1.996024749532430747e+02
8.605628792983370658e+03 2.301024844467723085e+02
1.000000000000000000e+04 2.655580912420016375e+02
