3.162277660168379134e-02 1.017650684766975587e+03
3.530417660538831548e-02 7.825238704360891688e+02
3.941415080287675315e-02 6.266320129479018988e+02
4.400259212602089520e-02 5.203373559851831942e+02
4.912520184673455081e-02 4.463256849521952176e+02
5.484416576121017850e-02 3.941173696400847462e+02
6.122890909288016686e-02 3.571707155037758525e+02
6.835693927822929228e-02 3.312944253499825891e+02
7.631478686643580756e-02 2.568262149681270898e+02
8.519905595487022032e-02 2.039736633114012534e+02
9.511759691218703294e-02 1.681344280955675003e+02
1.061908156252536900e-01 1.433110242323278669e+02
1.185531351634873803e-01 1.258989476859180030e+02
1.323546276044391679e-01 1.136684588767977857e+02
1.477628358301314171e-01 1.052087503921788425e+02
1.649648074098020167e-01 9.961322855283218303e+01
1.841693652593244523e-01 9.629459061659952113e+01
2.056096426419194712e-01 9.487191342384045356e+01
2.295459132837373295e-01 8.962970495191984810e+01
2.562687509604298919e-01 6.037237638055231770e+01
2.861025569104377331e-01 4.194078974632719792e+01
3.194094978959385878e-01 3.073740937657821704e+01
3.565939027174543918e-01 2.363784205335199928e+01
3.981071705534971472e-01 1.897831849311165797e+01
4.444532507099246965e-01 1.583308865420556266e+01
4.961947603002900276e-01 1.366636273438745164e+01
5.539598141226161898e-01 1.215697368743464146e+01
6.184496496437186241e-01 1.110638984456614331e+01
6.904471396543906403e-01 1.023075544059786779e+01
7.708262959346177112e-01 9.136718871011337839e+00
8.605628792983366360e-01 8.371497902870533636e+00
9.607462448181176562e-01 7.847452596660203561e+00
1.072592566024592520e+00 7.507270970998083826e+00
1.197459598615466358e+00 7.313033046388504488e+00
1.336863162897809154e+00 7.239612178598913594e+00
1.492495545051829131e+00 7.270597282136338713e+00
1.666246040597821887e+00 7.395721906035695348e+00
1.860223889453220592e+00 7.609218299601958613e+00
2.076783880999303999e+00 7.908754028165155603e+00
2.318554939989653896e+00 8.294744894189969742e+00
2.588472040318300138e+00 8.769917401501688303e+00
2.889811834063971574e+00 9.339041593083315718e+00
3.226232428328361657e+00 1.000878434245609583e+01
3.601817792738369217e+00 1.078765160271288615e+01
4.021127336696125987e+00 1.168599994564186773e+01
4.489251258218603269e+00 1.271610538885387776e+01
5.011872336272719330e+00 1.389228247619688617e+01
5.595334916732480401e+00 1.523104979256106617e+01
6.246721929411505947e+00 1.675134021314260835e+01
6.973940871117343399e+00 1.847475567320199019e+01
7.785819798516762091e+00 2.042586741247716375e+01
8.692214496115088451e+00 2.263256369464435025e+01
9.704128120312613959e+00 2.512644803045257547e+01
1.083384477195432360e+01 2.316181784059611104e+01
1.209507861887348312e+01 2.040071453852162264e+01
1.350314037869872230e+01 1.844011127016763041e+01
1.507512318293853681e+01 1.706039550791945203e+01
1.683011007863576580e+01 1.611738545628667651e+01
1.878940568655332299e+01 1.551503184353821396e+01
2.097679482810011820e+01 1.518891180341604930e+01
2.341883126059243736e+01 1.509600655650645962e+01
2.614516002594537980e+01 1.520823887808690600e+01
2.918887732593875128e+01 1.512852521618214219e+01
3.258693229275402814e+01 1.477601393557556619e+01
3.638057553206641614e+01 1.465533198513169744e+01
4.061585988376975820e+01 1.473733782230686451e+01
4.534419947930706485e+01 1.500382656870626796e+01
5.062299388226948338e+01 1.544469804975165594e+01
5.651632488900333584e+01 1.605607461019118887e+01
6.309573444801932851e+01 1.683903651272321866e+01
