1.000000000000000021e-02 1.563833461135788866e+03
1.142802059810032675e-02 1.132091298191836813e+03
1.305996547906053407e-02 7.814033744427404145e+02
1.492495545051829124e-02 5.745906843502669972e+02
1.705626983142527822e-02 4.476700301156807313e+02
1.949194029602852388e-02 3.668609550494323344e+02
2.227542951999557375e-02 3.142041896401142935e+02
2.545640673860415093e-02 2.796789174048736299e+02
2.909163405623881732e-02 2.574660186777119293e+02
3.324597932270941664e-02 2.295110029551253774e+02
3.799357365039405382e-02 2.061279269182527401e+02
4.341913422721453003e-02 1.912625307709078868e+02
4.961947603002903051e-02 1.825966383086347662e+02
5.670523941381171856e-02 1.787132153880275496e+02
6.480286440412508231e-02 1.787511107584274157e+02
7.405684692262434754e-02 1.822096592925684604e+02
8.463231720621142151e-02 1.888370624589417162e+02
9.671798642975443228e-02 1.985693373847674366e+02
1.105295141126021452e-01 2.115036937112462851e+02
1.263133563976838181e-01 1.985501255303628056e+02
1.443511638727918156e-01 1.480716408057045896e+02
1.649648074098020722e-01 1.126374825453892043e+02
1.885221217040871367e-01 9.064996068189371670e+01
2.154434690031883370e-01 5.942098003938232864e+01
2.462092401494625493e-01 2.987217000050061344e+01
2.813684267870688038e-01 1.667855536537843619e+01
3.215484176977705943e-01 1.023626629294564161e+01
3.674661940736689836e-01 6.836462638580141693e+00
4.199411234979421037e-01 4.919663017982900399e+00
4.799095809323873363e-01 3.778871272588168129e+00
5.484416576121018405e-01 3.071446076294280569e+00
6.267602560047386140e-01 2.621242487519599873e+00
7.162629115692786819e-01 2.332941320597173629e+00
8.185467307069028697e-01 2.152694823752825837e+00
9.354368899026167528e-01 2.049059827243748799e+00
1.069019204603001150e+00 2.003306958853551034e+00
1.221677348996791812e+00 2.004281253762856263e+00
1.396135390856794611e+00 2.045574811218142663e+00
1.595506400444828943e+00 2.123925090604671162e+00
1.823348000868440399e+00 2.238290148796922896e+00
2.083725851142959939e+00 2.389313460808259570e+00
2.381286194765587005e+00 2.579022891248091476e+00
2.721338768375308526e+00 2.810677353507672116e+00
3.109951549940198401e+00 3.088711975411779331e+00
3.554059037181064529e+00 3.418753445692653603e+00
4.061585988376979373e+00 3.807689334791873659e+00
4.641588833612777520e+00 4.263782544364642213e+00
5.304417279843931965e+00 4.796826746831824195e+00
6.061898993497572441e+00 5.418341870117487247e+00
6.927550656129392692e+00 6.041226430106259926e+00
7.916819159263009276e+00 5.586499688600874869e+00
9.047357242349303164e+00 5.053516860066793015e+00
1.033933849239399372e+01 4.717925675517906647e+00
1.181581732618100844e+01 4.528431177741341074e+00
1.350314037869873474e+01 4.453556592951466442e+00
1.543141663868093083e+01 4.474247107216434927e+00
1.763505472047138767e+01 4.579614189609978681e+00
2.015337685941733170e+01 4.764434407085087919e+00
2.303132058706995977e+01 5.027665053109550364e+00
2.632024060704877400e+01 5.371571400484206116e+00
3.007882518043098941e+01 5.801236613329046499e+00
3.437414337286242727e+01 6.324320997821381241e+00
3.928284185071254342e+01 6.950989076766950880e+00
4.489251258218607887e+01 7.693949662048378713e+00
5.130325584897003210e+01 8.568567326542549267e+00
5.862946645916402133e+01 9.593013255710735265e+00
6.700187503509590670e+01 1.078843721639371545e+01
7.656988080124196472e+01 1.217916250552326396e+01
8.750421749906803370e+01 1.379292677437955383e+01
1.000000000000000000e+02 1.566120427205251531e+01
