1.000000000000000021e-02 1.053626983075670523e+03
1.142802059810032675e-02 7.338515347421703154e+02
1.305996547906053407e-02 5.452919664882249435e+02
1.492495545051829124e-02 4.287322508379148758e+02
1.705626983142527822e-02 3.541330567601405619e+02
1.949194029602852388e-02 3.053874149905028048e+02
2.227542951999557375e-02 2.734422190124745384e+02
2.545640673860415093e-02 2.530089823366696464e+02
2.909163405623881732e-02 2.409079021719956302e+02
3.324597932270941664e-02 2.351954905841258778e+02
3.799357365039405382e-02 2.346864840599812680e+02
4.341913422721453003e-02 2.354960247510284717e+02
4.961947603002903051e-02 1.962770626033086216e+02
5.670523941381171856e-02 1.705742519569620299e+02
6.480286440412508231e-02 1.537727575716200477e+02
7.405684692262434754e-02 1.431522043721506066e+02
8.463231720621142151e-02 1.370705283623670709e+02
9.671798642975443228e-02 1.345312046058222393e+02
1.105295141126021452e-01 1.349487482321441405e+02
1.263133563976838181e-01 1.380225635732620901e+02
1.443511638727918156e-01 1.265540801924214946e+02
1.649648074098020722e-01 1.164297879205037560e+02
1.885221217040871367e-01 1.107385694653963100e+02
2.154434690031883370e-01 6.006176579280287342e+01
2.462092401494625493e-01 3.491950900785525391e+01
2.813684267870688038e-01 2.223306969082037199e+01
3.215484176977705943e-01 1.535284361977890200e+01
3.674661940736689836e-01 1.138697260242129339e+01
4.199411234979421037e-01 8.985737825207472440e+00
4.799095809323873363e-01 7.478904807492344986e+00
5.484416576121018405e-01 6.514990536050429881e+00
6.267602560047386140e-01 5.900715809876945883e+00
7.162629115692786819e-01 5.525528939050126986e+00
8.185467307069028697e-01 5.324341844850190242e+00
9.354368899026167528e-01 5.258299459887870064e+00
1.069019204603001150e+00 5.304454239871803090e+00
1.221677348996791812e+00 5.450029855917631672e+00
1.396135390856794611e+00 5.689148774412570830e+00
1.595506400444828943e+00 6.020937221187343091e+00
1.823348000868440399e+00 6.448432938130691738e+00
2.083725851142959939e+00 6.977982716348162029e+00
2.381286194765587005e+00 7.618954909300788891e+00
2.721338768375308526e+00 8.383667470432271784e+00
3.109951549940198401e+00 9.287474419561172922e+00
3.554059037181064529e+00 1.027331788597269302e+01
4.061585988376979373e+00 7.871941794255045366e+00
4.641588833612777520e+00 6.349579002589646137e+00
5.304417279843931965e+00 5.358916430455630930e+00
6.061898993497572441e+00 4.707048920945724468e+00
6.927550656129392692e+00 4.282429098228992537e+00
7.916819159263009276e+00 4.018479486779391152e+00
9.047357242349303164e+00 3.874621137732475518e+00
1.033933849239399372e+01 3.825977782996626164e+00
1.181581732618100844e+01 3.857592428553902497e+00
1.350314037869873474e+01 3.961086632422953446e+00
1.543141663868093083e+01 4.132692793073918125e+00
1.763505472047138767e+01 4.372087078940839255e+00
2.015337685941733170e+01 4.681707197649659591e+00
2.303132058706995977e+01 5.066376163889734663e+00
2.632024060704877400e+01 5.533128667358923281e+00
3.007882518043098941e+01 5.925767407433037981e+00
3.437414337286242727e+01 6.351106564103027985e+00
3.928284185071254342e+01 6.877625044270208043e+00
4.489251258218607887e+01 7.514930844191880510e+00
5.130325584897003210e+01 8.275443477969915307e+00
5.862946645916402133e+01 9.174403801629694044e+00
6.700187503509590670e+01 1.022994000297540929e+01
7.656988080124196472e+01 1.146318014740880109e+01
8.750421749906803370e+01 1.289842490009040077e+01
1.000000000000000000e+02 1.456340743324789777e+01
