3.162277660168379412e-01 1.304720175608066191e+00
3.674661940736689281e-01 8.212638364393380908e-01
4.270067916167659128e-01 5.512988414940378501e-01
4.961947603002903051e-01 3.915007952181301376e-01
5.765932649858945824e-01 2.922646451222916664e-01
6.700187503509588138e-01 2.282964490223791665e-01
7.785819798516769863e-01 1.860003932774666469e-01
9.047357242349296502e-01 1.577256446568910675e-01
1.051330177026238211e+00 1.389986305749958684e-01
1.221677348996791812e+00 1.271280902195109364e-01
1.419625896474748350e+00 1.204707670239793804e-01
1.649648074098020167e+00 1.180272739357061396e-01
1.916940776533455626e+00 1.192095779459290822e-01
2.227542951999557541e+00 1.237033446520650198e-01
2.588472040318300582e+00 1.313881013922232055e-01
3.007882518043099473e+00 1.422958290909366041e-01
3.495250132675474131e+00 1.565947215283421401e-01
4.061585988376979373e+00 1.745873654973110201e-01
4.719685320018228047e+00 1.967041212444478326e-01
5.484416576121017961e+00 2.232997353663560003e-01
6.373057341948979548e+00 2.552951999003413297e-01
7.405684692262434865e+00 2.936237999043549429e-01
8.605628792983365472e+00 3.394166119432356354e-01
1.000000000000000000e+01 3.940319678462377850e-01
1.162030136386260892e+01 4.591041019906630938e-01
1.350314037869872941e+01 5.365551146903531077e-01
1.569105605590211816e+01 6.286846545639629413e-01
1.823348000868441332e+01 7.382166351511798563e-01
2.118785326128771018e+01 8.683795277294548143e-01
2.462092401494625449e+01 9.713085026537073841e-01
2.861025569104377908e+01 1.084909230820309656e+00
3.324597932270941669e+01 1.223056933510249911e+00
3.863282988666283302e+01 1.389577546041990574e+00
4.489251258218602914e+01 1.589133464532498152e+00
5.216645251859961974e+01 1.827312913624844493e+00
6.061898993497572263e+01 2.110722102395191424e+00
7.044109314173721259e+01 2.447074307217982803e+00
8.185467307069029630e+01 2.845281775093722043e+00
9.511759691218703949e+01 3.315569007151946579e+00
1.105295141126021008e+02 3.869631395669824503e+00
1.284386263589742896e+02 4.520858175192770112e+00
1.492495545051829140e+02 5.284627808150232475e+00
1.734324801772463900e+02 6.178674859809516917e+00
2.015337685941733241e+02 7.223524503467166014e+00
2.341883126059243523e+02 8.442993519200301833e+00
2.721338768375305790e+02 9.864762062975620083e+00
3.162277660168379612e+02 1.152102601726081943e+01
3.674661940736688166e+02 1.344924426239038873e+01
4.270067916167655540e+02 1.569299873009233970e+01
4.961947603002902838e+02 1.830298808802264787e+01
5.765932649858943932e+02 2.133817885915144785e+01
6.700187503509590670e+02 2.486714107590293565e+01
7.785819798516770334e+02 2.896959944726167890e+01
9.047357242349293074e+02 3.260533597629121516e+01
1.051330177026238516e+03 3.555377932629877336e+01
1.221677348996791807e+03 3.911484253922910881e+01
1.419625896474747606e+03 4.336269343795934361e+01
1.649648074098020743e+03 4.838888388932752349e+01
1.916940776533455619e+03 5.430384090108234574e+01
2.227542951999556408e+03 6.123897103133171527e+01
2.588472040318301424e+03 6.934936209165475418e+01
3.007882518043099026e+03 7.881710237135284558e+01
3.495250132675475925e+03 8.985526575489589618e+01
4.061585988376979458e+03 1.027126351565114533e+02
4.719685320018227685e+03 1.176792591849484211e+02
5.484416576121015169e+03 1.350929595773060043e+02
6.373057341948973772e+03 1.553469309409804566e+02
7.405684692262441786e+03 1.788986007122639137e+02
8.605628792983370658e+03 2.062799468603589048e+02
1.000000000000000000e+04 2.381095045858521928e+02
