3.162277660168379134e-02 8.383182811092335669e+02
3.437414337286241045e-02 7.092435308878337992e+02
3.736489516721269721e-02 6.127371440838554690e+02
4.061585988376979761e-02 5.396487664963636917e+02
4.414967757076887489e-02 4.837615271695300407e+02
4.799095809323872946e-02 4.372700160776698226e+02
5.216645251859962362e-02 3.709784922989842357e+02
5.670523941381171856e-02 3.213671876792881790e+02
6.163892735146683094e-02 2.837782107023423350e+02
6.700187503509590081e-02 2.550408618311863620e+02
7.283143057666745246e-02 2.329567819443199710e+02
7.916819159263009664e-02 2.159765418133605976e+02
8.605628792983370523e-02 2.029922841650739542e+02
9.354368899026167805e-02 1.932022192793215538e+02
1.016825377948150644e-01 1.860204987021588465e+02
1.105295141126021452e-01 1.810162856188017599e+02
1.201462291846031316e-01 1.778719432686324353e+02
1.305996547906053407e-01 1.763539515164189595e+02
1.419625896474748517e-01 1.762924322684013418e+02
1.543141663868093649e-01 1.605041165177741505e+02
1.677404026426158323e-01 1.447271331116067472e+02
1.823348000868441343e-01 1.305022159228008718e+02
1.981989955845199214e-01 1.195556006039567762e+02
2.154434690031883926e-01 1.111386350983336087e+02
2.341883126059244868e-01 1.010903582614454166e+02
2.545640673860414815e-01 9.102627257571113262e+01
2.767126321678177181e-01 8.328214676075123180e+01
3.007882518043099584e-01 7.692890147399786827e+01
3.269585913541653843e-01 7.024858937010694149e+01
3.554059037181062641e-01 6.510898086186162459e+01
3.863282988666283391e-01 6.117832492623487894e+01
4.199411234979421037e-01 5.821598895063242196e+01
4.564784607342344258e-01 5.604586206854485653e+01
4.961947603002903051e-01 5.453830281126157331e+01
5.393666105372006969e-01 5.359770840060785702e+01
5.862946645916405908e-01 5.315384282649048941e+01
6.373057341948979992e-01 5.315571706514919725e+01
6.927550656129388695e-01 5.356722792010319267e+01
7.530288136174587699e-01 5.436402618395273123e+01
8.185467307069028697e-01 5.553125634218422135e+01
8.897650903054697968e-01 5.706192298014794062e+01
9.671798642975448779e-01 5.895571443168878289e+01
1.051330177026238655e+00 6.121816516641873562e+01
1.142802059810032578e+00 6.377339939685035830e+01
1.242232532124357691e+00 6.553853566141101794e+01
1.350314037869873474e+00 6.771914799921327699e+01
1.467799267622069692e+00 7.032175285747656801e+01
1.595506400444828943e+00 7.335884590311867726e+01
1.734324801772465507e+00 7.684845873455205378e+01
1.885221217040871311e+00 8.081387949680662075e+01
2.049246504200854080e+00 8.528349743876538014e+01
2.227542951999557541e+00 8.977943004626150980e+01
2.421352234995232777e+00 9.068638737847646780e+01
2.632024060704877488e+00 9.222399274662089397e+01
2.861025569104377997e+00 9.437127108977556134e+01
3.109951549940198401e+00 9.711900340359433415e+01
3.380535549007040341e+00 1.004678553578676343e+02
3.674661940736691612e+00 1.044269984546378822e+02
3.994379051172821438e+00 1.090131095403815920e+02
4.341913422721453308e+00 1.142496684065372961e+02
4.719685320018228047e+00 1.201664956224385747e+02
5.130325584897002855e+00 1.267994873778405065e+02
5.576693957839359506e+00 1.341905137769717271e+02
6.061898993497572441e+00 1.423874537634579269e+02
6.589319708984723967e+00 1.514443450314839197e+02
7.162629115692790371e+00 1.614216316855032005e+02
7.785819798516770085e+00 1.723864964106577133e+02
8.463231720621141818e+00 1.844132675995159616e+02
9.199582447383766848e+00 1.975838952090748251e+02
1.000000000000000000e+01 2.119884920302829698e+02
