3.162277660168379412e-01 1.304633353254073036e+00
3.674661940736689281e-01 8.210374384821944593e-01
4.270067916167659128e-01 5.507876370661985987e-01
4.961947603002903051e-01 3.904821225404476737e-01
5.765932649858945824e-01 2.904424594187575703e-01
6.700187503509588138e-01 2.253241645190205145e-01
7.785819798516769863e-01 1.815136297713638158e-01
9.047357242349296502e-01 1.513701332699952384e-01
1.051330177026238211e+00 1.304416989209979116e-01
1.221677348996791812e+00 1.160516798643650288e-01
1.419625896474748350e+00 1.065529353282212432e-01
1.649648074098020167e+00 1.009223804386255446e-01
1.916940776533455626e+00 9.853414691755466026e-02
2.227542951999557541e+00 9.902758051909468784e-02
2.588472040318300582e+00 1.022264562555457446e-01
3.007882518043099473e+00 1.080882714592811128e-01
3.495250132675474131e+00 1.166749380670640407e-01
4.061585988376979373e+00 1.281411591089826330e-01
4.719685320018228047e+00 1.427364979837357772e-01
5.484416576121017961e+00 1.608156868619665392e-01
6.373057341948979548e+00 1.828523935661214017e-01
7.405684692262434865e+00 2.092225664482207093e-01
8.605628792983365472e+00 2.408293557482648894e-01
1.000000000000000000e+01 2.786111591740406124e-01
1.162030136386260892e+01 3.236906738960698693e-01
1.350314037869872941e+01 3.774122737076312517e-01
1.569105605590211816e+01 4.413894534615522280e-01
1.823348000868441332e+01 5.175206254412080265e-01
2.118785326128771018e+01 6.080731288326698403e-01
2.462092401494625449e+01 7.157319123862866395e-01
2.861025569104377908e+01 8.436781229578231844e-01
3.324597932270941669e+01 9.956777856263777648e-01
3.863282988666283302e+01 1.176184313045057550e+00
4.489251258218602914e+01 1.390452911892896548e+00
5.216645251859961974e+01 1.644660919947290356e+00
6.061898993497572263e+01 1.946025528602052690e+00
7.044109314173721259e+01 2.302913788981643783e+00
8.185467307069029630e+01 2.724950782818591932e+00
9.511759691218703949e+01 3.223145132106990829e+00
1.105295141126021008e+02 3.810057843952108225e+00
1.284386263589742896e+02 4.500036465131834085e+00
1.492495545051829140e+02 5.309525511088593497e+00
1.734324801772463900e+02 6.257453982926585390e+00
2.015337685941733241e+02 7.365696658183597201e+00
2.341883126059243523e+02 8.659607826076094028e+00
2.721338768375305790e+02 1.016863141602415510e+01
3.162277660168379612e+02 1.192699727572483859e+01
3.674661940736688166e+02 1.397451831415899903e+01
4.270067916167655540e+02 1.635750717452455305e+01
4.961947603002902838e+02 1.912983445283930095e+01
5.765932649858943932e+02 2.235415373648886117e+01
6.700187503509590670e+02 2.610332230446091017e+01
7.785819798516770334e+02 3.046205047993104742e+01
9.047357242349293074e+02 3.552881754050397944e+01
1.051330177026238516e+03 4.141809791318694067e+01
1.221677348996791807e+03 4.826294824447407450e+01
1.419625896474747606e+03 5.603970545509576340e+01
1.649648074098020743e+03 6.270849646750723849e+01
1.916940776533455619e+03 7.054165790816009007e+01
2.227542951999556408e+03 7.971381107861408566e+01
2.588472040318301424e+03 9.043049299842816424e+01
3.007882518043099026e+03 1.029326075764814874e+02
3.495250132675475925e+03 1.175017335929220508e+02
4.061585988376979458e+03 1.344663913810830138e+02
4.719685320018227685e+03 1.542093976422045785e+02
5.484416576121015169e+03 1.771764662835977049e+02
6.373057341948973772e+03 2.038862439041394623e+02
7.405684692262441786e+03 2.349420027048195436e+02
8.605628792983370658e+03 2.710452522360909029e+02
1.000000000000000000e+04 3.130115755626737837e+02
