1.000000000000000021e-02 7.323291072348283706e+02
1.105295141126021521e-02 5.683241015987214269e+02
1.221677348996791888e-02 4.568861540294807355e+02
1.350314037869872891e-02 3.791924816025114069e+02
1.492495545051829124e-02 3.239011730742864188e+02
1.649648074098020514e-02 2.839601066816617276e+02
1.823348000868441413e-02 2.548602337822746335e+02
2.015337685941732959e-02 2.336470454764908879e+02
2.227542951999557375e-02 2.183437834775381816e+02
2.462092401494625493e-02 2.076053710769329825e+02
2.721338768375307360e-02 2.005054254579859219e+02
3.007882518043098960e-02 1.964021212056419756e+02
3.324597932270941664e-02 1.948519564154333636e+02
3.674661940736687754e-02 1.955533101578616026e+02
4.061585988376979761e-02 1.876514055628424558e+02
4.489251258218605184e-02 1.815711638149238922e+02
4.961947603002903051e-02 1.781733634668161130e+02
5.484416576121017850e-02 1.770706840593706772e+02
6.061898993497571997e-02 1.780009221321984114e+02
6.700187503509590081e-02 1.807942392739178672e+02
7.405684692262434754e-02 1.853511411901623944e+02
8.185467307069028975e-02 1.916275920382338427e+02
9.047357242349297890e-02 1.780992106428229533e+02
1.000000000000000056e-01 1.599593304207421340e+02
1.105295141126021452e-01 1.467245265661324254e+02
1.221677348996791784e-01 1.371794858178832044e+02
1.350314037869872752e-01 1.304943089099501492e+02
1.492495545051829020e-01 1.260959849060310773e+02
1.649648074098020722e-01 1.180473315606277680e+02
1.823348000868441343e-01 1.024537372869319114e+02
2.015337685941733237e-01 8.348123119930802716e+01
2.227542951999557652e-01 7.007358246138670665e+01
2.462092401494625493e-01 6.043556315192956419e+01
2.721338768375307082e-01 5.342761421134053990e+01
3.007882518043099029e-01 4.830823708628093271e+01
3.324597932270940137e-01 4.458445622955404986e+01
3.674661940736688170e-01 4.192259484789013868e+01
4.061585988376979484e-01 4.009367864222608802e+01
4.489251258218605600e-01 3.893925182296035103e+01
4.961947603002903051e-01 3.834952541716069163e+01
5.484416576121018405e-01 3.824915035213471981e+01
6.061898993497571997e-01 3.858780885077786138e+01
6.700187503509587028e-01 3.933391474646701624e+01
7.405684692262434199e-01 4.047036019890609282e+01
8.185467307069028697e-01 4.199163497014473023e+01
9.047357242349297612e-01 4.390188151070810818e+01
1.000000000000000000e+00 4.621359540413975964e+01
1.105295141126021008e+00 4.894677228201155827e+01
1.221677348996791812e+00 5.212836169725421342e+01
1.350314037869873474e+00 5.579193024599273087e+01
1.492495545051829131e+00 5.997746944909881961e+01
1.649648074098020611e+00 6.443665057540303565e+01
1.823348000868440399e+00 6.776744260128350561e+01
2.015337685941732904e+00 7.169663392158268778e+01
2.227542951999556209e+00 7.625684197375296947e+01
2.462092401494625715e+00 8.148881343986626291e+01
2.721338768375308526e+00 8.744122224993319037e+01
3.007882518043099029e+00 9.417074171352898304e+01
3.324597932270941580e+00 1.017423430119557679e+02
3.674661940736688059e+00 1.102297817377477571e+02
4.061585988376979373e+00 1.197162433903666567e+02
4.489251258218603269e+00 1.302951279396706923e+02
4.961947603002903051e+00 1.420709622552632538e+02
5.484416576121015297e+00 1.551604368097089548e+02
6.061898993497572441e+00 1.696935692917942617e+02
6.700187503509590137e+00 1.858150026140694990e+02
7.405684692262434865e+00 2.036854484844721185e+02
8.185467307069028919e+00 2.234832905508719136e+02
9.047357242349292505e+00 2.454063634357612500e+02
1.000000000000000000e+01 2.696739260266134579e+02
