3.162277660168379134e-02 1.415208268627425696e+03
3.437414337286241045e-02 1.104715754156675530e+03
3.736489516721269721e-02 8.864054062623990831e+02
4.061585988376979761e-02 7.294626773078515498e+02
4.414967757076887489e-02 6.144355018121996181e+02
4.799095809323872946e-02 5.287329822929201555e+02
5.216645251859962362e-02 4.640158775971913769e+02
5.670523941381171856e-02 4.146437486474127354e+02
6.163892735146683094e-02 3.767281589359764098e+02
6.700187503509590081e-02 3.475421949887142432e+02
7.283143057666745246e-02 3.251443814983009588e+02
7.916819159263009664e-02 3.081344182246400010e+02
8.605628792983370523e-02 2.954916289425707419e+02
9.354368899026167805e-02 2.864663061717396317e+02
1.016825377948150644e-01 2.681655463785586448e+02
1.105295141126021452e-01 2.423753792456114127e+02
1.201462291846031316e-01 2.225260864416047184e+02
1.305996547906053407e-01 2.072702137780883618e+02
1.419625896474748517e-01 1.956388104544979001e+02
1.543141663868093649e-01 1.744611217232568094e+02
1.677404026426158323e-01 1.536474345720804138e+02
1.823348000868441343e-01 1.369389146101244137e+02
1.981989955845199214e-01 1.216092527783798829e+02
2.154434690031883926e-01 1.098511410403210675e+02
2.341883126059244868e-01 1.008008567636725274e+02
2.545640673860414815e-01 9.384510159401916951e+01
2.767126321678177181e-01 8.854260569315636076e+01
3.007882518043099584e-01 8.457239395586078956e+01
3.269585913541653843e-01 8.169907103387875225e+01
3.554059037181062641e-01 7.974916457030757044e+01
3.863282988666283391e-01 7.859477539152939585e+01
4.199411234979421037e-01 7.814213354297324088e+01
4.564784607342344258e-01 7.832349861110448330e+01
4.961947603002903051e-01 7.909137349233927239e+01
5.393666105372006969e-01 7.626623602537607383e+01
5.862946645916405908e-01 7.394608443434242417e+01
6.373057341948979992e-01 7.242471724202350458e+01
6.927550656129388695e-01 7.159743060223158295e+01
7.530288136174587699e-01 7.138773594472685602e+01
8.185467307069028697e-01 7.174082332850672117e+01
8.897650903054697968e-01 7.261887595071880241e+01
9.671798642975448779e-01 7.399769117756585501e+01
1.051330177026238655e+00 7.586423675291102597e+01
1.142802059810032578e+00 7.821488599138717746e+01
1.242232532124357691e+00 7.931610432511298825e+01
1.350314037869873474e+00 7.980873156273059976e+01
1.467799267622069692e+00 8.087739815105244645e+01
1.595506400444828943e+00 8.249762468793281300e+01
1.734324801772465507e+00 8.465687453122069428e+01
1.885221217040871311e+00 8.735269613438799752e+01
2.049246504200854080e+00 9.059137504321958545e+01
2.227542951999557541e+00 9.438695875617683839e+01
2.421352234995232777e+00 9.805776033639170919e+01
2.632024060704877488e+00 9.930353115094428063e+01
2.861025569104377997e+00 1.012241842212983443e+02
3.109951549940198401e+00 1.038016663773146888e+02
3.380535549007040341e+00 1.070297946348818385e+02
3.674661940736691612e+00 1.109124451679712990e+02
3.994379051172821438e+00 1.154622310382394659e+02
4.341913422721453308e+00 1.206995589969965721e+02
4.719685320018228047e+00 1.266519865007626606e+02
5.130325584897002855e+00 1.333538205364908151e+02
5.576693957839359506e+00 1.408459136081033307e+02
6.061898993497572441e+00 1.491756219003568162e+02
6.589319708984723967e+00 1.583968979415104457e+02
7.162629115692790371e+00 1.685704960647046278e+02
7.785819798516770085e+00 1.797642741372971500e+02
8.463231720621141818e+00 1.920535795835526187e+02
9.199582447383766848e+00 2.055217117049098761e+02
1.000000000000000000e+01 2.202604556922938457e+02
