1.000000000000000021e-02 1.332366644745981603e+03
1.105295141126021521e-02 1.015157028056021431e+03
1.221677348996791888e-02 8.026111955483449947e+02
1.350314037869872891e-02 6.561279085588728321e+02
1.492495545051829124e-02 5.435813932316883665e+02
1.649648074098020514e-02 4.301905079429558327e+02
1.823348000868441413e-02 3.520270053504855241e+02
2.015337685941732959e-02 2.969076750259741289e+02
2.227542951999557375e-02 2.573579778021756965e+02
2.462092401494625493e-02 2.286561207889921263e+02
2.721338768375307360e-02 2.077411371654110610e+02
3.007882518043098960e-02 1.925838264320118469e+02
3.324597932270941664e-02 1.818137555655275150e+02
3.674661940736687754e-02 1.744921887596809711e+02
4.061585988376979761e-02 1.699705040067937887e+02
4.489251258218605184e-02 1.677999890396148430e+02
4.961947603002903051e-02 1.676732667166785404e+02
5.484416576121017850e-02 1.693856370289375377e+02
6.061898993497571997e-02 1.728092339822570693e+02
6.700187503509590081e-02 1.778756026341563938e+02
7.405684692262434754e-02 1.845639254025468574e+02
8.185467307069028975e-02 1.928931208078468273e+02
9.047357242349297890e-02 1.947523132022084269e+02
1.000000000000000056e-01 1.934992954611313110e+02
1.105295141126021452e-01 1.944687261782280245e+02
1.221677348996791784e-01 1.974750408982275474e+02
1.350314037869872752e-01 1.961612780810218055e+02
1.492495545051829020e-01 1.594970225025255104e+02
1.649648074098020722e-01 1.336400555826247398e+02
1.823348000868441343e-01 1.150787533045202480e+02
2.015337685941733237e-01 1.015915832123308036e+02
2.227542951999557652e-01 9.173709865654844009e+01
2.462092401494625493e-01 8.455914545354538348e+01
2.721338768375307082e-01 7.941162452816124073e+01
3.007882518043099029e-01 7.585161443923543345e+01
3.324597932270940137e-01 7.357264220343414252e+01
3.674661940736688170e-01 7.236212990826480507e+01
4.061585988376979484e-01 6.562494357726106387e+01
4.489251258218605600e-01 6.028850096294706162e+01
4.961947603002903051e-01 5.644861286685436141e+01
5.484416576121018405e-01 5.377371038244272228e+01
6.061898993497571997e-01 5.203459183153922396e+01
6.700187503509587028e-01 5.107227484927115313e+01
7.405684692262434199e-01 5.077715119112281172e+01
8.185467307069028697e-01 5.107524277997250550e+01
9.047357242349297612e-01 5.191900986477481439e+01
1.000000000000000000e+00 5.328112987503808995e+01
1.105295141126021008e+00 5.515024421270970834e+01
1.221677348996791812e+00 5.752802441293669489e+01
1.350314037869873474e+00 6.042713271401686370e+01
1.492495545051829131e+00 6.386979910837320773e+01
1.649648074098020611e+00 6.788683767967644656e+01
1.823348000868440399e+00 7.251699529690841928e+01
2.015337685941732904e+00 7.780657318291284241e+01
2.227542951999556209e+00 8.380929063708796889e+01
2.462092401494625715e+00 9.058637400019688357e+01
2.721338768375308526e+00 9.820685740779352102e+01
3.007882518043099029e+00 1.067480801116586804e+02
3.324597932270941580e+00 1.162963626288329380e+02
3.674661940736688059e+00 1.269478435259790388e+02
4.061585988376979373e+00 1.388094611783692756e+02
4.489251258218603269e+00 1.520000698357769977e+02
4.961947603002903051e+00 1.666516856029325311e+02
5.484416576121015297e+00 1.829108643371801577e+02
6.061898993497572441e+00 2.009402191977922598e+02
6.700187503509590137e+00 2.209200903189463077e+02
7.405684692262434865e+00 2.430503828357605300e+02
8.185467307069028919e+00 2.675525924823451760e+02
9.047357242349292505e+00 2.946720404778511693e+02
1.000000000000000000e+01 3.238251776265566377e+02
