1.000000000000000021e-02 1.106388595665155663e+03
1.142802059810032675e-02 7.712940821058900838e+02
1.305996547906053407e-02 5.469661852324959455e+02
1.492495545051829124e-02 4.129230049115573138e+02
1.705626983142527822e-02 3.292346332907599162e+02
1.949194029602852388e-02 2.753341420078040187e+02
2.227542951999557375e-02 2.400497211836140821e+02
2.545640673860415093e-02 2.170346378550586053e+02
2.909163405623881732e-02 2.025509248094211330e+02
3.324597932270941664e-02 1.943397203370581110e+02
3.799357365039405382e-02 1.910197116676351357e+02
4.341913422721453003e-02 1.917544455205404006e+02
4.961947603002903051e-02 1.960624884920047180e+02
5.670523941381171856e-02 1.915967749436626093e+02
6.480286440412508231e-02 1.708550374155394422e+02
7.405684692262434754e-02 1.575394874236107228e+02
8.463231720621142151e-02 1.495827800657706064e+02
9.671798642975443228e-02 1.457305371147214714e+02
1.105295141126021452e-01 1.452369627974312607e+02
1.263133563976838181e-01 1.477005309754760844e+02
1.443511638727918156e-01 1.369667506632527818e+02
1.649648074098020722e-01 1.105467371011559266e+02
1.885221217040871367e-01 9.373703609135634451e+01
2.154434690031883370e-01 8.312457162328925619e+01
2.462092401494625493e-01 5.682653286094403455e+01
2.813684267870688038e-01 3.191249386122591503e+01
3.215484176977705943e-01 1.969747106866837782e+01
3.674661940736689836e-01 1.321940837246088840e+01
4.199411234979421037e-01 9.547505209692268124e+00
4.799095809323873363e-01 7.350141395126226662e+00
5.484416576121018405e-01 5.979941687081598012e+00
6.267602560047386140e-01 5.102821448492299794e+00
7.162629115692786819e-01 4.537203771600025526e+00
8.185467307069028697e-01 4.180026596744175649e+00
9.354368899026167528e-01 3.970800980033999839e+00
1.069019204603001150e+00 3.873284619065390899e+00
1.221677348996791812e+00 3.865726599899260929e+00
1.396135390856794611e+00 3.935478851953258861e+00
1.595506400444828943e+00 4.075929816683879992e+00
1.823348000868440399e+00 4.284724774119291979e+00
2.083725851142959939e+00 4.562728707061917355e+00
2.381286194765587005e+00 4.913436333484843210e+00
2.721338768375308526e+00 5.342664380991937634e+00
3.109951549940198401e+00 5.858431912000372499e+00
3.554059037181064529e+00 6.470974188368693092e+00
4.061585988376979373e+00 7.192858665852744693e+00
4.641588833612777520e+00 5.319594426581560676e+00
5.304417279843931965e+00 3.822800310548824854e+00
6.061898993497572441e+00 2.910501839807239755e+00
6.927550656129392692e+00 2.332715871204163793e+00
7.916819159263009276e+00 1.956970609303028130e+00
9.047357242349303164e+00 1.709674007109724947e+00
1.033933849239399372e+01 1.548286766750475829e+00
1.181581732618100844e+01 1.447435434377321029e+00
1.350314037869873474e+01 1.391665206582897829e+00
1.543141663868093083e+01 1.371505705768050198e+00
1.763505472047138767e+01 1.381261569231936326e+00
2.015337685941733170e+01 1.417737043129707830e+00
2.303132058706995977e+01 1.479485502999372315e+00
2.632024060704877400e+01 1.566364895601651375e+00
3.007882518043098941e+01 1.679278137838893903e+00
3.437414337286242727e+01 1.820029514667955484e+00
3.928284185071254342e+01 1.991255986639445918e+00
4.489251258218607887e+01 2.196406959910107481e+00
5.130325584897003210e+01 2.439753743285507870e+00
5.862946645916402133e+01 2.726415114921316274e+00
6.700187503509590670e+01 3.062391313164360529e+00
7.656988080124196472e+01 3.454606234467497927e+00
8.750421749906803370e+01 3.910964862280553067e+00
1.000000000000000000e+02 4.440436984419315003e+00
