6.331357101659727427e+00
1.171308741488656580e+01
6.823922501717725630e+00
1.306653064061234026e+01
1.554525673413238351e+01
4.481976337684156597e+00
1.502101953726278638e-01
1.093818095510721200e+01
5.534165222308855547e+00
1.559744968710782054e+01
6.537652282117950797e+00
1.112036032896428850e+01
6.054026538895255882e+00
2.321513361361447758e-01
5.713029795268490751e+00
1.442459872747619221e+00
1.423490452997691236e+01
9.725287190456080921e+00
6.014537489408591675e+00
1.842373123320810713e-01
1.982146776944070932e-01
1.610045450816212664e+01
5.787845862713445477e+00
6.211519209195043523e+00
2.197045462448848241e+00
4.074227965110544858e+00
7.358832020444287636e+00
5.771777259329441634e+00
2.185034040101180519e+00
8.670638859421956113e+00
3.142732812869720060e+00
5.665778182868779211e+00
2.502029780771305445e-01
5.813989122783401520e+00
8.146712139074683279e+00
6.504286900782880743e+00
5.903604381306360338e+00
1.623511206446524469e+01
1.610816133650866533e+01
5.717515096911854222e+00
6.526647210691756129e+00
7.647563135756013430e+00
1.402853570557740959e+01
6.575080072872526493e+00
1.897100665609236358e+01
3.556792336644446495e-01
6.049182427069764501e+00
8.456386715397909981e-01
5.511975873001667026e+00
7.449490066460747073e+00
5.820741103789009330e+00
1.062979270432604373e-01
1.085186194761972445e+01
5.926518490708426512e+00
5.464307495304367102e+00
1.270020371456844366e+01
5.908382217187317487e+00
6.053242482287578774e+00
4.078754581588290407e+00
5.902852278340901648e+00
2.104746392614396555e+00
6.658065293083967440e+00
1.979013574785015450e+01
6.407422834996611805e+00
9.976598830120889660e-01
3.931109887446852635e+00
1.290245056108883759e+01
3.346749488908537629e+00
1.901786300234532590e+01
1.648570383023356101e+01
5.397997654945076107e+00
5.744304312563495607e+00
5.485428387293240782e+00
5.006391549572930089e+00
6.219817322490733602e+00
1.801564928834131507e+01
1.426502538668928677e-01
6.064693616967504752e+00
1.126881376636492682e+01
6.168140230620808850e+00
1.493605220376764819e+01
7.178094302572156415e+00
5.791881014543509565e+00
1.040080694813577367e+01
6.410110107609212626e+00
6.854707748899789621e+00
6.040240576438508313e+00
5.365945782559980337e+00
6.017083170833730676e+00
8.382092545115185089e+00
5.421736567421233666e+00
6.361464549089016707e+00
1.955031257464772132e+00
1.735817430885241708e-01
6.015794635095021547e+00
6.028247283057623918e+00
1.788365412436978552e+00
7.438189874586674577e+00
1.352826100821408772e+01
2.192824736192456048e-01
2.374933525936977041e+00
1.541637343779804503e+01
5.484297322030053046e+00
1.567333220087728241e-01
1.828007672656932669e+01
6.811136002477521600e+00
5.563022036685186578e+00
1.590643434407092160e-01
5.404447453499732212e+00
1.434937380831005083e-01
1.614564347972336478e+01
1.129460462636159335e+01
1.461848346667920184e+00
6.689784773909588367e+00
6.129678673566904656e+00
1.264079859678455975e+01
5.923913525758119469e+00
5.610144593886129627e+00
6.522461773492461035e+00
6.195094514835752797e+00
1.372187478712580244e+01
1.062278612607356543e+01
1.379278316405097726e+01
1.078274904808194795e-01
1.613914473047049469e+01
3.184485935078629759e-01
3.765116001183441696e+00
1.106301469082992917e+01
1.989982552612713784e-01
1.181791178573172313e-01
6.231947120279841101e+00
3.964497490499417909e-01
1.478410210464713614e+01
2.030976295053218417e-01
3.848422610184398351e+00
6.901152952782858563e+00
5.927241005618078873e+00
3.359526220257599505e+00
1.304167136254356762e+01
4.852532333830551714e+00
1.424620375651721815e+01
1.872861687272344611e+01
6.803789218349074019e+00
6.760281680972260787e+00
2.469409924006966961e-01
1.743385317024337766e+01
8.790930945838455912e+00
7.220206748469342184e-01
1.176445579444772571e-01
1.619679519032554182e+01
5.530766852223507613e+00
1.433407112511950210e+01
2.933488935906618966e+00
5.847761289983153254e+00
1.364399385742790116e+01
1.364503156455560529e+01
1.665406492700900642e+01
7.099157341188528036e+00
6.184501165532895861e+00
6.394959598872251405e+00
2.386206409296355857e-01
1.299395354991599483e+01
1.987539573535277881e+01
8.117438810732988230e+00
1.305643200548703142e-01
6.132812970139410957e+00
1.077480416531314589e+01
1.539321703840126898e-01
6.069737208015805408e+00
6.253444432880436388e+00
6.188771354578922690e+00
4.491526083231603295e+00
5.957230381252753837e+00
1.749986542455557625e+01
6.606600992708141717e+00
7.576517771355593567e+00
6.268328002646780028e+00
1.466522247953436220e-01
1.872492329328274974e-01
3.391068588473923118e+00
1.764353032746973682e+01
7.427767492449615538e+00
6.048626867074304414e+00
9.210992817414124900e+00
1.992001456058640940e+01
1.659655740427931292e+01
1.349174563083470879e+01
1.114542701414947962e-01
5.979632395288837721e+00
6.819222224780507879e+00
1.349979015534257698e+00
1.066736226382920094e+01
2.884732548163521648e-01
1.855955635742288501e-01
6.949003978928445235e+00
6.604310228935659666e+00
1.481911056312606334e+01
1.792133894457656140e+01
3.634634076771118494e+00
6.368388314034245212e+00
1.384620501240016921e+01
5.622577575994115229e+00
1.997193994102339687e+01
6.259831160394011995e+00
1.507858762208128311e+01
1.623680233024471775e+01
1.905279609590015610e+01
8.528198425068170607e+00
1.731022839246794398e-01
1.660574033193757293e+00
5.257581993218872540e+00
1.210085188952924007e+01
6.019302719956825420e+00
8.024244898511209811e+00
6.952151512790059940e+00
2.700374623921779627e+00
1.896411617451375164e+01
5.103867632823210876e+00
5.431840185121390441e+00
1.325598680100173787e+01
1.261335415211721767e+01
5.635851878566357165e+00
1.825569408248102210e-01
5.216042241622495190e+00
1.311441869849845432e+01
1.431126220127081083e+01
5.303544540850553268e+00
5.990168541989963735e+00
6.639794837440476272e+00
1.298756689285676946e-01
2.157676394948476073e+00
6.014521585757236721e+00
1.679466450567914038e+01
1.758808804219910371e+01
7.058767768214606164e+00
5.718332642228236118e+00
5.340766828976818204e+00
6.358222575046091229e+00
6.131174448575346325e+00
1.195814397763196091e+01
5.849320732470784101e+00
1.544270954761733261e+00
1.380825589473878878e+01
1.211619010485029069e+00
8.068114750068051677e-01
9.573737006039566566e+00
4.419759909740221815e+00
6.871754372553075640e+00
1.362072930974130847e-01
1.494813183821886993e-01
7.850413996122031612e+00
5.445466607054673780e+00
5.562880785474816570e+00
1.794446206054562154e+01
6.866209310153708500e+00
5.052283290621707224e+00
6.629834715353292829e+00
5.811740535471747293e+00
6.725765833038871433e-01
2.441657128009205036e-01
8.685795176478567470e+00
1.020214713340657653e+01
6.875043814571569989e+00
2.949246750013967411e-01
6.384009428960827570e+00
1.417523641415964697e+01
1.969579332146888007e+01
5.563001228525094710e+00
1.413545601861876666e-01
1.662929016617170674e+01
7.087184165000985914e+00
1.163053413257722157e+00
4.710776876838159488e+00
9.931321769577897030e+00
1.868366834637139151e+00
1.523231606518585224e+01
6.184671334361976136e+00
6.213301818843377511e+00
5.586949068560642218e+00
5.351020943545805153e+00
4.951140070229156365e+00
2.428192005545550369e+00
5.916595313233664832e+00
1.553447433578695858e+01
5.951270008900115371e+00
5.800190083352087633e+00
7.064573655179351874e+00
6.290988541832843062e+00
1.446844940944849256e+01
1.065831320274437832e+00
3.840072458240553210e+00
7.090894464102978079e-01
1.506827868666208126e+01
1.667638660418438334e+01
6.154957665633591368e+00
6.473002678080964856e+00
9.822025768147927494e+00
8.148736466946980173e+00
5.457190743232724905e+00
9.523211722073776642e+00
1.809611234953755954e+01
1.796826719722645649e+01
1.982107061365971257e+00
6.432831172142599918e+00
5.852806050957088502e+00
6.971948835222701923e+00
5.661363194649739583e+00
5.903816617665762045e+00
6.807261185918074275e+00
6.119381095545771920e+00
5.946127852719856222e+00
3.414549194758274009e+00
7.254267295311964681e+00
4.100664704237726887e+00
6.851030833159404976e-01
5.245324615121559120e+00
1.249963155033155182e+01
1.250685017959906276e+01
6.586881712149880386e+00
5.744483553431946277e+00
5.409329467020477900e+00
7.414560001008282164e+00
6.452846947022528923e+00
1.398160205376235976e-01
1.812790052855444145e+01
1.429146421267544476e+01
2.260744860029196002e-01
1.147049693841263895e+01
1.158744492278724181e+01
1.856855760053753812e+01
1.287627608217108488e+01
1.483328495835459648e+01
5.776652039926748472e+00
2.293427973912827988e-01
6.527639246583697208e+00
1.143852588623104904e-01
5.907024239207544269e+00
6.585641251266596718e+00
7.012334533150670346e+00
5.393795308171100089e+00
1.216419773766712620e-01
3.997819207786513784e-01
1.103553121934439929e+01
4.805485942934114796e+00
1.693695421247145916e+01
6.483050016213607769e+00
1.803641284476734441e+01
2.434857617605966362e-01
1.973362773846195073e-01
3.900276439121611372e+00
1.380972534727115608e+01
6.366130860220142296e+00
6.645294244040804266e+00
7.167334782318629749e+00
1.959596771580521812e+00
6.156140407658906355e+00
5.449295675125347849e+00
5.884162699832743648e+00
1.435273865882028266e-01
4.042165921847433729e+00
5.906757171753969970e+00
8.291306308016395121e+00
6.492944983588660790e+00
6.215446383845551814e+00
5.705264232942096392e+00
6.496953790911629056e+00
5.937367934796230706e+00
6.689543651728431684e+00
6.401008819232269609e+00
5.577048274076988221e+00
1.724679347636364213e+01
5.643978185707348771e+00
2.737062873864936074e-01
1.052514942648543894e-01
6.973035614964612883e+00
9.810384384574318162e+00
6.119893671199664098e+00
5.783300985120642501e+00
5.472817270011088198e+00
5.246044216183734399e+00
5.851698618061456081e+00
1.463690315207137083e+01
8.102398583977461044e+00
5.918954846245325641e+00
6.561627865520207159e+00
4.896407693444458253e+00
7.583686233465997129e-01
5.291831320363784563e+00
9.987755255132132248e+00
1.841177749628868554e+01
5.708797227824648601e+00
1.719161489891634886e+01
1.039395572118624544e+00
7.041707056359949313e+00
5.281671979852235133e+00
6.126646194030504589e+00
6.570282321983030194e+00
5.535124913880956399e+00
9.668564270449090614e+00
1.593891886127402380e+01
5.974963572482660190e+00
8.814833170203748125e+00
3.460824866745615846e+00
1.179148005978078473e+01
5.438933614178196763e+00
1.354728104941768940e+01
1.336255646802617747e+01
4.383868228055253224e-01
6.579887460557348078e+00
7.266600411526838776e+00
8.299907605727870674e+00
1.386421508116679191e-01
6.409189973515680094e+00
5.702442422715890302e+00
6.274752677949980040e+00
6.891345464634656359e+00
1.832240008544755483e+01
5.117229973663424580e+00
6.750113959239309125e+00
6.434321032657359218e+00
1.579336641520192686e+01
1.689889657528599543e+00
6.057059045557860344e+00
9.225942723881749075e+00
5.578756858115833772e+00
5.464158153658375205e+00
6.989274967319719423e+00
5.978824313568511961e+00
3.381863306972453742e+00
1.801931532301950156e+01
1.718449183552989723e+01
1.663033072030166082e+01
5.147784670546147190e+00
6.493425994009985658e+00
5.946547706622292928e+00
1.877853239970781729e+01
5.745186857334272368e+00
7.080642444488361775e+00
1.043287137636552941e+01
1.769535399827683042e-01
1.859759430128403324e+01
1.233126573209657195e+01
6.047319810268050766e+00
9.847858154708823974e+00
8.538375928495847589e+00
1.319507223435659427e+01
6.215548338527986161e+00
1.542966209828364299e+01
1.655379164501473044e+00
1.142327803893020272e-01
1.544870055272162535e-01
5.644675863031468843e+00
5.063704024833174167e+00
5.604589821611737577e+00
1.574989378528927730e+01
1.245743334205449671e+01
7.740859288845308939e+00
1.112170612204343279e+01
4.246040601448295426e+00
6.388413966702689351e+00
6.722925263482933289e+00
3.388618166657221042e+00
5.489450163090475066e+00
6.435444764253934302e+00
5.567366060449353782e+00
3.572549388881167687e+00
1.092152248519499547e-01
3.275025396977423231e+00
5.919422093536787166e+00
1.689634351768098597e+01
5.450286739765790145e+00
1.980744593508727647e+01
7.598629269282665133e-01
6.580396766701137601e+00
5.973234659112231171e+00
3.333105019718568540e-01
7.091455423366756605e+00
5.483497641128781908e+00
5.765863559605615585e+00
5.371920406204869103e+00
3.978609570215214664e+00
1.427165898263253463e-01
6.665772957055045467e+00
1.569813153937011374e-01
1.182381273575954594e+01
6.426852315820168471e+00
5.843147271833075251e+00
6.034573657914879874e+00
6.087094037184757056e+00
4.579058480516907004e+00
1.502454793890431439e+01
8.596774329688789962e+00
3.342236709676380091e+00
6.021184505716444590e+00
6.466393572797488609e+00
5.772464810707936600e+00
1.032509872114871774e-01
7.639700634507445853e-01
1.392164149462918055e-01
2.066735852184820310e-01
5.066497394910393304e+00
6.078803413066353301e+00
1.393020083844343837e+01
5.790630133100252763e+00
2.468459214322897000e-01
1.403624908839306329e+01
1.605461484441804698e-01
6.554580466128523852e+00
5.413927718595137328e+00
6.225594825468848903e+00
6.210940585833148120e+00
2.620666006827386818e-01
1.921823370548914767e+01
1.637757554259171400e+01
6.482873930888979785e+00
4.912352059021679374e+00
1.228298374139600568e+01
5.841972101708123866e+00
5.851978844333010521e+00
1.462607358020007631e+01
1.008922109992403393e-01
1.372833037144054025e+01
1.404945945560601750e+01
1.116585360012068051e+01
6.359520770779708343e+00
1.670801854351606863e+01
6.811851696482414731e+00
6.784521117956052727e+00
1.493328224926884751e+01
4.250831321095897564e-01
5.360551831823637592e+00
4.766753518810710410e+00
5.119148168930814258e+00
5.656728316002182844e+00
6.423903734555326039e+00
6.697894230789478875e+00
1.770787320573354151e+01
1.578361007300206065e-01
9.896511624726539225e+00
1.580991110995311111e+01
6.099086787274597299e+00
2.420760056945386041e-01
3.219016158837714858e+00
2.665443278320789311e-01
4.707855236188096093e+00
4.498648229451698732e+00
1.750119148915733613e-01
1.088103211830140915e-01
3.671184050438057955e+00
1.736294525580736803e+01
3.768775375339651568e+00
4.560994348719631830e+00
3.543964929605127878e-01
5.342394721502885524e+00
9.154028832000381755e+00
1.168729543552813155e+01
6.004673205031800798e+00
9.503111270287169177e+00
1.367387134815367666e+01
1.476446079897851260e-01
1.503983242041589996e+01
6.941323709950209420e+00
4.508316267357924012e+00
1.914324753926393896e+01
5.726865867171390789e+00
6.904271357740884518e+00
4.891504873435516210e+00
1.854760785802556811e+01
6.555719533318653980e+00
5.330933244687204642e+00
7.256334691170007289e+00
5.383925659259271690e+00
5.891485489810642129e+00
6.596344527542711056e+00
1.463869277945465974e+01
9.076544814785401982e+00
1.216372297634747213e+01
1.284835010268124122e+01
5.968918046132909438e+00
6.216299305895222282e+00
4.863027935250588740e+00
4.874838264543269517e+00
1.244616053993457783e+01
5.656757697540864882e+00
2.097469959730892675e-01
7.522688043312149908e+00
8.638789554313083485e+00
6.274179096515434040e+00
2.363668567896711981e+00
3.424818638227250300e+00
2.523533943299311466e-01
1.456724895264339681e-01
6.404481078123552606e+00
1.927222610672735925e+01
5.599771668353390019e+00
9.596394705738836350e+00
1.916701428916007188e+01
3.441856074434407331e-01
6.289175575615648661e+00
1.394408298594374429e+01
6.673940993514564823e+00
3.007916081660097163e+00
5.870400707653333328e+00
2.297158277915586910e-01
2.579208923919931173e-01
2.526586059185451649e-01
1.090081339260536453e+01
5.170513367948188055e+00
5.638395810329613234e+00
1.129164515295772730e+01
2.225836024828519721e-01
8.954998879944152890e+00
1.055578394056452929e+01
1.547561979123303466e+01
5.830044417302461923e+00
5.457247469882765323e+00
6.522500837428719223e+00
6.278550164990627458e+00
1.695720670465785673e+01
1.124022214315517215e-01
7.409962437605555508e+00
5.639199738319449651e+00
4.906781280778458876e-01
1.740383040661902569e+01
1.046944656425621112e+01
1.507285374024578317e+01
5.975337200410313798e+00
5.193801033859775096e+00
7.804114098060299654e+00
1.104470056293605923e-01
1.372969348284175384e-01
5.577048503170747296e+00
5.940585288228898975e+00
6.236072432135475907e+00
1.013781754724602108e-01
6.870881895941815642e+00
1.011894000056710041e+01
1.013155071964395720e-01
6.047557032475643801e+00
6.721655806903116037e+00
1.263591090182612231e-01
1.507940293567483536e+01
5.615479751177283596e+00
6.097781253246062683e+00
5.937274160693663205e+00
1.066196652532211964e+01
8.937494746745903162e-01
6.103722044652928780e+00
1.574196939300943576e+01
4.465718533455822481e+00
4.153685075341496891e+00
1.276180044648199363e+01
9.653754335905846418e+00
5.625684383628614782e+00
1.031147115016903903e+01
1.682404173257031132e+01
1.118559631820789591e+01
1.782883240720640927e+01
5.567020321296499930e+00
5.531122507544410816e+00
1.179620133616536004e-01
6.270469889850367906e+00
1.527114009900647673e+01
9.716352804990625813e+00
9.406543564937187796e+00
1.241462053125987985e+01
6.581548625676451714e+00
5.909524204885768128e+00
1.556557983826397373e-01
1.254313720910009344e+01
1.096715533197609865e-01
6.910071580528240887e+00
7.189374525995101628e+00
5.884525245619729894e+00
1.797150681432352570e+01
1.141698604140815654e+01
6.313828987860484965e+00
7.696568644058047859e+00
6.301722098060772659e+00
6.682342872967803160e+00
1.531440497183357008e-01
6.548772711432508942e+00
6.228409501663534797e+00
5.076543959012687957e+00
3.275611723395270292e-01
6.421445917006797899e+00
4.869489073343584273e+00
6.431380678046360266e+00
2.287886377384246717e-01
6.084079714756984281e+00
7.426228575040161317e+00
6.159386176459348938e+00
6.543298076588362377e+00
6.289680905438561176e+00
2.983092974157134591e+00
1.519187544029896586e-01
5.479177187861253628e+00
5.775377681962602594e+00
6.564866969539993491e+00
1.580784004194288883e-01
5.437444592738454929e+00
6.048420616833646513e+00
6.591321149664450374e+00
5.296161949472104169e+00
5.188818200386243973e+00
1.129792124209733650e+01
2.755971159168936424e+00
1.391833948005386290e+01
5.857764216107609556e+00
1.983322057434268260e+01
4.371973563604537816e+00
4.914179862305101842e+00
6.085528046750493303e+00
1.813782159435541885e+01
1.163552482040333819e-01
6.666267047817246549e+00
6.093457494614662018e+00
5.612147182652393873e+00
4.923020346261455238e+00
4.918225268079420509e+00
1.298306741748069904e+01
5.903573111123971984e+00
1.018894508399757592e+00
6.491590804184866670e+00
5.793479694859598794e+00
2.517132699164001064e+00
5.653222940646814187e+00
6.125825932007526120e+00
9.506872690321646502e+00
4.181633605986574409e+00
6.853958528884563250e+00
5.425872422996854461e+00
1.859539077665461093e+01
5.513056874983623956e+00
1.280495942955038835e+01
5.411553331198796002e+00
5.456190699628473695e+00
2.012580869769326153e+00
1.499045047766262861e+01
1.498511149570249401e+01
5.537614644883900539e+00
1.225886312021271241e-01
7.126662777045619457e+00
9.209895403411079151e-01
7.937630621496888139e+00
1.717736619127381914e+01
6.023614712513464475e+00
5.960680050151659692e+00
6.850212290540917515e+00
5.701851962349025804e+00
6.383915525480157172e+00
4.304330200814843743e-01
8.679194280446910881e+00
6.243071297024228805e+00
2.332798980610233108e-01
8.548880897541351942e+00
6.550389249100512679e+00
5.350473181177721749e+00
5.468205166258371719e+00
2.196114989650369775e+00
1.136362672561107345e+01
6.417294741499997457e+00
5.498501120809765830e+00
4.502739510228873421e+00
1.711229451302082438e+01
6.009859423872035755e+00
6.312871202893565403e+00
1.317697010235616695e+00
7.257287601419610823e+00
1.451752902979854543e-01
6.372168060368319509e+00
1.032676882730008394e+01
7.380374127822869390e+00
5.970493232572269271e+00
1.432644634985206267e+01
3.636409343918715731e+00
1.893156055486375067e+01
6.022247879228606493e+00
1.382783548990183853e+01
6.689917156921812769e+00
6.210041563476568882e+00
1.411083251087463708e+01
6.188862421592257412e+00
1.241979814828608575e+01
9.953954529312717625e+00
6.350375977710665865e+00
1.640816401822390347e+01
6.916473111060117418e+00
1.136737739552164328e+01
1.142902544915831708e-01
1.687965611304668556e+01
1.815041222435095847e+01
1.499347089210646966e-01
8.462380645714721039e-01
4.842395354615822711e-01
1.310105157890427419e-01
5.586045024410025484e+00
1.541560127007385539e+01
1.365928985948589336e+01
1.227146324193754801e+01
1.106130659317348552e+01
1.468748267618353864e-01
6.238994813518392135e+00
5.481721423327981846e+00
6.911207688779258618e+00
1.521852655470941862e+01
4.589752016812895796e+00
2.187302006230317231e-01
6.386456058218672460e+00
2.221891054056731818e+00
1.038059377017254192e+01
1.740251100762625069e-01
6.011402074636370330e+00
7.254633050549998963e+00
1.041119678647742397e+01
1.593376694489444390e+01
1.432449301031859434e+01
6.206332226507830896e+00
5.598667659904671190e+00
1.706095954396580794e+01
5.601952478468302132e+00
5.496578618961296847e+00
1.932442458816774344e-01
5.129451505372788489e-01
7.208262900815502583e+00
7.266504332410163691e+00
6.017312828052724605e+00
9.215377244023828851e+00
5.270380303216185780e+00
5.078302602691753265e+00
5.715671528871269835e+00
4.844909726514299741e+00
9.056867901466462811e+00
5.271669664498750407e+00
5.330799759992184583e+00
5.938579306596819762e+00
6.668449826780178391e+00
1.019145150394831667e+01
6.017792097416401198e+00
5.408083486323817191e+00
1.887226414518880091e+01
6.910104151787543003e+00
6.893370804092055160e+00
1.001940548591961466e+01
1.511790080738589381e+01
1.621479621981287167e+01
1.469295668454657999e+01
6.497158603135103405e+00
1.637307187525823693e+01
1.145679945402401145e+00
5.489863373089117538e+00
8.619704842274420464e-01
4.648172493098836622e-01
7.994617607008949633e+00
6.399352746687633875e+00
5.205608860636839808e+00
1.617210815066928831e+01
5.754344575053603528e+00
9.878786614919333742e-01
1.219124580056147877e+00
1.161542343827102108e+01
6.206427880002335584e+00
6.711595812538377892e+00
6.321674671547615532e+00
5.506983626445652646e+00
5.130980755701964213e+00
1.143022596917699651e+01
7.085916869428643849e+00
5.913761668113446390e+00
3.596425027383085005e-01
3.145557513624180679e+00
1.222230515671150819e+01
6.843759677693916466e+00
7.341930500208722066e+00
1.902891453401302968e+01
5.572792386282491073e+00
1.260544193967458071e+01
2.693622834409554190e-01
6.020727739930158862e+00
9.747162681896838876e+00
5.644797489135612523e+00
1.118970970488908367e-01
6.336711575043574740e+00
5.137812852537500419e+00
8.894389961884543450e-01
5.585997282059775415e+00
6.949674690203567984e+00
5.675788298078260574e+00
5.924883902884106490e+00
1.383191665946987392e+01
4.873099448855218729e-01
1.674446175030237782e+01
6.124807918037739718e+00
5.419947587519126309e+00
1.690397177203443180e+00
1.481862046576445024e+01
6.460762727651599313e+00
5.538190342665892274e+00
1.093822053110170417e-01
1.621858124949194746e+01
1.094234508444345622e+01
1.841647191661751748e+01
1.730307747376403427e+01
1.732660517970790437e+01
5.953736281685362286e+00
6.120571675193851924e+00
5.843544553617749493e+00
2.632905479226035794e+00
2.794998245161180450e-01
9.229712669220162979e+00
6.541294493383753128e+00
1.813191953561641867e+01
5.702782391230375225e+00
5.647940454014516831e+00
6.392145745647541233e+00
6.390376137544770963e+00
6.725312192073178430e+00
5.936985210537907065e+00
1.473918105246410448e+01
5.749517302143451580e+00
5.765875547421425829e+00
5.952965364088121270e+00
2.725266412843592612e+00
1.584985883898613501e+01
1.453193936846495582e+01
1.884483547019190652e+01
1.919795004850071507e+01
1.245784379238255113e+01
5.820626407699435845e+00
7.892701444471081018e+00
5.798964791331711055e+00
6.528450794865844564e+00
6.263702607737277717e+00
1.997421726563929356e-01
5.625511331316101149e+00
2.913407111952023065e+00
5.688984648010016798e+00
8.634282403052445432e+00
1.487245208354424642e-01
1.288560753564396144e+01
5.251705612758836850e+00
7.327103432273426975e+00
5.743198629706280478e+00
6.616501839036279087e+00
4.910523106970635432e+00
5.843052780513845690e+00
6.604741339294036173e+00
6.136995591373444192e+00
9.190982396132520549e+00
5.936306142059104118e+00
5.184239377327419795e+00
1.553978631463976789e+01
5.840600821651279695e+00
2.417543348496300926e+00
5.585716228555332563e+00
8.497712142808467206e+00
6.576101721306706338e+00
1.552635812557498873e+01
1.191016867393031170e-01
6.531394411486778573e+00
1.327237211071985001e+01
6.490040230546692435e+00
5.201462908437725297e+00
8.564278881386600872e+00
1.454446110480906462e+01
1.283530331495175503e+01
1.419281638046223293e+01
1.966219151271163312e+00
1.390693721388625015e+01
1.840423813916836349e-01
5.997057215033981814e-01
1.193414275180147399e+01
6.209593218102960499e+00
6.669122015534867387e+00
2.198133694322414455e-01
1.443247161047744420e+01
4.831498697525366204e+00
2.052363983498215472e-01
1.642170530772626336e+01
1.250060729828804362e+01
1.469570164989247907e+01
6.317045883728343192e+00
1.038181013468293667e-01
6.972742724295393657e+00
6.804014274897501657e+00
1.504146517282050510e+01
5.792144943768329668e+00
6.500030892009507788e+00
6.819812460988310399e+00
3.322560995047222132e+00
2.708411982696559139e+00
6.447353160928908977e+00
5.577190776929541016e+00
5.295698202108085617e+00
1.749422398571394055e+01
7.933006839227012996e+00
1.842892680757750590e-01
1.448570621083226229e+01
4.949311609570277604e+00
6.089048041605575001e+00
6.360087832861092139e+00
6.357478979574549882e+00
7.285080902608204845e+00
2.682342413255425217e-01
6.888561460119621671e+00
6.310287018309630014e+00
5.984228114897917727e+00
8.630910646963053878e+00
1.619886959883762145e+01
5.811183239906554832e+00
1.055112181794414933e-01
5.333275974275963449e+00
6.536223172416842253e+00
3.816488251844929458e+00
3.572738330663973727e+00
1.361281574204569011e+01
1.607206542038586705e-01
6.793601399592412271e+00
1.297492823358080116e+01
6.542739218066113693e+00
1.295834848879146017e-01
6.782874747229916679e+00
1.559919671221635795e+01
6.275242361708398775e+00
5.114913376914604015e+00
6.148476678796301442e+00
1.200313337965278215e+01
5.613973626706190601e+00
5.784069714120983363e+00
5.375058452038676826e+00
1.177411771382901040e-01
1.565570853105075599e+01
2.401847523194057921e+00
9.991787091924605235e+00
1.166355204667103074e+00
9.872453431775601862e-01
5.987612031962600945e+00
1.597245334208394851e+01
1.635988432824266425e+01
6.510461827825208658e+00
6.095756120135812139e+00
6.069740757530435182e+00
4.738194933989365865e-01
6.255159739997539603e+00
5.433380078832638738e+00
2.269728402854822302e-01
1.531508495150691873e-01
1.289524800952250594e+01
3.404132154575103097e+00
5.984276981511279736e+00
6.182316019765754511e+00
6.306546523572882812e+00
1.282978358421699383e+01
1.809225493890808778e+01
6.024353375300586677e+00
5.653941566968868848e+00
1.813872827071683247e+01
1.892113500300265372e-01
5.953912927300848423e+00
5.706076645146913595e-01
1.992853920377255861e+01
3.936386143272362581e+00
5.345985698785971074e+00
1.067969677202380474e+01
1.195386202448968582e+01
1.996325062985716992e+00
1.611669161700826081e+01
7.021050399407994469e+00
7.503579467332309072e+00
1.565103434516604552e-01
5.281893065029027667e+00
5.080505874193351090e+00
6.297003998226420762e+00
2.040887815257579341e+00
1.307848323697260540e+01
1.461309843352216831e+01
1.640035307581003687e+00
4.957282038567053739e+00
1.487347521156497654e-01
9.921403918176904924e+00
8.599261932909639583e+00
9.153972815246493866e+00
6.009881115330133028e+00
3.202951963894060117e-01
5.010987858901494896e+00
5.334301032829885436e+00
1.705989632426461000e+01
6.965679552882153125e+00
5.177623792806635983e+00
2.670946320187117973e+00
5.465180094145214440e+00
1.017972380633099228e+01
5.372358906077567831e+00
5.245221823660568994e+00
5.358627645280071405e+00
9.193326727006049248e-01
6.751704765272582343e+00
1.421292275546400807e-01
6.087565071332223354e+00
1.196574016361213033e+01
5.900105410978059517e+00
8.736020165337979648e+00
4.952172864831687171e+00
1.595666291257604819e+01
2.372356039570805430e-01
6.383444466961323727e+00
3.702755490678317774e-01
1.139264494604675626e+01
1.753599994583399635e+01
5.940121950149424457e+00
1.355309516965555439e+01
1.052685467718436207e+01
6.167022288897518578e+00
5.862723495558698872e+00
1.815214383230109618e+01
6.086798175012468448e+00
3.817597444932068207e+00
1.751460794732177106e+01
1.168494162605598063e+01
1.553383121021301072e+01
5.474409485454228452e+00
1.779416900977461857e-01
1.974789716772465908e+01
9.645047683383646486e+00
5.822539902383035759e+00
5.805021348495122524e+00
1.551263962349968040e+01
3.952674616706970401e-01
1.154545513860724126e-01
1.428481357522887585e+01
5.811716707522186276e+00
6.324660073505557811e+00
6.141464498134742378e+00
1.680116895130095855e+01
6.098543697882849557e+00
2.645252501496282882e+00
1.107505477780209441e-01
6.343982114205470424e+00
5.274929998200054371e+00
2.152157991540489812e-01
4.405687407414906609e+00
9.719006404555335266e+00
1.279671461774433183e+01
7.137596734543923738e+00
2.525047933588465687e-01
5.231776846815696658e+00
5.297677840127104965e+00
1.688679009050581437e+00
5.777677326071306574e+00
8.948291739515724430e+00
5.551531835983602114e+00
2.287872318289905671e+00
1.142382730544884062e+01
5.437372918846476111e+00
5.422187485391849471e+00
5.551929671402597855e+00
5.976428018901399852e+00
5.868038810337672828e+00
5.530483178551564905e+00
8.583253421448990395e+00
5.463245615043572201e+00
6.379422227072953255e+00
5.311925508744852031e+00
1.524686522055297644e+00
1.557583176537034930e+01
6.456403578766525264e+00
6.925228564658727493e+00
8.607413886405561598e+00
1.018745221083388408e+01
6.580305543212181085e+00
1.748133647380440792e+01
1.221696111047054500e-01
5.956973580556837788e+00
5.697648507336964485e+00
1.762331087506678173e+01
1.651905015043394087e+01
2.682205823557500812e-01
6.099610399539445282e+00
1.094669111866569189e+01
7.525519834874502045e+00
5.896760304230822314e+00
1.691410949761318960e+01
5.135278993049702478e+00
4.732279550661068868e+00
1.838392744623715558e+01
1.459999803590024214e+01
5.944858105112007074e+00
2.322017524763403618e+00
1.375735448363772129e+01
1.040086757180946619e-01
5.214628471115484665e+00
3.550292323028057861e+00
1.889591631987805798e+01
6.081145624824908502e+00
3.638968768674476717e+00
5.769798395939808699e+00
6.161387250441657137e+00
5.628712337630356721e+00
1.796710716944464181e+01
6.522582992066006113e+00
5.005912534282153992e+00
1.439925934124890727e-01
5.346958550028984902e+00
1.156665815569970945e+01
1.560961796649718292e-01
1.235048534377202467e-01
1.124063993416472051e+01
1.005210161546181524e+01
6.469954432742049732e+00
6.054738202121877855e+00
1.325428072114910871e-01
2.950787328349352201e+00
1.224423202678165179e+00
6.933782747004056723e+00
1.958710156047986928e+01
1.497809603116332156e+01
6.729199706889193777e+00
6.345716008447282341e+00
6.184707843721426457e+00
6.180590813383171067e+00
1.513891499282389752e+01
1.028339682514539805e-01
5.314109228714167799e+00
6.418647311283758761e+00
1.509834558064564014e+01
5.624059307305976141e+00
1.279022685877268017e+01
1.906386703184583453e+01
5.800125929277069936e+00
6.159481000015857077e+00
7.065472357552676996e+00
6.999552366269743864e+00
1.201318696836548128e+01
1.668235364350220351e+01
6.028771739687085685e+00
1.263663333496659880e-01
1.665760553081182493e+01
1.618181832829026945e+01
6.440888863438380518e+00
1.549212030016336783e+01
3.759747677337471394e+00
6.223602698260222610e+00
1.300258222261885521e+01
1.087726646794482299e+01
1.438895600088369864e-01
6.469639386341583531e+00
5.731393909897281702e+00
7.078830059099385785e-01
5.569761118894858143e+00
1.772194898695320120e+01
1.316303204967116081e+01
1.234643404126604160e+01
6.086144884445867653e+00
1.752730209485777735e+01
5.952462606516329302e+00
5.469944515280529274e-01
5.139422343863218501e+00
5.458008326839547841e+00
5.156880304027806616e+00
1.671435554356539654e+01
6.231513286536995544e+00
1.540918633339723876e+01
6.436556439123400253e+00
5.833190265670191721e+00
6.187151685081139441e+00
6.225345123496712318e+00
1.159918642435094682e+01
1.761589490036220695e+01
8.543534582012274337e-01
6.283937920621514017e+00
1.980753412485189457e+01
9.054110334294765750e+00
5.899085728414106278e+00
1.520122994841358022e+01
1.707328954130726828e-01
9.416244896131974684e+00
1.912828865846551807e+01
5.908775881394461749e+00
5.977817679787315264e+00
6.687620503960352458e+00
5.853440080153028191e+00
5.090288191354883196e+00
6.132429096821514491e+00
8.347149438698089341e+00
3.568921659212354602e-01
5.893284893621308917e+00
3.609160800228599086e+00
6.491250502342110984e+00
1.633277553852158803e+01
5.894499010855274612e+00
6.131005377231896425e+00
1.635903405821229484e+01
6.267956898334746008e+00
5.899893961549097732e+00
7.268976757367138219e+00
1.269627017730059748e+01
6.511267095642393699e+00
1.687447596945179740e+01
1.132361479244639035e+01
1.848864687848579536e+01
6.246876998320527896e+00
1.014847533560008053e+01
1.668079367491098475e-01
7.228262881684581753e-01
1.374632320978189703e+01
1.604203797455535874e+00
6.366994438599751227e+00
5.012439722063159131e+00
7.078692155316805845e+00
4.655399358299852075e+00
8.002674723707826843e+00
5.770295333124081161e+00
1.020416326709306654e-01
5.476051773106421550e+00
5.571725921277571381e+00
3.783241183570491106e+00
6.559205704833188655e+00
5.986947846601902157e+00
3.156212397759053379e-01
1.734790257981152095e+01
1.399432237663501333e+00
1.192632090898561970e+01
8.414801284060558828e+00
6.597368603510792795e+00
1.672714682959907662e-01
4.779376290213126488e+00
1.828468414087923988e-01
5.426707862250939485e+00
7.540030146042747461e+00
1.011426304984435198e+01
5.582627466711564068e+00
5.797199890434195702e+00
1.745035593763878401e-01
5.171337499986359276e+00
5.843184052142868623e+00
5.549257146013713005e+00
1.619883054711041126e+01
1.505826001914807577e+01
1.872087383475222566e+01
2.435037052583769734e-01
7.294208778880066468e+00
1.842000739790640651e+01
6.006481560143503984e+00
4.847471146027848121e+00
5.494983922452528091e+00
6.248807149665102756e+00
5.251142752826871707e+00
4.091096510420789700e-01
1.158408637027975985e+01
1.778792961486439950e+01
5.599045261648233129e+00
1.955663804130465522e+01
6.048769170375270399e+00
1.831269355041843794e-01
1.089138801739719109e-01
1.268317938091844954e-01
5.377246310650519057e+00
1.327558295276936917e+01
9.197724459099019256e+00
5.967858029930524388e+00
2.938498361658794966e+00
5.887943815182907770e+00
2.346900166289540568e+00
1.710566480202254880e+00
6.564321624696042967e+00
6.726378480690403450e+00
2.575213007381450536e-01
2.582615394710441770e+00
1.680202909182849069e+01
2.948463120385004466e+00
1.031860700656424790e+01
5.894871204203438353e+00
1.342385016411303056e+01
7.870571655944422762e-01
9.999683027823564885e-01
5.800979914183134412e+00
5.753086819449304556e+00
5.885485558211863477e+00
9.616406433238052998e+00
5.372073824746954607e+00
3.502778006136285427e+00
1.453637502423785199e-01
1.630071002519731493e+01
2.722283300649911975e-01
1.975625434286929716e+00
1.750141998549295153e+01
3.051973595147402518e-01
1.128268184205410085e+00
4.716809010177271055e+00
1.125553030396396204e-01
1.059185887275843108e+01
1.335203647325165655e+01
1.372665976118666864e-01
2.023497960513631899e-01
1.384999150764307352e+01
2.530713712974671736e+00
5.973108063479888763e+00
2.233660886046438254e-01
3.087633168506633274e-01
6.000974856256288348e+00
5.881383229103057886e+00
8.148596395939586401e+00
6.091764363968487750e+00
5.987329361857410603e+00
2.765072315016950277e+00
7.550530341710968152e-01
5.864194984390780796e+00
1.051526508666535342e+01
9.526403945615308233e-01
1.151606752708965686e+01
1.234052788850538995e+01
2.359382133503925782e+00
6.514840687712364797e+00
1.052225879750670279e+00
1.073045638453495459e-01
1.059196768340081030e-01
1.129396337692213592e+01
1.941505314770797597e+01
1.439199413381221149e+01
5.835701565228387011e+00
1.314755123376853163e+01
1.511272051711045883e+01
1.589102769594308917e+01
5.485221329373270116e+00
5.949466584117475421e+00
4.089330960880479537e+00
5.779484488116983343e+00
1.711433947513361642e-01
1.788044876979980202e+01
1.043389184208260900e+01
1.456782520066373654e-01
4.623818888554112938e+00
1.981425048527862387e+01
1.119223176429267330e-01
5.835331573280535977e+00
2.063760140444247604e+00
5.436603033943204544e+00
6.069975572833587130e+00
5.701234525781917917e+00
4.708358443958603701e+00
6.446462940940430819e+00
2.249440256475125910e+00
4.838362087650573073e+00
1.269930244429202104e-01
5.240137794624274648e+00
5.431778175315352897e+00
5.599619261354752631e+00
6.355867907172684461e+00
2.234183358230291683e-01
1.110280430398017693e+01
3.009521664257239215e-01
2.261249572322062695e-01
1.234085507255461067e+01
1.915556674822713035e+01
6.381217522608956472e+00
9.516970152788280402e+00
5.710188907538213954e+00
5.971452648048906298e+00
5.382391947407822563e+00
6.823514110072287586e+00
1.761383711182238632e-01
1.363288555462599483e+01
1.581470344635774461e-01
7.191258041398162604e+00
5.418662185979914447e+00
6.308905690664088795e+00
1.664072981198524870e+00
1.916208458082965294e+01
5.791052050659212469e+00
1.324003655884608932e+01
6.982129248415216871e+00
4.383979342519292444e-01
2.580490036580191382e-01
1.126327585220813221e-01
3.711071887159511640e-01
4.667870715915698021e+00
7.683178036044231440e+00
7.371407032912399515e+00
5.648520671535464110e+00
5.118697443663999813e+00
1.792001619669445267e+00
6.198849243831215716e+00
8.223947186188611980e+00
6.139172241421687382e+00
8.420072290158278960e+00
1.425750286250470067e-01
3.355003015244250597e-01
8.724191215084703188e+00
5.990827411107320977e+00
5.208728938260299479e+00
3.958722882477336391e+00
1.720025496702826828e+01
1.316690019207621454e+01
4.123365205847672188e-01
1.629144955011610563e+01
5.160994924674620954e+00
5.133750752130451289e+00
1.089535649832216735e-01
3.852542307043058223e+00
2.000642942988033746e-01
5.310366275335112185e+00
6.477304827457230907e+00
1.532444920904292018e-01
2.158426036547558824e-01
1.965476316529711198e+01
1.575553085512249929e+01
5.929087509274030054e+00
1.149554419305872344e+01
5.907868981142358145e+00
1.017894786446622213e+01
1.631805339526955123e+01
5.284552485799569155e+00
4.136970822304747664e+00
1.999643418630564495e-01
1.121736462709691651e+01
5.446591342990903861e+00
3.635521350967782173e+00
7.575575057921089872e+00
1.100445738817392854e-01
1.090604191185049388e+01
1.652921050226592214e+01
6.374371350524739910e+00
1.271461051818163668e+01
6.543370754722084293e+00
1.131035351575964687e-01
1.388792023471871850e+01
9.775625892103956716e+00
2.507973544668096744e-01
1.270349198453577799e-01
1.506840024333323536e-01
4.878525005811195636e-01
6.005319267950685713e+00
5.398105719468557773e+00
1.594066608202377644e+01
4.803468000604542709e+00
1.599467514242026989e-01
1.801720439803235863e+01
2.160055383338511104e-01
4.878038140469030282e+00
1.634364707052511889e+01
9.685177108680065317e+00
1.772045783322556411e-01
1.466263632860466126e+00
6.619560673579485410e+00
5.365788674840225703e+00
1.435231582649418580e-01
5.076445371384433081e+00
1.298902102843122819e+01
1.133129775908820053e-01
7.036472308421374500e+00
7.072425025287692790e+00
7.336282185445317516e-01
1.266453126631708770e+01
3.488260911871192138e-01
1.532817614494706859e+01
4.967294129120232604e+00
1.435550895942275673e+01
5.898066443639836010e+00
1.945031375521845263e+01
6.603500279035595000e+00
4.095957609936186294e+00
1.836936140562806941e+01
5.081604406230654014e+00
6.095033527113756122e+00
8.629165761477326058e+00
5.281248894652537551e+00
5.480612999908862193e+00
8.332792284878543398e+00
6.498658183911163455e+00
3.914969226529317226e+00
2.944824636438007071e-01
1.825747270978054715e+01
1.047783510293008291e+01
1.719486997260087469e+00
1.156005332046207634e+01
7.718295038358593096e+00
3.219126903097060843e+00
5.589770069300190158e+00
2.955069736481446552e-01
1.718980620864003228e+01
5.882044690398338993e+00
1.210854195701022995e+01
6.126482471115734185e+00
6.272124771027086432e+00
1.272505364756463919e+00
1.823232848218961877e+01
1.245829803251029766e+01
6.604100475443378748e+00
6.232661934529374115e+00
5.629298523331193849e+00
5.477848499060020693e+00
6.349979623556253117e+00
1.181722289233894663e-01
6.928844785532215056e+00
6.069934394504135078e+00
6.236855125990117266e+00
5.473733462294304353e+00
9.632023349466409812e+00
6.604526944626286422e+00
1.116735542031748096e+01
1.710063341089346878e+01
1.470999030350387216e+01
1.033728220220813954e-01
3.012683753705619472e-01
3.848761255926506086e-01
1.495097335001179673e+01
5.265231596379023493e+00
1.562543605632764343e-01
6.623715012834543892e+00
6.584942870222494804e+00
5.307827380773422199e+00
9.562442493213410444e+00
5.938957943114085758e+00
5.357754028636848354e+00
5.794383440371958294e+00
1.383717621898906958e-01
1.067873723508212525e-01
5.142680684275627634e+00
6.104090367154612728e+00
5.756824411970815625e+00
5.669427333568640037e+00
1.888376938458777232e+01
5.762718529085142372e+00
3.436438749518632152e-01
3.893979111060314136e+00
5.909421309261852606e+00
5.421379311197598305e+00
5.894250370010486684e+00
2.244885595367548670e-01
1.481661426268269111e+01
2.760399862218789746e-01
3.062224310585278664e-01
1.051038574393759056e-01
6.019151129303553560e+00
3.281314697198869812e+00
1.425556482501673938e-01
6.458392827370189160e+00
4.630415705058944731e+00
6.141646432175320136e+00
3.005546881127882486e+00
2.367556233136558941e+00
1.902983429935203574e+01
1.985055963389354616e+01
3.630172640732415079e+00
3.306345911745030564e-01
1.911041544184648799e+01
6.344432011465728216e+00
1.699235816685508027e+01
5.798982285424495231e+00
5.671656248481609097e+00
1.306788195836676536e+01
1.894587696730341264e+01
9.094128820687869208e+00
1.522517303049707449e+00
1.794609226333696128e+01
5.384704945939995824e+00
1.059086231272052675e-01
6.133785056564772908e+00
1.850788901366905392e+01
1.275220656909939188e-01
6.236537392124485990e+00
1.033418782074702946e+01
4.457628797106472085e+00
1.758178407195293280e+00
6.082539372150190360e+00
6.758294357598835234e+00
1.516389537207824212e+01
1.905563714961580857e+01
7.484636866475137928e+00
2.794723255368850579e-01
9.757465825688425909e+00
6.547797809469985353e+00
1.987496777702373596e-01
8.710765164397681559e+00
1.093876999416412232e+01
1.502760600620398712e+01
2.377641920239867090e+00
1.562853928984981600e-01
1.639736218635393783e+01
6.582061488016053730e+00
6.021477949114247608e+00
1.557252178956061717e-01
1.431300439242185973e+01
7.164035984782155531e+00
1.836767327135668637e+01
3.396527358855173429e+00
7.765698922155300110e+00
8.842115736580806740e-01
5.211466405322247475e+00
8.854796965434152511e+00
1.039515920412944538e+01
2.319556882191625702e-01
5.668301160397706262e+00
1.888217289512006047e+01
6.138340285694420473e+00
5.679749049802506278e+00
6.685447076513892917e+00
7.101284890058767729e+00
1.266656721899606097e+01
7.101694129006008716e+00
7.729692146492786797e+00
6.301383852871932589e+00
1.331044525956767899e+01
7.965572038549248113e+00
5.557519253805972781e+00
5.492434237372901151e+00
1.339271577727946250e-01
1.784267536545852550e+01
7.443542793861984030e+00
5.957835837189127126e+00
5.885354253246553036e+00
1.310117747220256135e+01
7.012843233955392108e+00
6.567330168043053362e+00
1.881473725543482090e+01
1.290703456467627019e-01
5.740839573326458556e+00
2.820289079418759060e-01
5.480379227970693989e+00
6.468964072248893693e+00
7.974401448645390467e+00
1.084591273049706572e+01
5.291567703185419802e+00
1.284118263944209193e-01
7.837878462448875094e-01
9.714086909487107846e+00
6.200603354265473044e+00
1.028371620905624617e+01
1.267817962023595157e+01
1.320269859793969658e-01
1.116623405196061292e+01
1.384941533317512885e+01
6.003317744550045632e+00
1.309538235836483366e+01
8.717291798681763737e+00
1.589029704203814397e+01
1.725200290680777826e+01
6.806706032262351158e+00
6.069384395985875535e+00
1.350213012654599698e-01
2.604384326674590300e-01
1.900520636816531450e+01
2.871880614929659403e-01
1.235420761711569426e+01
6.499232009249218400e+00
1.075376235096637068e+01
1.872657836985132107e-01
5.424152540888500518e-01
3.210656912236952376e+00
1.840409262129283130e+00
2.345418356332782395e+00
5.521178236113561510e+00
5.005556143195954988e+00
6.026299907269931921e+00
7.558671787733067582e+00
8.600801400616397530e+00
1.196618773529229962e+01
5.896090371322896928e+00
6.323656490552785669e+00
6.223138760841296246e+00
5.682901567866871950e+00
1.573777058389861239e+01
5.698968765998869479e+00
5.710125871534622810e+00
2.431584737733637258e+00
1.844536017909365055e+00
1.289176857383231045e+01
6.548006075779182922e+00
6.022605041330818310e+00
6.088002576616350581e+00
1.437442773572258581e+01
6.093595430719376260e+00
6.518944141747420318e+00
6.476657188334215220e+00
7.261815673150048056e+00
6.493223860060532537e+00
5.259980539059968763e+00
1.347157947834006464e+01
9.026834385582104048e+00
1.824473446916459463e-01
5.959570362451929171e+00
9.993498433317952845e+00
1.368184990921137256e+01
6.188740930368446413e+00
8.103823792157967887e+00
1.092023975178062578e+01
6.423887900680409047e+00
6.396098248492736005e+00
6.610895998820545572e+00
1.776262999608129434e+01
1.230783433069423810e-01
6.098319783078766321e+00
8.108985551644833478e+00
6.594026950924319230e+00
6.835529365856499062e+00
5.884191168445985554e+00
1.185766076214709663e+01
2.114110014650497638e-01
1.253547215757638000e-01
2.829696662636072446e+00
5.205331770513112133e+00
1.232466324313385764e+00
1.057381017597592149e-01
1.687189082636181559e-01
6.996221035286859902e+00
1.129226243596411194e+01
5.071600946513201258e+00
1.764651268055691669e-01
7.108057061339974503e+00
1.595606002999007678e-01
5.397317079354486680e+00
4.251296147654867852e+00
8.004437368935896302e+00
8.804186398335190233e+00
1.891755906509560603e+01
9.190526296368654258e+00
4.834108492880502816e-01
9.269509356334337369e+00
4.897546246609685738e+00
1.160936105025876053e+01
7.177633846839149179e+00
2.163034305903596966e-01
6.365516315919197421e-01
5.929895477816019778e+00
1.031821948627247032e+01
1.301703750474582932e+01
5.749271209824788009e+00
9.696648475326451688e+00
1.691867246803615554e+00
4.968442717497398853e+00
1.476496641125700826e+01
1.801239261466830044e+01
1.853740645601285930e+00
1.256214458782280374e+01
2.076049455451618897e+00
6.645913694459938625e+00
1.348949490918903571e+01
2.170218811063931441e-01
6.899369023398955747e+00
9.660503449849779045e+00
6.067944473093398017e+00
5.666744171973579824e+00
5.807362661264709125e+00
1.701453406392532841e+01
5.802303535914299815e+00
1.258082582703008967e+01
1.334841921336137638e+01
5.349271962077930542e-01
7.722328926295693563e+00
1.082533675293124276e+01
6.158064010053142745e+00
8.266987897861023171e+00
1.693171330942163655e-01
5.532026608453467276e+00
5.419541212389259677e+00
1.627311987237176893e+01
1.134202315437999786e+01
6.415108847955173665e+00
1.434307547306343578e+00
6.034515964486951489e+00
9.261028724269722900e+00
6.420042455529008762e+00
6.032456521222861134e+00
5.785498083412599968e+00
9.378744265515209122e+00
9.064664163298314037e+00
1.022367986325395073e+01
1.619325825791520046e+01
1.152817389532490466e+01
5.962626060399047745e+00
1.192899878927155127e-01
1.078910290794654792e+01
6.412069503116937241e+00
6.694288474747233764e+00
4.979507381915083464e+00
6.585652513346620829e+00
6.209694191814353559e+00
1.112950183129026627e+01
6.668703159341214715e+00
3.630523847611099697e+00
1.434433491822266227e+01
2.004444920213701575e-01
1.648557672120262296e+01
9.439529688183398548e+00
1.585203630377415074e+00
1.909423036414493069e+01
9.784564120732143877e+00
1.478664072857588252e+01
8.682484177359519606e+00
1.641034478650123418e+01
6.384797411013183321e+00
5.797878720377744877e+00
7.836490514150590059e+00
7.045509547955655094e+00
6.365771753303631542e+00
1.354083624647138606e+01
5.968541604395833033e+00
1.833448433072609518e+01
1.376957743208870322e-01
6.308115631244214150e+00
6.193156093397498729e+00
1.096129629290911822e+01
5.568128782317492309e+00
5.451442367288282576e+00
6.368765445851383156e+00
6.348515273151070559e+00
6.320464391093897127e+00
1.119497858508324128e+01
5.739339037992574610e+00
1.663489830777457357e+01
1.582413974092997222e+01
1.301053404108922784e+01
6.087787063035071000e+00
1.427122484114515544e+01
1.682285667822359443e+01
1.619438899273811927e+01
1.865172184128956090e+01
5.846997454233168412e+00
1.951319025910177984e+01
1.002982513888734672e+01
6.615263463017510226e+00
5.633194396971432205e+00
1.697270234569912972e+01
5.957170752949682679e+00
1.343478163128823399e-01
1.927492173591878455e+01
8.139695155162227636e+00
1.830311116986306175e+01
1.494396860704513552e-01
1.694571752507861850e-01
5.642570338501210259e+00
5.807223537884890874e+00
6.380802432974305383e+00
1.971186966014526476e+01
1.650786664966153339e+01
1.832237064433128504e+00
1.037585559392241308e+01
2.000756130291315049e+00
1.722594408825020906e+01
1.703007676692019912e-01
5.970725470877831675e+00
1.370845350051223877e+00
1.810408758077787539e+01
5.636226666030385246e+00
1.220921613624298629e+01
9.157237469616251957e+00
5.671847498897340856e+00
6.665224053602121224e+00
1.004618501291126975e+01
1.428217223461643037e+01
5.516255867278617941e+00
6.396923346440451574e+00
1.923208895118605355e+01
1.879502850174283779e+01
8.539695469800255623e+00
5.138847735877756229e+00
1.107112094752683795e+01
5.964763109100418070e+00
1.904732754862336108e+01
6.722208939983031151e+00
1.101496057366939318e+01
9.237688562236977319e+00
6.171105129560791269e+00
5.782275103270718475e+00
1.500289762422659301e+01
1.901359552313722501e-01
1.533366999488328020e+01
6.314552514669568239e+00
1.445550022685425517e+01
1.355789968504365994e+01
6.903301104197062443e+00
1.299448343253230043e+01
1.264540141713155563e+01
1.084317779437446205e+01
2.659787571311897914e-01
6.720928234976958571e+00
1.240009018418648346e+01
5.597968986629568988e+00
4.181607089514718378e-01
1.525500781227675795e-01
1.041702459735978259e+01
1.562617689367559670e+01
6.047840117973040108e+00
1.519972309714313674e+01
9.345393844012866325e+00
4.416401734442887417e+00
9.889755757986568696e+00
1.257236222621077593e-01
9.626494551232498864e+00
4.562554148009744459e+00
2.394201852139791753e-01
5.939116500660611919e+00
1.741032910743290074e+01
1.502104561044284026e+01
1.216083431948842808e+01
5.553298371441582226e+00
1.734600478825169745e+01
5.496818791440196250e+00
7.307317968076751491e+00
6.320463725795072207e+00
1.803706689443600908e+01
6.090726836272022382e+00
5.059969762003738047e+00
1.040000253486912524e-01
6.148810750285584881e+00
5.962422301441885786e+00
6.095881422034577390e+00
2.380402520478370754e-01
6.306088982946998378e+00
1.629509340889518398e+01
1.654530709144751910e+01
2.253134845188542734e-01
2.615164390277816553e-01
6.467595892923847067e+00
3.933895904387390008e+00
1.222719946168001748e+01
5.844548523554839115e+00
1.301851404047902894e-01
1.359972408605085015e+01
1.004492276825188213e-01
1.786779155640459693e-01
5.881423914110284201e+00
5.149249933465826601e+00
1.721782305318328710e-01
1.178068887472948773e-01
5.447923272431741459e+00
5.694252292378067182e+00
6.383719042221161821e+00
1.450671045449643870e+00
1.019263798499515339e+01
1.389820000335314631e+01
5.615812293080272077e+00
6.520262221773081457e+00
1.127186454459557829e+01
1.697090379445306141e+01
5.926237069710863281e+00
1.566555754320621829e-01
1.542357449884796394e-01
2.548599606345743673e+00
1.063299868704298845e+01
1.276766081480884552e-01
6.273058690847345353e+00
2.060825322601834486e+00
7.334928050780691322e+00
1.690165392551453705e-01
1.783290622042017759e+01
1.946107858467603791e+01
1.139920051147529989e+01
6.142853747410797816e+00
6.640691000498020635e+00
1.682024285381080375e+01
1.703423506652858066e+01
1.810464548809154195e+01
6.989344621489263609e+00
5.985296168396302185e+00
1.625040970190565759e-01
3.183648454149994311e+00
1.560971836884430530e+01
1.935379219919113680e+01
5.833450845609542412e+00
5.381585873605106762e+00
1.296460326141319719e+01
1.027513249275337692e+01
5.768108512966300339e+00
1.239962354113611909e+01
6.758586320252312873e+00
6.193371656499476074e+00
1.359331154927679108e+01
1.014953876634407415e+01
6.176637875250805543e+00
1.910030149206579608e+01
1.957771487871294269e+01
4.744898635576698886e+00
5.174213288713002790e+00
6.141706933687168579e+00
5.376831337378401798e+00
6.600521512978810179e+00
1.880295448449252049e+01
2.612734212316759619e-01
1.240529739747297278e+01
5.629948828316218012e+00
1.900005130789509167e+01
1.822957270507561123e-01
5.668600567560224235e+00
1.402716753483474044e+01
5.275641363262607797e+00
6.208656589962002315e+00
1.661964890655875382e-01
1.394061704405639546e+01
1.391153723550056220e+01
1.831990610971511302e+01
1.800840978859291397e+01
6.149660478489199278e+00
5.746566142524004661e+00
5.516575474746608698e+00
1.002909491129709285e-01
3.978602213363993112e+00
6.597907034443355023e+00
1.185786002294987185e+01
1.566239379530355080e+01
