1.301887745635769100e+01
3.115602753883811360e+00
1.226348238521445533e-01
1.491728587578847964e+01
1.591367127309842999e+01
1.717594718454976643e+01
2.735874841797653612e-01
1.800801622282053671e+01
5.713390879600697581e+00
6.458104513339680608e+00
1.919568838819419587e-01
4.251699702718148011e+00
1.833036917642252561e+01
5.248495711327898938e+00
6.229605427572869836e+00
5.203987549320244987e+00
8.031817178929076206e+00
1.424464740430886778e+01
5.994651076422949920e+00
3.050051617568531270e+00
5.557249678117163860e+00
4.061209646586859456e+00
1.003699702775603342e+01
2.908433532212922334e-01
5.918424793479704960e+00
2.681491424917282540e+00
7.467770397877543154e+00
1.068983885416155388e+01
1.882822196473690113e+01
1.326916912637276802e+01
1.907246154641041858e-01
4.985533169649216667e+00
6.245826424902891638e+00
5.652494141339990286e+00
1.674029952355318329e+01
5.562973669236937369e+00
1.288202293162560075e+01
6.835356095163323431e+00
5.678092218931783286e+00
5.926647742136704977e+00
1.322780356257950807e+01
1.109835973224463324e+01
8.759452740853657104e+00
5.794591131083842939e+00
5.349033626652536455e+00
5.589446939399042691e+00
1.637363813934408086e+01
6.341527442577232776e+00
5.972548694417522341e+00
3.695680146150129852e-01
3.897246274361507168e-01
1.276891667396703411e+01
6.276822293364721084e-01
1.279622353817826941e+01
5.868165255072585573e+00
6.503947796447365981e+00
1.431009768438574881e+01
6.945997329538150744e+00
6.070708533454611810e+00
1.084008779031361003e-01
1.917765275172075690e+01
1.899491740164492626e+01
6.354196910974883039e+00
1.507171281475916302e+01
1.356172643264161692e+01
5.410571218148187533e+00
3.318503970444887319e+00
6.241703657464874766e+00
1.810590368708585274e+01
1.221562097726289542e+00
1.008950105442635720e-01
6.320384983364762732e+00
2.648323419617159669e+00
2.041273467936844943e-01
7.223254709412475272e+00
9.897401442920893189e+00
6.646089754083970291e+00
5.373188891537759027e+00
1.002574055511985662e+01
5.910090474324097620e+00
6.312002068314273906e+00
1.457076420370444225e+01
9.751074468101210702e-01
6.035249213348158115e+00
1.204843197725736559e+00
6.822950471009010087e+00
8.035224687565165169e+00
6.163401164201817828e+00
3.386474212557049057e-01
2.102037672349605091e-01
1.297790521223570193e-01
1.251398270878463670e+01
6.631028646185924913e+00
6.540708290096089783e+00
1.712044171835835071e-01
1.181051222330987116e+01
5.296932873551935650e+00
6.279181110428566193e+00
2.292178741093991168e-01
6.053604725210966819e+00
1.893491834236565197e+01
1.309201129693639487e+01
3.093853227722564436e-01
1.407535865806456954e+01
1.759868987776838978e+01
5.793391171710140952e+00
6.955262749927777044e+00
5.482743833306884085e+00
6.644249299087328531e+00
7.454318866519048292e+00
5.902627118790624294e+00
1.424869239439544444e+01
1.684483567238935109e+01
5.928756410581641489e+00
3.333652365365452841e+00
6.934477022255343570e+00
5.090987065036053139e+00
1.257256465381712829e+01
5.775300073512502408e+00
2.914995977806338900e-01
6.349673603887720397e+00
2.000871997299859262e-01
5.976873348198259883e+00
4.572248810577174361e+00
5.631354694204009803e+00
2.017026526639272621e+00
5.112078861320909162e+00
4.942416956874788880e+00
8.776553110007162317e+00
1.172770574758705919e+01
1.702454795717910585e+01
3.016396532521430363e-01
7.780276117066090791e+00
1.027702557487371743e-01
5.950744984108566449e+00
4.553571117526623802e+00
6.561214322378599029e+00
5.761924804442747350e-01
1.433082888980042391e+01
6.668470809769266872e+00
1.802578771374088262e+01
6.065732908419540159e+00
6.143777919185177794e+00
3.224838241879019129e+00
1.558875709864599557e+01
4.802228172389840566e+00
1.546424705259306365e-01
5.962175571217950498e+00
1.942223623822815881e+01
2.364565999403946406e-01
8.396596789188225385e-01
8.077667335271495608e-01
1.729874446353526218e-01
8.946056643515021278e-01
7.478003479972682221e+00
4.134928596078151664e+00
1.965163684447051307e-01
1.630746993303612058e+01
5.574164958471799380e+00
4.617509355722987152e+00
5.612453356499742974e+00
5.839602857275458803e+00
6.129554081428112866e+00
7.042017467412938991e+00
1.546980963579951762e+01
1.096459997869697567e+01
9.632160205750373905e+00
2.282226215771448352e+00
6.332828339787004879e+00
1.165707335788936128e+01
2.638740892812322936e-01
3.575965565285820880e+00
6.690055995201179329e+00
5.700648945319070293e+00
1.317072416702078919e-01
2.704884032356659751e-01
2.931871325772597570e-01
7.047741853031338488e-01
6.385077906669204495e+00
5.749694852883654228e+00
7.603412285905959855e+00
4.429347829966739702e+00
1.472121972229339104e-01
1.167708379074122860e+01
5.650594499409165472e+00
1.161965004414299146e-01
1.644052332156046847e-01
1.547213221597874622e+01
6.990943391783184246e+00
1.311137888563937715e+01
3.595674469088259606e+00
7.034725490526514413e+00
1.699159839762379676e+01
1.174988099285861409e+01
6.146184414076921065e+00
1.628965839814420136e+01
6.120584439028481150e+00
4.062518856413032786e+00
5.992595205714446926e+00
7.593978228446220946e+00
1.405786415601865402e-01
5.537251279272077831e+00
6.198499288295152176e+00
1.644889085216639657e+01
1.599565772381607243e+00
1.951440112058354970e+01
8.553780059486403076e+00
6.600983790653517147e+00
1.691623522357443932e+01
3.409605270052981640e-01
1.012921481783455668e+01
3.880147992809717561e+00
1.283634919781107087e+01
9.537567718025913521e+00
5.729577015373070736e+00
1.990170227463219277e+01
1.545419873432952063e+00
1.563419206732536537e+01
4.737873145095134575e+00
5.447479479019644799e+00
5.970871349509448756e+00
1.017844528416103422e+01
9.606958779471129750e-01
1.735658991197906076e+01
1.277195786500565866e+01
1.431590962120488086e-01
2.826842583108061802e-01
5.602295326177763712e+00
6.328576267273003708e+00
9.231585231300559968e+00
3.529312631040665282e-01
6.446885443039493957e+00
3.426667110648342063e-01
7.154155562084307363e+00
6.030440919934431321e+00
1.421610079417137662e+01
6.728526849644412167e+00
5.988452888288301246e+00
1.842198178858341640e-01
6.725673409344543607e+00
5.730971033228929201e+00
6.289868132132447887e-01
1.997143574846496739e+00
7.547717458555271985e-01
6.335695748516310566e+00
6.653515562858722809e+00
1.353906939579760582e+01
5.920013078733632028e+00
6.587351318022853341e+00
6.214406657231009490e+00
5.438951428081120198e+00
5.475633786052877205e+00
3.219540039583744573e+00
1.218933528028915347e+01
1.194244471805465402e+01
2.474459441185077047e-01
5.119269601285434845e+00
5.386290127963553331e+00
4.512834183773182239e+00
5.896882614036042192e+00
6.117982856309327921e+00
2.398520708511376054e-01
2.740412976952748547e+00
6.004781939040202410e+00
6.365812824376051005e+00
6.606567401412418050e+00
4.466966870929318212e+00
5.659719298480695215e+00
1.967699210058523462e+01
5.940957036815109227e+00
1.904137089872314503e-01
5.225860598836992388e+00
5.429167856985959162e+00
4.768750474648683735e+00
1.209694351360483289e+01
6.334441793008979360e+00
1.169518689231868080e+01
3.815448310815858779e+00
1.607047702657212795e+01
6.028937290796790194e+00
1.179847503002868869e+01
3.885634942490263644e+00
7.624497853744560238e+00
2.284048059839175748e-01
1.429030240594946832e+01
1.938881677525504799e+01
6.109653198312866351e+00
4.552647876630568469e+00
3.878928665959251454e-01
3.487028949378009890e-01
1.949493923538392437e+01
5.293151720608265443e+00
1.428594123801839033e-01
1.263443068842627914e-01
3.817689939065329163e+00
7.236464061648692159e+00
5.742733851995675209e+00
1.140358625854823771e+01
7.465124272495798907e-01
1.012418080787850805e+01
6.147142708934559607e+00
6.015357100193621243e+00
2.291272849323265692e+00
6.264484022511954464e+00
6.066785171969257817e+00
6.667963944290802303e+00
1.324675291219655371e+01
2.056876069804478013e-01
1.071123522448460541e+01
1.030794374542350411e+01
1.265793876355031067e+01
9.920181009436632280e+00
1.501457761976717542e+01
2.107619950292121125e-01
1.436477042936502180e+01
1.789071567822136666e-01
1.679452184800894088e+01
7.391394903203343247e+00
5.767988225334124586e+00
6.094179940775754645e+00
1.715593430346278037e-01
6.035262485694444123e+00
5.117793742660260214e+00
8.204384753957944199e+00
5.818861262126865164e+00
1.355566234614072130e+01
1.796653407485592169e+01
1.078996000321543214e+01
2.770399145052270029e+00
9.023912901285889632e+00
5.404361259885912538e+00
5.547031994994508608e+00
6.294007202797389233e+00
5.541276780687188541e+00
1.136819619413882521e+01
6.943008027466995635e+00
5.709060361949595652e+00
5.335063205169043421e+00
5.884345220203679894e+00
2.812121499560238824e+00
5.526302906922270886e+00
5.956979829833781714e+00
5.867596542813791949e+00
1.839230916160741469e-01
1.494804691779955874e+01
9.890659773687332290e+00
5.404673335724210936e+00
6.197086110334571352e+00
6.207299352750720089e+00
1.684946162714182805e+01
1.019107915329978553e+01
2.035508474517279953e-01
1.980782341728591334e+01
1.861398565227824875e+01
7.222616768736424220e+00
4.992723439949131148e+00
1.112818454680710190e+01
5.981607215034146385e+00
5.850793081637319482e+00
9.828690219433557473e+00
1.076215016453333817e+01
1.658052073314501129e+01
1.543111170253023801e+01
3.512559385117469901e+00
4.372005699899002451e+00
1.263466941939732857e+00
9.726591717955376026e+00
6.514378668382443394e+00
1.418330420262117997e+01
2.693859270644895498e-01
5.864812397619292739e+00
1.430676783367323246e+01
5.816892230554682186e+00
6.100403124460441973e+00
6.304746008721167527e+00
9.881764346773868724e+00
2.796047367037904907e-01
1.186094129739839076e+01
6.237726902372039639e+00
1.460539263692444933e+01
6.865712769376945523e+00
6.324050277851124946e+00
6.488520839351767044e+00
1.420290683406295329e-01
1.354207151024297229e+00
1.229612267144879034e+01
1.521013836336901071e-01
1.477143722071508902e-01
6.493322995352770910e+00
1.461370711237257147e+00
1.442733929179738916e-01
1.266395086186789065e+01
4.652245236351547852e+00
1.709338957422437844e+01
1.558471936491329046e+01
3.527640287532975538e+00
7.594243444412184019e+00
2.004332895550255511e+00
7.145159686501611596e+00
5.240502789313524978e+00
1.308221945737209424e+01
5.668081536277894905e+00
6.685268382320936453e+00
1.819414458849616945e-01
5.754426053649996042e+00
1.940653320575231211e+00
6.137786182657355205e+00
1.827483584469632660e+01
1.991838985209918533e+01
6.234369064987910214e+00
6.990318675181881325e+00
1.035472524864289667e+01
6.218426129715089345e+00
3.361498857111346883e-01
5.162122346824460806e+00
6.666777586835538116e+00
3.497899358203716780e+00
6.426681082958518587e+00
6.483278377945665305e+00
6.175799727949737417e+00
6.076908717373822100e+00
5.205641492785294311e+00
3.571054946433126265e+00
6.289804534153486948e+00
6.112583590145719725e+00
4.420538624905689495e+00
1.484381392087440865e+01
2.175525548987990998e-01
6.260118215116921014e+00
6.017006418475655316e+00
1.938846150510838129e+01
2.076941332439413701e-01
3.323699536459435722e-01
8.892874059062441106e+00
8.045476877560627571e+00
1.281269368230547046e-01
3.497285483728458377e-01
5.790609541325385301e+00
6.552074693935977301e+00
1.347809761151523844e-01
5.465755019239602497e+00
3.075425288972921223e+00
1.554543581897514493e+01
5.792191333947449117e+00
5.806203534835145952e+00
1.300517343770931511e+01
1.066341738656754884e-01
7.058099441397681417e+00
6.278263747091012092e+00
1.023157125912321419e+01
6.353220486345407814e+00
6.099019236677799549e-01
5.686532872688558449e+00
6.053214642052211936e+00
6.232417152517606418e+00
5.040326187238538758e+00
2.248302215010284932e-01
9.760490522412808900e+00
1.116310436300408426e+01
6.181149426282131820e+00
6.528635018476154350e+00
5.908226481744931036e+00
6.300166823732339161e+00
1.047648211439781463e+01
6.019050814288783080e+00
6.621471583605607059e+00
1.044938915085779352e-01
4.398287672198116782e-01
1.097333800057596065e+00
1.344212309722995080e+01
1.323489926237434999e-01
5.561537767043959413e+00
5.807289425304234420e+00
1.571127689361831692e+01
5.762958451614454525e+00
6.321213460756145430e+00
4.463785391599807362e+00
6.387932615358005606e+00
1.876428643230606141e+01
1.276370200672376143e+01
1.188324124056615166e-01
6.631490841507149625e+00
1.561755003412375054e+01
6.443729833686574260e+00
5.535120740918177518e+00
4.427492380312078701e+00
1.156340926277441206e+01
1.134136214819504573e+01
5.974932890921635931e+00
1.412748213855611290e+01
1.211243440102891000e+01
5.478807567078965990e-01
6.078973047734758772e+00
1.046428426134483836e+01
6.352199339217355245e+00
6.377142930706450663e+00
5.263926320826766148e-01
6.240033876724376150e+00
7.647108202479274697e-01
9.548321091003488803e+00
1.306359441843290836e-01
2.268553727100164341e-01
1.121950655570580757e+01
3.038700239599304798e+00
5.223359095166124177e+00
5.613416661948765984e+00
1.829975085974734483e+01
1.043804298316228696e+01
3.632537062677598350e+00
5.501216143618897547e+00
1.573362949162173408e+01
2.513408651910971514e+00
1.240647751837518342e+01
1.061667329068917809e+01
7.819262141559438106e+00
6.024536720623913766e+00
5.343755238588062895e+00
6.154812615961070321e+00
1.617939000951638207e+01
1.101196267228091719e-01
1.341520075177243676e+01
6.012474211486369846e+00
8.008214717393155047e-01
1.404145414350085197e+01
5.859226976198488757e+00
1.131088419292209046e+01
1.690629864415447869e+01
8.342433770737681442e+00
2.436578552713588142e+00
5.839156275967609666e+00
1.807009234420436883e+01
1.431498450604170891e+01
1.168040288760943540e-01
6.086474934367036127e+00
5.895416432262126527e+00
4.000193799050085097e+00
1.012139942782886715e-01
6.665340269668120321e+00
6.069305007999231449e+00
2.616458310725296332e+00
6.654505678242479405e+00
9.802759810014386233e+00
1.167087929347395558e+01
2.022828076732727243e-01
6.385704581162179316e+00
1.076669296935584552e-01
5.504333270867180161e+00
1.920253431899460494e+01
5.741731966093892581e+00
1.935507601083630291e+01
2.074501881168918871e+00
5.043468693634125977e+00
6.179570912516069825e+00
5.298608220805100188e+00
6.446882943627654683e+00
2.906509521170000721e+00
6.214672161686860541e+00
1.448234084354170292e+01
1.467833144282596480e+00
4.936704811738092502e+00
5.232988480046015134e+00
1.848150887431518896e+01
1.610901300088487531e-01
6.301290096358368231e+00
1.575240792483845453e+01
2.588132470157860965e+00
5.947758640152740917e+00
1.739871375549796184e+01
5.126244883886834636e+00
3.267036321023899514e-01
1.861173848153896415e+01
5.926237956785992189e+00
3.071425383067125092e-01
1.293303600783950458e+00
5.708197280128803008e+00
6.225761240049469514e+00
1.594285256430094577e+01
5.747922893022791690e+00
5.287350468199686127e+00
6.887524489968133601e+00
6.087376314776780539e+00
5.108691550273354309e+00
3.631349134550689861e+00
3.644103995029781551e+00
1.707986175429186559e+01
6.343496471043503782e+00
6.323119068396716891e+00
5.726724714017964679e+00
5.965506875702128120e+00
1.965293605087945039e+01
8.925757364064203614e+00
1.676016607973007666e+01
9.630099694165641822e+00
5.920705603541776441e+00
1.984281642379786348e+01
6.365131304881846752e+00
6.109553905592921552e+00
1.433735803977831957e-01
1.711545589355345598e+01
5.699214128470038609e+00
6.638514168184352471e+00
9.199486838749624695e+00
1.442543001128308300e-01
5.436661200208685152e+00
1.470932189386610744e+00
3.522191309803103243e-01
1.351032901112106943e-01
1.616636860809811838e+00
1.605087606926934640e+01
1.305413743667945248e+01
9.764192825618112082e+00
1.812743094613880857e+01
6.173699934537085099e+00
1.174673437614505112e+01
1.685171407923762854e-01
6.084774170573994390e+00
5.036120885727958019e+00
2.316790385969381139e-01
6.074852902978403968e+00
6.090132199846143735e+00
5.846304973044147424e+00
1.820073964659717802e+01
5.369312379550937209e+00
5.924634068282392363e+00
6.065877504782836160e-01
4.881377486297118651e+00
3.304554186183717324e+00
1.639856007990491094e+01
6.209060558930197260e+00
6.329441335048043626e+00
5.874482886975502360e+00
2.107474496912628226e+00
1.685139499063595991e+01
5.903969519148267509e+00
1.124656390890229218e+01
1.572628023729257529e-01
5.967663542320174486e+00
6.063480074090472627e+00
6.405602890145251749e+00
5.971108849813936637e+00
1.631688462975755627e+01
5.604735059780276529e+00
1.818547827863726596e+01
5.867481830809712307e+00
1.362066425127384406e+01
5.187340880346186900e+00
6.867321593644784450e+00
4.404202376306787237e+00
1.375309106546927040e+01
1.950031064514293178e+01
5.967048829933994547e+00
1.672318659159005350e+01
1.917870553271063727e+01
1.389069000452662372e+01
6.410959660139152305e+00
9.790335429044343840e+00
6.337101354918256213e+00
5.828434043452815239e+00
6.413438141625889877e+00
1.769477350495436596e+01
1.096441372724936691e+01
1.611498256355913483e+01
6.042233615633699095e+00
5.658694470375597696e+00
1.362435802892585368e-01
1.516136506062184253e-01
1.917594796130995860e+01
5.769472912391628405e+00
7.217811229106386506e+00
6.784396340065378617e+00
1.995151447771506170e+01
1.769641888652287420e+01
8.945584612529314583e+00
1.480061049936086270e+01
2.474541255738821999e+00
5.494960100610430054e+00
1.021126920579444608e+01
5.460671150074044355e+00
5.468040530776974606e+00
1.629394565414919427e+01
3.023525067270132816e+00
2.573803181708394838e+00
6.146729587129311945e+00
7.094842423049067648e+00
2.992291719977859366e+00
7.417615646486888537e+00
4.733419048443999522e+00
6.530993104892502288e+00
6.032835581045592477e+00
1.389671085436849651e+01
8.842324995183107106e+00
2.413812733985820635e+00
1.187260728287044431e+00
6.225560030960798130e+00
4.486567388815205781e+00
8.468517385939630771e+00
1.460268497446065794e+01
6.063819429768340541e+00
3.132953874865565869e+00
6.665642221036227610e+00
6.210834780364261620e-01
5.414217424105301824e+00
6.535764796063143756e+00
2.211087107437215704e-01
5.460952701478692717e+00
1.150286016642996323e+01
1.272384419916186715e+01
1.370028976130364740e+01
1.825655519120402204e+01
6.196110897790668481e+00
5.668133476308314656e+00
1.633152739219741179e+01
1.786672151092271932e+01
5.975337112610584533e+00
1.848976489484247665e+01
1.797787471849547070e-01
1.205964914411497696e-01
1.292045983697374112e-01
1.903823115419013945e+01
6.608550578856915436e+00
5.939568224674551367e+00
5.869586054055615953e+00
1.707320791620363876e+00
1.963935204951472357e+01
1.919035543449048309e-01
5.276684143056134424e+00
1.543476796009884389e+01
5.400344374884002541e+00
4.913343995856342517e+00
5.941262041938300875e+00
1.107454186390189932e+01
6.882209766290356079e+00
6.324954207453247435e+00
1.851397409280814144e-01
5.840307393995658458e+00
7.023158774083449352e+00
1.890465663338486380e+01
1.954793696882159537e+01
1.966366310478612789e+01
1.090004783398137356e+01
1.581031710662535172e-01
1.422832341655373156e+01
1.005152501591588710e+01
1.890088669809645694e+01
6.708231884843461224e+00
1.231988586784797390e-01
1.212052827985249798e-01
5.831743275135401916e+00
5.767882244071493858e+00
1.818253050505562030e+01
4.104071913999426946e-01
4.113112656958397118e+00
1.989571005023886840e+01
5.714778971681195863e+00
6.172097660393720986e+00
1.624410491462249340e+01
5.965817218071768124e+00
1.647479752021623867e+01
2.960314340571332248e-01
1.816024954824624116e+00
1.651881260585279421e+01
1.102055230807775921e+01
1.155764324702723833e-01
1.004259591215538627e+01
6.336921349841014184e+00
1.472109429116503598e+01
1.198749736926207810e+01
6.400547644727309304e+00
5.804218652420847668e+00
6.995828832294171740e+00
6.398234545791301464e+00
5.925589862850232592e+00
8.041951730148992894e+00
8.600652176598179821e+00
6.542544492555603775e+00
6.678992308259940280e+00
5.566274578956194929e+00
1.248533925782463783e+01
1.438724717039369061e+01
1.803898590750549502e+01
5.862675977957058748e+00
5.137471199261891996e+00
1.177393245798577931e-01
1.104120220289000898e+01
7.193580565768342261e+00
6.467264626152942064e+00
1.403158562194872694e+01
3.612038363575735378e+00
1.507608237171193366e+01
5.006756536992467588e+00
1.794768716155034838e+01
6.626951917235857081e+00
5.651109692897725800e+00
8.169539406451525210e+00
1.617045125518829707e+01
6.616314977538329423e+00
8.734623030337843375e+00
1.816186678673439658e+01
1.188451363512413872e-01
6.322439175139684231e+00
1.222570712958826000e+01
6.335134873308254200e+00
1.737571901940979657e+01
4.884505977363567730e+00
6.240168084393142856e+00
1.384747568939829776e+01
1.234902030774796877e+01
5.562943038130184981e+00
1.199521390945805699e+01
5.617469670578786101e+00
5.835708214457024035e+00
1.689578221613693643e+01
1.229012279611937508e+01
7.914693567864897750e-01
3.625123381897335850e+00
7.044422210775143967e+00
5.081774594245678678e+00
2.463613183401076601e-01
4.859626591223325853e+00
1.715505632010263781e+01
5.842571012009831755e+00
3.395252954084596375e+00
3.421679906113726521e-01
5.445304358769528008e+00
6.053644705069392451e+00
7.054683391645360402e+00
6.202272711618546097e+00
6.702361737200168257e+00
5.885425920628441609e+00
6.340516765041648739e+00
1.746396169762891049e+01
4.476117929522248851e+00
6.531527229432947834e+00
2.723445915954251229e-01
7.081050031934847055e+00
1.181608249904373942e+01
1.341379821358393087e+01
1.391413924628818322e+01
5.455216890078919967e+00
2.898368071840932370e+00
6.540542014125560577e+00
1.041801708700758411e+01
1.208974240002712008e+01
1.642077660414927587e-01
1.711462570518940407e-01
1.482544132144496452e+01
4.330873417637398859e+00
6.411864400609254666e+00
6.063467224957717505e+00
5.230372193584202023e+00
2.916118114345083612e+00
5.814013443980472928e+00
1.943299179348475292e+01
5.700690197971481687e+00
5.814600262045788170e+00
5.335737436442444803e+00
6.917589809488084107e+00
5.327081029595231776e+00
5.054572408578447806e+00
1.241372620496223433e+01
7.139009089432140520e+00
1.300664349955299315e+01
1.970450900430886776e+01
5.199223991111234788e+00
1.006953965723592148e+01
4.504195605106129929e-01
1.198177478175646155e-01
1.725087537181099751e-01
5.915652642328326216e+00
1.844124076367332066e+01
5.956604815410108777e+00
6.493642255477640290e+00
1.848442774280907486e+01
5.761856026706389855e+00
1.802333498388755473e+01
1.757645454760143977e+01
1.001576275256507387e+01
6.188430561362948445e+00
8.306926443269664340e-01
6.385545222978517010e+00
5.340311463052221264e+00
8.853554675665460394e+00
6.419624967015958639e+00
6.032523932650034837e+00
1.168813250740813814e+01
6.457816834510164306e+00
1.983137116067175043e+01
1.360918932639120804e+01
1.157968544656508847e+01
6.143715018791598759e+00
6.499277621309695441e+00
5.594280813642055428e+00
5.308151385990479199e+00
7.405143284220940814e+00
1.470569846793777025e+01
1.767982348610902221e+01
5.516920776260975323e+00
6.402064038537750967e+00
8.887405724413538266e+00
1.082178054933693873e-01
8.078667290465967099e+00
1.928638593710622118e+01
5.565940606786000666e-01
9.470800832920707180e+00
6.541934867155816846e+00
1.756173435911330927e+01
5.319098456104921269e+00
3.472418676149006678e-01
1.255570758251416486e+01
1.195603708001931609e-01
6.635865169932579910e+00
1.936463126947896241e+00
5.979163626950347421e+00
1.352858126225471580e-01
6.590976446354448903e+00
1.027229321172113607e+01
5.628873951677436871e+00
5.702207962158545307e+00
2.156799613667323978e+00
1.637047219988835423e+01
1.419764113323506294e+01
6.187523576181195750e+00
2.483626505536055351e+00
6.072704832215277015e+00
6.863905519800542088e+00
4.909957467627543259e+00
6.309015097542888917e+00
5.979499332806490486e+00
5.830050678040773704e+00
1.203787549331157614e+00
5.424698383681917591e+00
1.368572049525526246e+01
1.797871264293673832e+01
8.798370882786667124e+00
5.190236338588747778e+00
1.806701206222950518e+01
8.175153435448278216e+00
1.212982320962344218e+01
5.863030115112138674e+00
9.806426423142085014e+00
1.560607607478407266e-01
1.125525888879132630e+01
6.627851304230354401e+00
6.463813241206877613e+00
5.262862898763641439e+00
1.608938824975253468e+01
6.300272225643205104e+00
5.225724808587403736e+00
2.831702653516813939e+00
1.395865953240917356e+01
6.327100693946621668e+00
2.177732329557231783e-01
1.513394151922788033e+01
5.713298092886080148e+00
5.519673746273379145e+00
5.889612034710062893e+00
3.601624059187707338e+00
1.841919009227588333e-01
5.992789376170751581e+00
1.262516090058559470e+01
1.385313388527700251e-01
5.970526204424669636e+00
6.514851507684497278e+00
1.271155531910522107e+01
5.373709622596577695e+00
5.870266737507891186e+00
1.500472555468572722e+01
2.182483726597068130e-01
1.115778632819238148e+01
6.401124363804615136e+00
1.783067774892668567e+01
1.603896513090398201e+01
6.370679026895109232e+00
1.841309322632712053e+01
1.196840148182196373e+01
1.338535599232009865e+01
2.859959567129927160e-01
3.306294679776037526e+00
1.508292083774312253e+01
7.636252272629878490e+00
6.262571464687892053e+00
1.205308177520149904e-01
4.037469123096003032e-01
5.863353081152152591e+00
8.711862203996585396e-01
1.705948821342548527e+01
7.075934171270239936e+00
1.503272872500541268e+01
5.166544940325780821e+00
1.316478445472210879e-01
6.888882199558483244e+00
1.558872118977500953e+01
1.589297744042669436e+01
1.528802901938846581e+01
1.765674932700881783e+01
5.295680813288187849e+00
1.166302058451587631e-01
1.737917679176676777e-01
2.668137820329954391e+00
1.552812983443572215e+01
4.925761479175092994e+00
5.863933691018230476e+00
1.085887683270578274e-01
1.215603484321804473e+01
1.191871273836647305e+01
6.485018326813257517e+00
8.414344318667886569e+00
1.157421970750847490e-01
1.494609941523786789e+00
2.120569924888849322e-01
5.484051166157076551e+00
2.480137053321867235e-01
1.270107706070396603e+01
5.436018967001626123e+00
6.027985785377597772e+00
1.010227248284640922e+01
5.379864525854221924e+00
1.639559058235245392e-01
2.306435830793830410e-01
6.023649189181581320e+00
1.371872151521991512e+01
5.923200240529560290e+00
6.829709337737134511e+00
3.559428960512701412e+00
5.624412836379281799e+00
1.362028897771160629e+01
1.962157037425811623e+01
3.594217561603181288e+00
2.239258552085349741e-01
1.444375795663975204e+01
5.515774257753556675e+00
3.362855412810672018e+00
4.859074460237625459e+00
1.576632887464284871e-01
6.004689394942760217e+00
2.170360881670553577e-01
6.238442389396208654e+00
4.519906471914104107e-01
6.300809677031441680e+00
1.453739989231340068e+01
6.124833371685361350e+00
1.380811517430934465e+01
1.094683107407284339e+01
1.296870697672117267e-01
1.659167159917790124e-01
1.283822027642947949e-01
6.108410864531167661e+00
1.361438092678168843e+01
6.073238781996292524e+00
1.984990621705260594e+01
6.502811706980963891e+00
1.575057251110343692e+01
5.794779368360206462e+00
1.676857519238888017e+01
1.632506737719921475e+01
2.574455284776192565e-01
5.758845280801818234e+00
1.888922481560595656e+01
1.070456311220662826e+01
7.624530448104917646e+00
6.253748970030448717e+00
6.024138785820174924e+00
6.159076021065711615e+00
1.140899715450552598e+01
5.888709440976604981e+00
2.849902523349776562e-01
5.931971681953227993e+00
7.616412684182047421e+00
3.762788619185776007e+00
4.157791705408448557e+00
3.819619232350785598e+00
1.034445060376517667e+01
6.234928526042368802e+00
5.337950826693567130e+00
1.509866181222352921e+01
4.530217453573225361e-01
5.867288889028202670e-01
1.519001156745926728e+00
9.131359828822512625e+00
1.263115835233979567e+01
6.685424382842994895e+00
1.257170130696600552e+01
1.667690055936428095e+01
6.142719622069077623e+00
5.625584572078214052e+00
2.184367097666893631e+00
3.073232961011494457e-01
2.869864890051024631e+00
1.121466366198323605e+01
1.168605235285109650e-01
6.036043294576122875e+00
6.664612199827943506e+00
1.883568962993269480e+01
5.886168190508734632e+00
1.584531540478180567e+00
6.677326662361442011e+00
5.317529486291084240e+00
7.369743348088134027e+00
5.860446825960172745e+00
5.663128805154972412e+00
6.168138721644772282e+00
5.980780514722919605e+00
5.910574068371435175e+00
4.464171337000643724e+00
8.615899576986398856e-01
1.540856982887331839e+01
7.810218221701610730e+00
6.148277642304710078e+00
9.005315438346690016e+00
1.846676461172580108e+00
6.792459832108377782e+00
6.490953605221263523e+00
6.292966429819451868e+00
5.738751079777919983e+00
6.236261974794190088e+00
1.953342106238068610e+01
6.429734199310686904e+00
8.655398515124538505e+00
5.923317705052459026e+00
6.246318746164368996e+00
4.276108713692238439e+00
6.473085430848808386e+00
1.007413027743870337e+01
1.012506647204095556e+00
1.162167336032380938e+01
2.976189810861809559e-01
1.098263299977523672e-01
5.445585841352389878e+00
5.474413264130066459e+00
3.849850465792860721e+00
5.961509394493606173e+00
1.474835087705680392e-01
6.669276212713453056e-01
3.457218178567411648e+00
1.228416166626661443e+01
6.119021547506068970e+00
1.421410636934057781e+00
1.458334802716222001e+01
1.385725985570635865e+00
2.231959991740353200e+00
9.059927407612834216e+00
6.411270479833371283e+00
6.039480650420973262e+00
4.759446262190370369e+00
1.030264627601930449e+01
5.486640047108523710e+00
4.026673913178096420e+00
5.866239262879814120e+00
1.503140949877099253e+01
2.764095069582442332e-01
6.259195725992539039e+00
5.606854614434918282e+00
6.002537461522521767e+00
1.425782297800193277e+01
1.206478683949172392e+01
8.127631200268071510e+00
7.985679453388407900e+00
5.584820698900789360e+00
2.870718457301084658e-01
6.338838472061456564e+00
7.609080116672886085e+00
4.613452053036339429e+00
5.461959052444627538e+00
9.281798480901819914e+00
2.330459281957495854e+00
9.055592147422608207e+00
6.085143276436532744e+00
1.337140861225452682e+01
4.898825639759034623e+00
6.198225921280068995e+00
5.825845253814694757e+00
1.811948235824364373e-01
1.622864993073397244e+01
5.456156202940633193e+00
7.721153787161586735e+00
1.404374378942326018e+01
1.919252608108097746e+01
6.500626964569478972e+00
5.475809492961841052e+00
5.876741164799025086e+00
1.479181114168931366e+01
1.552826384060043452e+01
5.370478474458404428e+00
1.746661768600203857e+01
6.236445507288062018e+00
1.390663564348987791e+01
1.831756308494614793e-01
5.398741119791501397e+00
3.767673719507362851e-01
1.072429435536587405e+01
5.421485620920305060e+00
1.372962455167321316e+01
7.786222053883213867e+00
1.482880428610445911e+01
5.918584736619565412e+00
5.724747067083251650e+00
8.441636822902950144e+00
5.795588781098238051e+00
6.213971326392122130e+00
5.495915484027524833e+00
1.302620024715969294e+01
1.375815767203585160e+01
1.136594332178697897e+01
7.272158342460079972e+00
4.626002734021188445e+00
6.112196763167415448e+00
6.399900959721268379e+00
1.916602972596098198e+01
5.553309370056258132e+00
1.827658562519225427e+01
1.568822618996705209e+01
1.134834456742543907e+01
6.086662754239063666e+00
1.097929666956554762e+01
1.371091689244996026e+01
1.768548439821758578e+01
7.692519023643297871e+00
1.162074836093515556e-01
4.835141444442034420e+00
1.293202650734156656e+01
1.540705748102315642e+00
1.510260264979853595e+01
6.022240189154504542e+00
6.127946522697856224e+00
4.167647267757306651e+00
6.584405821091669608e+00
4.417375769649157236e-01
1.041735822769871145e-01
1.107597157234844476e-01
1.600451022568144666e+01
5.667026628171237590e+00
1.638186036361333109e+01
1.040097807744358249e+01
5.313174574440752806e+00
5.723127613337852360e+00
1.260309657493098001e+01
1.061608488985588405e-01
6.328897797239830147e+00
9.759789634718291085e-01
1.655896706881508962e+01
5.721280467534136882e+00
5.154889910058449765e+00
5.360432964078280627e+00
6.569466173303951884e+00
2.755609737984646479e+00
7.847589505506647356e+00
1.505140253232625014e+01
1.131694798358277332e+01
6.352777076094264785e+00
1.097373306024143957e+01
1.118624944985258551e+01
8.555023006641176764e+00
9.464482964795433162e+00
1.470574120141238950e-01
1.064225995872735808e+01
6.065027152592202597e+00
1.296385554934882389e-01
8.433729215674231838e+00
6.617624645149422058e+00
1.894903286867340164e-01
1.072709341255131260e-01
1.586331397246973474e+01
2.229043069800529520e-01
1.292316939389773722e+01
4.508715894897176391e+00
5.898857503414530967e+00
7.882653373710156508e+00
5.725180455787540978e+00
7.641773112036909232e+00
1.917086530223573959e+01
4.114567985820221985e+00
6.212706957261462826e+00
3.518759305023074546e+00
1.088696944839369074e+01
4.781556766948946269e+00
1.383273440014657751e+01
1.617230224440246289e+01
1.511223622820055124e-01
1.233591348830585244e-01
5.632741297999108721e-01
5.281970007192287930e+00
5.766254311961579226e+00
3.271477258548092792e-01
1.037115308626119642e-01
1.488351658108973474e+01
5.671023251130748122e+00
5.922561427967436565e+00
5.576211056016123102e+00
1.804158938898911657e+01
1.218800348488870000e+01
1.529372190069124282e-01
1.143948917859758940e-01
1.527305122254896830e+01
1.116368252119996995e+01
2.767426719144502334e-01
1.809237230721861422e+01
1.096520328511007847e+01
5.180907194190224052e-01
4.979514172403345817e+00
6.387355109645862505e+00
5.109551414114982926e+00
6.357247855349480226e+00
1.980134897217640599e+01
6.067187188363252659e+00
6.286779286734913264e+00
9.370918611614477811e+00
7.188325390251706359e+00
5.809005517116190731e+00
6.241873011268551430e+00
6.419442273933844589e+00
5.953638125789763258e+00
5.380599496342123089e+00
5.779650885034345542e+00
5.774663373366530905e+00
2.722679175011201713e-01
1.472993568291508792e-01
1.917286715576511469e+01
1.767533671246413007e+01
1.438608263745032312e-01
1.507714170079578198e-01
5.178913215561165906e+00
6.041788570583991103e+00
1.455480796910995911e-01
1.760164529764711361e+01
5.536999375729704909e+00
1.336831956647899311e+01
6.218013512949277732e+00
1.607632763342852300e+01
6.942408512226691641e+00
1.172832347110919571e+01
6.314671369222701003e+00
1.444357178687063481e+01
1.406511134973613131e-01
1.872200364426142460e+00
1.443564690271407613e+01
9.960155872880543271e+00
5.549053146371010214e+00
5.824058935777860491e+00
1.857079796002489402e+01
8.135993996466430289e+00
1.894663086814699082e-01
2.484307910330396219e+00
1.911989307931066806e+00
5.792423138789147607e+00
1.648900302805754170e-01
5.263028594906175250e+00
3.025975764819834435e+00
1.262942310230575593e+01
1.419917600837369065e+01
1.791546884916307292e+01
2.059948750211795521e-01
6.770722732712615155e+00
5.985234226414765324e+00
3.318662895034915294e+00
1.796257417474301121e+01
9.854771158888581795e+00
5.851312942983608600e+00
6.515205993372696902e+00
4.099613869302737079e+00
6.451136093245260383e+00
7.346036710311589779e+00
5.932629894310944785e+00
7.494109907224927980e+00
2.052882166017162002e-01
1.729080843986367189e+00
1.206114944115039656e+01
5.568756476427917157e+00
2.795021613580690012e+00
1.935513741940727073e+01
6.187347713863725396e+00
2.175592456142099618e+00
1.418694304334458067e+01
1.170459336182135246e+01
5.977383994970412395e+00
5.424483942618955723e+00
6.297409015797127196e+00
1.270156738054335399e+01
5.953423833082309713e+00
2.446659425765107254e-01
5.514432865398980255e+00
5.463317788415536391e+00
3.177388600948525710e+00
6.633286347238155578e+00
5.591179267783303430e+00
1.145259868558627581e+01
6.149913252642999595e+00
1.523492588066485964e-01
7.915962547013120520e+00
1.119893459814967768e-01
6.297077494256218877e+00
5.082547122343771484e+00
1.354617947865563998e+01
1.904933626740761810e+01
5.615940598915222459e+00
2.613306774474477012e-01
6.392533564190672202e+00
6.523690353679669762e+00
1.585120868892920143e+01
4.824247740185049871e+00
1.146514371784161135e+01
2.232948373189438840e+00
1.319180440715404501e+01
2.191731287486343716e-01
6.347594065230638627e+00
1.677717474414480847e+01
5.198275965032430612e+00
6.670193802865256316e+00
1.844255208006046232e+01
2.599099298292545157e+00
5.824186543115342118e+00
6.216605963764790133e+00
8.960111653119234854e-01
5.198917940867767706e-01
5.293140192945447353e+00
1.275046047007638017e-01
1.438502746794332321e-01
5.603230857403335818e+00
3.065933989617077415e+00
6.437048229291272960e+00
1.777771133484540655e+01
6.547360408174242252e+00
6.604835523385952811e+00
6.607246265003974273e+00
2.040082915080816406e+00
6.113457541086354752e+00
6.389817603018011383e+00
1.437109784234351650e-01
1.840466288681960449e+01
5.864190739836464772e+00
6.107747795988449191e+00
1.280651349463859390e-01
6.566184790124220960e+00
1.372469155390378115e-01
1.076989645277110164e+01
6.196451474426489803e+00
5.214904406710835438e+00
6.773505382508141714e+00
6.354374451555743875e+00
6.124013300755804856e+00
5.783787216031591960e+00
1.206888090782582168e+01
6.764742177837436365e+00
1.977046337682910604e+00
5.910880964834267282e+00
1.218015856786849316e+00
5.395108307831574912e+00
1.185712556663224149e+01
6.059415284387879908e+00
6.056730019724331449e+00
9.799575917229100597e+00
6.015321158729583395e+00
9.589066307616318952e+00
6.515058762582589758e+00
1.096235363381192052e+01
1.719354627150817549e+01
1.853808046252594099e-01
2.522201179207152477e-01
1.210074548539653527e+01
5.984524550733335779e+00
9.856047637752888280e-01
1.993732770512493957e+01
4.528071623729877260e+00
6.455842531741284418e+00
2.668661140815814292e+00
3.360996032434166114e+00
1.183084553537056038e+01
6.324184476811799627e+00
1.700719465856314372e+01
1.963846298762445386e+01
6.849492416403298201e+00
5.992027712469760736e+00
6.250244513420016190e+00
4.214306057482220425e+00
1.462008277725613681e+01
5.631389225107099605e+00
1.871708100239169781e+01
5.816100518476719827e+00
1.888081146600596227e+01
6.561590664979454424e+00
6.386261705055694904e+00
6.326629010892720117e+00
1.697174180431082924e+00
5.999682955881960211e+00
1.412194675911808162e+01
6.383167292746528609e+00
1.035553896928115558e-01
6.522447797311627937e+00
2.457435205967032577e+00
1.214189773198253164e+01
5.943056043517533915e+00
1.475117552892863282e+00
5.586762614852614384e+00
5.774452852681860371e+00
6.140017395010361589e+00
9.246970251348336944e+00
1.855433778043622972e+00
5.778442379885906810e+00
1.384070697750819257e+01
5.171496017548657953e+00
1.153633087013703928e+01
1.549052690170758240e+01
5.921546535121324339e+00
1.890706483225329038e+01
1.071589792037064903e+01
4.214787488263597726e-01
1.728460168773375116e+01
5.993247923566230817e+00
6.134287747189846485e+00
1.191352729318064263e+01
5.669263480115771081e+00
6.455790776478436577e+00
1.183357835526640811e-01
1.421214825230686651e-01
3.090521598182033869e-01
6.818956335316083361e+00
3.919629031719184198e+00
6.100624274511333489e+00
5.384396126225579948e+00
2.650808492436666164e+00
3.821185989024553642e-01
6.644235632119602109e+00
1.151433179840502241e+01
1.846949643994966639e+00
6.330541133715027691e+00
6.494082074397146798e+00
6.272223272793382876e+00
6.583710070080525334e+00
2.635896198643365440e-01
5.248124429793942447e+00
6.282462424889634356e+00
1.926192752091790439e+01
5.045124390635254308e+00
1.663374768581372720e+01
1.208680040753076779e-01
1.237748404757591736e+01
1.211180628839056972e-01
1.460245541357224219e+01
8.123328246787343332e+00
1.443675333210298062e-01
5.255739782972169927e+00
5.820984497992485629e+00
2.580447838203858146e-01
1.061153653833484256e+01
8.653201109929579360e+00
1.754492673310846129e+01
1.788255658869996600e-01
6.182620972434582640e+00
3.229079739708232699e-01
1.459622740664114637e+01
1.350802563351501995e+01
1.943763456401888945e+01
1.852290374663742512e+01
1.247692875305019378e+01
5.558713285980012131e+00
2.356971480027171550e-01
6.717824301920002128e+00
6.281277639604088137e+00
5.637476953773708388e+00
8.641262079947130914e+00
5.473991985626218693e+00
6.467162613856895170e+00
5.384602346146112772e+00
5.224360767803450933e+00
1.969711315295483989e-01
5.327070186503258142e+00
8.651055276541219641e+00
5.626486767167471648e+00
4.656238057970936706e-01
1.366734836735590974e+01
1.849533794755119942e+01
2.575078373452836522e-01
1.656719532154904684e+01
5.986058946079912957e+00
1.986767437036277784e+01
5.463910485733642908e+00
1.358025485499282092e-01
6.195304038025275517e+00
4.319250561799186094e+00
1.742714582122649958e+01
5.941129565240144572e+00
1.640538848389920534e-01
3.906218018992664298e+00
1.623952460739910819e+01
1.268523846758217388e+01
5.746951936373566383e+00
6.186282176032339208e+00
8.677633522448710224e+00
1.156173343339676751e-01
5.568431656648326289e+00
2.153806299607229080e-01
1.934042771509176006e+01
1.850828926835071941e-01
3.762669234565053089e-01
1.884205501646608027e+01
5.605263930944442308e+00
4.429684593009217131e-01
7.855178554075072483e+00
1.574810011537423549e+01
6.423800350251847924e+00
2.143315866495698607e+00
4.375563073357905397e-01
2.055083295634304585e-01
1.861149847941342017e+01
6.189843338919381210e+00
5.584670930296817382e+00
3.004923717542379524e+00
5.939073451847436402e+00
1.666385799934843703e+00
6.740017478634999115e+00
5.712025241261470043e+00
5.090105568288866955e+00
6.936407321854449748e+00
5.531490503157665550e+00
4.204661639528222694e-01
1.583975450418167696e+01
3.051256818277397809e+00
1.164388977010395010e+01
1.749049014035031036e+01
9.843130688163356012e+00
6.231639714520672335e+00
1.232191597422951368e+01
5.711566819613483226e+00
6.703305209565419531e+00
2.106057671715971136e+00
3.236045795272691761e-01
1.181721862665291489e+01
6.497913693606745866e+00
1.569557276102887533e+00
5.503706303823791224e+00
6.310828049690819341e+00
1.397030197173698873e+01
1.035584454237850061e+01
5.910590862518599664e+00
6.114286678717276935e+00
7.831122581271707794e+00
1.375173697740887668e+01
7.921421921369681485e+00
1.163086619625096318e+01
1.170990894552801542e+01
2.946311664356387805e+00
1.672971397711494390e+01
1.277036592423405059e-01
5.830956171618482564e+00
6.576210968035763216e+00
1.238929367133531478e+01
1.414533421465069019e+01
1.076734541512694016e-01
9.492204324358917589e+00
6.687953249390347743e+00
1.100507407636270152e+01
8.022832235625816821e+00
5.683442515931874661e-01
3.231241941205782897e+00
4.755345801134141404e+00
2.176585665658145319e-01
1.451289987079455723e-01
8.787331060211828415e+00
6.399612006700095002e+00
1.795577918075219870e+01
5.970868415946675611e+00
4.106305565513129197e-01
1.100928526433439281e+01
1.144070363670465618e+01
5.908782774650032099e-01
1.979151606738509628e+01
5.947015757860505403e+00
1.942631877600718149e-01
5.500831594420807491e+00
1.927097869277643127e+01
1.065768825985871915e-01
1.204458741571059832e+01
6.153857139552721733e+00
2.949698515935178289e+00
4.282506051331251840e+00
6.820154983546390604e+00
1.833856389651931096e+00
6.219962304437217426e+00
8.064792978200109985e+00
5.548550331957067705e+00
1.416377132370444691e+01
6.614430641715474124e+00
5.758950464695735683e+00
6.742612895487588354e+00
1.075660505612273665e-01
5.781318304428687327e+00
1.492199392247924861e-01
5.649965572987004414e+00
1.713657468319476962e+01
1.467618088872002247e+01
5.815009053051436894e+00
5.810163757057901890e+00
5.764372469931977605e+00
1.887322397919730932e+01
6.867935550183708493e+00
6.749507036459358567e+00
3.921314203771852358e-01
6.019491464708234041e+00
7.949609224059796198e+00
4.049302199874212360e-01
6.131349379225039087e+00
5.608196054578369782e+00
1.241903051915797285e+01
5.017551106820425488e+00
1.425997603050793705e-01
1.759932217369927776e-01
1.009539628302428937e+01
2.549567131234071304e+00
6.145618336998494691e+00
1.267511411719900316e+01
7.059729690757576392e+00
6.246567548399009517e+00
3.834463261689971425e+00
5.116917354009665964e+00
1.103045777827839358e-01
1.102811764444599607e+00
1.747539018698827551e+00
1.144655585545659271e+01
5.793582369311078395e+00
5.628163229879326046e+00
2.775326231897173868e-01
5.204923053758312435e+00
5.926056717428094256e-01
4.516620540016557328e+00
5.242160996452395416e+00
5.644484278023357504e+00
1.016380669806127290e-01
1.366900594106807354e+01
6.280824670911401064e+00
5.359359937621732684e+00
6.418394219191408290e+00
1.605992996502243031e+01
1.569089752709928476e+01
1.533360227069573867e+01
1.608880739095571855e+01
4.721494084904350963e+00
1.208263543043822386e-01
6.358432517558865626e+00
6.846798449537505604e+00
1.805962036172746465e+01
5.621492113723913775e+00
1.959448636791111698e+00
2.225791959665194553e-01
5.588858728481962856e+00
1.776192398498604419e+01
5.566190457670065150e+00
1.358228628273434424e+01
1.182199972242340275e-01
1.137262908660027527e+01
6.265576465032280495e+00
5.415879758553839629e+00
6.332210329429790008e+00
6.310117759682085214e+00
1.349703896881175869e-01
1.844398838435641963e+01
5.925001436427659307e+00
6.572986673257078749e+00
2.899213850297285955e+00
1.016027315852581303e+01
6.117250986955946601e+00
1.932828467272076622e+01
1.408031360416782007e+01
8.200607851451279018e+00
6.184614908719654913e+00
5.543807241783578199e+00
1.012333677059355785e-01
1.982338981535197675e+01
5.973667572766201417e+00
6.079791163367789686e+00
1.866780330395569010e+01
1.360315504598091962e+01
1.902266181282285018e+01
6.122350473528237913e+00
1.737626554095134424e+01
3.514800585252231713e+00
4.627884108338651714e+00
6.814203853768989738e+00
5.417985116889790120e+00
1.352532101821662669e-01
6.002026802987344922e+00
5.951097714041145181e+00
1.270759019267628243e-01
8.708622507473233298e+00
1.016188133075433342e+01
6.107722636467323163e+00
6.096604598479063775e+00
7.228412296042477259e+00
5.859453794861975595e+00
1.596555637018472673e+01
6.417158762444715059e+00
5.959918639833721166e+00
1.275518461394012171e+01
5.994775454847362184e+00
5.526520226433973448e+00
5.387923662344332065e+00
5.294723008677626019e+00
1.641160525213431853e+01
6.076100854687985553e+00
5.021472695888665072e+00
1.883521913983144391e-01
6.039321379719718941e+00
9.620630553557001363e+00
1.898951326053395761e+01
3.771127602396984191e+00
1.432144728951194246e+01
1.442431398076611249e+00
5.628316872358194445e+00
1.209408973860360526e+01
5.845800314635735795e+00
6.234910923075970501e+00
8.588540574791911908e+00
5.908577842553788706e+00
6.421434004025038611e+00
5.935079311508502542e+00
1.591421218645025526e+01
5.604438486757588933e+00
5.218414473034774126e+00
6.669374262822827859e+00
2.554118120758980259e-01
1.611356174306431965e-01
8.681112345859594015e+00
1.768617180692724666e+00
6.090186595597656627e+00
3.172350704198446669e-01
7.652380534532853495e+00
6.663660262215915786e+00
1.568936699181340622e+01
5.087720998502666347e+00
3.379364233724023503e+00
1.499694601306470032e+00
5.748158990145499914e+00
1.235345769372965530e-01
8.405618217155346628e+00
6.998585434340444777e+00
1.041314794021418422e+01
5.656672168846871962e+00
3.667741350698134006e+00
1.397197507202792899e+01
1.218195745123057883e+01
1.826432994121051934e+01
6.589939556851554414e+00
1.827388440491523625e+01
5.864735203275041719e+00
3.708923186636030600e-01
1.555780804523367866e-01
4.611374693815534442e+00
4.627141835071372000e+00
1.304469215860747822e+00
5.220932299308035596e+00
1.245866759814766311e+01
1.781858950519371321e-01
2.118290827549192290e+00
8.543690663656148487e+00
1.181475787354631102e-01
7.103219837219324262e+00
1.572073234071927139e+01
1.309625568614081104e+01
1.902114519543899718e+01
4.904197360054899590e+00
7.687257797812859117e+00
6.590731977479919124e+00
2.187990058356142631e-01
1.356599242137838424e+01
1.317402978819648851e+01
1.205298763215148089e-01
5.839043279722758051e+00
6.208190454266461877e+00
5.004700934671488799e-01
6.023927392480062259e+00
1.802171524105185085e+01
1.368082088115585515e+00
5.194281540024231703e+00
1.608341803211965626e-01
1.543777542977078643e-01
1.502995132623461405e-01
2.093344662121665867e-01
5.730342376771523583e+00
2.255446380156891362e-01
6.739002422880227883e+00
4.092658002421867280e+00
1.551051688585888821e-01
1.019901477862093486e+01
1.621303692372143279e-01
6.086336764638061503e+00
1.365639963941973345e-01
1.017475493449830637e+01
1.059714473386866374e+01
5.976913693784539738e+00
5.979892512923286496e+00
1.213937038885708830e+01
1.547432977892236039e+01
1.866507119581937957e+01
1.430262863205997270e+01
1.187080297353225333e+01
1.502161546373575973e+01
5.340619405494821947e+00
6.234650067067675216e+00
1.997517473692791512e+01
6.076528658993393783e+00
5.878200751270972191e+00
5.514813782863051017e+00
1.175148617028685116e+01
1.209796239459178524e-01
1.530827465738544291e+01
5.925750943636673540e+00
5.859305888884342117e+00
5.802206954183624532e+00
2.388249516284326024e+00
1.424849316316893422e+01
1.959642706661248113e+01
6.348332526433714484e+00
1.932850959415998204e+01
2.110221395377045450e+00
5.343988823874052940e+00
1.112451947127788010e+01
2.616204208683152732e+00
1.207134211403073820e+01
1.860772504593455778e+01
7.407357347656960300e+00
6.249043799846318414e+00
2.589970974639250745e-01
6.649377823245339769e+00
8.585450022350672228e+00
1.130068435575609875e+01
8.572878390200373566e-01
5.468260171156652305e+00
5.635883588495270047e+00
6.161295910226256112e+00
1.833595940509851729e+01
1.255694960186428399e-01
1.455781181141867542e+01
6.025367345957411302e+00
1.236249219251386450e-01
1.695453124618826735e+01
7.059871243157591181e+00
6.941578461106021614e+00
5.705357712237950629e+00
1.617006912618502312e+01
6.168067257021069061e+00
2.045230212180032536e-01
6.317232729819145298e+00
5.542818577035217409e+00
5.017750470773036042e+00
2.407187199336876249e-01
1.597694370086595050e+01
6.137993220119887461e+00
5.372629296041007585e+00
1.726439116597303780e+01
1.045773588873569471e-01
5.688135259526670318e+00
4.894882200869438371e+00
5.796636825168597795e+00
4.975448145041164061e+00
6.431406735395730934e+00
6.051196620288638250e+00
6.810662253588539272e+00
5.810157579024019192e+00
1.247641304739472434e-01
1.232091281977112018e+01
1.032382540708445617e+01
6.506039851688268705e+00
2.108469448276608926e-01
5.408245975775868963e+00
1.870521877870901051e+01
1.931741809230483886e+00
6.040192467036606949e+00
1.886030829936306930e+01
1.715189726538603465e-01
2.127828238499938074e+00
1.916866331092649745e+01
5.686190221972619696e+00
4.545318175223389545e+00
1.626820671429553400e+01
8.479619547452147188e+00
6.230042276704148563e+00
6.871415249473649567e+00
2.066360699894433106e-01
1.843458367047599467e+01
6.888101823678430158e+00
6.350165368221167839e+00
1.244338832022094365e+01
2.273851279239203771e-01
5.407974205860765160e+00
1.945982412731630307e+00
6.591044604810779362e+00
6.393461387698287979e+00
1.023351471547698566e+01
6.012216420373817094e+00
1.832718505839195799e+01
1.255380345824139710e-01
2.871338430836458677e+00
8.850176022253128494e+00
2.049705391967222567e+00
5.427222834417559483e+00
5.506900302041237261e+00
6.124292904353867417e-01
1.605356336210950019e+01
2.410945720332396958e-01
1.583851391036453649e+01
6.112359658239419069e+00
1.296385150165427325e+00
1.330176842003575821e+01
5.817142448658077392e+00
5.771846492861924638e+00
6.299486105939068992e+00
1.067095746432276826e+01
1.333098072492081565e-01
1.351369645444855472e+01
1.257189907974166942e+01
6.783814248693093241e+00
6.303732457534960254e+00
5.698516116588842273e+00
1.085199751641322052e+01
5.793901979778842026e+00
5.163641528199310216e+00
1.743620401768695982e-01
1.452372921365395797e+01
3.547732781068167363e+00
6.173533813568341522e+00
6.090380014289944466e-01
5.750241251488794170e+00
4.566223912053484213e+00
1.534980452065487100e+01
1.716326665330871193e-01
6.583274121055088024e+00
5.811323450495445186e+00
5.785427111727586613e+00
5.399374915596756530e+00
6.153965938385479895e+00
1.811983416071952746e+01
5.630656347870615974e+00
5.492991816331205257e+00
3.314722358051945594e+00
5.559469867187549319e+00
2.331247624757335490e-01
6.059601255315333113e+00
5.708072874309613631e+00
1.283807051893774698e-01
6.007441529808917657e+00
2.252229770294485733e-01
5.879074763566394246e+00
1.669497948412691812e+01
3.393487914027298658e+00
1.129938873229919771e+01
1.907490367768362916e+01
1.239760628131340425e+01
6.323588505044717145e+00
4.877464688350244160e+00
6.252127582444041209e+00
1.649476115077846139e-01
1.696045716484393617e+00
1.745443887969605967e+01
3.475150504483243141e-01
6.442708511116775227e+00
1.524541789949626636e-01
5.538820971486899225e+00
1.771387353187667157e+00
5.991606118822471849e+00
1.366049042755493881e-01
1.907516731459051595e-01
1.240591640551765851e+00
2.181647559804520853e+00
6.191362946146596435e+00
1.810468133086944320e+01
1.436573596325004942e+01
6.196355828682884592e+00
1.299604459659868105e+01
5.596491299832316857e-01
6.649044096249429714e+00
5.927395276962147186e+00
1.997373083822333939e+01
1.330783432437275415e+01
5.651014000051042707e+00
6.167794501817218666e+00
9.368671306068183213e+00
1.942548594621393576e+01
1.476937293927405292e+01
5.446936094375355530e+00
2.048183277260343937e-01
1.630599103139840267e+01
6.012424353694825641e+00
6.065376180631035119e+00
3.802758705609696754e-01
1.509259754588163105e+01
1.702792019091672060e+01
1.326748302109399980e+01
7.997193270584863178e+00
5.651971467494669277e+00
1.055421716133678522e+00
5.952822501114873432e+00
3.538590920417922003e+00
1.193140651894623616e+01
1.368982075999543113e+01
5.550933655146351065e+00
3.239037570099120966e+00
1.165343178787353118e+01
1.110535776803551933e+01
1.207688535498907711e+01
3.862751586567516049e-01
1.109245675511054152e+01
6.236680107290494490e+00
