1.644373637118073717e+01
1.567146272098779747e+01
6.153429744429718795e+00
1.996131345400589951e-01
2.143597645468532931e-01
1.934929409862710870e+01
1.555471664326549264e-01
6.216003411758803665e+00
1.140205553773220437e+01
1.695090807620504292e-01
1.002239122280217032e+01
6.472941087615363465e+00
1.367162633587728493e-01
6.271730012653281783e+00
5.973649536227973122e+00
4.408719612756750728e+00
4.882117110743511290e+00
3.517508233384377014e+00
1.374553983854101702e+01
6.708209336428708980e+00
1.903702426208053922e+01
6.284545061836550595e+00
5.962412108070378025e+00
6.877744782324010764e+00
3.471431217067624253e+00
6.260646055241823937e+00
1.259845693839261316e-01
1.597311474332490100e-01
5.995034070902492296e+00
6.856670472061590083e+00
6.439580083303821922e+00
1.251113413804298702e+01
1.716499258285556806e+01
5.865576242477966495e+00
6.132236417135464634e+00
1.805839428227999832e+01
6.035459467443719639e+00
5.036504757687945144e+00
5.764805001066985568e+00
7.987271709999884450e+00
1.358190826747907032e+01
6.060810934596807975e+00
1.959907923249850015e+01
1.793844946998473944e+01
7.664529838078155244e+00
2.970796727388696490e-01
5.410170066988897020e+00
1.175993645750732647e-01
5.733965763108397340e+00
5.203946295500727182e+00
6.225810792612103128e+00
1.273285807212095833e+01
9.359653516215111324e+00
7.446378503339224686e+00
5.909994440698882912e+00
9.185865289422528335e+00
4.334629819231493819e+00
5.111855777564077385e+00
5.659582322693275103e+00
1.122391693893359665e+01
6.366892708620566665e+00
9.428813635868181109e+00
4.178594120725937167e+00
1.475519077195997042e+01
5.903180485943117617e+00
1.270325437536440061e-01
2.183208127298369661e+00
1.513868934819069256e-01
6.055420633895393756e+00
7.561703024250578054e+00
1.300597247853850114e+01
1.415259474259904238e+01
5.799318304720935124e+00
1.370426799873547985e+00
1.275242998701510899e+01
4.511936155153731143e+00
1.024680903560983430e-01
6.445628520532399541e+00
6.789107373766131381e+00
1.101018715670153830e-01
6.037279262817597747e+00
1.637388330570160377e+01
1.889840943252728001e-01
5.478044739963733534e+00
6.147393140715104565e+00
5.626092737449654990e+00
5.112501799920155854e+00
4.597024226078652021e-01
7.179258629489496002e+00
7.931571515591720356e+00
1.446117252621170657e+01
6.060037416435138269e+00
5.382015747015185703e+00
4.151365351258179404e-01
1.561977647779277389e-01
5.777538919308154775e+00
2.748241698903680086e-01
6.505544548580288300e+00
5.866588860266136685e+00
6.745337130313780349e+00
5.664027373291145473e+00
7.543644291787881428e+00
5.585932122419350332e-01
5.676936284576959757e+00
1.600675068476046792e-01
1.284783457454112643e+01
1.397713430148044722e+01
5.960177569363991346e+00
1.047922239993891047e+01
6.072068968168958136e+00
6.190534219916288272e+00
3.897597173028191642e-01
1.740674619906056364e+01
8.003858888884652245e+00
6.049863406040656422e+00
5.801576087662470904e+00
5.939769896672390637e+00
9.026935230251467601e+00
6.106345836891164502e+00
1.723960685207526211e-01
1.344461224451669323e-01
1.234216760013734770e+01
5.901906796248766796e+00
1.005549595578497879e+01
1.988687719962277001e+01
5.792039569628739670e+00
5.472990763870104303e+00
1.221333124184625341e+01
3.193226631774730984e-01
5.312492668321953104e+00
5.582024919228025794e+00
1.752885883604290029e+01
4.349511325040332110e+00
1.821033307930239786e+01
5.493352359834741350e+00
1.349089529354065498e+01
6.042626773420556319e+00
5.111048573906469272e+00
1.345829979331487003e+01
8.024984896189170103e-01
6.399029382539655586e+00
6.307040947521927343e+00
1.773898589987097196e+01
6.011930929753677155e+00
6.199055448352664754e+00
5.149564955548630252e+00
8.027637069906305101e+00
5.277493079060181280e+00
1.940448319756465523e+01
5.763424024305859206e+00
6.982077814396030480e-01
5.703338105776206035e+00
2.260958323723744334e-01
1.106281973210321290e+01
1.720334748903650990e+01
5.859948870493863815e+00
1.491638522546067591e+01
4.755206831111713051e+00
1.302965124050500911e+01
5.773432260812420225e+00
5.725207466756724983e+00
5.383283838711851566e+00
1.098249986716388349e-01
2.126972273864846386e-01
1.700605542781183388e+01
4.087418560766420406e+00
3.859195603653973183e+00
5.688855597829405752e+00
1.665724906997036214e+01
8.871242202761841611e+00
1.477764366009238195e+01
5.977734205234820131e+00
5.798906419617519070e+00
4.890097755782740307e+00
8.236627677609451581e+00
9.023876779805185322e+00
1.307389757932743146e-01
1.411539245303457513e+01
5.823157890652109536e+00
2.160379946078949676e+00
6.244922722998380138e+00
3.943846789487111537e-01
5.385488129948598157e+00
1.143430265257966705e-01
7.454187334557123013e-01
6.255300941386690017e-01
1.420121811353934405e+01
5.480328347294709523e+00
7.710785508432230095e+00
2.150064223059381108e-01
6.122238302689180678e+00
5.391260642845639994e-01
5.161001563703127459e+00
5.472499089666976069e+00
1.657331631676139949e+01
6.529599295024913985e+00
1.886616339036993328e-01
5.847320057631077539e+00
1.057188649092810273e+01
6.514575647715804330e+00
6.173023139409986371e+00
1.414633395310215214e+01
6.067702400474591862e+00
5.251353639310721633e+00
6.918771348259977749e+00
7.922574412588104131e+00
5.740339499542532309e+00
4.213249147524464888e-01
6.405038159389936148e+00
5.971726333656874885e+00
5.310771644467368269e+00
5.566384042136044208e+00
5.595927973918751519e+00
1.435271128091863690e-01
1.572651113108011200e-01
1.626919638256726941e+01
1.348518028858512352e+01
5.214605026634904661e+00
1.735230925560079385e+01
6.531591429475747113e+00
5.356655634272964761e+00
1.226964278798961949e+01
1.531639465197844885e+01
6.096110125139353464e+00
6.346774238497182807e+00
6.102871220886896708e+00
7.004169824782284337e+00
1.221064953477647208e+01
1.840372893432714874e-01
5.989075602909286644e+00
1.086779979344737512e+01
1.145096026410839585e+01
1.152325810882786211e-01
6.161635615865040272e+00
1.533830971389315323e+01
5.814221592750921097e+00
6.415214523287153803e+00
1.706676298497503907e+01
3.048592393409370160e+00
1.214037492880404479e+01
1.079186179967742376e+01
6.421711865866508440e+00
1.901278741740475198e+01
1.081467022137715261e+01
8.976748529503840501e+00
1.397768462868645933e+01
5.959061083732944297e+00
5.945685236836004250e+00
5.069809878208945131e-01
4.613589563783289549e+00
5.174169071687407140e+00
5.127618239865859628e+00
1.656728205878853899e+01
4.621412702468738587e+00
5.590523457603246094e+00
5.486207846761529616e+00
5.024099608852490739e+00
6.006429075240957260e+00
6.014601930056052481e+00
5.943510891440263677e+00
6.121493001952914348e+00
6.502055564808795651e+00
7.417069657911521396e-01
5.884854156982843421e+00
6.390772057007251483e+00
7.549703395220711322e+00
1.368053609286030436e+01
4.598896224190126780e+00
1.368974562830376485e+01
9.564146507584849743e+00
5.241969221889035246e+00
1.862779285868383639e+01
9.093806339515623449e+00
5.796116446199554240e+00
6.401013547136342297e+00
5.670406911130918104e+00
1.619771377163822734e+01
1.171007509352095521e-01
6.364353658566895611e+00
1.039240558503316397e-01
1.759314033172779401e-01
5.386311356735360434e+00
4.381624855552727738e+00
5.614079129336928098e+00
1.647086959969345088e+01
1.686206745453361933e+01
6.689897513343402657e+00
5.778338365738437510e+00
1.221341004428207633e+01
5.763680559426483718e+00
7.032107490626518853e+00
3.926225572789689977e+00
6.538085817257925036e+00
1.107723173472859557e+01
5.172513097795545356e+00
6.119259818300651688e+00
3.093409687802477048e+00
2.891373812160786261e-01
5.551767849719542625e+00
1.891763094754133689e+01
2.528712833570915475e+00
1.179721472432184370e+01
5.910363198048026234e+00
1.766869210036190907e+00
1.159299341323740684e-01
5.488900518970219800e+00
1.797781571936181066e+01
1.969870594886946691e+01
6.377061143806678878e+00
2.494211973707041452e-01
8.794550241557914205e+00
1.673089681625274494e+01
3.753564432286724539e+00
1.852445619827272338e+01
2.669519908477165249e+00
1.370024489100813447e+01
4.010447281352674809e-01
6.351060228602569246e+00
1.585452247316758445e+01
5.290830229330572898e+00
1.308168614089614268e-01
1.116919251979872907e-01
5.534561727712787871e+00
2.068403870503455977e+00
6.153723503593949928e+00
6.759361729593777568e+00
3.836533012240257889e+00
2.996051416910004428e-01
7.284648613216216262e+00
1.422353699256879156e-01
6.463565505028388891e+00
1.935493827844469550e+01
1.794511970849759308e+01
4.751725183646291484e+00
2.016283939826562788e-01
1.618468007725983038e-01
2.512913544392045839e-01
6.628617746680673939e+00
5.466152674299490144e+00
1.915081316022548563e+01
6.088296290110381648e+00
5.595376452887104612e+00
7.818108286544608099e+00
6.803248528005059192e+00
1.770219955975398562e+01
1.201240416034451997e+01
5.915603840610823561e+00
1.766147603994757631e+01
1.183734249788461490e+01
5.836878108821927036e+00
9.637501411977304144e+00
6.077130087250664836e+00
1.256404974194493818e+01
1.291586632016914393e+01
1.912556428272477405e+01
2.038472056640820429e-01
6.484499008675639331e+00
1.343019044113030347e+01
1.710009697134945839e+01
1.355948970221622929e+01
5.532619960759649347e-01
7.418092396419440959e+00
8.745863940853469742e+00
1.376882722883225085e+01
5.224394136925480936e+00
9.783864756010080654e+00
1.196137572910580005e+01
1.134225909360459639e+00
3.483898547228763132e+00
6.296427749265590457e+00
3.530342215346627732e+00
1.650497271886384454e-01
1.754421592262506158e-01
5.345119041386561243e+00
5.850291180294552085e+00
5.971312814307485617e+00
1.115834521762762677e+01
5.626247304144276207e+00
5.961508867573213521e+00
1.315903765955123428e-01
5.571792539460092009e+00
2.935383656239673567e+00
1.493029666655152710e+01
1.612085437379170705e-01
5.076683550770550113e+00
6.690568083151900325e+00
1.243775499877087104e-01
1.026421582058899062e+01
1.550289690667181475e-01
5.279145186652534072e+00
2.291806371415843202e-01
5.470395264626232823e+00
1.968558217861921422e+00
2.064034044544283131e-01
6.263672866940416917e+00
7.749064375446040209e+00
4.909659814074423423e+00
3.849917317205816314e+00
5.817110449059027744e+00
9.807890911728302186e+00
1.379281723167345985e-01
6.604846462496385406e+00
1.569707075893631842e-01
1.428561224964957255e+01
3.050944130377061247e-01
6.099818668813352218e+00
2.896371631979916539e-01
6.418765458162607018e+00
6.378369768263606687e+00
5.532010242936979516e+00
1.559229254774414031e+01
7.690708268127957048e+00
3.925572426483711741e+00
5.396624974983137868e+00
1.568582530116866991e+01
4.416008571375749980e+00
6.713233900137599797e+00
1.033061839429410789e+01
8.166717737631589813e+00
4.488263697017084164e-01
6.117386327896614517e+00
2.614324592320702134e+00
4.984154477188242893e+00
1.950027252859490190e+00
6.337936155293128593e+00
1.184518728589998382e+01
2.047611353083366448e-01
1.480091047124228076e+01
1.504165769909887318e-01
6.058328856579533905e+00
6.537008106436521082e+00
1.591596732072381393e+01
1.537632562926770918e-01
1.614099049510111428e+01
5.658468442848689328e+00
1.692415180816408737e+00
3.365883957304614538e-01
1.546567243258215874e-01
1.848776754045209358e-01
5.836491659714218017e+00
1.613755970970509601e-01
2.659418403658215246e-01
6.092268959454586685e+00
1.902666418666864867e-01
4.363592694376218439e+00
5.889193919321416892e+00
5.877764520828365313e+00
1.430302398436515687e-01
1.361565342368370735e-01
5.298738577472778211e+00
1.644925988254769544e-01
1.142094068941390361e+01
5.843108714018903527e+00
5.818812196713340157e+00
6.211400222866303444e+00
1.364043334794370921e+01
5.243276567820476686e+00
1.717713869077529054e+01
7.502544889082814805e+00
1.527440361665695789e+01
6.423035139665508098e+00
1.012371340433048594e+01
1.199848791212518684e+01
1.714540091963646162e+01
6.167198432774705807e+00
5.552600484910873213e+00
6.555861859466734387e+00
6.254549382409241076e+00
6.428917171302794387e+00
1.475995932661591681e+01
1.936652583450919707e+01
1.222530103801894619e+01
5.794557029144272953e+00
2.060147131672854792e-01
4.594942996598365137e-01
5.724346015779883778e+00
6.484103559972272279e+00
1.079528689987797030e+01
5.225116692978876820e+00
3.517881355406521915e-01
5.705911426970774691e+00
3.190194693916356350e+00
5.903947668290118855e+00
6.763726817178732809e+00
5.592772418575798987e+00
1.478464303299874238e+01
5.637783480354287668e+00
5.945986456545720777e+00
6.336796242845787575e+00
1.410593816287904478e-01
6.346089877142888191e+00
6.149847647866823586e+00
6.657855291770327533e+00
5.501297532048211814e+00
4.019807185932435800e-01
1.073912764039878098e+01
5.593936221270409348e+00
1.505351204393164366e+01
6.943954994762604471e+00
6.039465425937389220e+00
2.992869087092590585e-01
6.357222069592030067e+00
1.901664126956411849e+01
3.918603442832369499e+00
4.714592817491282339e+00
6.073409506842025074e+00
6.306473777003184233e-01
6.024211222574840541e+00
5.529362910189790981e+00
5.396804401398647144e+00
8.253923038689181979e+00
1.515253595656930941e+01
1.234162308093666727e-01
5.653016094197692354e+00
5.420116519846322589e+00
1.067926066374785066e+01
1.277386158428576302e+01
6.150082440761843294e+00
6.164187672663607565e+00
6.630350158383780723e+00
8.432431750024953487e+00
7.188662206159767365e+00
5.843265842930091658e+00
3.764691197000823664e+00
1.652548381833232938e+01
6.140286925120153505e+00
1.873114778168378791e-01
1.707639888267202011e+01
5.984627791987594314e+00
3.211417326013879414e+00
6.025149198903349657e+00
7.227877383712240089e+00
2.324172647887109144e-01
6.293518893759516786e+00
7.366359805214328649e-01
6.313962680131797178e+00
6.635144583577054611e+00
7.081230878392124062e+00
5.752945207131299199e+00
5.828667527012679095e+00
5.924864850889421497e+00
5.237863873428654671e+00
6.154005927125505870e+00
5.430473049689613418e+00
1.168489648341502551e+01
5.813918148071801184e+00
5.561196166628989523e+00
1.669572508020099322e-01
8.205311384873168024e+00
6.362822577640765864e+00
1.804148171841904968e+01
5.344613449757856571e+00
2.768103206856301624e-01
1.452681264167998143e-01
2.533629422376089124e-01
1.450740172535430750e-01
3.916428020292683332e+00
1.495209345713930382e+01
6.428621565426666074e+00
1.752418757656450055e+01
6.235952657826303813e+00
5.769016342199862812e+00
1.857984946144889626e+00
3.933147438422829101e+00
7.295929276673822628e+00
1.068634914905179656e+01
6.454465273337665288e+00
1.682884716412043247e+01
1.705274947522715223e+01
1.769510636653861368e+01
1.060414771191019234e+01
3.730821442094162110e-01
6.645682808397204155e+00
5.429866418722116173e+00
5.122517471679014278e+00
1.241110067014798979e+01
2.564243039669907187e+00
1.698751473014102586e+01
6.526196819450942321e+00
4.926967875279594899e+00
1.685402277820565287e+00
1.937172227838775385e+01
1.828883276637435884e+01
2.818241517688842013e+00
4.566140159855103242e+00
5.226942804708242463e+00
6.030623361448393283e+00
6.491760540171370053e+00
6.806690977708043988e+00
1.351641305359035372e-01
6.456338734733528817e+00
5.702542524258973344e+00
9.604287727555854914e+00
3.843992034997029794e+00
1.454885774192596237e+01
6.542301009271634271e+00
1.992662744950120057e+01
8.584792521748376259e+00
5.068576625752710285e+00
1.721989448675707735e+01
5.847011613698434473e+00
6.761754870979930665e+00
5.210821523064197436e+00
1.863217391716062821e+01
5.920484659557443408e+00
5.598493702399419902e+00
4.163765698479743094e+00
1.446529071354661866e+01
6.008290994769130755e+00
1.667734955590163182e+01
1.285672116171136281e+01
1.152488096992540179e+01
7.674064537843838352e+00
3.570185196134459282e+00
6.139515021969208952e+00
1.444991918551292542e+01
9.967033070072263357e+00
5.955618735517919760e+00
1.474939596989629464e+01
7.781344712308416511e+00
6.204698570399035162e+00
4.792160906110172758e-01
5.632916068382364250e-01
6.490070528995910415e+00
5.482113353001376588e+00
8.878281440326583507e+00
1.686696867074664041e+01
1.681855479445801294e+01
4.984968202797390724e+00
1.269816045431603690e+01
1.529432124257679959e+01
2.475336237879909307e-01
9.239066744820481958e+00
7.953180712385259366e-01
5.772587345595009189e+00
6.206676588061716515e+00
1.238404161201685227e-01
1.087944531565717410e-01
1.500880240728586301e+01
1.080035723150685883e-01
1.557342907216626848e+01
6.443963213941358070e+00
4.677469873224617380e+00
1.189526743546769211e-01
6.046448423627675872e+00
6.039034375987594849e+00
5.819383635557539236e+00
1.159274332815333902e-01
2.152129914085967599e-01
1.917995196003849934e-01
5.916689898183616236e+00
5.821618026091820219e+00
5.218154442647203517e+00
1.546137840564970212e+01
2.157848705352730934e-01
5.899446384211842975e+00
5.509908944662900154e+00
3.076489834180845317e+00
1.046150404694946268e+01
2.453697679851475633e-01
2.137756243047963078e+00
6.125914096117745622e+00
1.718451169266033363e+00
5.409273746356996426e+00
5.420117752121598187e+00
2.184666577651977470e-01
5.474562959505535176e+00
1.296024712219159269e-01
1.997543532611733230e+00
1.124203024536709061e-01
1.217514581209484525e+01
8.344428259807366022e-01
1.341158796343076554e-01
6.918048703642707409e+00
6.248393208201474813e+00
6.469502035708037724e+00
2.835443413466396945e-01
5.835155372156655140e+00
4.975316392634753448e+00
1.612323511959462508e+01
5.379239723402168494e+00
1.406915416220989634e+01
6.486531330863769540e+00
6.042197936123240964e+00
8.367986585732163363e+00
5.349723385523044605e+00
6.336772065965287304e+00
6.424390981611845852e+00
2.416917045126552033e+00
5.492038521167003751e+00
6.034361639033022584e+00
3.156179544038191787e-01
9.046932769062035362e+00
1.724493455201736580e-01
1.841727577141482541e+01
6.363446396619626633e+00
5.091768234657921610e+00
1.648399824919560075e+01
3.964371829883476472e+00
1.767699943787892991e+01
1.983180478562577065e+01
1.955523369088693730e+00
3.665218466668451303e+00
2.393575986763278429e+00
6.169955598433730870e+00
1.854156128402334147e+01
8.255746192236452785e+00
3.452515618929535179e+00
6.159150227419659451e+00
2.549815367038119063e-01
5.962012534290268562e+00
5.664333077272569739e+00
2.484733107970198973e-01
1.589839866971423099e+01
5.187535145642492296e+00
1.330597362305285181e+01
1.850575629054048932e+00
5.931785169695705129e+00
1.017097697763856168e+01
5.202172653338029029e+00
8.886947400278138787e+00
1.689125957447341975e+01
8.557459706624136686e+00
3.146319237337080743e-01
2.192405147447140934e-01
5.358042488391482117e+00
1.224793530254646989e-01
6.039847525539562056e+00
1.419915822362765923e+01
3.201307079852643844e-01
1.070654532194334863e+01
5.652850274890602655e+00
6.885029012163684570e+00
1.049120635183647121e-01
2.577757572374635764e+00
1.489951424246980516e-01
1.196985548990427617e+01
1.522141223724468695e+01
1.935796764968898387e+01
6.405238045011519610e+00
3.663022116672325801e+00
6.773252645913708569e+00
5.955581806970940306e+00
1.286330681483362604e+01
1.103171612244115884e+01
1.232193524236039650e+01
5.409719546205943530e+00
7.050040480723944292e+00
6.705737836635998761e+00
2.178148444379012894e+00
6.330815343461269507e+00
9.741710231981443258e+00
1.747372311299101355e+01
6.529662283824990698e-01
9.393968112074446708e+00
1.546152415811543890e-01
7.324935605968205365e+00
6.067940397643182493e+00
6.129317458849422806e+00
6.620145835434976256e+00
1.904364853134098823e+01
6.096144240377416423e+00
5.766206863083868761e+00
8.984737798825584321e+00
1.006204344412344465e-01
1.263186150810496855e+01
5.037373484356591824e+00
1.520262087342591606e+01
1.836269692819915700e-01
1.805501877970959512e+01
1.678952781921740911e-01
6.131639859001274395e+00
1.065017675241593231e+01
2.514821289398729842e-01
1.669828576349317473e+01
6.650039823322902777e+00
1.146578166773725194e+01
1.784000050677951776e+01
1.422181208084847270e+00
5.552732450729764402e+00
1.766838352170751136e+01
5.706595495203870883e+00
6.436356051231149067e+00
6.439732357690036935e+00
1.289155566761313487e+01
5.565120629073140535e+00
2.373133176595671134e+00
9.457135811782874768e+00
1.970398529923365416e+01
4.551916652315088463e+00
1.131169270847494357e-01
1.290453838936378439e+01
6.000964975633833021e+00
1.152797126003295425e+01
5.956363610478796922e+00
1.131252388681340548e+01
5.619005585163960426e+00
1.999425145457425046e+01
3.919651173424221202e+00
1.332744136082002484e-01
8.026656664736718128e+00
1.213966939216233065e+01
6.740333590005163522e+00
5.752908926948031798e+00
2.312386908255240847e+00
1.085956567187124833e+01
3.670628237386326820e+00
3.821003278810320758e+00
5.588678381754400348e+00
6.056936122601124239e+00
1.051880880859656031e+01
1.163816611260041967e+01
2.112917023296698726e-01
8.427264119020462019e+00
1.080206579930240629e+01
5.753052431935849143e+00
6.495823746853795377e+00
1.211367235969733475e-01
1.487248468082370678e+01
3.160944917154052902e+00
2.206864618492915042e+00
4.824385650767800016e+00
1.738920899453691105e+00
1.546870295624815261e+00
6.356769418601117216e+00
1.566649192869199902e+00
5.730393054291007537e+00
5.430621431946586197e-01
5.099239976201424440e+00
5.772861191178461304e+00
3.274490937925443212e+00
6.792128479060184354e+00
6.332576080951484165e+00
1.464466603158217950e+01
2.576175472848953873e-01
1.987342757914088054e+01
6.538550255799679078e+00
5.747889225757075060e+00
5.183049264720187566e+00
6.226625866863174430e+00
5.669814997779760724e+00
1.660539301398965151e+01
5.773049631300892770e+00
6.947808071814653097e+00
7.919097005324410077e+00
5.691430923936867003e+00
1.220613165119749333e+01
7.451484425969169934e+00
1.904495008594654926e-01
7.431718182557691676e+00
1.713388697347808243e-01
6.044735301112983628e+00
2.011329600644786997e-01
1.387672939168877306e+01
5.998623657944545329e+00
5.498332939806445552e+00
1.771738262027207633e-01
3.943085385041925073e-01
6.166505494360581707e+00
5.465596572951737286e+00
2.563293396476494568e+00
1.476766572789413345e+01
1.014326024377898072e+01
1.330996481272892673e+01
5.987687418325215560e+00
1.421225837614077925e+01
6.310216773829166570e+00
1.081182450558373276e+01
1.996890805760524401e+01
6.024095597675750646e+00
1.565472786649758596e+01
1.663333937496354764e+01
8.458013999433877217e+00
1.087872835488813017e+01
1.685842807288092260e+01
9.287701501281349081e+00
1.371120988684190323e+01
1.947314304315881728e+01
1.717622540402475584e-01
8.247248225313610348e+00
5.588214120276493446e+00
1.301100028743281811e+01
5.798889150602279052e+00
6.130351921141732774e+00
1.543065920033597571e+01
6.387295478077103184e+00
4.846364990015751495e+00
2.836149764032729337e-01
6.148166737612419830e+00
1.882477524200520391e-01
1.831216720669992526e+01
6.322402161457551628e+00
3.711553942755096536e+00
4.794812906305257805e+00
1.032880831091506835e+01
6.080743990171316504e+00
1.100520664889442085e-01
5.792509552008416662e+00
4.626848399876390516e+00
6.192364539028018200e+00
1.414517852414462418e+01
1.456040162800823212e-01
5.188486448685287300e+00
1.610035410002894807e+01
1.207613820942763511e-01
3.584520991479622221e-01
7.990863238154696901e+00
4.987497703139890604e+00
5.729468704011415170e+00
1.209870844200003859e+01
8.314789819024117179e+00
7.070397571185476515e+00
6.133559203489579836e+00
1.030606907317977994e-01
3.052758434453043956e-01
1.807903920190318869e+00
1.462577097994738118e+01
8.172418937965867158e+00
7.265629759295315182e+00
1.722131378834180282e+01
6.508974529254139441e+00
5.720394651017651988e+00
4.586493451320287074e-01
5.158112286536232993e+00
6.170346307106086670e+00
1.890038956562449579e+00
1.363183848926204433e+01
5.963324352013707141e+00
1.314493998454930035e-01
5.773957965769257683e+00
1.390703060877364894e-01
1.536781347261037878e+00
5.694379520630881153e+00
3.672612468493312576e-01
4.867244708890958171e-01
1.594552755614684081e+01
5.783159990912955628e+00
5.408840142849502541e+00
5.005095579572896192e+00
1.370259348765220930e-01
5.916275929801998679e+00
5.902465442262529116e+00
1.353268661593618738e+01
5.772695992178353386e+00
5.944304506970734536e+00
3.466452428655998119e+00
6.061544723459007855e+00
1.382482894693972497e+01
5.739435893044833925e+00
5.360874761809554911e+00
1.782059928226965084e+01
1.481891230249770963e+01
1.617211278340070635e+01
7.976351838878828815e+00
5.114327792947563900e+00
2.426495520603554557e+00
3.438155137876081735e+00
6.203901538344500644e+00
4.895836254178480118e+00
5.417715286158588661e+00
5.510679950032690400e+00
3.339385438781783400e+00
1.610254970688711396e+01
2.223638340522115786e-01
5.943361533916132089e+00
1.825581187013341733e+01
1.889848033676964434e+01
6.098288595655816380e+00
5.838472534504599132e+00
1.814405435051863336e+01
1.350991896895781430e+01
6.046224045347124765e+00
6.732569285369323531e+00
1.665401390145007809e+01
1.362403390931973490e+01
8.067280650684448773e+00
6.143500794411592913e+00
1.230158546489019145e+01
2.296876761763323727e-01
5.688919986212130020e+00
1.515714170044082820e+01
4.966757897066719885e+00
1.926036696356785427e+01
1.292418875620636953e+01
1.069371103558015790e+01
5.800540947240842016e+00
7.050239022856695570e+00
1.562013620085723176e+01
9.382742447865654256e+00
5.907721995353094613e+00
5.790195751777750921e+00
1.002435619382319454e-01
1.787952697601716778e+01
6.450230511765998820e+00
6.224776748254003067e+00
1.876834870871151306e-01
7.095488597626762761e+00
1.514166361166687835e+01
6.342827797975792770e+00
5.832238161215514083e+00
1.363850960123447464e+01
1.384977990493796085e+01
5.785462617989670875e+00
1.969619494590124642e-01
1.809136432237837155e+01
1.806017208293542731e-01
5.666166069381639581e+00
1.756225179922097646e-01
5.306716436839734818e+00
5.042523020013811141e+00
2.283735599535231309e+00
6.464427637201350940e+00
1.425525000738894654e+01
6.047769166754505932e+00
1.301601400147699117e+01
1.831004008928547577e+01
3.700382543161166993e+00
6.018052048308179636e+00
6.250596797499932578e+00
2.203711227156349983e-01
1.461711068098130717e+01
8.738379584413327184e-01
5.669612696274322516e+00
3.507890063299645256e+00
6.419964032463745696e+00
1.044676728154885492e-01
1.342843157920358410e-01
4.398724196428272393e+00
1.462518083824286563e+01
6.775704746405501133e+00
5.248725782680007335e+00
1.233611904230085488e+00
2.793074834711127163e+00
1.328224345737458456e-01
5.550619687915872902e+00
5.777959903007662490e+00
1.616492198693073945e+01
6.519489630576862815e+00
3.197427398055700642e+00
3.524776012102741163e+00
5.152935425418997184e+00
5.984455745636997115e+00
1.841335100094290667e+01
7.803623255976591011e+00
1.913199429604221180e+01
6.278100805959663688e+00
6.372824396243359502e+00
5.410746772668334259e+00
7.697480753138352227e+00
5.934419676180444192e+00
5.810652838269732001e+00
4.514513014368570332e+00
3.029370724228176437e-01
6.697676969865149488e+00
9.333771635091727248e+00
4.277398554948446119e-01
5.705502556714632689e+00
1.774144441167309338e+01
7.208300933971726110e+00
5.779008293737036617e+00
6.113294195757061011e+00
7.163024154792754672e+00
1.449152995381988440e-01
5.562316639383650063e+00
1.077124428464942968e-01
1.570427730446975367e+01
2.166108152357399952e+00
5.782183475629381064e+00
1.365764011165429836e-01
1.412153833688875038e-01
3.485608106171150133e+00
1.780908546755521726e+01
6.521490831362335427e+00
1.061839679528549318e+01
5.883325211318041426e+00
1.323819147993121526e+01
3.655972672173662952e-01
7.105915529870860503e+00
5.059263874735528077e+00
1.735276375831501383e+01
6.172761784231270532e+00
2.212742666347821130e-01
1.982734625352564839e+00
7.494224142356547880e+00
6.159171319223871066e+00
6.285494749115676072e+00
1.105227058512438987e+01
1.283643272597193707e+01
1.737597023949205166e+01
6.325704904331654888e+00
5.082212123797780201e+00
5.863252602686834791e+00
5.096958543837476263e+00
5.740310028140864773e+00
6.209304918842635246e+00
6.021257408265173972e+00
7.292275335284844395e+00
6.134952869208942783e-01
1.401238611803317369e+01
1.030988309524981972e+01
3.755174941122140453e+00
5.382737775734189434e+00
1.156364957082565503e+01
5.742825645163109449e+00
5.441614131212629601e+00
6.537270326960284095e+00
1.075780048714524995e+01
6.716194987673413941e+00
6.508680809483762708e+00
1.434752384969330130e+01
1.771417985161639308e+01
9.852320077134056220e+00
6.313500292339551123e+00
9.333997725442349847e+00
2.740720854005617158e-01
1.340283547776865625e+01
6.075232145396702421e+00
1.100359236726621726e+00
9.716979467849625962e+00
1.329521068431125663e-01
3.030236037067983723e-01
5.982357990655857272e+00
1.352656449707527464e-01
1.173630836008626582e-01
1.772127168231588668e-01
3.345265098175096985e-01
1.021303711213825682e-01
8.805850152411583309e+00
6.263147199592979497e+00
2.807089093034119021e+00
5.628567162996790607e+00
1.763762714189194014e+01
9.955795879812761484e+00
7.806064148151365956e+00
5.786441979275774194e+00
1.970579559233139477e+01
1.436534932030673772e+01
6.666394625268386775e+00
7.356614068949789420e+00
5.701438424949901496e+00
1.198056127314423058e+01
3.484477207901276241e+00
1.599750307923497772e+01
1.511460807033352616e+01
6.545909872680307551e+00
5.095957058819590380e+00
6.955950088446057222e+00
6.640455100070806971e+00
5.696524787655191879e+00
6.133433529685357932e+00
9.795273935700016921e+00
9.904017137695179329e+00
3.796528865830209654e+00
1.437867604269420418e+01
8.274878736388133760e+00
8.310652975774448947e+00
1.490970076704992131e+01
2.148189112222962383e-01
5.316439467926057816e+00
6.447859544054872494e+00
6.166158284011852508e+00
2.534051856727867480e-01
1.721527955894914541e+01
1.491031109566625368e+01
4.486592275630343352e-01
1.431472040727443384e-01
1.700973837356443141e+01
1.801424025440316967e+01
5.805273584820709765e+00
1.661412646762695233e-01
6.491671013094649112e+00
4.086640978333124785e-01
1.109618276821931759e-01
1.545690149021599424e+01
2.974006930758512079e-01
1.722223297112214269e+01
1.394338302935259621e-01
6.507774047040613574e+00
6.209707185430057841e+00
1.877357125434577867e+01
1.162761768426762465e+01
5.741982265646315753e+00
2.194462906370608646e-01
9.604459300652398168e-01
5.531256961110367243e+00
5.692329362915717006e+00
1.886421357196464044e+01
6.606980454982419815e+00
6.166149991646344475e+00
5.640007141851474337e+00
6.359827965934364613e+00
3.526135174592561761e+00
2.110998671369769930e+00
1.209768034160838823e+01
1.136607873686050901e-01
7.045722337720018658e+00
5.634310383317534310e+00
1.783782903586853319e+00
5.956205498083257055e+00
6.234035896955632872e+00
5.753993662821162758e+00
1.906027321245450068e+01
5.797911055953743009e+00
1.262122729234344543e-01
1.126309238945756874e+01
6.303739220999233339e+00
7.011833114295924929e+00
7.678019316735428257e-01
1.418372179820116541e-01
1.825805800748294772e+01
1.205354361094873106e+01
1.290112806866100215e+01
9.103102533195833956e+00
6.500357735039058227e+00
5.378552300437039690e+00
2.644975663506170527e+00
3.575933706978725035e-01
3.183533928578093364e-01
3.737267063705492554e+00
1.578652937046871318e-01
5.822036018822994485e+00
5.536945255741651195e+00
1.210206409443993536e+01
1.607752165615944806e+00
1.090091615980561635e+01
5.061397347666468427e+00
6.293733483164347220e+00
6.464295645701676918e+00
1.861563516708049093e+01
1.517670626104336762e+01
1.260863695246979965e+01
5.237374525347004095e+00
6.557311975404660487e+00
2.737264942390887357e-01
6.713041334324018727e+00
1.503234050493723117e+01
5.077955151621523555e+00
5.820823055590820694e+00
2.596183568551921339e-01
1.936079362261566317e+01
2.565767679688742309e+00
5.477365873736816049e+00
3.492839404546774773e-01
6.269285286061240470e+00
6.523432614543114738e+00
9.605404849632673603e+00
6.319884506509848343e+00
6.886106244122734310e+00
5.260825517331437773e+00
6.261247967639808287e+00
5.159461059736997868e+00
1.575264991335840747e+01
1.073310203783467287e+01
4.928723193462352548e+00
1.178187481768593059e-01
5.228523557587140935e+00
7.004807449415526577e+00
5.507453500972384397e+00
1.193280504384825491e+01
1.067831916806448067e+00
6.310049976688945073e+00
1.611769257874914629e+01
1.170841907954314892e-01
3.826967805112274856e+00
1.216786377593476587e+01
5.633854169955886171e+00
7.969106071262069158e+00
5.640440595284301750e+00
1.244669601024834016e+01
5.768024727291379605e+00
1.692617389874869360e+01
6.813060078933893315e+00
1.230456757986576832e+01
5.757375538059297249e+00
9.808811084565153493e+00
1.299505524689734681e-01
1.467988586892642289e+01
6.140016456964128899e+00
1.619056634843004261e+01
2.158921917486014141e+00
2.852026264593857108e-01
1.047954120361200658e+01
6.003011990552534094e+00
1.248245507054246417e+01
1.722800724542588213e+01
7.419330085723878643e-01
6.928014008453295070e+00
5.711159234141919505e+00
1.143156423854980019e+01
1.146533680019684276e+01
4.587610078890321574e+00
4.058226594803443277e+00
1.243295582311528236e+01
1.309944044263307295e-01
1.739231482243344395e-01
2.006953894337791588e+00
6.304617572983969076e+00
6.747591776230650318e+00
1.543187200791848390e+01
1.717815304943983179e+01
3.885996613955937651e+00
1.650536693574868596e-01
8.369819473497395634e+00
1.668992514693561091e+01
5.936512490621826288e+00
1.079565262672446302e+01
4.111292030009493281e+00
5.444899160458727572e+00
6.005071767490002266e+00
2.087478497209644956e+00
1.889227289584705927e-01
7.239892301062628377e+00
1.940176010491401115e+01
1.605623694632800991e+01
1.606802169174542527e+01
5.587380509870575551e+00
1.674012437295505151e+01
6.717837555478675782e+00
1.988603869981492522e+01
7.133536329184044789e+00
2.631235491491326073e+00
5.407248198462984989e-01
1.787135887887207275e+01
2.505023353175118483e+00
5.044851731021013030e+00
1.736371027372382869e+01
5.914806601919657680e+00
1.765444099930037480e-01
1.608821425015982243e+01
1.507251907981139993e+01
4.745911648880597689e+00
5.478078939485893528e+00
6.043392760342880976e+00
2.006078189298103609e-01
8.813691069711964587e+00
5.728314400661056460e+00
1.510192664271074181e-01
8.999047646850675264e-01
6.503925971227289438e+00
2.636000241593981830e+00
2.626552677782058698e+00
6.214136311102975263e+00
6.051538876444288562e+00
6.918091781716306343e+00
6.008314872506349325e+00
1.626334776553242278e+01
2.038721787919720585e-01
1.067396719753193857e+01
7.093644209791655442e+00
6.648306409147211937e+00
2.514302714359894164e+00
1.880992081287167039e+01
1.533573976847978082e-01
8.347403541462593779e+00
1.317293368934828912e+01
8.877757725349674445e+00
6.385430992494739222e+00
1.607599542407299253e+01
6.399505589385828586e+00
1.776711615607642258e+01
5.759187815591391590e+00
6.140230531489084598e+00
4.799354413997972912e+00
6.170408186610745638e+00
8.188982026628462307e+00
5.059572786595344596e+00
6.579985539109610038e+00
5.797030412473017869e+00
5.887976580433910812e+00
6.447279622253957676e+00
4.685821877989549300e+00
6.350245349107131787e+00
1.740471706568414767e+00
5.766224382495328094e+00
1.499087937707532792e-01
1.181356702701724792e+01
1.212727667423415312e+01
1.724588322407731411e+01
1.924367134446695049e-01
6.631683964355264749e+00
2.111088612899570283e+00
6.443337900160796217e+00
5.665872451988254177e+00
2.022741845364467161e-01
1.051765025107472967e-01
5.777955720954043528e+00
5.708902328238247392e+00
2.093628964268436088e-01
5.589368420773512369e+00
5.926509696230596980e+00
5.882912704865880471e+00
1.757513133556916785e+01
5.976803961875543081e-01
1.870724789842896030e+01
6.021441974424121213e+00
1.438696857128079765e-01
6.296264287424435224e+00
9.340531730050418702e-01
5.756242013725175077e+00
7.046310144982614432e+00
6.109916314754494593e+00
6.307315156843312565e+00
2.805531455173623456e+00
1.030863046855646337e+00
6.791620696232913978e+00
3.229461789532391158e+00
5.813093252874306671e+00
1.128560183980533971e+01
1.557756716499933081e+00
1.805632439142674173e+01
5.042141476941674583e+00
4.950883675582743670e+00
5.552060599830985765e+00
1.465801702210801916e-01
6.767805476596995717e+00
5.915030031807082977e+00
5.220187172872956971e+00
6.125727312774541744e+00
8.911721705046819153e+00
6.233489561349312424e+00
5.460956108816731991e+00
6.678186622203689637e+00
1.521083769228512850e+01
5.820210193055229020e+00
1.603557603574672918e-01
1.031218648362584034e-01
1.275293845809165882e-01
1.030607416623502814e+01
3.202225722278991604e+00
1.387241714833381823e-01
5.639632654909697784e+00
5.795408264830333778e+00
9.622356063214777322e+00
6.369535698797530898e+00
6.098716921084612608e+00
6.150807884684304838e+00
1.198522390979012142e+00
6.472420798595324598e+00
1.769019085825811999e+01
5.910358156938086083e+00
6.348997882182804808e+00
1.742009760837909815e-01
1.069393907538046307e+01
6.254580341933587917e+00
4.815137236156603606e+00
6.050390236974367397e+00
3.005502324985863449e+00
1.004509476254787925e-01
5.997609653607019808e+00
9.035744406322594457e+00
1.187623236600218041e-01
5.813933824434148079e+00
1.778845149328416086e+00
5.718897395288263574e+00
5.782893365747854730e+00
9.293965904938284339e+00
2.837025436271411460e-01
7.491571084506041700e+00
5.954651509424393474e+00
1.358958138109676739e+01
5.950174658942356309e+00
3.851397636705621075e+00
1.664496907681903082e+01
1.280772701091106303e-01
1.713649279375647794e+01
1.733539938042082085e+01
1.550898381245239577e+01
6.244704636913287921e+00
6.546920886454190125e+00
1.231080403871077422e+01
1.853666870560633484e+01
1.878486671633905658e+01
2.113490276319221484e-01
2.147757885657444743e-01
3.427150525001942394e-01
1.093661158481375750e+01
7.010596135557928044e+00
1.632754068369383660e+01
1.496714052633656067e+01
3.362932789812144385e+00
1.295010937149700947e-01
1.382092786422346897e+01
1.049282695627180573e-01
6.223002877374511854e+00
1.397955083511830310e+01
5.221198454763325003e+00
3.016871998668655963e-01
1.805821599346413109e+01
5.824756386078402848e+00
1.048698290244061937e+01
6.088164415025192788e+00
1.928962498431295580e-01
1.616023875560010481e+01
1.569651910126101768e+01
5.752768762691279569e+00
5.059597076595686360e+00
5.943089717468395428e+00
7.196453263974254888e+00
6.180129097091951351e+00
6.322958431817935931e+00
6.272401650348511382e+00
6.665961064066123321e+00
3.431743976954598541e+00
5.207675855917071495e+00
5.707671243484488066e+00
6.041099721389604937e+00
2.759368331485581027e-01
5.306852182482176161e+00
6.548190257126603520e+00
4.803982213709351079e+00
6.153520943689631650e+00
5.989111264138636592e+00
1.212159234890574666e+01
5.641995845143331856e+00
6.272190372127144364e+00
1.168949490199470698e-01
2.049951933290740380e-01
5.855879686595905298e+00
1.506428752705944518e+01
9.794975798352385965e+00
1.039114906490665735e-01
1.151842335059516031e+01
6.343181960373679651e+00
1.105838304248323034e+01
4.732791173505908944e+00
1.920509838982190587e+01
5.591399517912629236e+00
6.128022358373011791e+00
6.206688104453583321e+00
6.473221883806139942e+00
1.749312193442246866e+01
8.019678194335627452e+00
3.595763532415596320e+00
5.993262693063341473e+00
1.927910646707585940e+01
1.577383161741183204e-01
1.867055077186807210e+01
9.736074281165350008e-01
6.707992918917163649e+00
1.633130870004083590e+01
1.632801154732670956e-01
1.848188980830693495e+01
5.899779251255492518e+00
6.390900309961854653e+00
6.410859600643712852e+00
2.225256390445908006e-01
7.121988426333510702e+00
6.112654979852067072e+00
6.925779373198848177e-01
7.372287768588554613e+00
1.786224729106228537e+01
5.297097092134999130e+00
5.589690071315988718e+00
1.976424530818358249e+01
6.687873778245656098e+00
1.490916552261832351e+01
1.402680570472802657e+01
4.763362331711228137e+00
6.443934626831341106e+00
1.982089144863034136e+01
1.594291943649171206e-01
6.126102301281682649e+00
4.105729950103620851e+00
1.829952627199197579e+01
1.995507915236499064e-01
7.016371990587166430e+00
5.946177955787052660e+00
4.988600568187846029e+00
1.388776723410387426e+01
5.315738041137550773e+00
6.177512112013475942e+00
6.344310130737137676e+00
5.996936324164526155e+00
1.875472562767591356e+01
5.576088569051993460e+00
5.996962293848087100e+00
6.350159888383175577e+00
5.801254849704510441e+00
1.628383977395227444e-01
6.403619520091353934e+00
1.008937957508702077e+01
1.475794205815886428e+01
5.196979194718864825e+00
1.197975819717326251e-01
2.249024796734859333e+00
1.267204610641053664e-01
6.173204745674234495e+00
1.243420264067346265e-01
1.843482208700237379e+01
1.196932920252933386e+01
7.167092982187366346e+00
1.324944946234317966e-01
1.111523354858351548e-01
5.789276055204548577e+00
1.016783766035491610e+01
1.002716758144943654e+01
1.408127740291596375e+01
6.042629123368019606e+00
1.807609078368048827e+01
5.630138741727677143e+00
1.768425522482921508e+01
1.334397359491447943e-01
6.523544149064040454e+00
1.590388513630317247e-01
1.168587931225123100e+01
5.182855795449281544e+00
1.622741862875289653e+00
4.933714272903479525e+00
1.233669823764334872e+01
5.410487102457990360e+00
5.962324527640880945e+00
1.515442770260704464e+01
2.761417364225765003e-01
6.341705335864207704e+00
1.600274037992240439e+00
5.918921682556952391e+00
1.161234786816847375e+01
5.726815253990531041e+00
6.056941541828804176e+00
3.036402870185732628e+00
1.976443766542061553e+01
1.701216285462803790e-01
1.634751967438028686e+01
1.759157081674264944e+01
1.429325968898476873e+01
6.025865229362035613e+00
1.902041793835844175e+01
6.007654749014990969e+00
6.069114560158866745e+00
1.280841200477812192e-01
3.518029229272767178e-01
1.245481906301244557e+01
1.033183385029424350e+01
1.268245476191349042e+01
1.657700723525757647e-01
8.955109940858985595e+00
1.309423097590849672e+01
2.636661253698554530e-01
1.152408160718805519e+01
4.517755606207804142e+00
1.964370840772416216e+01
6.829130277764368095e+00
9.598004385212590250e+00
1.720968255980220718e+01
4.161317216818801512e+00
1.615935096844150376e+00
3.199342616669084149e-01
7.245468974407438978e+00
5.649428301700824662e+00
5.834291740070616683e+00
1.912943821605284089e+00
1.079700093984184228e+01
6.520040062244782497e+00
1.158608701456802770e+01
6.334435799512394105e+00
7.093777849891928611e+00
3.796372813676293312e+00
2.781441810198102438e+00
1.538335786033002606e+01
5.203691089342566301e+00
6.850917488391949028e+00
6.350031589820543942e+00
6.613601506589207091e+00
1.255559743046523957e+00
1.123526447820978602e-01
6.123138840733565402e+00
5.439102665898757571e+00
1.341856204251686080e+01
7.318986725946592387e+00
6.065077403553791768e+00
1.328063847367378791e+01
6.534804884201995456e+00
5.815112100062835410e+00
2.713306514080820464e-01
2.398028178606567362e+00
1.161772811125450389e+01
1.423928564583709466e+01
7.855296703474436981e+00
6.273541189989402689e+00
5.843690150326604993e+00
1.524880378150592353e-01
1.373086143938418857e+01
2.618254792609890913e+00
1.147842125948442815e+00
5.968274172020830548e+00
5.891091017813050890e+00
4.092564468793938870e-01
6.260847612043678012e+00
1.572391653145625057e+01
5.655183471910552484e+00
6.886507438512096790e+00
1.991148054208722584e+01
6.174314329291380687e+00
1.082963169690944660e+01
6.305349068290500014e+00
5.971433411500644439e+00
6.403246522866270496e+00
5.538578426576363789e+00
1.104397962506202258e-01
1.183142385807259878e+01
2.351882906838546894e-01
1.949617925666706242e+01
1.266073332161427700e+01
1.818760458974397665e+01
6.712864090095793657e+00
5.748375060738075248e+00
3.830436507907533095e+00
5.517605809147998919e+00
6.425201347655392858e+00
1.122966719656050394e+01
1.297238427933183580e+01
1.866993301789804960e+01
1.421891108790176439e+01
1.946021861487304250e+01
5.932118720373281917e+00
1.002741268580037648e+01
6.597740722259969104e+00
6.533857374427540776e+00
6.043035758249001965e+00
1.738650430150293502e+01
1.212341691943978894e-01
6.486721303115821513e+00
1.477505745848133500e+01
3.189174790508426227e+00
7.961932186763080566e+00
6.000853402576298734e+00
5.655375138642496857e+00
1.555758427072228933e+01
9.265396318289845778e-01
1.662263428303414614e-01
6.258794450104839591e+00
5.682865329538925536e+00
1.360520674331774238e+01
2.144368729596816792e+00
5.111239552686726917e+00
2.411594280486365482e-01
9.062623724655988200e-01
6.321483555159391088e+00
5.798090384478711279e+00
1.686739153681831738e+01
1.236555268221580306e+01
5.824776262560106943e+00
1.491869726283408504e+01
5.217810737829460699e+00
5.920866555769135786e+00
2.220671349612091117e-01
7.169035045843317633e+00
1.065573048462346506e+01
6.224274528861161393e+00
9.152225227421977749e+00
1.887498654907830087e+01
2.901893696763869213e-01
6.074491949087730269e+00
4.093407168107727756e-01
5.764525867542779736e+00
4.422956698623322858e+00
1.723658556855317547e+00
3.953983660141053291e-01
6.230469436455970289e+00
5.933386180748622785e+00
1.145748396748921394e+01
5.876413345429411628e+00
1.131032091447599619e+01
5.241461258220003749e+00
1.210914831092000910e+01
6.758792033018373502e+00
1.866906593905966716e+01
1.970348588844382931e+01
6.739420267146737586e+00
1.014861890793018517e+01
4.987500808624514725e+00
3.243928461413930542e+00
2.168556336420564279e-01
2.382349121687344362e-01
6.537413479858875220e+00
2.463482712940706088e-01
5.670021390271078765e+00
5.270163686562090888e+00
1.262308447009798940e+01
1.739559855041610259e-01
6.006202762570064912e+00
8.017838515429936308e+00
1.795947812935487420e+01
9.789733604288935354e+00
1.727836181970367813e+00
6.163261813659275390e+00
1.744656287601158340e+01
6.731187535562601632e+00
1.508537902408190057e+01
6.431022290788221518e+00
1.073566042610436000e+01
1.841809335779712598e+01
7.451349623066301220e-01
2.306310293021495428e-01
5.863692475637860113e+00
1.541192693141724135e+01
1.009575515696098658e-01
6.676728855294593146e+00
8.676302897982447249e+00
6.382885753494930370e+00
5.541256532306636728e+00
6.130605420598625344e+00
5.606888093286229946e+00
6.075792534285255009e+00
5.372925981291242437e+00
1.061050003789037133e+00
3.735606200332627136e+00
5.721714193056953057e+00
6.345128885318630729e+00
3.733975676881732042e+00
5.735328096386611563e+00
5.479952280879084370e+00
3.193158566439387336e+00
5.490011273554418203e+00
1.221150004073624196e+01
2.957285266694932968e+00
1.496449310754979400e+01
1.610076604995254712e+01
5.948577971394168884e+00
5.924159785409273127e+00
1.809581883003047054e+01
6.680038002946339759e+00
6.444328395162671974e+00
6.033842465565053104e+00
3.150796604253560673e-01
1.131852741597990608e+01
5.293038593972099193e+00
3.612619297036488319e+00
1.401085896364285155e+01
1.760858347644405697e+01
1.110859784847294840e+01
5.432406773404242273e+00
6.814454919583731396e+00
6.269969894329927129e+00
5.970683983957114194e+00
2.550983890077382910e+00
2.155030174593249304e-01
5.823660544272105000e+00
7.446394087088366476e+00
8.031480330165864601e+00
1.975618693860935338e+01
1.017658279833245083e-01
6.053537236081475648e+00
8.714461139673630896e+00
5.580015598962108747e+00
1.024228473437838183e+01
1.630896977533965853e+01
3.488772581263889894e+00
9.079676807585716602e+00
2.453965228623535832e+00
9.266136563292407757e+00
1.437613349173046373e+01
6.773232314602924298e+00
5.823806787506127236e+00
1.438685921805062384e-01
1.653903407866322439e+01
4.303139916511741214e-01
5.259275712317444729e+00
4.946270002235321761e-01
9.662366155767871945e+00
1.719916132033977263e+01
8.119281765279200869e+00
5.570027749074429657e+00
1.203361048470222094e+01
5.406040959317690131e+00
6.712920710631499865e+00
1.564184655500603149e+00
1.221713028173427595e+01
1.055786732722800020e-01
1.911452759345512398e+00
6.375425850573197550e+00
1.667517901741345554e+01
1.285919630446304573e+01
6.492669432951060138e+00
4.319385975858154758e+00
4.399892662451076575e+00
1.922885684973658016e+01
5.991683709419005410e+00
1.342928334033385873e+01
6.621797753967219258e+00
3.635911708268171783e+00
8.619350799129913199e+00
6.214659457764511785e+00
1.686185631875665081e+01
5.870959332261821650e+00
5.193639847523680020e-01
5.360756456576620366e+00
4.815806688558159077e-01
1.507753502385232380e+01
3.128651391726994246e-01
5.970146877629386672e+00
5.884024823674696592e+00
5.831566094013043156e+00
6.326395947475987214e+00
1.360975870394379861e+01
6.720712991916818702e+00
5.244123869515436631e+00
6.576599780426970021e+00
1.671178058439242520e+01
1.716214318462912658e+01
3.395107912371736258e+00
6.123409635200533607e+00
6.633211350073946022e+00
1.808312499544174656e+01
5.028978134748784967e+00
5.927508122351704323e+00
1.150023020674170171e+00
8.080510939966607964e+00
2.236818705085535375e-01
1.595903446540567749e+01
9.772838464112226120e+00
5.735590015098567029e+00
1.116270269504595092e+01
7.178211932940561368e+00
6.123713347826088338e+00
6.351955447662400722e+00
3.259398580548791835e-01
9.541031837575415508e+00
1.207678075762295400e+01
1.157104424331860315e+01
6.501869449946957147e+00
6.352798324910454930e+00
6.501703064274900079e+00
1.994660087517159042e+01
5.889277528702641540e+00
4.786751762937186072e+00
5.968307951641582676e+00
1.835747018329402636e+01
6.009670318859322791e+00
6.048956641587529326e+00
5.743220912468141037e+00
4.782222192737176414e+00
5.681197169656877044e+00
6.210617312697070957e+00
5.858378903686182859e+00
6.900556150192961979e+00
5.998765343221041491e+00
8.637134199790999389e+00
6.008983725468056925e+00
6.493536751456933764e+00
1.152693586939274262e+01
5.648275220455388990e+00
5.517645347082946294e+00
5.814967863867578579e+00
5.181991888821190884e+00
1.073172263858816144e+01
7.386432545388332827e-01
1.352046605666352264e+01
6.243425972533268364e+00
2.334449569609191588e-01
6.254823571480412348e+00
7.800591370140625980e-01
6.467943440594324578e+00
6.087114619698550833e+00
5.334502592911629648e+00
6.401792183185885499e+00
5.674126504343468547e+00
1.306517864462909273e+01
1.503408256093724660e+01
5.681028960821251417e+00
9.257806999547391058e+00
1.132933668515461711e+01
1.363191759407911086e+01
1.983389451928237790e+01
1.150515258609466906e-01
9.722170927156327025e+00
1.158258590070891242e-01
6.243238693252313176e+00
6.569546478300245518e+00
7.340237509262924398e+00
5.176959968510202792e+00
1.240956125288122103e-01
5.314453408873189844e+00
5.973009786683911138e+00
1.797153881503663619e-01
1.312844530516261266e+01
5.256324752345472362e+00
4.771940653708831803e+00
6.032257683688287742e+00
1.049914537406473158e+01
1.444224357393636460e+01
1.125062786314782137e+01
1.014571718197703337e-01
1.301560090516675849e+01
5.748223461220313801e+00
1.905201436056665187e+01
1.138138064748905054e-01
2.309712420226559537e+00
1.267649701665666040e+00
1.998581848313248643e-01
1.063316913756180426e+00
1.378243642528845037e+01
5.764587922093520334e+00
2.407888112054387408e-01
1.805290402166761154e+01
5.523622149831386885e+00
1.824921723165167720e+01
6.098365978062373571e+00
5.876830140566493554e+00
1.759755404916580090e+01
5.668026092190764587e+00
2.426221553115032181e-01
3.227743429869621705e-01
5.712266208346756358e+00
5.862173355424139309e+00
6.733725763435217004e+00
6.088724914440676983e+00
5.712014955109917302e+00
1.110857203364441581e+01
2.040512126449922636e-01
1.027068600480882310e+01
6.383545083341064519e+00
9.563251391054844674e+00
5.991954356409284976e+00
1.232830879685788000e-01
5.697840644173507663e+00
7.519352418795246962e+00
7.007548078695481131e+00
1.194140597778068447e+01
5.461445598230902476e+00
6.519108539403053015e+00
5.889145918802631385e+00
6.133388522967327283e+00
1.536293645544848019e+01
1.590388423590778366e+01
1.323942877970318044e+01
6.283782858411330885e+00
5.622460692834462925e+00
5.985184507120407282e+00
1.816514016924796238e+01
3.038714637847520272e+00
1.400224087064279210e+01
1.894310258884669551e+01
2.854330564016320348e+00
1.648574469414561960e+01
1.755537794206752977e+01
6.003883728387688912e+00
1.069873050157928596e+01
1.056448785924944112e+01
1.669990522990660153e+01
1.692964192025594627e+01
2.103100280397499355e-01
5.939140401142102732e+00
1.308138683361436172e+01
1.864639374576595454e-01
5.868017940817717992e+00
5.779117838251640826e+00
2.343488203919573964e-01
1.193936652452674174e+01
1.471309680840391110e+01
6.259044635278534052e+00
1.587890133821019134e+01
6.127587791309311527e+00
5.324668574318343062e+00
8.355758967297665762e+00
1.663262298500789527e+01
6.069952609550786526e+00
6.170860915410022685e+00
6.750211210397509376e+00
1.198878456872082765e+01
5.984555440112358404e+00
9.489083668625017509e+00
1.742775995135233202e+01
5.347851910359838534e+00
6.257913530997800677e+00
9.242844456354179172e+00
5.614159263570038583e+00
8.059436411532905353e-01
6.338335913683232903e+00
5.076085688554599962e+00
4.221693081199081377e+00
1.801892739614862293e+01
2.806221983645511120e+00
5.936812538431872177e+00
1.810762767897607972e+01
1.988102960234604533e-01
1.786082971856551893e+01
1.033235174766158693e+01
3.682216696332429429e+00
6.955052319653606929e+00
7.510550341009571973e+00
6.262940836942202161e+00
1.021243729677184753e+01
6.662164558067754427e+00
1.705980990724644286e+01
7.180686689543705370e+00
1.980329838850497737e+01
1.353785231196364158e+01
6.072790385907926414e+00
1.883316994228466257e+01
5.803579564340096475e+00
2.650886093379004826e+00
5.669941260241206038e+00
3.076456466934957668e+00
5.621695804820602049e+00
2.853260345674736853e-01
6.296580012251753011e+00
9.053814718070450240e+00
5.454132201299574767e+00
6.228573201250353186e+00
