6.735498180517012656e+00
1.933025915693918073e-01
1.323240420807888462e+01
2.214120274168210334e-01
1.063262976746486954e+00
3.557040572604500017e+00
5.374590385373555712e+00
1.221323672425313234e+01
1.879665200196712149e+01
1.491490624923463293e-01
3.176225411153051903e-01
5.974724605426935398e+00
5.280917046984591856e+00
1.060904518406828778e+01
6.220940353449701199e+00
5.902439795381562604e+00
5.809418195613823777e+00
1.643505306122711218e+01
5.248989730865004866e+00
1.786568958585065303e+01
6.362401054119835919e+00
1.862602905367178963e+01
6.549778249996228041e+00
6.550897824825010041e+00
7.099418462948805519e+00
1.134792698735493793e-01
1.413661299450139452e+01
1.558781012556528456e+00
5.644518573143940898e+00
6.529906851048461469e+00
1.167220132217340911e+01
6.094128945385978824e+00
6.366808522412149784e+00
4.823604227955352819e+00
5.652279528571710898e+00
6.022197815323333536e+00
5.646972591906000538e+00
1.614991507379359703e-01
7.089176673931032902e+00
1.003389252765846951e-01
3.014091924852869475e+00
6.264955763681354206e+00
1.487873807129938275e-01
8.115366153556061946e+00
8.567415126127166047e+00
6.124996247774765479e+00
1.139244574359660339e-01
8.635109702053179959e+00
1.594324202285515024e-01
1.390139020589405972e-01
1.289027376072852393e-01
1.102874880844056982e+01
2.330339858484879567e+00
6.416960092152974582e+00
1.548349205064487866e-01
5.641810353003235079e+00
4.504382265299508248e+00
6.113989277563154801e+00
6.196967399595599169e+00
5.724578053135342515e+00
6.006907231032558414e+00
3.068676329594758889e-01
5.421309828368791273e+00
2.909785226071032849e+00
6.455039065504398543e+00
5.846070085930481497e+00
1.739380311560110925e+01
5.814219784525472612e+00
1.013900162988254827e+01
1.978707788380815558e+01
5.518016487746836951e+00
6.452636663150506102e+00
6.204019938386314159e+00
5.337648009737086419e+00
6.723175710770653346e+00
1.124522105521838178e+01
5.941649791760458044e+00
5.371031453576387449e+00
6.025297727855024377e+00
1.300036756443731001e+01
5.775308127591457286e+00
6.669174038178137032e+00
1.476821988661059515e-01
1.994028673720037725e-01
1.572394650016848416e+01
5.416504209494695132e+00
5.426097127889307536e+00
5.658008547651601106e+00
1.029604751129823548e+01
7.367479858243326518e+00
7.484214226687977423e+00
1.477045500567643366e+01
4.159731048144613474e+00
5.831832599288746088e+00
1.673785330664012960e+01
5.938384046929892079e+00
7.555659538329658531e+00
1.094666206970075351e+01
9.919619743900703668e+00
1.741886769609513053e+01
6.388933699518174691e+00
6.192200656501400502e+00
5.642905107476421378e+00
1.032941887198082043e+01
1.959869235899450501e+01
1.141281913951746674e+01
6.289306562141912416e+00
1.505221396981347404e+01
2.230072765331879037e+00
6.405831477268531415e+00
9.570354526317350619e+00
1.646541149840474283e+00
8.492704269425839669e+00
9.809581623765023295e+00
1.910813626565984080e+01
3.830230177083054244e+00
4.686415371889661508e+00
1.361107969413612118e+01
1.181028546528147677e-01
2.104742943512527997e+00
6.597247786668307690e+00
1.857267455871614681e+00
1.137711723595839497e-01
8.317643763725516948e+00
6.291082747105091855e+00
1.040931576824491422e+01
5.630888285573445451e+00
1.542163929992746496e+01
1.129409012664843309e-01
6.053849104431692218e+00
1.497369690479130000e+01
2.111477544974658560e+00
3.920919540852640939e-01
4.786690303798180501e+00
6.510853963765105057e+00
6.478986220287718645e+00
6.061091215040438129e+00
5.890860059068762311e+00
5.622348539938270662e+00
6.206376569196448756e+00
1.036240399798111511e+01
1.028116478982757515e-01
2.400798329768677741e-01
6.747658247385189156e+00
2.621276836344628713e-01
5.594435425152521013e+00
2.255560787435781644e-01
6.489803067725444130e+00
6.076234965877961969e+00
7.718609922379642274e-01
6.241957729445543279e+00
6.109648355703376943e+00
5.988184867087363195e+00
6.172900068884082714e+00
5.453848684664318824e+00
6.274906190214248447e+00
1.061305714689272861e+01
6.317887061597579290e+00
6.588134253388957973e+00
9.445749310371942542e+00
1.718598019661043352e+01
6.674879210093883408e+00
1.913442642024451601e+01
5.823951655731086419e+00
1.343045073148330382e-01
6.507776465352697493e+00
4.566536234133825367e+00
5.499753305472879106e+00
5.456206322072301163e+00
6.394634683245910445e+00
6.609409703326990737e+00
6.045695810071967990e+00
1.971637687193107169e+01
2.857417401718884253e+00
5.272502931907674828e+00
3.944349306007485789e-01
8.809658696218914287e+00
4.929247617214953081e+00
5.752433401412897496e+00
6.757377532937704601e+00
5.169687661468167938e+00
2.810240073633100688e-01
1.005921651347409451e+01
3.305332035669358848e-01
6.609955392357525383e+00
9.723901051416200758e+00
1.192055231961944628e+01
2.703982349744298741e+00
7.558038996004985410e-01
6.701248353821442016e+00
5.559636761714933151e+00
6.396208474943199995e+00
1.141821171935309825e-01
3.286510245396952357e+00
6.893309099328226885e+00
1.802112350630145077e-01
3.691199132378889747e+00
1.452607910263544078e+00
1.592889088409147058e-01
5.700738900698000045e+00
6.372528025309712518e+00
6.624145792895562046e+00
1.400446632339751862e-01
5.903853849518161390e+00
1.994144737980824900e+01
1.008570568184673455e+01
5.432369518599347025e+00
1.734114875064799932e+01
1.025022279583819973e+00
5.157328715710188582e+00
1.710961722777869198e+01
5.746504732127082349e+00
1.209423345607965466e-01
1.102742193122576153e-01
5.398296089280319343e+00
7.591165167368902011e+00
1.420839840661998998e+01
5.453023623018245836e+00
1.343333979633065667e+01
1.522037938191047424e+01
6.198893013571286303e+00
2.386566337289449002e+00
5.694075182738909113e+00
1.815065905262061297e-01
1.110816632022130790e+01
8.208821841444386536e+00
6.927738413604092926e+00
1.094881438773182580e+01
5.689525719467644294e+00
1.820181198684952406e+01
6.454464885188805567e+00
1.407311470444251178e+01
1.423777676569400086e+01
1.818168683900691818e+01
3.584944146990326708e+00
6.775171538319659348e+00
1.857079629041414037e+01
4.909328021401138997e+00
5.910727186165328995e+00
5.997059571388935417e+00
3.502592306054739701e+00
1.222872021290569755e+01
1.056147728195764834e+01
1.841946821169756632e+01
6.210385346541388074e+00
5.522264508302321850e+00
5.470365548385374588e+00
6.010322434537685332e+00
6.256686647923871192e+00
4.516867391832069423e+00
1.243865932520520912e-01
6.396988717654194190e+00
6.226553694266421246e+00
6.142572746788792060e+00
1.590770935310735545e+00
6.128003899604880900e+00
9.882972212575428017e+00
4.723585989988845490e+00
1.159918389572984054e+01
5.632627769519127803e+00
1.473441218560840937e+01
1.349018240455134965e+01
1.941448355620727817e+00
5.465781268796175318e+00
1.759978336193714021e+00
9.068524206086394202e+00
5.562463362042543658e+00
2.424144136954682061e-01
2.037183545546656926e-01
1.695044293380359690e+01
5.465720601199266504e+00
5.506724945695577134e+00
6.703988629089737472e+00
5.970132359249312515e+00
1.124219362782110099e-01
1.021096478774650984e-01
1.581070541808370322e+01
1.733509810422183861e+01
1.733034659697033320e+01
1.405116058554304637e+01
6.716908845727831867e+00
8.203069493287173941e+00
1.020250351338963846e+01
5.771120561246707581e+00
1.015333201875490587e+01
1.685071065297726634e+01
2.231900425629799734e-01
1.305259456373601135e-01
1.933233064578993776e+01
4.667577454393033065e+00
2.570131490871634838e+00
2.352807676662636849e-01
1.655728683346094954e+01
5.125448628156163977e+00
3.682425366933674837e+00
2.736492601814465075e+00
5.472427365447547487e+00
1.070823912836982722e-01
6.034236077541984322e+00
1.379722286473427673e+01
1.659237237831888478e+01
1.174779519931023197e-01
6.228538834375209277e+00
1.021649277872422656e+00
1.452201189937883719e+01
1.549802075779403410e+01
8.770870108611894977e+00
5.755845369329743555e+00
6.146725875406485962e+00
5.477327254137115631e+00
1.314233454062817508e+01
1.590784851341597950e+01
5.050106946141657005e+00
6.376161858267099802e+00
1.405058664827466153e+01
8.531062856652509296e+00
1.217800278118682800e-01
5.543247743103860259e+00
4.158817651562096707e+00
1.813915268973315165e+01
6.378692330203209693e+00
8.402334180119867213e+00
6.300643140153055377e+00
1.272317234722535950e+01
3.936953659502953617e-01
1.467971985024471770e+01
1.502858775218999909e+01
5.924927475435331381e+00
1.978709956025109795e-01
1.914029263482606158e-01
9.381648997107102872e+00
9.365178997266699668e+00
5.872674215747764492e+00
2.023909891528542726e+00
9.238972270377150409e+00
6.272474990343774870e+00
1.357034627188038378e+01
6.220564561601037212e+00
1.571966506800114571e-01
2.986641677948436602e+00
7.036526515094912781e+00
6.266594872116285408e+00
6.488471786297830946e+00
1.713273060448856455e+01
6.661297068877431116e+00
5.576944676915759125e+00
5.631380697334437357e+00
9.207999119662899190e+00
5.756652986055902588e+00
5.770836076792387637e+00
8.913915251258664796e+00
3.232669966144384066e+00
6.650741762291551673e+00
1.398397758886608777e+01
1.960607981508367814e+01
1.171638208299600770e+01
6.318938161023541333e+00
5.488968467229758952e-01
5.736114823897010773e+00
5.669371208891257341e-01
4.449310940202510167e+00
6.257939983477140977e+00
6.128906512443914600e+00
1.203465206641046414e+01
2.582372692554456006e-01
3.987021482555479945e+00
1.659879702647415201e+01
2.758383403148560564e+00
6.061591804722357146e+00
6.545783027431776979e+00
3.138207291422338230e+00
6.438300594370280905e+00
1.360015347640505290e+01
7.885397785907837687e+00
4.874225555290783163e+00
1.420537244795901444e+01
2.061047280040715357e+00
8.064554456402925453e+00
1.981512967363548938e+01
6.013263942710259435e+00
1.401403858600645869e+01
5.728736269391577096e+00
3.090539815838215798e-01
1.144803518407227116e+01
5.588960042181330579e+00
1.118380160173857618e+01
6.870241062685847666e+00
5.579978917361990476e+00
6.213457990578659995e+00
5.967596773215672279e+00
4.563616214700637386e+00
1.167379899705445645e+01
1.538828731561102670e-01
7.039063431379642743e+00
4.850759438278477553e+00
8.815832741023211128e+00
4.991994364153992336e+00
1.546372357140773257e+00
1.078687744362889056e+01
1.200950521572036328e-01
1.540398017815628151e+01
5.675654846169203793e+00
7.725864514451149523e-01
1.046262545951110456e-01
1.819363013814545482e+01
1.291735028254609452e-01
5.412699040630962521e+00
6.205200857525804636e+00
5.698028847853409573e+00
1.455143176888061829e+00
5.156515856004681986e+00
1.314730584472822272e+01
1.276302468963426695e-01
5.886437308112291156e+00
5.912358745399435733e+00
5.295107815809429574e+00
1.073835459715317420e+01
1.877598984629947765e+01
5.717246862405458430e+00
1.420695394054853011e+01
5.898902732733528609e+00
5.996600466004013974e+00
5.540795798981306142e+00
1.748147441409338754e+00
6.574435548095441284e+00
2.541839045753159776e-01
1.277244580101349136e+01
1.736659064447030332e+01
6.534536596512225515e+00
2.926236051130670646e+00
6.485846834155781337e+00
6.667977298182446333e+00
1.241252391512105563e-01
6.679433453698331746e+00
5.679980505374928157e+00
1.773999014422070530e+01
5.853107038723323718e+00
1.987628116762695241e-01
5.864950146342134296e+00
6.153277993122554967e+00
1.455086921994331040e-01
1.163831843821582979e+01
1.965859961622445640e-01
1.663512857691826219e-01
1.853989017515821303e+01
8.337239214957468114e-01
1.900461943893572681e+01
1.118383861030593368e-01
3.334690123726249844e+00
2.603901725832682978e-01
5.123153988694523875e+00
6.224673935579715156e+00
5.157038092695160003e+00
6.403392509810048594e+00
5.734605558298467187e+00
5.951002283877715904e+00
3.276682368199984374e+00
6.978270257128299292e+00
1.734672093673584570e+01
2.790266765426270279e-01
6.671838757333452108e+00
6.207307548117726448e+00
6.853693274053902051e+00
6.414874825527643765e+00
6.184202027584423611e+00
1.309406592486740406e-01
3.204413257549718175e+00
5.986338022874578613e+00
1.022847376719713175e+01
1.618174644000647078e+01
1.673738939972615114e+01
5.970167626340226796e+00
6.370427541836806817e+00
1.347960352937675310e+01
2.623904348128989206e-01
1.914865394425316580e+01
1.256064999810727656e+01
1.807615406237077593e+01
4.669368119121744876e+00
9.115490548419513672e+00
6.730137220801433173e+00
4.389601031420237165e-01
1.909048634096311425e-01
6.260685722856168312e+00
5.880075239213242710e+00
1.862107344497851713e+01
6.381573583093961943e+00
3.411033302482340268e-01
1.014066103288274179e-01
3.638230220343173782e-01
5.723419899656871479e+00
1.451114248686847041e+01
1.017629998945311504e-01
6.426652953519036870e+00
1.848097646048144360e-01
7.910960224324897538e+00
6.021924901153290044e+00
8.145627323183674662e+00
1.485204926286035343e-01
6.015286578006012519e+00
1.798033300986977001e-01
1.459233777577854940e-01
6.128007707390075609e+00
7.840692429819271503e+00
4.813529281576599317e+00
1.360056247121269024e+01
6.411285303416526915e+00
6.115650228609404770e+00
7.714710366901766925e+00
6.647167366495621010e+00
6.911576797313171205e+00
4.892270123532048487e+00
1.697432149284233693e-01
1.122756226884133213e+01
5.469113933101180436e+00
3.798728100835830457e+00
5.552841229472381457e+00
7.769616822717828164e+00
1.731090294708716115e+01
7.990204932349116440e+00
5.699602768640225747e+00
6.776638796283391386e+00
1.947468044583037283e+01
5.238007524787194669e+00
5.674139956365193971e-01
6.048779320940201210e+00
5.943747119759854591e+00
1.663233828456900554e+01
1.749209314269142368e+01
1.526669953098993027e+01
8.139552064355910943e+00
6.330491965680031363e+00
8.515715716408609026e+00
6.976017861257423291e+00
1.035776083732070085e-01
1.416000546063752030e-01
1.459206066925936085e+01
3.279836873673906084e+00
8.961227967690515328e+00
6.739037355059505963e+00
5.937167302925427492e+00
2.220659465671809552e-01
9.566249760499795585e+00
5.490822571957412634e+00
6.177903330880980093e+00
1.327704697280406576e-01
1.914215432017808283e+01
6.283809408789994500e+00
9.172250911054771194e+00
1.883374109823106601e-01
1.448523874552770430e+01
6.197730117209355072e+00
6.134333617997059562e+00
3.823179325272317297e-01
5.794472899644621533e-01
7.386661581709227598e+00
6.488737685760511908e+00
5.647397593315075071e+00
1.938487690037963951e+00
3.174091452765205545e+00
5.823609799846767743e+00
1.397723332568679699e-01
3.892073308744012916e+00
6.755082897005686426e+00
1.218263755692910699e+01
6.972934814498245260e+00
7.406818104628180244e+00
5.927167947105640877e+00
1.936537246027701897e+01
5.825943148478975431e+00
1.561583186260270262e-01
1.581822392467144667e+01
8.117054671295710122e+00
1.486677467167589195e-01
1.670758513545187895e+01
3.650914948335808319e+00
6.384711679915628935e+00
1.532404895796972977e-01
6.131223749522268562e+00
1.749460139711506557e+01
4.105073609588902883e+00
9.391387005513646358e+00
4.592508882656653135e+00
6.498117251022939023e+00
1.437375356719908126e+01
5.489731871099935212e+00
1.600376051658732379e+01
4.655925945043656311e-01
1.882127118509100971e-01
5.018330147515842832e+00
1.814987104242993965e+01
1.108126691830402910e+00
5.762726161202825104e+00
4.975962049743386295e+00
5.617787699473516305e+00
6.013200185839854051e+00
5.853459210130054657e+00
6.094519366057190801e+00
5.866724963980985308e+00
9.021653085204005551e-01
1.347362783134937458e-01
5.808905427449582604e+00
8.764894743562324564e+00
5.519542613708385836e+00
6.222060091786079994e+00
5.829561851607732770e+00
1.427847369396800126e+01
1.153462465647021773e+01
2.459030245817646065e-01
5.500645599018321619e+00
9.931247498480026081e+00
5.007324522278421952e+00
6.380726511613303842e+00
5.635200978199396138e-01
1.676221422426192476e+01
1.604952420623250475e+01
5.966109717032998638e+00
1.439625684598290489e-01
7.790261114194208858e+00
1.839986712566167526e+01
2.586751697212953172e+00
1.656068153212951477e-01
6.054161678279727177e+00
6.344320961657329505e+00
4.864507012419542420e+00
1.862309511770169901e-01
1.783197465626023548e-01
1.763157144015405819e+01
6.471713533950553376e+00
6.092310183129780121e+00
1.347030700004112069e-01
5.554637709135178625e+00
9.273669293956873005e+00
1.791405471354642898e-01
6.319968867050775430e+00
5.844866274862765998e+00
1.709816597622733525e+01
6.312850194503234036e+00
6.395635376208123724e+00
6.253891638307189638e+00
1.685973460982661720e+01
5.754926219207926685e+00
5.847216536111746521e+00
6.369609071173488957e+00
6.078325238250915419e+00
1.295375142959771431e+01
6.394178480181135882e+00
5.542483985749627529e+00
1.732905343181407076e+01
6.180897955891671458e+00
9.189508022142984345e+00
8.479936271717109619e+00
3.146269365246751715e+00
1.120396030611062343e+01
1.247614475460880751e-01
4.126297221759173683e-01
1.233943553700820850e+01
8.052347209478460499e+00
1.533251685907028428e+00
3.816335741679320215e+00
5.946423973596252743e+00
6.160322475981555357e+00
1.716921543156948005e+01
5.847344327504912620e+00
1.255113036296705786e+01
1.874239691131135643e+01
5.887628632649897220e+00
1.359428566563531149e+01
5.774091119882958978e+00
5.484081355523772849e+00
6.221114654127753774e+00
6.455746232269697238e+00
5.164939520372741733e+00
1.743492128509484429e+00
5.162000937127324995e+00
5.125174161841642650e+00
2.588021583574017015e+00
1.879984568653700094e+01
6.292646414569826874e+00
1.323503988469914283e+01
8.628211828594455568e+00
1.846088058057871706e+01
1.960925451308072809e+01
5.076641602163655342e+00
5.793869001515045802e+00
5.831735400714046058e+00
7.416224999166240117e+00
6.084679786191834694e+00
1.633989250796128800e+01
7.653721570763381443e+00
1.733499487948551732e+01
1.680218207843638467e+01
6.617568260903634147e+00
1.547345117087721178e+01
5.321738385228028889e+00
5.843507639107364149e+00
5.247160507936140306e+00
6.606889657764018153e+00
1.018239329118416769e+01
5.804541917506287341e+00
5.395365417097487182e+00
5.962787189986550551e+00
8.903835941501458962e+00
2.406238860943517299e-01
5.850990842398905656e+00
5.196741001357053413e+00
6.513996158070822773e+00
4.219146978779997781e+00
5.552415979649317102e+00
6.032068714437226475e+00
5.667510333813763346e+00
5.652022822804291025e+00
5.575094562195388015e+00
1.342028506100187701e-01
6.927052632700967827e+00
7.794523460374988666e+00
6.001846608128808214e+00
1.299837518535247938e+01
6.665565353841375718e+00
5.912950105824766212e+00
1.546668671988169663e+01
5.485243323436237439e+00
1.529748850747138000e+01
2.277044724371213302e-01
5.925416658135882031e+00
1.308570587504606086e-01
5.860147820853228495e+00
5.684544218104059965e+00
6.970658290292782944e+00
6.126580961014824744e+00
1.349209304285333211e+01
1.169780226471096030e-01
5.880571887113928753e+00
6.525397259912981696e+00
9.976296011775543704e+00
6.234585492803923934e+00
2.353655201286079524e-01
1.279234264675407351e-01
5.807155938473901102e+00
1.263261111704680850e+01
5.934819024429365264e+00
7.431994155932118318e+00
5.645810590732497580e+00
6.794736239549559187e+00
6.303822966697985031e+00
7.223258332332934017e+00
9.317860829655662869e+00
6.426348289654484347e+00
5.933084836633572223e+00
5.373661719950853843e+00
6.020618378029090501e+00
2.405288105078984551e-01
2.211966435157121658e-01
1.232878068755096024e+01
6.149707202764004066e+00
1.874890015218284578e-01
3.476450411851771394e-01
2.669550800441983895e+00
5.563624663888351307e+00
9.499275239516768110e+00
1.303546198980095028e+01
1.222204650484420974e+01
1.655053826506105885e+00
1.524229200977650045e+01
1.001085511547964302e+01
5.393349523773544263e+00
1.507404421955200746e+01
1.973965357160920320e+01
1.623763061255653339e-01
1.416086319961044637e+01
5.184953645268118194e+00
1.406399767056025141e+01
6.063823913839036628e+00
1.944494740617095152e+00
5.420760561051429782e+00
5.527291077982559919e+00
5.302109723787737927e+00
6.347437103920656298e+00
1.143251742900423806e-01
1.600321885084274598e+01
6.825044760291215873e+00
5.925210445751865507e+00
1.178229664830833201e+01
6.242369788638373329e+00
1.704545961033725743e-01
7.034918855062977094e+00
5.392042119980967385e+00
8.220110803146578604e+00
5.327874954484188130e+00
5.691502755440389194e+00
1.712434430006309904e-01
1.379186617237807688e+01
1.732868584274722124e-01
1.533417367997677516e+01
1.494830288874571522e+01
5.883809126398912959e+00
3.156325629000202859e-01
6.056139296695884688e+00
6.998917238211967984e+00
2.568967170801671251e+00
1.832195094008761771e+01
1.938663073564493022e-01
9.914555335143392378e-01
1.459870727710681770e-01
6.497326716898195187e+00
1.208398551902535445e+01
1.333249304588504280e+01
1.569987671670960705e-01
6.543242660760894225e+00
6.575959601315552128e+00
1.580368599280014230e+01
6.746181929545461031e+00
5.787105222922019898e+00
8.668045648875246201e+00
9.138557815545556906e+00
4.033372799773601969e+00
5.937540128317758459e+00
6.257630672533641913e+00
1.231666604347744176e+01
2.534003987841507044e+00
1.444046302147241612e-01
6.231503506516085977e+00
1.619215438628835713e-01
5.956950832679964059e+00
1.019487725800915356e+01
1.910507075080668926e+01
1.545052471540297745e+01
6.104758811150520437e+00
1.344145593385658033e-01
6.338329206091136037e+00
6.820486451045359999e+00
1.140275134371473342e+01
9.409291290665784402e+00
6.018482890066088054e+00
5.780771722838547788e+00
2.454326960993355178e-01
1.392140063167475539e+01
2.086475304785214979e-01
1.429064145334032432e+01
1.414436786421929604e+01
1.954804754452317539e+01
5.596840143919763477e+00
1.718165296108131734e-01
6.334418712746885838e+00
7.217803476110646876e+00
1.134850932602255646e+01
1.981080838318773629e-01
8.346730283778121873e+00
3.992394443535124626e+00
1.200950240849508049e-01
1.371087327394779898e+01
1.399099098267279961e+00
1.143945842813764102e+01
9.601625618623357283e+00
7.452694851410212706e+00
1.580216669025826137e+00
1.571071740703125774e-01
3.963943381212029937e+00
9.515006942472565399e+00
6.894625276080941667e+00
1.605078188718897891e+01
6.220017382028158792e+00
5.953990421080341378e+00
6.638610412375844483e+00
5.950545317333719275e+00
1.399332380178929247e-01
6.127010181529973565e+00
1.530672301579809158e+01
2.368412020293272580e+00
7.494406664377259553e+00
2.719184300496666484e+00
6.101426782693994078e+00
6.291254408532327425e+00
8.999982752045161405e+00
7.804670640547804794e+00
2.331572126244139398e-01
5.955481405093003389e+00
1.671974460268243234e+01
1.612176856324723317e+01
1.783288712231755824e+01
9.761471205785891669e+00
6.009162790987565117e+00
7.441651710674777043e+00
2.726325967329308764e+00
6.550087757533828103e+00
3.667234133619461933e-01
9.307012446712409570e+00
6.575810419667570628e+00
1.291990855569976837e+01
1.019910434116938353e-01
1.474145824977151908e-01
1.760998897021258003e+01
1.530370800267189246e-01
8.053854909903424897e+00
2.002659565095439298e+00
6.169550000200040074e+00
2.894638981261314470e+00
4.006428176041357148e+00
5.667394549233973677e+00
1.677797397920257438e+01
2.127995565159375713e-01
6.029005350610153968e+00
1.560808686444245730e+01
5.407181151229598193e+00
1.419938858690933969e+01
5.716626621573698053e+00
5.761164045357139329e+00
4.904807739397187838e+00
7.186584077108173041e+00
5.948095231968925312e+00
1.148342596803566124e-01
4.583831425292999029e+00
5.762938948933856942e+00
1.654070849495604278e+01
1.571478016454352922e-01
1.346774743050105094e+01
3.075253430103186414e-01
5.583311544624493195e+00
6.143191820442541307e+00
1.350071929556535899e+01
5.846656543351432589e+00
5.911133697438340384e+00
1.307620428910628085e+01
1.122166458655207677e+01
5.495154219571547927e+00
5.807871149593222704e+00
1.096022646694655478e+01
1.938413363273307866e+01
7.804391788605043345e+00
5.799660620231927410e+00
6.164053460841110166e+00
1.502176517028820690e+01
1.225398825074145659e+00
6.860057005854454992e+00
1.661561649457549694e-01
1.740684431663534326e+01
9.247528439835180691e+00
6.026768202371792782e+00
1.890791796423471893e-01
6.412515948750571404e+00
6.293886378242335766e+00
6.042838054874839493e+00
6.129065006810989757e+00
6.283122342224570112e+00
6.160296860763263105e+00
1.000853636030044136e+01
5.321165506327810490e+00
5.560626666211728519e+00
5.752927889932020200e+00
1.690681755768312655e+01
1.983233211933545093e+01
5.381171449592610401e+00
5.085386453266283802e+00
1.969915764798728475e+01
1.844352694448886965e+01
6.481048221509375651e+00
1.553083233271115837e+01
5.964247587560687069e-01
5.437578448358523886e+00
1.116898238186419157e+01
1.464434217662936000e+01
5.268886550588237405e+00
1.918444728053921011e+01
1.727598165767701843e+01
6.166653979888415904e+00
5.040956661029447616e+00
5.758023733806508559e+00
6.185381810778115330e+00
8.050552467653801614e+00
6.600761335580367373e+00
5.873432887721076412e+00
5.265824099852118856e+00
1.071473882967747571e+01
5.484654584257059540e+00
5.192371398810415428e+00
1.745229204749706398e+01
5.772079285830166384e+00
6.381931640829897390e+00
6.754618233355206947e+00
5.363160222591297099e+00
3.960878482060647077e+00
1.741357063690645646e+01
5.255999234018908339e+00
5.398732908108235584e+00
6.276592451187133825e+00
2.446240520907861260e+00
6.053067794144936897e+00
1.250031061809369071e+01
7.313280297295242427e+00
4.573444877816595699e+00
1.243742747049215858e+01
7.874940395664055792e+00
6.033776385294495448e+00
3.153594726037136642e+00
1.612315460645733012e+01
1.015055448520212167e+01
6.178205117556674786e+00
7.481948621923565135e+00
1.129045516663500770e+01
6.636583195867751250e+00
1.418572086129676713e+01
6.771271574099968937e+00
1.050137342616665492e+01
1.299593375333696621e-01
5.256996702344558514e+00
1.167275389136156605e+01
6.025199673877744466e+00
1.529313645699437885e+01
5.903048465205078976e+00
9.936358729524274125e+00
1.958786695940593248e+01
6.267517837258923308e+00
5.794995395158689888e+00
4.239565472972310900e+00
6.197483691799818395e+00
1.099731824521684720e-01
5.873277185220167063e+00
5.616852974103666796e+00
1.339413947340332978e-01
1.739453418494033698e+01
1.586255049308766552e+01
5.367556261898442926e+00
3.079857635040233355e+00
1.001567886335641866e+01
1.068285054088898711e+01
6.193071364280043234e+00
9.334493336443141942e+00
5.556240260731704517e+00
6.386458709605128625e+00
6.189157206887651697e+00
5.687085618462857539e+00
5.394225452914797048e-01
2.576394608439566691e-01
6.462781520181193784e+00
5.892878369146123951e+00
9.594065523976341936e+00
1.982209742281471287e+00
1.361451092655816542e-01
5.984458331087298966e+00
5.874397062870859720e+00
1.199744841652212024e+01
6.148176588263246423e+00
3.385154487263629108e-01
6.201244612887316876e+00
6.417118859338619252e+00
6.642475727473566849e+00
9.654113688050163233e+00
1.537718704280743864e+01
2.638248859441555960e-01
6.809501638018282677e+00
6.943298123700712310e+00
5.898994379522226161e+00
1.039862380947731424e-01
1.146756425641485000e-01
6.305047410479390102e+00
1.303201086620681681e-01
7.110998372420237246e+00
5.596279779240127539e+00
1.616455226634780118e+01
2.087467585024218308e-01
4.815552449388898815e+00
5.670934400346026472e+00
6.026543976102527900e+00
4.121531652691237113e+00
1.050837730501153189e+01
1.911749343943595747e+01
6.467286640347222892e+00
3.546130224603819325e+00
5.513874854494439148e+00
9.376540879496335634e+00
8.890318464187673797e+00
1.304823042056838389e+01
1.074993143654248584e+01
5.737193111426933001e+00
5.611507370730836053e-01
5.788076856608393328e+00
1.580604245610033409e+01
6.307954602118562626e+00
1.654126560385786604e+01
5.608338365504041967e+00
1.710050887842086975e-01
6.575511293103070365e+00
6.847388784477684176e+00
8.368580163675444439e+00
9.388866129050558840e+00
1.867360841408436301e+01
1.399616629507762866e+01
6.278802498248332142e+00
6.633143993873023447e+00
1.828214953600199166e+01
1.866748334289975020e+01
1.861161937350849627e+01
2.945660835860033799e+00
5.541701671774555749e+00
6.330782919631530170e+00
3.073014039867582703e+00
2.038756669492288176e-01
5.777016645612958357e+00
7.391841166401845520e+00
6.215189725823589306e+00
1.708291535993160792e+01
6.315266252922197232e+00
9.469766009690445685e+00
6.836138855765785394e+00
3.767007739400969890e-01
5.754134698131024628e+00
7.113198616785381123e-01
5.298241650331452668e+00
1.519529316578714884e+01
5.562714681563119434e+00
1.889377540723105398e+01
5.610734901503332317e+00
2.814789582308721005e-01
5.984727021003822145e+00
6.166555740784765760e+00
1.649566612237094443e-01
1.674636390059534463e+01
5.744623361054790323e+00
1.599851118447995013e+01
5.711960313868493344e+00
1.345692204490616284e+01
4.925975321963377951e+00
6.236161914241373339e+00
1.388376495708370228e+01
2.045298931172565005e-01
5.456795780651458649e+00
5.658406284572705225e+00
1.741929626107973661e+01
4.761481509483084906e+00
5.906719410192516229e+00
1.177986796733281949e+01
1.989992364729301499e+01
1.608694183945070932e+01
1.994001160466107037e-01
6.027890853872157173e+00
1.530742067736535184e+01
6.563889884206291825e+00
6.927297057211588616e+00
2.816013357093058445e-01
6.670391930412733039e+00
1.563985940334372593e+01
3.583995413084459347e+00
2.210539271465750688e-01
5.586098438532218324e+00
1.786348415375363885e+01
5.887894606341792070e+00
3.533613507507619378e+00
1.369951363743432537e+01
3.820411563201085325e+00
1.321645491720094867e+01
6.428903296794932665e+00
1.188194381888437867e+01
5.955144924193014333e+00
1.188416334194860369e+01
1.174867924469611502e+01
3.615141819062909434e+00
6.470307925179092479e+00
1.086875917613637554e+01
2.374940962967252656e+00
6.810313642666629974e+00
7.359711992270978165e+00
1.201551153298733077e+01
1.348163741318996500e+01
1.137851650312824703e-01
6.054299646556779990e+00
1.289803663132775002e-01
1.594139488920548153e+01
3.928584613036519291e-01
1.251936674902914248e+01
6.438962926206315274e+00
5.273674047995386083e+00
5.286958935334316045e+00
1.567110952098560439e+01
5.158809863062373324e+00
6.132580313049976972e+00
5.205503766471276883e+00
6.702637465496999347e+00
1.304924082290556675e-01
5.217848676326141799e+00
1.003733506671511577e+01
4.801887529629060403e+00
6.075523088534681371e+00
1.083375242587982235e-01
2.485069372174689706e-01
1.486573319208794597e-01
5.003492058352306593e+00
1.183864785729040747e+01
5.347851778972675163e+00
2.120481045451779456e-01
5.322312095090270034e+00
5.804869101194157999e+00
1.899926285623714506e+01
1.788116517991312215e-01
8.915318724003931550e+00
2.463354237011081971e-01
1.121595416949861118e-01
5.628893136888651227e+00
1.852312928594197317e+01
5.875298624974464978e+00
6.527116075602061862e+00
2.981367862066706564e+00
1.476561197757666255e+00
7.583859480180964674e+00
1.097603881786404756e+01
6.345665464863674998e+00
1.386558049027813433e-01
6.750047265984403744e+00
1.204599472691559731e-01
6.303876852039529410e+00
6.025695259877897669e+00
2.186812557595610162e-01
1.729772739096643264e+01
1.239469657799060071e-01
5.386705438286202074e+00
3.122781746496389732e-01
1.868282515001553179e+01
1.481657102291837624e+01
1.255592772510330801e-01
6.654477605704569143e+00
5.390353674310231824e+00
8.441499294894990513e+00
2.678559959143899771e+00
6.322182507510985872e+00
6.892385201153016894e+00
1.371458810529294325e+01
1.077696881629421810e+01
3.090456207832497526e+00
6.166342999961270444e+00
1.125271034074592436e+01
4.742184196097404936e+00
6.150454169146496675e+00
1.779646007001953834e+01
1.391468379328752469e+01
1.135468877957351097e+01
6.357152265213239062e+00
6.478956135938013006e+00
8.478546440086974556e+00
1.870864388492600727e-01
5.506779158738069668e+00
6.155145663485963148e+00
7.196711316578805473e+00
3.323941909632818215e-01
1.701206486459883394e+01
1.661159591813321956e+00
6.080506276457811055e+00
1.014731939647807124e+01
1.563963794215808278e-01
1.499718382532667782e+01
3.588356148537444223e+00
6.618028402225548668e+00
6.480385696851668875e+00
1.138234201056222000e-01
5.234006747623432432e+00
5.509881823539645396e+00
1.680078184685551079e+01
5.949839913231801170e+00
7.009001164656138982e+00
1.584383827234269460e-01
1.341844023428249244e+01
6.615043711218675071e+00
3.137403895374105689e-01
1.083128293904781769e-01
2.169230148385389578e-01
6.476904603142069838e+00
7.282296421184494051e+00
5.922472476018085352e+00
1.044538892653481321e+00
6.301807632425733274e+00
1.845696822462664599e+01
6.636630926584100365e+00
1.537254638857937650e+01
5.765299656163462849e+00
1.413686060993036264e+01
2.068948691639203308e-01
1.675270603422863758e+01
6.571090859820500896e+00
1.538487637889713255e+01
1.598983389481354500e+01
1.523204860656496573e-01
6.502186823316518982e+00
4.371137980894823194e+00
2.791133415945940666e+00
7.885093827527621890e+00
4.781077070345182145e-01
4.438835245526630224e+00
1.705976708060736868e+01
5.950717701256026615e+00
1.285901853631119973e+00
2.624810419712455101e+00
5.769196010693363519e+00
1.887570537675881677e-01
1.223001850208863850e+01
5.877708122707725025e+00
6.367737484082196531e+00
2.137014842022398664e+00
6.337797508483165032e+00
6.078675739098802211e+00
4.545535799923331233e+00
6.096850924595118570e+00
1.386209278436169967e+01
5.142109636017218044e+00
1.970311669055604675e-01
9.461848283964342521e-01
7.112446550916157406e+00
6.360546196559666576e+00
1.186930727182085121e+01
3.174746415767978558e+00
2.872963123950296627e+00
5.881582975452222861e+00
6.660554538202616115e+00
1.110549852050615272e+01
1.693528546656015488e+00
2.274001739773324482e-01
1.968031517829300014e+01
1.400241635372681537e-01
5.973699748752853367e+00
1.503129750357824612e+01
5.369210020437047426e+00
5.579002419355880704e+00
5.856331804280914710e+00
1.584662017910623888e+01
5.631809689041127776e+00
3.021592200162805386e-01
1.706343205376552774e+01
4.374411532158227089e+00
1.774547570433011856e+01
6.557506815434620329e+00
6.142756492499946042e+00
1.530513043519531813e+01
1.826883445540569972e-01
2.881385883049375707e+00
1.416412073686177664e-01
1.522913415541346005e+01
1.033660831549562786e+00
5.686143920327744183e+00
3.143705531393485297e-01
2.167015171187739730e-01
7.260387110692868795e+00
1.207955565551797478e-01
1.141836044479164514e+01
1.412577106579510078e-01
6.515944676071700137e+00
7.333807359787215541e-01
1.089138185671071068e-01
5.588056029474955722e+00
5.642440851761424625e+00
8.094509314907337938e+00
9.139950940970539506e+00
1.954894827205804120e+01
1.959200816646719190e+01
5.849607159262559364e+00
1.118672229274541330e+01
6.635763392004313532e-01
1.645555959330776474e+01
1.256142856943398556e+01
4.984921109934593808e+00
1.920168467890442088e+01
1.590505611276027054e+01
5.823349433448639978e+00
4.301643335828523540e+00
1.871427480865441950e+01
1.091365249797353520e+01
6.412112861782578221e+00
5.584624206775060884e+00
1.010630787755036480e-01
1.027186957580225091e+01
1.665461525538027132e+01
6.062107841885467252e+00
5.999814280113958453e+00
1.129979597395268698e+01
6.522219035546134691e+00
1.855073673589402716e+01
9.554013513022749038e+00
6.275924345273196092e-01
5.730304945664252081e+00
1.836099954253623823e+00
1.185355972959307169e-01
5.829397907018291747e+00
1.936533478838549627e+01
1.024711691811257985e+01
1.756858885947068316e+01
1.920991205047666017e-01
6.719334995147887568e+00
5.844880201516157392e+00
5.688902033474317221e+00
6.125868090527857746e+00
6.921199285384740385e+00
1.305179708422213203e+01
5.762975924855052945e+00
6.126992741531775977e+00
5.956526725497957031e+00
1.465650596306755382e+01
5.834024885547388628e+00
6.967189582850086715e+00
9.174142835549192299e+00
3.284299441076636850e-01
5.770970086061253390e+00
7.944743765064665730e+00
1.978253627924032865e-01
2.320681062931596594e-01
5.838369068024648278e+00
1.890844909234230897e+01
2.709621115945965442e-01
1.739694301882114047e+00
1.129622868076576303e+01
4.477433241533742780e+00
5.829790281396548757e+00
7.055874671946205545e+00
6.219971349187789045e+00
4.981212546542725939e+00
1.848535826322883491e-01
1.756430062263457970e+01
5.971953906524781530e+00
5.074619346362810646e+00
6.225575212630408473e+00
1.486804185687047031e-01
6.375994297352143292e+00
6.728484447300325577e+00
5.698920265298903942e+00
8.090741592785295921e+00
1.506465431061277016e+01
1.663869722289489372e-01
1.180851997540651688e+01
1.522648876295710496e-01
4.601023256048442533e+00
5.992862914259314167e+00
8.621542185475840725e+00
1.977116746853248563e-01
2.958394812357849069e-01
1.678200061868879800e+01
1.530402776121007946e+01
6.178725952742015082e+00
5.609162926068022692e+00
1.975318108296953667e+01
6.538682388405471890e+00
7.080311427417492531e+00
1.082596224258470657e-01
6.562371414688864313e+00
5.478777737101492740e+00
1.455608401613732283e+01
4.326785364871563178e-01
5.734078387419616618e+00
1.966812877862552655e-01
8.326496177499169704e+00
5.905993671482296037e+00
1.507056981487970571e-01
1.135182634865457985e+01
1.303587568586953016e-01
6.111916280680055991e+00
6.652942457186333591e+00
3.332905437532419857e+00
5.820531956232432691e+00
1.053446786975874261e+01
1.051314403867202457e-01
1.058556947922096314e-01
1.262015599658265486e-01
5.660863390559992325e+00
2.167292511296514679e+00
6.104079297488302025e+00
1.450575172716951933e+01
1.168275866634279758e+01
2.880694674414226331e+00
1.192709403851491601e+01
5.898446879382583496e+00
1.349882053907073320e+01
5.812956471545873249e+00
1.826846322336873740e+01
5.945081010549398748e+00
8.961304821798970366e+00
1.466694090801581030e-01
1.950470987977384851e+01
4.946272976805876631e+00
1.138838471797413199e+01
6.355208886512081712e+00
6.511835383890569595e+00
5.388128995406893829e+00
1.503389093396984499e+01
5.936769375617337197e+00
2.114914599103060733e-01
4.320991857465578789e+00
5.582203621489915335e+00
6.247947343960108313e+00
5.778545172683646314e+00
1.572473036203708041e+01
1.292625494284983390e+01
1.849505214782202600e+01
6.326520858478398956e+00
6.351926687083495615e+00
1.451214928938462556e+01
5.308375684636150726e-01
6.228201555584932159e+00
7.114376273897929259e+00
5.430042707691094428e+00
1.098829761893511114e-01
6.144683848422045180e+00
1.949204810792917897e+01
2.384745303837032537e+00
1.144449281909157845e-01
1.745384785450224285e+01
5.606743479004219211e+00
5.856087535314034476e+00
1.924922113868482720e-01
1.841021408980716600e+01
6.078888558559506272e+00
5.485216585238577913e+00
5.320824186114496257e+00
1.608525314704797871e-01
1.248177532981072924e-01
5.537628439921547852e+00
5.818519004663731842e+00
5.685120820163064081e+00
1.387276057774663229e+01
2.502617360045453210e-01
7.315346177863423449e+00
5.831492419265059013e+00
5.787160724819259805e+00
3.645270672513569288e+00
5.906422016996415003e+00
9.083774233116612251e+00
1.550075887977048872e+01
3.287504004637456401e+00
5.094487109245843470e+00
6.520611565986340175e+00
5.164766278154224288e+00
3.282466314414965503e+00
2.318190342371022616e-01
5.662027458602629792e+00
6.180570329512215189e+00
8.633955245788873967e+00
1.378598037607172699e+01
5.847365098307501619e+00
6.980582058296263881e+00
4.438108738514088270e-01
1.242778729659141135e+01
1.939265791194216249e+01
1.382067430360917337e-01
1.740539828982964332e-01
5.978421537505697714e+00
6.645774948508118563e+00
6.183687799566382814e+00
7.849598830511845371e+00
2.758147061395535005e-01
1.835256306571028118e-01
1.054201433550934119e+01
5.300317667331257532e+00
7.332465467582451879e+00
1.910983013943677022e+01
7.248937917986909341e+00
5.220395188533462516e+00
6.594540639365495061e+00
6.286342507321228013e+00
1.065358170816529082e+01
4.236682559082662891e+00
5.684703773056000387e+00
5.703763851360792003e+00
6.730416604553503213e+00
1.580175923718523201e+01
7.006381876212437909e+00
1.984195412425835969e-01
5.267052368623680536e+00
1.089676129010381106e-01
5.686113159711181808e+00
1.512298552360584125e+01
1.414038730592755932e+01
1.451632906178752691e+01
2.259045379942411502e-01
5.482072787206529796e+00
5.840486004331163272e+00
1.135440771014345707e+00
1.898790829446559414e+01
1.069475349162245514e-01
1.702679153870634565e-01
5.264568616410595148e+00
1.685882776356018464e+00
4.039266096554459118e+00
6.941283025459700440e+00
1.380663004128808435e-01
5.769218505669201136e+00
1.381881991245754726e-01
2.396689003603701684e-01
6.352605596697245893e+00
1.553124982534735210e+01
4.152514417648338174e+00
1.128216691672370864e+01
5.916033254780160178e+00
4.911385877666250011e+00
5.930170044907071336e+00
1.706887245865049474e+00
5.836723065370749808e+00
1.383330223091264699e+01
1.969040896302330368e-01
6.261813902616283123e+00
1.097154916819797421e+01
8.841544104777648627e+00
1.889223017341183564e+01
1.052275510896253330e+01
7.088177254772267233e+00
6.010499790158122302e+00
1.451709602738729288e+01
5.629393441778030471e+00
1.832325190312104723e+01
8.045162307476596553e+00
1.953063706076396855e+01
6.342383689373063405e+00
6.105278589679532075e+00
1.383195636394891070e-01
1.631981785635041315e-01
6.755802445495346475e+00
1.756042434601109647e+01
1.980616956655931560e+01
5.775947532505126603e+00
6.220348794164199724e+00
5.870746143032917530e+00
1.645013012277036779e-01
6.692237766099654372e+00
5.150721477131657622e+00
4.042792610374270623e+00
5.707528463076629421e+00
6.210409481874526350e+00
1.730186530861779204e+01
6.640582974965357543e+00
5.640170145626123288e-01
6.608529397944369776e+00
5.587894862986267919e-01
1.891671431108493096e+01
5.944286333573279180e+00
1.868771878426417743e+01
1.115558676426169349e+00
1.334881720899529500e-01
6.549955051705430797e+00
6.334472432028194433e+00
5.396918865826146217e+00
1.406837155768213599e+01
5.215151350658612017e+00
6.489462036314609605e+00
1.851658635192941205e+01
6.855262235044890851e+00
5.867922646026509703e+00
1.569586382770009969e+01
5.918255258682824760e+00
5.985628056761798099e+00
1.645971903048578611e+01
6.178410252040158035e+00
1.968208037273425914e-01
8.069597599728911774e+00
1.181354793695006400e+01
7.499650217983098166e+00
6.501016869718276858e+00
1.559480203583431290e+01
9.793279442879175178e+00
5.223056424746088666e+00
2.996267515622215161e+00
1.547851686987621100e+01
6.185944103643924663e+00
2.601118789255784658e-01
5.407186568459219522e+00
6.425652270877272088e+00
5.648355109609729752e+00
5.777577929840212789e+00
6.088761977513426515e+00
1.306613528934532553e+01
1.535995800684753165e+00
1.452562970237265993e+01
5.353557845946462557e+00
5.908471630977340183e+00
6.020418574211396034e+00
6.027910124830211380e+00
7.176953105160633228e+00
1.483430612062788079e+01
1.785918869865569647e+01
1.382939819113009339e-01
1.960711454684596688e+01
1.694813163423320646e+01
7.124332755723860267e+00
1.942938539242228535e-01
1.564670275627937091e-01
5.911732620008105954e+00
6.054209911311128067e+00
9.477284063804246372e+00
3.062599301561715337e-01
4.091487662457338637e+00
4.222384685759975831e+00
1.508789277907826332e+01
1.462738092486124852e+00
8.079984645835041945e+00
6.562904349971826257e+00
6.128965550497163406e+00
6.691110177799731495e+00
1.416924421249720067e-01
1.196028247505152287e+01
6.153567628569753367e+00
5.535683594252646778e+00
3.864193179880027196e-01
5.307151824616409108e+00
1.317406244957521677e+00
1.311880850578157975e+01
1.922224155551076896e-01
5.709450011163863081e+00
2.305140362905553353e-01
1.471090601296229927e-01
3.703781166103133238e+00
1.794937316733103572e+01
1.780797956358241763e+01
4.560874019610823282e+00
7.749619602294814946e-01
6.901172674978074184e+00
1.497502847928552150e+01
1.028601557909726433e-01
1.368544699208295579e-01
7.277040070728984844e+00
3.576142924256363598e-01
8.359185999406069101e+00
6.124534171319103493e+00
5.954720451033645112e+00
6.149566192314544821e+00
1.306189335989552980e+01
3.153960795131151240e+00
1.867114789531392915e+01
6.302866070065453741e+00
8.359806931822490128e+00
1.135368801533992306e-01
1.602871449970486495e+01
1.986001237604308745e-01
5.706656171659409083e+00
9.022487127834407872e+00
9.297463767170794924e+00
1.221739094301828032e+01
1.156438411749083905e-01
9.878946182243932839e+00
2.527562474540474557e-01
1.043244326928423504e+01
1.959100251403285853e+01
1.428611128763334648e+01
5.635897954885844108e+00
5.755335078527259007e+00
5.467358908077269319e+00
1.575627317345503897e+01
1.544909764927597706e+01
1.901526653654115862e+01
1.724252939615705249e-01
1.516000600785930708e+01
6.117391710774949587e+00
4.477394085971900139e+00
6.027952396402640467e+00
6.048355011815151450e+00
6.018814535529187104e+00
6.960808371761916469e+00
5.138780190870502196e+00
1.492272034174299122e+01
3.734745658560240766e+00
4.310885768484929770e+00
6.485272777463084282e+00
5.860652719314633607e+00
5.839980366369200482e+00
1.873769045552505474e+01
1.761004892786108300e+01
5.702033521872786004e+00
8.459632991171407213e+00
2.766153718606886525e+00
5.421627386555990746e+00
5.741589301722239469e+00
5.309207788409953999e+00
7.151858768824998158e+00
9.871759016157911404e+00
6.395248872024142273e+00
1.179867423727121584e-01
6.733444004794666427e+00
1.397564565974711392e+01
5.581494108425637535e-01
6.097386987413342396e+00
2.227426654667432615e+00
5.561101302660738099e+00
6.525733896661530586e+00
2.166166568618096699e-01
2.911149237832177938e+00
5.325663243618457443e+00
5.339413477748319536e+00
1.916138513818896172e+01
1.356056431756498348e+01
5.319432026982843453e+00
1.435116103564257339e-01
8.730037920184001266e+00
5.564788563035523161e+00
5.513835685227164163e+00
4.919099441348787849e+00
5.480754156630697871e+00
1.325579960370495236e+01
6.147813564346453319e+00
6.119408143273003198e+00
3.491117494248460407e+00
6.183351907157074834e+00
5.828278048791083243e+00
5.738819044228558042e+00
1.794906259249667357e+01
1.328807537253247872e+01
6.021434759233851075e+00
5.531966741652681208e+00
6.102818050469712929e+00
1.023798791305988054e+00
9.459094102873489618e+00
9.545710650174422440e+00
1.887105528900000451e+01
1.344534836840959868e-01
5.665696534094352366e+00
7.373318158357987429e+00
5.585874832961263969e+00
6.874210023040126849e+00
2.268285316303502164e+00
4.727366553344996447e+00
6.502482786191894348e+00
1.960634402375702967e+00
1.290822908924710433e+01
1.263921243447095610e-01
5.627748957358640780e+00
5.785283985786008998e+00
2.810803586233517670e+00
1.748989332733585300e+01
6.457227899095612678e+00
1.905308491328711051e-01
1.338918530326836276e+01
1.813963394701064047e+01
5.346294266536560258e+00
2.376478145583793278e-01
5.544009216128008788e+00
5.776069134037425279e+00
5.597420907734993456e+00
1.956395204687457479e-01
1.181435771689830494e+00
6.394903490150980474e+00
1.108122968353480869e-01
1.044628289554711653e+00
6.657989717157480669e+00
6.293832608201581635e+00
6.299323916687118441e+00
3.468894431238687570e+00
1.428976799290878397e+01
6.021214460701508564e+00
8.059523368277289990e+00
1.352931096051923454e+01
1.042009887238982913e+01
6.253548272463905100e+00
3.120200064224816217e-01
5.790768409745355783e+00
5.595771702138692127e+00
4.483761050096696232e-01
1.097600778157245216e+01
6.206227885669453492e+00
5.993009549539857872e+00
5.937470716013832472e+00
8.779893465901190908e+00
5.841065762095350777e+00
6.663161405098646739e+00
1.125658298832759918e+01
5.092420635086187808e+00
7.663044662697450882e+00
5.536626853202652576e+00
3.562367805865812809e+00
6.518506783053871878e+00
7.189901991460811992e+00
9.981783553184152780e+00
1.626849206097285716e+01
6.792126858160874470e+00
6.098121551165029963e+00
7.443209944323300853e+00
1.621061948199380875e+00
5.014316267759630463e+00
1.131719760470569214e-01
6.020486420267338268e+00
1.966844131925730110e+01
2.732780997787013000e+00
5.760216642071211979e+00
7.741562470231637683e-01
1.856971766553531111e+01
1.722636986187586317e+01
5.298716425176215772e+00
8.674591752639638997e+00
6.083310151590533010e+00
2.080707443580290528e-01
3.671343329655269550e+00
6.028325018734296492e+00
1.129885406269145243e+01
6.126464759433745577e+00
1.720395042832003085e+01
1.817663010711721983e+00
9.690894688961170900e+00
8.210349122169290581e+00
2.849690353928129860e-01
7.794258477723602141e+00
2.728569749346648976e+00
5.462346566147703086e+00
1.094819767193385474e+01
1.850261912283016130e+01
7.903989377088739943e+00
2.317547114322711932e-01
8.064647669584548595e+00
5.725911538834292713e+00
6.758946597665254963e+00
1.168402056521471166e-01
8.742765376457921178e+00
5.425387639462848632e+00
5.809448033942739009e+00
1.106677376980798322e-01
2.358435294805124594e-01
1.746028485527773100e+01
2.427612861752934947e-01
6.767889248170590122e+00
1.020035452022735178e+01
5.807245276804668954e-01
8.388778312281614191e+00
2.960220455896076519e+00
5.727411957737730042e+00
5.942483862530930416e+00
5.523820121178673048e+00
1.337790809266770964e+01
2.319960434918566961e+00
1.507872138960179598e+01
1.698500731141917297e-01
6.385452375873192032e+00
6.377518905200118660e+00
1.564633290219082262e+01
7.466969688773475333e+00
9.449542162676330292e+00
6.321596863596929516e+00
1.215616709139055374e+01
5.434013411491375178e-01
4.169078730215982631e+00
5.517246411520948079e+00
1.676306427654929720e+01
1.448352596150342286e+01
1.468019972215298097e+01
1.349688713999123024e+01
1.735086171778027042e+00
1.089005599319951223e+01
6.124926283752372136e+00
6.231688780318294540e+00
7.873132107802582880e+00
1.814215346299395293e+01
6.446809577836767780e+00
1.773416476215492210e+01
1.190964247339833804e-01
4.361208510159561236e+00
2.161175513431158879e-01
2.643242186397647964e-01
1.284378697375432588e-01
1.465606676091656446e+01
1.343920015116247413e+01
1.553051960050103197e+01
7.197221379959549026e+00
6.015400223446275341e+00
1.625321788479653051e+01
5.676843019284798508e+00
2.395114913238536036e-01
2.862160599993888166e-01
1.698312600400123173e+01
1.253508369024662805e+01
1.132261039328727215e+01
1.118417809275296659e-01
6.774012064503927455e+00
1.674074259389526986e+01
1.017794243670037402e-01
6.361339526204701222e+00
5.630206521808756470e+00
8.076787453937892991e+00
5.672176541508703984e+00
1.835391815579756170e+01
1.684069739754456307e+01
1.003289771620027260e+01
3.981155976410636566e+00
1.083066039147681930e-01
5.990549465746382474e+00
6.406201237994009201e-01
9.800738751372929158e+00
5.669465847314556939e+00
1.594187975184209183e-01
1.389585253460577263e+01
1.632316990674722490e+01
7.442318822212516949e+00
8.808499212460286998e+00
1.044800590904338272e-01
1.692382287536845098e+01
2.116117308927869534e+00
2.255489496063129540e+00
6.008865047185142139e+00
5.442230819143427212e+00
1.979386162540535565e+00
6.465076069938921144e+00
7.109387857896679819e+00
1.414793233656853166e+00
1.046447815495945288e-01
5.804898923873184735e+00
5.443496917802076673e+00
6.666394559598711744e+00
5.584775303776981836e+00
1.095228823630244719e+01
3.325035329900140613e-01
7.235059640964242256e+00
1.693752561806370072e-01
2.315890079703298188e+00
5.403443372730420080e+00
5.794868699848708005e+00
1.118869010093891170e+01
1.227496051113903874e+01
5.707231081568896691e+00
3.238217010502942195e+00
1.882333253210226331e+01
5.812538504730447642e+00
1.676643513471604052e+01
1.867213499674711841e+01
6.289259496653212267e+00
1.925232310976993932e-01
6.321496275435884549e+00
1.780567089661107616e+01
6.083417669741419509e+00
6.204201681212473396e+00
5.765645435507624761e+00
2.722385117733020499e-01
6.016787260893470268e+00
5.579227107098203575e+00
1.234113851450546889e-01
6.518184188279866120e+00
1.997406779808171251e+01
5.441297847428394618e+00
2.654054437736705463e+00
6.285398674571609057e+00
5.213968484215773636e+00
1.898662298523186820e+01
1.688617969162237031e+01
5.360281762378880543e+00
6.036478302788691686e+00
1.181486220658005415e+01
5.112273573564704243e+00
5.308684638270155354e+00
2.409988776394939025e-01
5.194565332381928080e+00
5.914571345598830021e+00
1.995329249765466528e+01
1.847474952075419952e-01
6.505082277272246749e+00
2.400654104742593109e+00
6.710999226140594409e+00
5.989265518822425527e+00
8.388832016621323717e+00
1.306844479669481807e+01
2.105938108623293115e-01
1.397076450533267433e+01
5.346073524061897508e+00
5.635565087761603920e+00
4.382133509211392663e+00
1.536778548147975876e+01
7.436753012567808518e+00
6.366762556330699319e+00
7.145084043836074095e+00
1.149194389537520955e+01
6.232025058938835294e+00
1.863699014611597349e+01
5.396191016743652646e+00
1.658810091590573466e+00
9.795776496464336347e+00
1.627599948727783641e+01
9.806306132618637150e+00
4.528177580953499870e+00
1.251520947565312269e+01
1.359394303334026866e+01
1.847926159726064332e+00
6.313160689903442702e+00
6.820127095335763556e+00
6.229194117357713445e+00
1.694619371619556603e+01
1.031704690945368236e-01
8.954387268264413891e+00
5.308587258078905968e+00
1.226879111743462009e-01
6.639630697455305430e+00
1.264784518680031233e+01
2.746037342518525826e+00
9.362892848747447871e+00
6.602216178203082819e+00
5.105016611023258655e+00
4.547549575843634173e+00
9.745772068249307196e+00
3.950402730567801335e+00
8.046635628009976671e+00
5.104536611855417405e+00
6.515966847444867760e+00
7.647139638658192462e-01
1.729349682476696870e+01
1.046912690922175565e-01
1.139998632037698201e+01
6.539402455701614159e+00
6.487347519259342832e+00
4.788425213379271739e+00
6.082898484517858861e+00
6.081855663523784372e+00
6.174788948469534411e+00
1.473107800300569892e+01
9.739761283317712071e+00
5.818581968487447575e+00
6.255393432606806137e+00
1.688599618157430038e-01
2.552556194147592161e-01
