7.966952814130719318e+00
5.943430176536089071e+00
1.785007490486475135e+01
7.040338626183663129e-01
1.415871412509311256e+01
1.418841435799018136e+01
1.959401946138310890e+01
6.227235754770931386e+00
5.904856886586899556e+00
6.473196163086236687e+00
4.601870347721614962e-01
3.239554681763379573e+00
1.665608410415895524e-01
5.331333016514263612e+00
5.740622979277793192e+00
1.462937288213586873e-01
3.009335090220751407e+00
1.014123493744685522e-01
5.785386477487716839e+00
1.568741917620640614e+01
5.904692502712143742e+00
5.911820924747461348e+00
8.544255415892502370e+00
2.073470920135484508e-01
5.567809867852662187e+00
5.304116963090512726e+00
5.173429222683971318e+00
1.745655530732053862e+01
5.604097519266197480e+00
5.353611093307427460e+00
5.833801082338450961e+00
5.289260229079244091e+00
1.908285215511731892e+01
1.156293212784213331e+01
6.416382387528181575e+00
1.503836158373745846e+00
1.584828574106485632e+01
1.811095855415668154e+01
5.975513919041441468e+00
2.106927907630232744e-01
5.349819959395448521e+00
5.803063387767047665e+00
5.281337924161910280e+00
1.856851343285024925e+01
1.702117520557860431e+01
6.266136948808571638e+00
5.702157316360064954e+00
1.683054361670324539e+01
1.942262732980846707e+01
1.301919668162303090e+01
5.887564151286218461e+00
5.749737942369990584e+00
2.400560064688252115e+00
5.308436147581456765e+00
4.281260288197970887e+00
1.498197492873373804e+01
1.156767947905484206e+01
1.978295742623914677e+01
1.893990061406982950e-01
1.198150571043448487e+01
1.687550923179182050e+01
1.549654845278407933e+01
5.541814020033897670e+00
4.547952459508843859e-01
5.831069896820829435e+00
1.958522654755329739e+01
6.172647086528878724e+00
1.485837752191876970e-01
1.588340483749721521e+01
1.249816103737393114e+01
1.432700119111128600e+01
3.791042271905039840e+00
3.626287505792049615e-01
5.854231946507159279e+00
5.870725894364288600e+00
1.840013107044313756e+01
1.939970686576734105e-01
3.143306746419187725e+00
5.947462855171452567e+00
6.639050733447490416e+00
1.258629436080526576e+00
2.882613756834895735e+00
6.097357171603998260e+00
6.710332722849311260e+00
1.567689374472423236e-01
1.728368146118171111e+01
5.434127311830228457e+00
6.942962403364968615e+00
1.003468026972995863e+00
1.391968662691206760e+01
7.451904811683890628e+00
6.055334556232484289e+00
5.525085115057645879e+00
6.195716256953955892e+00
1.555840225222647089e+00
5.150420656621833793e+00
1.754114347346765967e+01
1.923604108895868592e+01
1.203755588682320088e+01
1.653432175913179947e+01
1.446630619520414562e+01
5.553875040082330017e+00
3.605037230716994223e-01
1.179708208555974025e+00
7.499599820118763915e+00
1.988685644695311794e+01
4.134569227518817280e-01
1.329490478232435358e+01
5.601898505894663316e+00
5.794773464803135710e+00
6.296916630130588111e+00
1.892824690647207575e+01
1.853960174442126885e+01
1.080435928579854021e+01
1.940630194299121314e+01
1.162594126388752791e+01
1.200346086296467085e+01
1.718441151349119622e-01
1.824071909585553186e+01
5.887956089501281021e+00
1.685381028191399011e+01
4.711666348879013810e+00
6.464891393855516810e+00
1.114200835168283454e+01
4.590125658312161683e+00
5.100281619283670409e+00
5.603957639566895743e+00
7.814773620115249564e-01
1.344731227818673780e+01
1.164555435492554913e+01
6.072906147420769507e+00
3.213198771912376461e+00
2.165674124829135017e-01
7.118756958531748502e+00
5.051095092838123968e+00
1.040345062513742214e+01
5.916142962871415278e+00
1.622334849217511632e+01
1.163646802528880642e+01
5.600222783308364427e+00
6.537649816266434932e+00
4.575654284845628084e+00
1.854405420208705735e+01
5.683004913137589043e+00
1.764770923964381666e+01
7.133353460125539058e+00
5.740392961681361150e+00
5.301016251535703994e+00
4.499874797803631865e-01
5.237689401282638713e+00
3.579204769880214965e+00
1.884949563589067290e-01
1.437994854590653482e+01
1.012615023134788927e+01
5.730841285211104363e+00
8.164808563688810139e+00
6.040358211421972712e+00
1.058583888536940343e+01
6.943237719862668023e+00
1.510965431048041197e+01
1.611698846635008231e-01
1.076002911273575080e+01
1.256008156618900351e+01
5.049293788837310171e-01
1.081616607376247430e+01
6.397580563324070546e+00
1.879059979866841346e+01
6.459748195897189404e+00
5.391506092239509940e+00
1.156768678754304069e+01
1.017915626794805206e+01
5.949006761858132819e+00
4.637820147498069367e+00
5.144649947539257084e+00
1.182728013947775558e+01
6.406618542930089255e+00
5.164886855780651764e+00
6.129491017268600572e+00
1.693171703043189780e+01
5.987471997693298853e+00
1.784546651512423310e+01
1.783792718429383228e+01
1.510353305405063651e+01
2.053202126083898682e-01
2.217328979263395894e+00
9.266239693152396484e+00
6.132955809830717975e+00
3.596352851174828835e+00
1.133853874352049040e-01
5.327296604450968864e+00
5.635382164113848624e+00
6.990257030930006721e+00
6.290402017636695042e+00
1.213702881042713777e+01
1.526548341577514678e-01
5.431365046539085029e+00
8.244156504239363858e-01
5.261348242863359559e+00
1.091432175887113026e-01
5.720754077427600670e+00
6.200232872362362535e+00
1.177420691893057286e-01
1.845344766715794194e+01
1.430832872636610409e+00
6.497006327089185795e+00
1.694618964604913458e+01
1.798372838682889352e+01
1.051487652223555891e+01
1.217992641423464723e-01
6.179656650262439044e+00
1.461392517611901809e+01
5.274896809563015765e+00
7.014610275109477655e+00
4.869700146452164091e+00
4.668074455100993170e+00
1.406368774109761510e+01
6.591747930951284751e+00
5.964440575546722911e+00
5.622972556021792023e+00
6.488495417828506362e+00
1.338064315185998154e+01
1.974958639857711162e+01
1.956412518025964076e+01
5.800979452375651491e+00
5.344067766989470947e+00
5.483933086191379758e+00
1.486290636256021591e-01
1.587449468621763948e+01
9.487325380011983000e+00
4.298471374466839912e+00
6.798023467288287769e+00
3.616313164984446549e-01
5.731797691661542515e+00
4.759507059083268210e+00
1.526933674240699146e-01
8.929971352123006412e+00
6.800018473511196149e+00
6.431300026191061114e+00
2.431674189111114881e-01
7.943284190657439403e+00
1.865905492966626511e+01
5.773177958457120340e+00
1.270072837713762937e+01
5.989132417396899832e+00
1.100606609345418718e+01
4.998726943098714237e+00
4.700326255379953189e+00
1.443933290461210106e+01
5.975662991050680439e+00
1.871926447930042769e+01
5.568390494783212574e+00
6.525215352337929708e+00
6.871084494944704524e+00
1.984458101131171825e-01
6.508704456720239229e+00
1.078380235078869021e+01
1.617044377327104598e+01
1.207372090100260564e+01
6.012201653710524951e+00
1.463463224756623715e+00
1.249299466784564672e+01
1.229575386567790529e-01
1.122970677515898608e+01
5.295921554707356371e+00
6.722413607629480481e+00
1.219491211656418095e+01
7.360432358908710171e+00
6.399167642277718393e+00
7.790195811236821477e+00
6.622965552705128545e+00
7.848424510991950598e+00
5.410492427366208723e+00
1.803949887059179136e-01
3.377092383593416347e-01
1.090020343023204141e+01
6.512082343441147003e+00
5.770962817727212979e+00
5.969227778265074669e+00
3.469952409001139326e+00
6.246860242044867562e+00
5.559003289056402508e+00
7.213098803544646387e+00
6.612123474413212243e+00
1.229238060229531726e+01
6.834611240855459791e+00
2.380759172107114630e+00
5.931980824741653002e+00
1.113094210465865075e+01
2.871568044877307990e+00
6.202223214855592026e+00
9.506266125676624767e+00
6.298731168242360567e+00
1.188356116488551439e-01
1.764864672645248267e-01
4.575785047553963203e+00
4.560758446434574509e+00
5.802879884405814259e+00
6.586478831095655018e+00
1.055023651129005646e-01
5.953957061027774778e+00
1.701957288284111058e+01
1.710027569530090474e+01
5.065672573677618473e+00
6.758502231099349444e+00
1.681837469987849687e+01
9.875191073837861211e+00
6.059984750176910850e+00
1.081910866409313970e-01
6.726312663802562319e+00
1.001142563681005349e-01
6.155047950116091293e+00
4.707864221404330252e+00
1.434636689175082758e+01
6.154129777676126345e+00
1.385832420387358965e+01
8.588070385226796333e+00
1.807089136601234003e+01
7.035256823783642588e+00
1.559480800852027116e+01
5.344283630924299366e+00
6.195250062983934214e+00
1.107929860365203467e+01
3.866267613596770847e+00
1.786340654174661535e-01
1.646644908725285461e-01
5.488333810568591709e+00
4.660577814783946948e+00
7.016239309133332824e+00
4.502063788588814397e+00
6.894059324487170848e+00
6.019030424740491547e+00
1.802221810486886611e+01
6.184009975814095839e+00
6.208875000824651380e+00
1.096857790952688738e+01
7.749013330654540788e+00
5.377968458615139724e+00
1.584066979984081769e+01
6.374973812028095210e+00
1.051553078483610904e+01
5.510918051236271431e+00
1.195959173962238387e+00
5.619751989870155562e+00
4.052394012578285576e+00
3.418452801294695753e-01
8.479974787959569937e+00
5.096565259546510518e+00
1.081452841535517173e+01
6.914802218478106610e+00
3.256487658178566780e-01
6.148749746007155181e+00
6.008682733468622139e+00
7.778331913861551428e-01
1.995412273082550314e+01
1.630485897650226335e+01
6.697142673017452141e-01
5.570953015402178465e+00
1.531424986841139479e-01
1.000742725711065484e+00
1.294428783827674145e+01
1.866715938063224334e+00
6.311693990685277811e+00
5.639130191042474927e+00
6.772046079152281628e+00
6.731859918604198079e+00
1.887825472190074461e-01
1.205179741519827807e+01
3.448893009370274321e+00
5.631574651855348002e+00
2.420289441435348743e-01
3.269965833382237008e+00
1.469291790222677108e+01
5.732061185653126500e+00
6.322548750561869824e+00
2.088645942027069768e+00
5.741240070872843049e+00
1.167044195125246020e+01
5.691373188139567496e+00
6.518439346901129028e+00
9.274324809545399617e+00
9.165423074618406218e+00
1.188504181035762031e+01
1.100073402208722229e+01
4.967834577830307019e+00
5.828814786907249079e+00
5.192419941661364113e+00
2.685977902293263386e-01
1.184652253562759938e+01
2.253853299939950539e+00
5.796445662492707207e+00
1.612327487086300803e-01
5.533526084597208516e+00
8.712863951345742208e+00
5.581405960349271389e+00
8.707445129222369573e+00
9.350285755238621377e+00
1.882332039456835560e+01
1.095053214926615809e-01
6.098013720279853445e+00
6.525831891553717234e+00
2.520066923887037902e+00
5.899621311242791322e+00
2.740948431753611025e+00
1.496315298751967049e+01
1.857412333932492032e+01
6.225463230371889090e+00
1.643556017681196835e+01
5.116641522554719046e+00
1.368811684741999546e-01
9.923264497600433387e+00
1.874607123250726559e+01
1.821736406892599192e+01
1.224138049933019268e+01
6.260340818560169218e+00
1.279513399786694094e+01
6.395689432988002743e+00
1.449208259440224644e+01
5.924007272301945015e+00
6.292741377236841238e+00
3.443245293047535682e+00
6.372422039535754479e+00
2.148574169543661760e+00
3.588786190816484201e-01
2.859575244451065590e+00
8.370357914726586301e+00
9.322620680829381001e+00
1.126146817522193366e+01
4.157978280689783368e+00
5.652770705651705363e+00
6.218605187793611933e+00
1.168605446173669193e+01
5.684912602324579289e+00
1.593791550556316050e+00
1.145174020843760943e+01
7.262745914911189260e+00
2.925876610091301178e+00
4.198023882404173790e+00
1.856509954391715667e+01
5.926158619717893039e+00
5.625652923819505880e+00
1.660828009787495319e+01
5.926694551412022172e+00
6.627811111174235492e+00
6.569173181257539795e+00
1.936543154759924334e+01
7.630439765205999869e+00
6.417378711288972859e+00
6.087722824128981358e+00
1.127216519251877891e+01
1.650847203615102998e+01
1.114396636000311858e-01
2.239925691599093660e-01
6.475909616088519449e+00
6.386712321508967172e+00
6.291913221391661537e+00
6.377817209866686099e+00
5.508081452431860647e+00
5.369010033026007989e+00
7.980559960687105381e+00
8.471714436861745412e+00
6.031253388262184600e+00
6.651866129365357594e+00
1.974747124871752035e+01
6.115088269230446016e+00
1.298576166763790241e+01
6.229658894746925135e+00
1.298414095837558513e+01
6.594911672349833331e+00
1.751716694116403961e+00
6.227358940063230541e+00
6.092175015556515305e+00
1.340324987361792175e+01
6.227635438545649826e+00
6.236165735714878089e+00
1.558595681206193717e+01
6.271869946763871440e+00
5.906936168567007428e+00
4.907236669737470081e+00
4.960982746372495811e+00
1.125414431368477786e+01
6.568182197606029504e+00
1.691810713628707319e+01
4.496213045194538793e+00
5.871017529830542259e+00
1.569716824799168187e+01
1.030681428927517018e+01
6.159721350689318697e+00
6.299059895307378198e+00
5.357621488586259417e+00
4.033075026707725996e+00
1.878020227530053532e+01
1.656225738099832512e+01
4.157602211358638056e-01
1.891485519355818212e+00
1.983764132919496048e-01
5.795191741538872954e+00
1.920176493191124933e+01
6.083671629319908014e+00
5.765761716364330880e+00
1.718438359085745759e+01
1.861190169981097142e+01
1.136666679015553250e+01
1.544856856624925712e+01
5.861901971442583736e+00
1.300312743189429021e-01
6.487934421412949071e+00
6.858921460577949603e+00
6.301903643783704823e+00
2.178837291865593218e-01
1.832906528856721451e-01
1.896059128640039049e+01
7.350991114588511621e+00
6.266286320993122771e+00
1.604693340581206584e+01
8.290511496439350481e+00
1.810996151269751664e+01
5.891373098948555764e+00
1.283350608574693463e-01
5.692404064138415265e+00
5.844550090679065946e+00
7.146083506201186708e+00
1.006985464879286596e+01
1.571189155262831605e+01
5.717951073664211847e+00
6.185617383453108964e+00
7.176017787347586108e+00
2.802918670123748512e-01
1.429364955636979184e-01
4.366744250206744837e+00
1.294116853095056818e+01
5.663134484538336899e+00
6.091155557418642452e+00
5.492516520653558665e+00
2.710222995670496626e+00
5.927791769959312340e+00
5.917742625087485386e+00
6.188007931460269617e+00
6.686692238639074581e+00
5.958993935625636063e+00
6.700844697097845248e+00
1.091150629503635905e+01
6.092736609859006336e+00
7.811349199282684452e+00
1.906382673006025641e+01
5.970906914467779103e+00
8.624953800179968155e+00
1.015131165940605484e+01
6.362771372758888155e+00
1.885115770620259923e+01
7.058425987405008151e+00
6.181029192901823954e+00
2.559428419309585090e-01
6.041793793782228583e+00
9.809575598488388337e+00
5.861894233016827549e+00
1.014863323545476881e+01
1.721834840112454046e+01
5.691001926059047200e+00
8.151544207959876331e+00
1.409488155461261805e+01
1.853729379204739303e+01
1.896083622707566363e+01
6.201333864518796535e-01
6.040598319019773399e+00
1.953866993447910538e-01
1.228281617832858996e-01
6.556051037188939112e+00
8.266754054376759697e+00
1.186223583016669281e+01
2.759549727715815970e-01
1.331490313832645711e+01
4.762053928443579665e+00
2.935412482603113049e-01
1.679828533978868499e-01
1.125036239637017843e+01
1.654481495717956818e+01
2.749321866127117375e-01
3.188454514728928380e-01
5.381364058923167271e+00
1.398501952991087371e+01
1.162073471452251461e+01
3.446662924366139524e+00
5.487045538124755595e+00
3.633755990406529968e+00
5.919019430319194086e+00
1.017406661783467747e+01
1.582601766544462052e+01
1.322842728339113805e+01
5.382291275188300084e+00
2.192364696408559688e+00
6.924816663071603706e+00
5.841094123735161681e+00
1.198769707573029919e+01
7.607836606208194574e+00
1.613904462183555488e-01
1.093869668490178881e+01
5.672910111051175264e+00
9.890095878560822840e+00
1.184185496268503612e-01
1.729748915613142657e+01
9.729195504535507411e+00
1.513540077519786919e+01
1.708089358186965223e-01
1.901669139975508349e+00
2.285681620267056569e-01
6.114752089936980717e+00
1.649001592302342800e+01
6.291061784985592098e+00
6.017471141415068558e+00
1.881133808696937848e+01
5.448600392731611564e+00
1.879137804085366792e+00
5.777291594919998552e+00
1.730667958012164775e-01
2.088809408981440185e-01
3.422471915862106973e-01
1.646324573763700005e+00
6.635316515487350131e+00
5.497465519781759014e+00
1.383053089109139400e+01
1.028470225510986547e+00
1.830588673722477822e+01
4.932831231133686600e+00
3.220531410240501824e+00
5.098701561985648389e+00
1.291905852344527972e+01
5.724259089073658657e+00
4.508970347805570378e-01
1.090368446608252495e-01
9.371990433354545402e+00
5.668513541127834898e+00
3.293421273249971915e+00
5.732230128321823770e+00
6.649523706672722412e+00
4.545068472537410642e+00
1.029394038159077951e+01
1.151802227280102758e-01
1.138771959852313032e+01
1.988148220460162463e+01
5.849096825063457850e+00
5.787055919667697168e+00
6.478493706916258255e+00
9.141153411950019958e+00
5.165877525878292964e+00
1.228710314045468444e+01
3.474941077399859690e+00
1.622547666346844153e+01
1.910812836741128951e-01
6.660745041416481271e+00
5.618530238741985983e+00
5.877711986563820545e+00
6.250239030949527042e+00
6.698533777031631331e+00
1.316745812116371317e+00
1.966616281328431137e+00
5.981696167785099050e+00
1.202760385038023905e-01
1.709701804516459978e-01
1.356533651613593072e+01
1.059468283749716377e+01
1.352964570969466251e+01
5.768524471957173994e+00
6.050305698551079026e+00
1.226127903433061883e-01
1.691108690591561725e+01
7.596981678159212770e+00
7.432646715406873383e+00
1.236273609160062570e+01
6.673797907577868394e+00
1.853348519716930198e+01
5.748311239915051551e+00
1.415262645573233868e+01
6.919360334737607587e+00
6.118937391972436579e+00
5.765187741068003469e+00
5.971239336188508773e+00
1.492813897422912983e-01
5.234808999006795638e+00
1.647788753422645058e+01
1.452481530888494810e+01
6.250325749784285456e+00
6.686765992621888977e+00
6.118341808713499974e-01
5.085036988577792627e+00
1.593776833413880745e+01
1.098562928306235781e-01
1.770692837139389653e+01
1.732473525652870094e+01
7.293086843556966237e+00
4.580133279619488240e-01
1.849317051161023073e+01
3.654223502940942669e+00
1.657523256768837072e+01
2.096511268586707111e-01
7.415999861973770813e+00
1.857392612107123497e+01
5.944943075089061502e+00
1.205636960916899314e-01
1.061108631989398227e-01
1.040060946306841494e+01
1.695238306287362207e+01
2.544350612307301862e+00
3.497345360099214595e+00
6.958680695439732666e+00
1.813659640972671028e+01
1.499241772211280799e-01
1.554116561498087856e+00
6.043499810964206631e+00
6.025793833449214709e+00
1.635972228761581704e+01
2.580834412523763666e-01
6.163419744634365927e+00
1.242560739613263326e-01
1.173808703116730712e+01
1.948341767920686607e+01
5.155663771609305890e+00
5.857505625719355180e+00
1.945276671212630371e+00
6.655191904626836852e+00
1.064430867203078473e-01
7.909636079116487473e+00
6.381213334685262417e+00
5.471712886851026525e+00
8.724614692244903935e+00
5.833703516775339715e+00
6.025912588481838306e+00
4.651597456009318066e+00
1.736390065870676835e+01
2.344052014250849858e+00
5.921683449237244545e+00
6.178534964158125753e+00
6.158253306746121147e+00
2.496945566923769899e+00
4.755921014532495938e+00
8.402803250736031515e+00
6.331147192299032334e+00
9.777741325513238380e+00
5.513348938570425517e+00
5.778145595152587966e+00
6.052025509386358415e+00
1.996773776512542042e+01
1.776494472053850859e-01
1.872406183041777794e+01
1.326732323063493624e+01
5.866345910594866986e+00
5.942437406357146124e+00
6.045192525023818320e+00
4.000069918172604488e+00
6.391876154920631770e+00
1.660788834273022374e+00
6.038069447209336360e+00
1.768455146349548757e-01
1.697418339607087745e+01
5.376956471253372172e+00
9.585525761732197836e+00
1.638398804452783963e+01
6.269942013489951727e+00
6.030504975125865919e+00
5.616248375440822116e+00
5.890627406382387576e+00
6.549530881378594849e+00
5.913975952461457908e+00
1.761926891665202177e+01
1.361871754247703237e+01
1.171142267177224028e+01
1.803133482264033915e+01
5.870214625580241652e+00
4.938545689574230235e-01
1.188224698178352767e+01
1.221823940304529366e+01
1.603213118151602146e+01
6.272128076163692612e+00
1.142429120611743731e-01
1.605988371096286471e+01
1.371261152607230749e-01
6.221828506851368346e+00
1.413002083783283513e-01
4.723923996218472254e+00
1.251922807053774400e-01
2.331724164352970141e-01
1.946107373081584768e-01
1.348184144317132649e+01
4.611272603828783900e+00
5.291930527291762942e+00
4.981846478120554700e+00
1.035184254413442595e+01
1.708934378761701467e+01
5.628152513617518338e+00
3.061575716316792817e-01
6.901420008824199925e+00
5.313979876428128080e+00
6.073544220613399602e+00
5.804531268952045409e+00
1.557640294647222312e-01
1.318110775034118776e+00
7.487716809247649152e+00
1.664747692653746614e-01
1.708801229489817786e+01
1.143286193872988937e-01
5.082395638639392033e+00
1.114681280955314713e-01
6.374335780494314818e+00
1.292698175952199602e+00
5.717612283209643209e+00
1.698084010018589041e+01
1.556389476149682705e-01
1.211253378660789082e+01
1.439149225106133301e-01
1.985631375609241134e-01
6.641847299427546147e+00
6.932827933761264383e+00
5.916115745133238235e+00
1.878469314485764130e+01
7.919005862369544957e+00
6.119737274427759388e+00
4.769535735175272073e+00
1.547241502243745259e+01
5.317930013270768086e+00
3.885445511120220630e+00
2.339683854763722426e+00
6.094309563298091703e+00
5.427288514372506256e+00
1.694472653007098317e-01
5.404948008424298678e+00
5.165486989723659939e+00
8.272979412361531004e+00
5.983188976551010896e+00
2.099546570248076172e-01
2.317140001175644337e-01
3.416901281786060895e+00
5.932787980211187140e+00
1.351035763975406978e-01
6.951535950558906052e+00
5.981337930928206426e+00
1.029252623909553677e+01
1.289386875380882103e+01
1.797200624600494478e+01
5.744430665903649036e+00
1.418845822786231103e+01
1.143405548315622156e+01
3.020086606568565646e+00
1.452805727801454516e+01
5.430707020171936072e+00
2.554771681822088913e-01
5.380649385937306128e+00
5.839801863259976855e+00
5.587875073180367913e+00
6.909755586917468051e+00
1.979416507071359632e+01
6.294068976495683643e+00
1.538088690593735741e+01
1.607299085734937449e+01
6.520258964339054941e+00
1.208891357704553471e-01
1.448265240500825080e+01
2.716128370281034043e-01
4.893571081947510670e+00
3.024330179111741068e-01
1.570687371956695699e+01
1.937007424511055831e+01
1.643323624051412679e+01
5.939625252909822350e+00
4.929878353434860472e+00
6.890772377117309055e-01
5.320950791131264346e+00
3.647593073118523765e+00
1.001647677865775954e+01
1.063283089144719362e+01
5.721377300599844951e+00
5.061257210314469290e-01
1.554501994592839154e+01
1.470035667684681246e-01
6.539060529781937525e+00
5.604477151111457722e+00
1.968264413577622562e+01
1.202575328635227336e+01
1.015539730794850215e-01
5.929727031410049420e+00
1.495793316932785721e+01
1.533591103955322588e+01
5.978523002809796871e+00
4.542951494768988852e+00
7.431546225388102833e+00
1.867151334837488719e+01
1.942143836492660114e+01
5.314729983365505284e+00
6.580011153180106653e+00
5.732191205947396284e+00
6.392495617084489545e+00
6.271328432639628581e+00
3.760775281458668129e+00
5.380428282862128597e+00
5.495614586963511350e+00
2.605981295679725029e+00
1.555076410750560179e+01
5.923678100442083760e+00
1.305791055983533688e+01
5.944818669452757831e+00
4.111451277764922585e-01
5.972025638661841995e+00
6.458582161130914656e+00
1.188831489341167363e-01
8.287927594320374070e+00
7.979987415001093431e+00
1.492096295946646611e-01
6.180716310490336873e+00
1.646034500505248488e+01
5.424939352987987462e+00
1.155145106414317419e-01
6.516151009404136829e+00
1.242964552313069326e+01
2.733766871193575643e+00
1.429683118953434529e-01
6.064735963329144219e+00
7.582017844206151436e-01
2.557776010248823173e+00
4.498581098897028174e-01
1.788528557204613278e+01
5.791532875457333418e+00
7.454840753684731425e+00
1.296269760378472857e-01
1.680426317076022258e+01
5.735542269643484126e+00
1.528160264719211270e+01
1.444256513601189162e+01
5.565226668515867559e+00
6.465241860998440337e+00
5.479788656928358037e+00
7.824456156409162588e+00
5.019156209262123802e+00
5.406646706503867250e+00
1.533816900706784381e+01
3.183502101683606256e-01
5.221483564332820571e+00
5.955239876636730045e+00
5.527613026309679434e+00
1.969783010458746730e+01
6.320121206699745642e+00
1.841041868420942151e+01
5.058336240669119910e+00
5.859377507013323161e+00
1.590316766224786349e-01
2.627206199464205971e-01
6.740655075325522105e+00
6.677779042905485518e+00
1.179713702858050794e+01
8.372233524179256037e+00
1.085054554585698772e-01
1.383096556196784199e+01
6.602906718409166764e+00
1.204707967827169846e+01
5.664628536864439567e+00
5.488429248714175479e+00
1.692508499381204246e+01
8.631675280735292333e+00
4.191100066314660921e+00
1.298283877342121606e+01
6.045353423863875975e+00
2.587403352447511518e-01
1.997136104749403174e+01
6.499283184454471396e+00
1.147417912417079272e-01
2.607089537657667488e+00
6.683732672388384977e+00
5.550499460751845859e+00
1.815009444310580378e+01
2.083228156609612247e-01
2.402423159209116754e+00
1.386662020451772115e+00
4.438623496357816833e+00
1.669975989071905698e-01
5.644194334780528344e+00
1.339022306922593764e+01
5.705516152626120885e+00
9.092908127735878310e+00
5.892435931939222549e+00
5.895684413440950955e+00
1.780511386723267009e+01
4.861177428456186611e+00
1.639744211892795456e-01
6.481679742022859791e+00
8.221934520761061904e+00
6.354885961470883693e+00
1.576800952745472451e+01
5.026495339530451467e+00
6.119013959862589225e+00
5.493133458677471381e+00
1.094647250967735275e+01
1.432648166162461545e-01
2.263613386007773398e-01
6.628657673541025197e+00
6.015233147304924088e+00
5.821267825097409698e+00
5.559775188694876746e+00
5.455394951872997389e+00
6.403610085747339475e+00
6.055092622168044336e+00
6.419116752604118403e+00
1.089281315040356302e-01
7.157433783747826794e+00
6.349183311109225514e+00
6.940452915115626453e+00
5.728095025836306142e+00
8.613486604826361415e+00
5.683008113671135675e+00
1.902920038394128599e-01
6.498882033537385361e+00
5.394324817194843469e+00
1.568813805693428520e+01
1.247887087677639073e+01
1.694605757599048701e+01
5.607283994305329422e+00
6.149242827657171340e+00
5.366959413979479621e+00
5.668309618146092355e+00
1.102267800757065624e-01
5.632432494944777268e+00
5.840964440760560095e+00
3.439641682566406677e-01
7.817466196862058680e+00
7.522032725569072653e+00
6.632028861395076191e+00
8.561997259073887534e+00
6.054533747261435117e+00
6.929178269123252853e+00
1.919156714149913512e+01
6.886791799813700266e+00
1.620990967898479340e+01
3.511977466740263676e+00
2.129331768826329685e-01
3.354411276648684659e+00
1.721292067721965324e+01
2.695725390272362687e-01
6.277816022904628035e+00
1.816747916665499218e+01
6.604585643783822846e+00
1.825601454282994585e-01
1.805936656065516033e+01
4.876759148367343144e+00
6.588794541225064805e+00
1.844457706487386828e-01
1.334674834413424049e+00
6.209042708328190052e+00
1.439686555864276296e-01
1.971099681941539572e+01
5.054845058663665291e+00
7.079653809290354260e+00
5.583921226290732065e+00
5.148336521231953178e+00
5.732077197909831945e+00
6.883418640854871207e+00
7.367898882546947803e+00
3.872992753322918258e+00
6.062536153984197540e+00
1.968807144365560546e+01
6.536831310232730452e+00
1.908333098591408472e+01
1.251271362306887625e+01
2.172158970189065563e+00
6.769129725245556450e+00
6.615058562844938095e+00
5.241961243750004051e+00
1.304476660000537613e+01
5.342667007294921611e+00
5.332046013479208035e+00
6.106353575478539852e+00
6.700936507722011548e+00
9.246630856592938486e+00
6.251064511241501087e+00
2.299394737258370625e-01
1.205724598580304097e+01
2.039485501737802464e-01
5.664608787816501234e+00
1.721785498945391346e+00
5.571676098334116034e+00
1.402580744289977055e+01
5.375807211303905042e+00
6.257797699793511192e+00
8.363425451352481943e+00
6.426224746701831414e+00
1.233797262756953650e+01
1.202064803375593094e+01
6.076979962943995339e+00
1.566695944646914285e+01
1.192289499082230719e+01
1.286338142528254025e+01
6.065280423024253409e+00
8.313305230178091421e+00
5.987856668577729913e+00
2.134826915209033782e+00
5.113916415871360144e+00
5.953507646866850855e+00
5.480334617592522051e+00
3.005712431689818720e-01
1.832046105151797022e+01
1.037157780410057628e-01
6.075822959681757673e+00
5.714729488197513696e+00
1.821189363940083794e+01
3.089217558998696433e-01
6.026403190122899822e+00
2.942679140091370993e+00
1.391424889469650950e+01
9.196037824686561279e+00
6.657375233688345162e+00
7.095945771560143278e+00
1.816747411117883404e+00
6.573683287182468860e+00
6.301737429991789874e+00
3.809353220249579230e+00
5.533151727125313002e+00
5.601273361659708350e+00
5.967655771192988290e+00
7.522799580546664977e+00
6.063116174610436282e+00
1.974452902213540417e+00
6.531508043307342248e+00
5.423427864733207038e+00
6.441951193230662120e+00
6.413415055933498365e+00
1.115357526330046944e+01
1.968227909084241389e-01
6.548970266644955629e+00
5.842326494805759829e+00
6.142433574567783161e+00
1.579674301810170789e+01
6.289831257641766982e+00
4.080050729256544884e+00
6.550837420141804035e-01
6.836007032819922280e+00
5.249763228472437149e+00
5.065862739194234798e+00
8.669027119412582305e-01
5.738762141233370251e+00
9.500487611944993915e+00
9.302050214762832780e+00
1.161004234323010920e-01
9.358880823577550245e+00
6.104339032178078384e+00
2.037241913822201156e-01
5.747219633311806852e+00
6.667401895963762648e+00
5.348625372233767550e+00
1.577608225121612406e+01
2.707272876526321537e-01
1.963267380023034026e+00
5.838893625513882135e+00
1.301639816363937818e+01
1.300036567008242017e+01
5.489517642268527453e+00
7.017051077174436102e+00
1.266229482942942686e-01
7.029713341537372706e+00
1.284046210983426128e+01
1.797735927789537946e+00
1.517810752475716818e+01
5.549503463672679437e+00
1.514850920225727648e-01
5.889500012886112579e+00
1.982611189059181100e+01
8.604624057003452009e+00
7.881297536579738860e+00
8.280058224767562480e-01
6.046124573805691682e+00
1.495411343582157271e-01
1.743659722401687162e+01
1.241656362149321069e+01
1.775632230452162830e+01
5.632235296373742983e+00
1.905603652535806936e-01
1.418517489028462997e+01
2.340494193605791862e-01
1.769985642406312110e+01
8.478802368602799788e+00
6.544198614051532914e+00
6.113435987741806521e+00
5.982652177054719189e+00
5.731908557649646241e+00
6.185762859484399634e+00
6.719707303442504776e-01
5.694707559244355011e+00
5.854812699335479209e+00
8.151429787904236335e+00
1.911686089890719975e+00
1.695253848465366886e+01
6.485734152456126722e+00
6.563289328217534191e+00
4.107057766967000312e+00
6.069791051174746599e+00
1.539089059541517024e+01
2.256777148321746362e-01
1.130284715815731644e+01
1.749948629620083551e+01
1.019669028264315891e+01
3.987114627107861242e+00
8.811236429493858324e+00
5.293806783244076719e+00
1.945331270027134352e+01
1.231508495135371817e+01
6.674620486923591223e+00
5.957278142484306649e+00
1.457169250259580551e+01
5.329106065341766119e+00
1.217157561705301916e+01
7.325022678141956511e+00
1.181130112571838892e-01
6.712321194257274470e+00
9.602237920105386237e+00
6.040923127984512142e+00
5.428095365839904041e+00
6.030238467188095086e+00
1.908419751357673722e+00
2.439163742145443514e+00
1.453900986598334022e+01
2.077097082764864655e-01
5.575606498941235500e+00
6.034215003586444581e+00
7.593856573472558047e+00
4.336749371406441789e+00
5.418566086134522841e+00
1.371242830014169356e-01
1.211146577121541973e-01
5.608428385829371088e+00
9.202729053478174492e+00
3.949152451260258712e+00
9.494999932921277974e+00
6.489116593228692054e+00
5.779105427199625389e+00
7.227285206472423340e+00
1.772407469460173246e+01
6.278956061784963794e+00
7.420548311329897118e+00
6.561775514060715686e+00
6.633153011656380826e+00
3.291712723915847683e+00
3.911731925551827360e-01
1.817514036176824277e+01
5.671432990907918636e+00
6.388720527526055903e+00
1.511921195004296559e+00
5.113885383874837487e+00
5.348933442572681329e+00
1.366182631069664133e+01
1.034391171258177522e+01
5.870454068380627000e+00
5.973572307100043943e+00
6.019828450831077760e+00
1.322452398244486460e+01
1.545367845816627472e+01
9.117263421324658168e+00
6.620956199337856063e+00
4.366514197696695021e+00
1.214532989751438130e+01
1.169832018734174639e+01
6.252881622596724753e+00
9.983712182560179116e+00
9.482998342217317855e+00
1.569361926412104147e+01
1.982606449628177003e-01
5.851931104936952899e+00
9.741830655537498274e+00
1.965207569663438747e+01
2.822967513304019960e-01
1.227268568512115410e-01
1.457531188567276759e-01
1.748767178199687677e+01
6.351812269070692629e+00
8.415439122590552046e+00
1.466130445529659454e+01
5.918895075883725099e+00
6.008522046239529679e+00
1.012998387850996984e+01
5.553127030644094297e+00
6.092731067362077368e+00
2.652876243542955925e-01
1.256509523231851233e+01
2.561803214406573659e+00
1.173714950159196846e+01
6.149033678134486536e+00
5.740906288116912393e+00
5.971267971707720612e+00
1.455568542290591516e+01
1.002057270762673546e+01
3.676256246503271985e+00
1.209234530599277235e+01
1.075615384665480068e-01
5.942945492931363205e+00
1.643970019605840438e-01
1.957244633755091456e+01
1.805523061541247287e+01
1.755938659272997526e+01
1.764468506074505427e+01
1.031363898769540910e+01
4.505581314226223988e+00
2.063396179048389012e-01
7.155508477907125631e+00
1.834842213509545061e+01
1.636800614178315172e+01
1.166796389354533581e+01
1.301279266415518343e+01
1.813726907091269780e+01
1.735447851812269571e-01
1.548261896467202625e+01
2.525945211575941762e+00
1.847943618805807375e+01
1.613112666713769627e+01
1.432488709267564353e+01
9.461953870012808077e-01
1.691381031384985578e-01
1.015840552295098753e+01
7.573607894349514424e+00
6.878043185187779684e+00
6.370783432314930828e+00
9.820176675586919757e+00
7.435358855626144070e+00
1.216687753766206903e+01
5.538498171499243838e+00
1.321495981789139229e+01
6.333361295309795302e+00
6.841169627788468155e+00
1.305498415029508197e-01
2.424774074466506391e-01
1.615078610103490320e+01
5.275762959929779505e+00
7.107508350695413313e+00
1.953575510578947316e+01
1.974450130314491147e+01
1.824231931381656846e-01
6.396118975944575347e+00
5.540252814099867251e+00
5.849085134668990271e+00
5.521619341388326774e+00
1.167814983589038763e-01
1.733500525005107917e+01
5.468944135710642307e+00
6.682366678917552427e+00
8.034049642691901028e+00
1.010116577341249844e+01
5.290721051156237031e+00
2.362867373391377979e-01
1.133073535592412284e+01
2.974797657567020970e-01
5.693379716072189289e+00
8.174936520186934175e+00
1.105803866288431259e+01
1.284555048678091005e+01
1.054454001015046938e+00
5.771708001158378565e+00
5.130786577531323722e+00
1.556195798799286933e+01
6.615786097968719304e+00
1.546637022926068139e-01
2.510778073531335641e-01
1.182117390367265664e+01
1.998686195049895176e+01
6.376079221883441228e+00
1.418219969059562580e+01
6.849939788316213196e+00
1.402550822823600996e+01
3.191527098024459774e-01
3.095574451453574127e+00
6.417407685536014483e+00
1.469959788428630565e-01
6.589006477237782100e+00
1.753675991314321436e+01
4.942386571802275697e+00
6.688301459051598563e+00
8.645582317539325379e-01
1.499173922358958855e+01
5.986304552094178888e+00
1.311792298732865270e+01
1.433587987810936859e+01
5.980540662793018214e+00
8.127374729025506284e+00
2.893232573193559087e+00
2.802924424560037764e+00
2.050689390295045378e+00
4.992716282228708558e+00
5.190850221327950820e+00
1.315945837002784025e+01
1.863065702980604854e+01
5.274488634782062313e+00
2.044668694614406868e-01
1.266101837468952596e+01
6.206965473163155167e+00
3.154905274538137849e+00
5.720661316365918125e+00
1.056282311995459011e+01
1.435799560242282702e+01
6.113352265754193660e+00
1.753026171781554288e-01
6.544049990905178582e+00
4.803839481570713055e+00
4.697061330883141039e+00
6.451951948566017059e+00
8.755760083849379427e+00
6.487496900362123675e+00
6.436058772518842730e+00
4.037117881922763774e-01
1.285533752909149641e+01
3.188351169475705404e+00
7.796931912386773966e+00
6.063530182814899305e+00
1.764344868218453155e-01
3.536657818659749264e+00
6.909211834789792839e+00
6.081157282375186490e+00
6.093290620139509173e+00
1.994784926847039941e+01
1.795521852866186663e+01
6.593213678548284662e+00
5.223225880939585952e-01
1.543566384521737866e+01
1.718256610012926799e+01
1.134106782059027818e-01
1.413426950102818935e+01
6.104541430964837367e+00
5.942468758752498026e+00
1.485487679329754940e+01
1.125148285975067886e+01
6.196173854372957202e+00
6.146891807488891857e+00
6.387646740671191203e+00
8.723950858620684201e+00
4.140645266060277940e+00
1.231531716306238783e-01
8.316731341365462882e+00
1.423096224196302440e-01
1.823840782772293556e+00
6.148941990982637940e+00
1.587467025558471789e+01
2.520756119927902161e-01
3.939484760907738248e-01
1.190727355764568784e+01
6.414642719097345847e+00
1.716178647118354328e-01
6.641324621342278078e+00
7.486151917505496911e+00
2.761044816366574062e-01
6.648826355672412092e+00
9.740225550806961508e+00
8.547319962741667609e+00
5.896016608803144265e+00
6.585915134274326732e+00
3.611591591194044382e-01
1.085449203780606453e+01
6.028273043356711547e+00
1.189743718631785008e+01
5.749109289876394691e+00
5.452418134586226373e+00
5.596504363575070862e+00
2.000838385467646141e+00
1.048534668195574149e+01
6.210599066521115930e+00
5.998205638250480476e+00
8.067195400935915917e-01
4.477816987181104658e+00
6.046874691645787614e+00
5.382276248697056786e+00
4.499685221919039968e+00
2.405099288777478250e+00
5.653516065306909866e+00
1.959861405553380465e+01
6.057570779627528879e+00
5.717356225723479568e+00
5.735943713416475020e+00
5.717138421768019008e+00
2.299773919815689127e-01
5.981545126393856826e+00
2.088558843894265382e-01
5.198046645501745111e+00
5.837181220773578261e+00
6.243474757295973454e+00
5.807079028734702497e+00
5.614748939632407954e+00
1.233418966399271177e+01
6.243104920039487915e+00
6.887652316108313855e+00
1.246396542817314490e+01
1.627229324528330068e+01
1.242066114050981995e-01
1.443440623959842029e+01
1.186614153691436246e-01
1.127572573038439252e+01
2.377356761714292777e+00
1.527229247946226920e+01
1.169634323139497611e-01
5.602657621898304185e+00
1.513047478891854603e+01
1.585241319427660223e+01
5.960084182872406267e+00
2.578773743861523249e-01
1.758083052901517362e+01
1.986407938169131526e+01
6.209771321243839459e+00
7.055187120731035044e+00
1.095783872190796981e-01
7.167766740993283037e+00
3.689460528937964057e+00
1.706435992426936110e+01
1.350801157807915709e-01
5.658810560900786157e+00
6.649245876884278594e+00
6.092357726308083699e+00
6.246527747799362373e+00
1.614503026887378923e+01
5.899346831021833104e+00
5.177128196436716401e+00
6.114218570019223975e+00
5.773445809003764140e+00
2.043669691785406251e+00
1.770615293756687691e-01
4.403073598515209186e-01
1.798939117210671768e+01
3.038263396937361249e-01
3.362131777633374341e+00
4.194064252853373809e+00
5.339653648505243488e+00
8.372096169015940115e-01
3.511104205612974316e-01
5.206394436957467953e+00
1.183906707254504670e-01
2.467402137913272120e-01
9.510919286412173435e+00
2.227790892371441345e+00
6.459500907905733946e+00
1.972279234811006177e+01
1.231814508566057009e+00
5.687371425411332559e+00
1.245350031110502437e-01
1.361571864881147320e+01
2.195486184213300551e-01
4.955655431983271519e+00
1.370216648917744084e+00
4.045363555124348309e+00
1.254979766845605127e+01
1.817123239943106938e+01
6.475491822041743006e+00
4.864915161102320695e+00
1.761886638075235822e+01
1.379494246866454255e+01
1.022352339875327232e+01
6.602731671793840462e+00
6.345576018111291461e+00
6.993916178273489770e+00
8.613990920117053918e+00
7.817088936267957422e+00
7.639209036691905652e+00
1.229816214717588529e+01
9.036044487478312348e+00
5.629061061515265862e+00
6.301355284474595919e+00
1.732861029628948302e+01
1.604983101572765847e+01
1.619862153334188548e+01
6.011384104359430935e+00
5.873576905774693380e+00
6.026850775140055738e+00
5.734730921111388824e+00
8.772165753880194927e+00
1.797150673369896268e+01
1.755078556092704645e+01
6.238093775467637769e+00
1.571667425160691955e+01
1.104949748586813441e-01
6.015060162807521316e+00
5.116873012396091269e+00
5.213722281299287609e+00
6.089703032485233258e+00
5.766537031786691081e+00
1.949270612268181324e+01
6.162643053293346718e+00
5.278317307999056851e+00
2.390010110565093104e-01
1.249392332752039003e+01
5.459002133612852248e+00
1.688772083215573649e-01
7.951502564800616568e+00
2.116903728292526932e+00
1.764274631678250671e+01
3.872191443877689654e+00
1.982897835032942169e+01
5.481770476741323339e-01
2.811368718064014782e+00
6.068493842248223302e+00
6.160927519767996685e+00
1.539497284285214462e+01
1.595997088794238117e+01
1.330338394568637561e-01
6.217668828834232109e+00
6.402380659057469003e+00
1.200269095492477689e+01
5.698446089375311274e+00
6.486826328488468185e+00
9.584632871396758791e-01
1.560971265577973632e+01
1.105577267168063316e-01
5.837141389965100124e+00
8.825084817291033445e+00
4.826807993899834948e+00
2.686061231714925168e-01
1.273737907697968519e-01
1.410230204850175717e+01
1.443788214536893877e+00
5.638721940026542256e+00
1.539165335777612775e-01
1.784543824575153437e+01
8.509453136876640400e+00
1.707206539027086856e-01
3.754658044703693687e+00
1.082415944175367706e+01
7.770231896296499130e+00
1.007627868275755390e+01
5.997712874745191769e+00
1.641329462850304211e+01
7.898656990456654370e+00
3.851348908472048915e+00
5.652899088754572254e+00
6.472861555039089332e+00
2.149377443582752623e+00
1.448607716106243837e-01
1.144014726610807564e+01
5.616594304196328657e+00
1.454859905884117488e+01
1.877471270552772964e+01
4.919157799071394166e+00
8.370045437259204135e+00
1.678843706183958417e+01
1.326424904992899167e-01
1.966829661059699319e+01
6.111787224566671561e+00
5.836044812741255861e+00
4.489063719290830257e+00
2.539311136154895898e-01
1.734354590185968803e+01
6.282442282835528857e+00
5.661940339037515812e+00
5.260116598831182877e+00
5.140835522380855060e+00
5.803367943136841234e+00
3.430537465420093746e+00
7.435073885280917061e+00
6.851190731439556814e+00
1.847906921306660122e-01
1.026223806390037474e+01
3.265455895362215699e+00
1.051070678505209161e-01
5.773034829369850129e+00
5.342523396607264274e+00
1.680116444459648140e+00
6.748589114085954854e+00
1.932479267151856561e+01
1.944467610028407023e+01
5.424082259547907903e+00
5.631947337903552508e+00
5.661299385563283160e+00
6.582545500824838136e+00
5.926362744720395703e+00
1.471444846839808918e+01
7.062349012145085148e+00
1.992853309237480630e+01
6.378719320085676436e+00
5.552243340284227280e+00
1.786864897432391075e+01
4.873336535150156301e+00
3.920301751816610003e-01
1.043630834651008676e+01
5.345412201887127068e+00
9.509904430434163558e+00
6.389052233310945184e+00
8.248999843361410456e+00
1.928713396057068485e-01
6.213180817660155064e+00
1.668526546709289682e-01
5.303632029648271740e+00
6.243709211360845224e+00
5.415432834534456674e+00
1.577180763982898171e+01
1.801694444571725384e+01
1.372561197767906016e+01
5.159035032903877216e+00
1.420451136386949109e+01
9.944592956552471108e+00
1.718592001549064108e+01
5.908194598848113266e+00
3.193168620278769576e-01
1.724415529858558571e+01
5.735601859049549667e+00
7.000049426612976688e+00
5.905439003983544488e+00
1.385157633842692348e+01
4.739789230457955860e+00
1.523059925634975365e+01
5.975138793867625253e+00
1.083624069989875771e+01
8.667362481103753069e+00
6.526297629791907973e+00
7.134149107935567002e+00
1.821513960155037026e-01
1.297202701323380403e+01
2.783070243055474347e-01
6.447676640584133700e+00
5.712342488112576611e+00
1.213100426264042930e+01
1.481791167973718792e+01
1.161327646245588952e+01
1.299794455874756949e+01
1.376952735368608960e-01
6.362783313855442380e+00
6.742331714752282323e+00
6.109072789048407337e+00
5.756578277678920053e+00
1.353972634854904733e+01
5.935885331578932167e+00
6.128672145635256641e-01
6.543101138905732306e+00
1.042720247801735695e-01
4.972560652938725845e+00
5.556769849197817024e+00
1.198125555760164929e+01
5.948928435845359353e+00
8.036726916198736248e+00
1.913778915004703052e+01
1.255856250110742067e+01
1.158920013789395409e-01
1.926956392084669289e+01
1.557202247239878878e-01
3.308779054818619114e-01
1.614257325643183583e-01
1.028517983205471253e+01
5.950129516995415813e+00
1.484993200901450550e+01
6.216858452541689672e+00
6.199718296592106270e+00
7.671451145454702747e+00
5.065038568545702446e+00
7.146976084160532317e+00
8.815970940871661554e+00
5.606887894356374247e+00
4.801847328491380296e+00
1.562772093278447016e+01
6.400155784912860746e+00
2.213254157847009962e-01
1.512253267357485420e+01
1.981043792692774375e+01
5.679697229567448602e+00
5.929517453516704784e+00
5.933202942204208519e+00
7.512060941270909176e+00
3.501585852840556790e+00
5.931923554429125112e+00
1.021082175531164149e-01
1.821986955185030954e-01
1.060404362869263178e-01
7.036946276871926642e+00
5.617413765664402092e+00
1.892088342932411182e-01
6.134353589972499243e+00
6.565373219357509171e+00
1.115240710104233202e+01
5.808110471570551603e+00
9.959606988448681975e+00
1.022107654735616045e+00
6.131194570260239729e+00
6.910974720260713688e+00
7.449576743898713715e+00
1.495878086133735607e+01
1.418686338218468990e+01
6.577366943397087162e+00
5.711748329184922923e+00
5.947896925898247922e+00
2.560588929134512415e-01
1.471494703400885729e-01
5.897661554518475846e+00
1.180926192803124913e-01
1.231151218942713044e+01
1.738089080643430151e+00
8.069279085943026786e+00
1.534884696077626032e+01
7.520170868355292804e+00
1.300703803793794577e+01
1.729172417027344721e+01
6.165548806226194500e+00
1.059493341614071404e+01
6.047611164225306979e+00
1.914182555514275241e-01
1.748905495989248138e+01
5.337969389951776833e+00
1.711882163177986627e+01
5.978451446627330412e+00
1.566590265633341339e+01
1.027050524720166891e+01
5.702025745000940837e+00
4.581759888444294049e+00
1.610819506256284583e+01
2.443109927604894871e+00
1.000637438841702892e-01
5.242600205219487108e+00
1.389060769518848382e+01
5.224575498409648411e+00
1.513494045796245757e+01
6.887894738514810378e+00
3.216444849971320963e+00
9.109447360234636193e+00
2.530918285412307456e-01
1.246733584911215026e-01
1.814251077391115885e+01
6.390328582277152947e+00
6.301560306087731433e+00
5.693762571188209165e+00
6.284146555264860545e+00
1.040513076809071458e-01
1.947495830129865624e+01
1.289024807544198459e-01
1.043460687774860851e+01
2.617777265495896621e+00
2.488434018464854791e+00
6.423324497760528828e+00
6.355026623901119720e+00
1.085850824623929789e+01
6.065788924660727055e+00
1.452506639221398466e+01
1.674946021422916687e+01
3.626255851260105634e-01
1.428944951982868261e+01
5.199143624692985632e+00
2.203284715016320117e-01
1.236033660238235754e+01
1.443740204306383834e+00
1.343977067100172729e-01
6.692224826506540936e+00
1.517750334863575112e+01
5.398715983310743205e+00
6.945541104488430761e+00
1.265528842192854597e+01
6.830241092089681665e+00
6.537604807653614181e+00
5.537833345156190745e+00
3.646286518898540496e-01
6.210990209539676954e+00
2.566490650562321396e-01
3.885738244962192223e+00
1.710664978674255110e+01
2.693649287522411839e+00
5.928629762345090093e+00
5.611575095046282158e+00
2.043481157016220628e-01
1.960146921178630708e-01
1.090071404203459338e+01
1.034207929027556006e+01
1.253748255801226108e+01
3.935124105559309360e+00
1.857026135775318920e+01
1.331095852103951138e+01
1.490415282372823036e+01
2.993796083786708362e+00
1.820941144844505288e+01
4.940462851589600746e+00
6.183879126991806530e+00
5.948752985553554140e+00
1.781298756414265161e-01
2.411562397905327448e-01
6.051239182246726855e+00
5.652255268366508822e+00
1.117517187801010115e-01
7.867782113531199606e+00
6.080527166084636725e+00
1.133362953603223172e-01
3.007133133881817688e+00
4.557761458320580772e+00
1.516977509919844991e+01
6.342808591121766426e+00
6.619261938584713789e+00
5.554731268565407554e+00
5.614652043716606755e+00
1.639495367110549040e+01
4.902728792392045953e+00
6.977474370190464015e+00
3.251102379947836130e-01
5.673726214639414067e+00
1.777156670975624664e+01
1.570264464480331235e+01
1.742795294785130267e+01
1.467090369922597892e-01
6.222687184773668001e+00
6.948231784687451729e+00
5.840365291673498049e+00
5.649262398955595899e+00
5.697529470946672170e+00
5.963779504000090270e+00
6.071896056425196697e+00
6.556042964843139309e+00
4.999078291188940426e+00
1.382484847713966580e+01
1.016025319862572296e+01
7.937519492882852745e+00
5.278055079001728878e+00
5.920110542849101876e+00
5.688271008331570400e+00
6.254506347311067138e+00
5.793235617439404628e+00
5.276729659555158491e+00
5.591433569412592064e+00
6.120358494431611618e+00
1.853493517455126849e+01
1.904662300863161073e-01
5.564804508468775168e+00
1.418303934098757679e+01
1.348912701004474890e+01
4.851269571299967609e+00
1.071997164040422446e-01
6.729120978999379332e+00
6.112415949186007502e+00
1.288637226128200863e-01
6.928484654245299801e+00
1.413599712322516488e+01
2.089732498493915180e+00
1.374997228304457308e-01
7.171941521276007592e+00
5.485984893631321135e+00
5.646694065616369329e+00
1.064521654122372851e+01
1.785053281372423228e+01
6.364346030776734331e+00
8.552003101206075542e+00
4.139976678367339957e+00
9.748079477634675527e+00
6.072015690323667059e+00
1.191833866628530386e-01
2.139662120352133490e-01
1.292961083504423070e-01
1.768118377175274258e-01
5.663301220661712598e+00
5.452554867968160579e+00
6.285938473116879699e+00
5.211053611241946548e+00
5.070779831608096089e+00
5.781223474401055995e+00
8.073741707302495740e+00
1.251373654366321553e+01
5.855387715189861453e+00
6.077218607989647303e+00
5.746684621881082755e+00
1.786991243191623724e+01
1.175198639972689918e+01
7.214725367564126302e+00
6.017379599020935999e+00
9.887479521608918631e+00
7.167481480667346361e+00
6.414576644437771868e+00
4.571217752706815851e+00
5.158344244172386794e+00
5.570741301609795748e+00
1.102374274866087411e+00
5.787918343453347880e+00
7.510556832889840884e+00
6.469864692459062816e+00
6.193495456224807683e+00
6.328583416150109109e+00
1.632660777009511577e+01
5.695794245166797332e+00
1.136303380474366875e+01
1.826776260485559433e+01
8.057993466746886213e+00
6.475182320523797941e+00
6.072267143812981161e+00
9.469993037496086785e+00
5.059156874162668238e+00
9.643688788487351005e+00
1.019927904844970890e+01
5.781758453141438991e+00
6.192858532131695348e+00
6.251404324476673047e+00
3.617249381491975946e-01
1.704279062645556730e-01
4.032716876451575949e+00
1.714353049565777809e+01
6.464269574251196637e+00
7.420603306628427154e-01
2.634250265662390067e+00
6.328281693861182333e+00
2.708238700102425511e-01
1.606589702577995027e+01
3.687322405579520179e+00
6.452913533138913138e+00
6.431226333036511811e+00
5.297584887935653519e+00
2.145849784404103844e-01
6.465809183788326919e+00
5.709829666418009708e+00
6.188449399552617969e+00
1.414217567000316533e+00
5.603631710242908071e+00
1.589447727259690524e+01
1.883663977450696336e+01
5.795632441965090642e+00
1.964451542541953799e+01
6.556675184847432725e+00
1.719744891701211031e+01
8.389966298583200199e+00
2.508899688712819542e-01
5.906667708399299777e+00
1.613969662883904022e+01
5.183881931235466034e+00
1.020940910117403844e-01
1.608272942576348896e+01
5.882729242267956238e+00
5.350492219271131944e+00
6.046310411387072037e+00
5.207697778525053778e+00
6.196949325870335201e+00
9.186901676834391850e+00
5.280217957608079438e+00
3.215573050644429554e+00
1.934533983991441630e+01
8.071671344722705754e+00
6.293565920146381387e+00
4.661113215078897198e+00
1.529434506013501860e+01
1.493878487090570140e+01
2.886138642422236278e-01
1.747416276513335021e+01
6.690447822037386416e+00
5.490376479780749719e+00
1.535885500248053326e+01
6.318807179980372446e+00
1.281263315931900348e-01
1.934574127616066264e+01
2.342019835691123930e+00
5.556079279387891923e+00
5.300019098284363572e+00
2.376841867831165356e-01
1.990769739045077102e+01
5.907255736756059861e+00
1.350113624985069904e+01
6.341956575806367624e+00
6.360962795039792006e+00
5.028186375049371826e+00
6.234200345759809636e+00
1.939229996650926324e+01
6.140795562619086212e+00
5.767730080812999205e+00
1.987501464539899487e+01
6.555155252163520352e+00
1.998856004244511908e+01
6.205363616487207246e+00
1.581862115892888276e+01
1.352583288374102288e+01
6.747092181997316196e+00
7.121725606646928775e+00
2.643916627203802605e+00
9.613128777546448234e+00
5.297866874565282380e-01
5.836342441688029403e+00
1.272943720772576615e-01
1.156571055449197166e-01
1.905148611092612398e+01
6.567748348513922529e+00
6.154592531597854688e+00
4.011711273906979902e-01
1.236852569535282953e+01
6.053980267482721445e+00
1.108476199178553045e+01
1.461668027683141347e+01
9.416461692913395964e+00
1.978382531541246081e+01
2.114283146807305336e-01
1.186795094078177826e+01
6.669289234516693199e+00
5.844723216667267351e+00
1.698533089588034528e+01
1.780675874046501406e+01
3.705931490341408452e+00
6.204476592111563882e+00
2.106037607817272117e-01
1.232068713116404268e+01
1.261084132392686907e-01
2.797395462311185188e+00
1.257666440252867668e+00
6.095829667661413431e+00
7.012745529885034301e+00
2.843077778144816881e-01
6.698498720572611198e+00
1.629371601693179461e-01
5.560624066716628455e+00
1.404178000497584566e-01
6.492245164825928505e+00
6.113805642043453226e+00
1.033060855785880605e+01
6.407517738987668743e+00
5.812831384921778977e+00
5.759273110843492915e+00
5.107524084749954341e+00
3.151325383348595022e+00
7.199919535456560382e+00
1.755841966664480935e+01
4.358963285671336507e+00
1.312332055793063645e+01
1.624508782779218452e-01
5.563797784476316899e+00
