1.353114384478791843e-01
9.684158351057998715e+00
1.421711748445398982e+01
2.199624418232436485e-01
1.848385901071150172e+01
2.247458996762227990e-01
6.524797627942729328e+00
1.253943552898480474e-01
6.124936398067246657e+00
7.556815122473191870e+00
6.923302301131633918e+00
5.427305077000081468e+00
1.761021253772093731e-01
5.917275636410456841e+00
6.641882348036944883e+00
7.392014814793223643e+00
6.425409029844453279e+00
1.671809470504627626e+01
1.662054533921431698e+01
5.293344441288118318e+00
5.097256196491337654e+00
1.956795732315719150e+01
6.224468343874574039e+00
1.869625953668741403e+01
1.497203995199877902e+01
6.090377114097407230e+00
1.375532864704329761e+01
1.463012590958852144e+01
6.256856221563724674e+00
5.568788535345529311e+00
5.978803870209883797e+00
6.503720391638593057e+00
6.806493273326090332e+00
1.074368344282154375e+01
6.203677228026364787e+00
1.809345476680110210e+01
6.688950387597323299e+00
6.405260533583303939e+00
5.933643006715154655e+00
1.662272660325443963e-01
1.690346018560850183e+01
6.686626446294099857e+00
1.222607586213863051e+01
6.866278439399275513e+00
1.853705867284546116e+01
1.058146296691884558e+01
6.606099399905212444e+00
6.092648190536378294e+00
1.208762184627735969e+01
5.680894516676284312e+00
6.130660224158474669e+00
6.576932392466316557e+00
1.073473334592112416e-01
6.568187979464200410e+00
6.069701008334432046e+00
5.381419728669660785e+00
2.257387573592092078e+00
1.625676234881955295e+01
1.222091928013291778e-01
5.882343028778441507e+00
5.853783161818646441e+00
1.149456904660205758e+01
5.545636930929686237e+00
5.416526543430566498e+00
6.433181544301738164e+00
6.899302935299078676e+00
7.173888992139814569e+00
6.279729174142183901e+00
1.274046941902678753e+01
1.884871906454705126e+01
3.622720603706926834e+00
6.163632073781539766e+00
7.193486652431611894e+00
5.947359672577164247e+00
1.254533601985753677e+01
5.777214687216423172e+00
1.005157844689429369e-01
1.239385691694562391e-01
1.684360345359996736e-01
1.912120329457847845e+01
5.667570670063462934e+00
1.493314101955251694e+01
2.910084133723442323e-01
1.737940188194985469e-01
4.420798556980647831e+00
1.189318881433088215e+01
9.461393479293525033e+00
5.248656918868091381e+00
5.406561032947962531e+00
6.481102664365814725e+00
6.590360759627577281e+00
7.561463076351047086e+00
5.449773855797689137e+00
5.456448776269511747e+00
1.041154674171978156e+00
1.142315455651516665e+01
3.450717501808659438e-01
5.856187125950528483e+00
6.460617810673088712e+00
5.282100023441103076e+00
4.381229915429305954e+00
1.079220814327783051e+00
1.409908349427441421e-01
6.579760733507659332e+00
6.303409651547617898e+00
3.157089025744291177e+00
1.171335293459519339e-01
1.160203930958408236e+01
1.310465222314405409e+01
1.207030257341272117e+00
5.708439108451579536e+00
6.155520666605639235e+00
1.660064636349063960e+01
5.933760192228656472e+00
1.101800325485561771e+01
5.744867406482474514e+00
6.099465118861673751e+00
5.840904321583937353e+00
6.465693971342489021e+00
1.246477988707447437e+01
5.448788146159384560e+00
1.142620368147069954e+01
6.439958986020013043e+00
2.254588540363427207e-01
7.639703487014645411e+00
2.461282745132511995e-01
3.806917126509242522e+00
6.198749057265676932e+00
1.284016874643481687e+00
5.731487863904309421e+00
1.281690353972201046e-01
1.237785744614459382e+01
6.175133383563382594e+00
5.235828045343629888e+00
1.463094724246587763e-01
5.575205567690641573e+00
1.011454338680131571e+00
3.801119429016862394e+00
5.876663800816883665e+00
5.340976529694442476e+00
1.369423874595245749e+01
5.835378474366057056e+00
6.544799062239362364e+00
9.407702507020124782e-01
1.108276810048882233e+01
2.007782897939482947e-01
6.934686756022665044e+00
6.195103507077839744e+00
6.440671994580753790e+00
1.804628977116914612e+01
6.510420975859851467e+00
5.693728744297468225e+00
1.573395289970987321e+01
4.455037676532552782e-01
4.939829011107885748e-01
4.476404449786166140e+00
2.130801662303113131e-01
1.839698948135863077e+01
5.920427212364946179e+00
6.346949395870693067e+00
7.961926317335032977e+00
8.265189602491457066e+00
5.522543523031149704e+00
1.645392671487124048e+01
1.367225829924009162e+01
1.264095188279510573e+01
1.868672001583275843e-01
5.995366706687071279e+00
5.909672373783074306e+00
2.261793485440045937e-01
5.839463288121550022e+00
3.438607244522312811e+00
1.436282606189648092e+01
6.038366233080006751e+00
1.855157452505567761e+01
1.153494787446350145e+01
1.136223936318093708e-01
7.244236549246340751e+00
5.488776128183820546e+00
4.982806161755644503e+00
6.982563442479477800e+00
1.873765669537826994e+01
1.158656223276001151e-01
6.513490963961939606e+00
9.662880438286231666e+00
2.713089057780396773e-01
6.158567405376399684e+00
6.367261155152528218e+00
1.478386395834773381e+01
5.025836954228054543e-01
6.242490490725081109e+00
5.903428399680167971e+00
6.153224107388729713e+00
6.436104139177849071e+00
5.824016363433206500e+00
1.362898711314529265e+01
1.798694943898264142e+01
1.064027750054758670e+01
1.319740790088000715e+01
5.526267974174777997e+00
6.289399709101560099e+00
1.337787365761701963e+01
5.501320241253583987e+00
1.255980851385114505e-01
1.498157737928007549e+00
1.968943038998822459e+01
1.729807378250870220e-01
2.660155404269515245e+00
1.111408234558441399e-01
1.415821781341542462e-01
5.569899075141980127e+00
1.795725798093218417e-01
5.594607720019205921e+00
1.877408215368433630e+01
6.200947576790796667e+00
1.553008072082877433e+01
1.341556274896179168e+01
1.934346701032644944e+01
5.703979644979195740e+00
1.338735278602136525e+01
1.809832814531141665e+01
9.321510638001772264e+00
5.790705993570994359e+00
1.642171643620505961e+01
1.023798616692937280e+01
5.646121633132183071e+00
6.427611297874906704e+00
6.442519062766851157e+00
6.240142398644501043e+00
9.343618664105511229e+00
1.832589010314594091e+01
6.296723900755200276e+00
1.192924515384011741e+01
5.383917765282104639e+00
5.578908259566650152e+00
5.788100391325052385e+00
4.207481407365190051e+00
3.762151515158941306e-01
6.034086140602941128e+00
6.358532448780676916e+00
1.947950010320417036e+01
5.960488038426293933e+00
1.742198538051212253e+01
7.538475958046713110e+00
1.687363983355617947e+01
5.342321550763919014e+00
1.607190186540657095e-01
6.141093373131253585e+00
5.524763215446735209e+00
1.964537993192753618e+01
5.766107414178247126e+00
5.984672650059112087e+00
4.361835292920202001e+00
5.843760194609505021e+00
6.694316940095686341e+00
1.065041215541893393e+01
1.072501363851473677e+01
5.621520195705557832e+00
4.210288475707645306e-01
1.226434202000321882e-01
6.989227794915598757e+00
4.875790575705555518e+00
6.373925410897991028e+00
5.370482796019981464e+00
3.523249629414921813e+00
2.013328354091583061e-01
1.901779839336979472e-01
9.631594930010466626e+00
6.035906729042007868e+00
5.835776586381183684e+00
5.903421497100285187e+00
4.912342196634798874e+00
1.136618408107328904e+01
1.017188966840360820e+01
5.549936353811134815e+00
1.854543276411814645e+01
1.455435666796501870e+01
5.363585605770106568e+00
1.787941123290237133e+00
6.230297200957493509e+00
9.417861556699543613e+00
1.859844990090191885e+01
1.649063342438543245e+01
7.401117375969007206e+00
7.855623018683317582e+00
1.970437192626837231e+01
1.688981944555765580e+01
1.719304077442944489e+01
1.754101146976117676e+01
1.492449735061789440e+01
6.808422855503747151e+00
6.020799449480631615e+00
3.797005760780321482e-01
6.527141662463125549e+00
1.470027247499924350e+01
7.249355718374166813e+00
6.925681579121127029e+00
5.734687942417092010e+00
1.667723705955633517e-01
5.403395034676071518e+00
5.932683563243180025e+00
1.593780707040091116e+01
1.967070270074859195e+01
1.020623003962251918e+00
4.400901808669495985e+00
6.547697229663853591e+00
1.588417598813822629e+01
1.389573194272252010e+01
5.633215107590540782e+00
4.330302342584504416e+00
9.566896020361676634e+00
1.305324724090520139e+00
1.256536894797443793e+01
6.119129004010922301e+00
8.946037875901813763e+00
1.358188947262865209e+00
6.173457195955645460e+00
1.431712991523676948e+01
4.962328454744306505e+00
1.744673199460965163e-01
6.150461891237810619e+00
6.015760396864361148e+00
1.132313794830829323e+01
5.572583014875018392e+00
1.052791798018195557e+01
1.410033137726317243e+01
1.316542047669376492e-01
6.164075328550853605e+00
1.651011083646007549e+01
2.207010136445070603e-01
6.888074777898808954e+00
5.265744844402280300e+00
1.465509370172482306e+01
5.501281359444391228e+00
1.435529746158641373e-01
1.751897108029775296e+01
8.559282470537583620e+00
5.312627602539103933e+00
1.085048192627824015e+01
6.425451154418970745e+00
5.829542833298471116e+00
5.835089257775385008e+00
5.876467965243368674e+00
2.073970620020400280e-01
1.322229669052747880e+01
5.873921176969943758e+00
6.155425304654833063e+00
3.157660758278032720e+00
5.515890625896521904e+00
1.518592423016401227e+01
5.710759876606759988e+00
6.713597668430369758e+00
5.694274246886821267e+00
1.455315076510239258e+01
1.314817827928775884e-01
1.133221484088183101e-01
5.097752305561876973e+00
1.481850696795570244e-01
1.263636220760455053e+01
5.847240536598325100e+00
6.082972922635416779e+00
5.754823507918798597e+00
5.990727962240544713e+00
1.458803264334930461e+01
9.516767064815232047e+00
5.757451221320004642e+00
6.536395721761350863e+00
1.154088482372792601e-01
4.808948422192002248e+00
5.539714413772604651e+00
1.314030710138920277e+01
5.988583788708012889e+00
5.498539236591902579e+00
5.183675112851442890e+00
1.699844829636256094e+01
1.851597911738859281e+01
8.119004237663673962e+00
1.781590190287243747e+00
3.946672156833336054e+00
1.093759304371867813e+01
6.589483019098000049e+00
5.877315300124972275e+00
6.460131052354388004e+00
1.756626298814391873e+01
1.682248686348943423e+01
1.323373375697998733e-01
1.206353754428245573e+01
1.635185277313210506e+01
5.391329079226760079e+00
5.887552767579895985e+00
6.267547494828864529e+00
6.389540613657897161e+00
5.968469612199655217e+00
6.107239163152659245e+00
1.364044494408268093e+01
5.586881744937420180e+00
1.410177744121772569e+01
6.616284676062199388e+00
5.966515694604300535e+00
5.823504268768552983e+00
6.489689733109119452e+00
1.585918152084689225e+01
6.189522771969333981e+00
5.634479296858947883e+00
1.928103149970616670e+01
9.594488602749040140e+00
4.318423542563652795e+00
5.869594879022284495e+00
1.944760323838342853e+00
1.244485605617377644e+01
1.752222082555558202e+01
1.025140985031821472e+01
1.710964257212982531e+01
5.738088753241648021e-01
9.528616792634256427e+00
6.521910765443385216e+00
5.835384569530645216e+00
1.025340858071039030e+01
2.356671991721030479e-01
5.923071749815091103e+00
2.375591966740675520e-01
6.184078706886874777e+00
1.069602396657539778e+01
1.436170435067211848e+01
1.199566890550343851e-01
1.262554672322885274e+01
1.401798324439599774e+01
6.540936781725884330e+00
2.837491195325297255e+00
1.073069673818368569e-01
1.447691594489321965e+01
1.297145742375969313e+01
6.894253681185047000e+00
1.721016946170770723e+01
5.385262902392295992e+00
9.520384641608485410e+00
5.384663792453197928e+00
1.651258773355088039e+01
5.722512756070449846e+00
1.755642004282046642e+01
1.285464837713279906e-01
1.964593977577791861e+01
3.389241578499049279e+00
2.815372227116922144e+00
2.823587991042025624e+00
4.146213501836177429e+00
5.160645973298090716e+00
6.385179679282565246e+00
8.687051390375646776e+00
1.011282856485466120e+01
1.494965631854112464e+00
5.752144789029001615e+00
1.764629355536658295e+01
7.472890978934732864e+00
1.868132479788172517e+01
5.815318554194528922e+00
8.047485850453508505e+00
2.998494175010286145e-01
1.457744490325095654e+01
1.607066790291335678e+01
1.255002350379789888e+01
1.756444007183047518e+01
1.899571865460513465e+01
1.690459083528069451e-01
6.027965246381139508e+00
5.789004791717478504e+00
7.124991767204439164e+00
2.418383056276859067e-01
2.755791824267821988e-01
4.870280158355282829e+00
6.170816462619107767e+00
6.374401256106215996e+00
7.173127524414053546e-01
6.114731958431784520e+00
6.264374857244332517e-01
2.880847667358202635e+00
1.031122406626981541e-01
5.758804133943570491e+00
1.400306384549236860e+01
1.617404344191888654e+01
5.207705924859866720e-01
6.842257189451845356e+00
1.112219332056843535e-01
1.858731167699107090e+01
4.239324268865967582e+00
1.490923857021227761e+01
9.197563260027079579e-01
3.628532564118824300e-01
6.970761475549562824e+00
9.357010239635803472e+00
8.898853559103310218e+00
2.934351740792713770e+00
1.454631123711200757e+01
1.294581282586555737e+01
6.437912625739540928e+00
5.755309585506540593e+00
5.823772082073633172e+00
5.731919409364762075e+00
6.313473749933832257e-01
3.458264651661048017e+00
1.177957000001326548e+01
5.667494756966695135e+00
5.896369306452158732e+00
2.236538408564957281e-01
4.789658006360003384e+00
5.858640957193461674e+00
2.280858343956392587e-01
1.144690844459232437e+01
3.057737491086470749e-01
9.019305009923638039e+00
1.941178506906320322e-01
5.692266142734474066e+00
1.094852958627328121e-01
1.420871278514717773e+01
6.437614208693045015e+00
8.242685576107531276e+00
1.607594547768630144e-01
5.160955836280393783e+00
6.073002729974037450e+00
6.201669047918005440e+00
1.597907858718007290e+01
5.805806020836514314e+00
1.805384758722835414e+01
5.529515160490429793e+00
1.161442350214960229e+01
1.669805266997055071e+01
1.091192944697357525e+01
5.221389153059460497e+00
1.889912474261689823e+01
6.211336335522524621e+00
5.751134554254806019e+00
1.896595672369136665e+01
5.992664360686410951e+00
5.985676932989896670e+00
5.924254582665725799e+00
6.479432986865846011e+00
3.929468946210849634e+00
2.513649918311240405e+00
4.868237082485557643e+00
2.056951407361107709e+00
1.780076538961064436e+00
5.315069244327984777e+00
7.252815670642333679e+00
6.514519663814224870e+00
2.030589228197740015e-01
1.132862617029179297e+01
6.267626423578003703e+00
5.624146388346059844e+00
6.368569698460244233e+00
1.098514726274443937e-01
1.286904494332490501e+01
2.859365339730864375e-01
1.980141151018155554e+01
9.034540221276330385e+00
1.346473962182465023e+01
1.939883212251635625e+00
2.100824493841734197e-01
5.320816718324355321e+00
1.567543925828464957e+01
5.113518713850972119e+00
6.161518917474604784e+00
1.148018196638594546e+01
6.053906132693708919e+00
5.949240265124573490e+00
1.007842507658277320e+01
1.573600209249247506e+01
1.519469758936362880e-01
9.288868367402342230e+00
6.090907695050797876e+00
1.022918282793902733e+01
3.760296832855418714e-01
1.786034978800220330e+01
1.442981757399169851e+01
6.128921776082719930e+00
3.037919242167355094e-01
1.651181759287617723e+01
4.907613227428734959e+00
1.508760443746435342e+01
1.947361317576611128e+01
1.345092667408472487e+01
5.564476284076945944e+00
3.514098968308587700e+00
1.274234328537804650e+01
1.289216204738606564e+01
5.963573902325782328e+00
5.722071271220957378e+00
1.005622721021021349e+01
1.271506911696141984e+01
7.253887030532307101e+00
5.328574614695776646e+00
5.266535703251659761e+00
1.222331652343045860e+01
1.682829632670316400e+01
1.212788397558809805e+01
1.862541572166974968e-01
5.880395060124365969e-01
1.554890398312590882e+01
1.167462601807944544e+01
6.984793912102599478e+00
4.586513162436415492e+00
1.576025425425544846e+01
1.169267498187999799e+00
1.417830081058441571e+01
1.853853347662256823e+01
1.955401818030047068e+01
7.558808388813083923e+00
1.559165581256188915e+01
5.597288969908493783e+00
1.823661379922456760e+01
6.630568607869073539e+00
6.118692697808378433e+00
5.990576444479708940e+00
5.711445756163240794e+00
1.287824735632748241e-01
3.582142268303840194e+00
4.245246740099921645e+00
2.220728498818369256e-01
5.973434498642522961e+00
6.949156174910827488e+00
1.160746237318911511e+01
7.291172425409999658e-01
6.614362866370218086e+00
1.705234771955368711e-01
6.290451840319552623e+00
1.034449927357503907e-01
1.467902379315348949e-01
6.517546599127300944e+00
1.489683900981668074e+01
5.780610450025680080e+00
1.486267925510526278e-01
1.952435967229758162e+01
6.268718434675814244e+00
1.152194315071471209e+01
1.619326702343605717e+01
5.555298765795648741e+00
3.505428491144229941e+00
5.645101858112140825e+00
5.625536906791993808e+00
5.756105935812241725e+00
1.564442944960046944e+01
1.860782414612851099e+00
1.848272810366234964e+01
2.206517933400019005e-01
1.031889585843418011e+01
5.664332560080169721e+00
7.028050017368121516e+00
4.152111776727321235e+00
5.704599101544542528e+00
5.475638015546887338e+00
1.978947525692466847e-01
6.754484857434624345e+00
6.105450663750887408e+00
1.654452933343481813e-01
7.477596788286427376e+00
6.441111046033496379e+00
7.831495842864790724e+00
1.817510098109756811e+01
5.552529498198503610e+00
7.487204638026273784e+00
5.698646329104122277e-01
5.422800730392289381e+00
5.989560866562551489e+00
1.884028295563770072e+01
4.908226278738842652e+00
6.210215838367947327e+00
3.571987346686903653e+00
1.192031456056165339e+00
6.841019678428646777e+00
1.567290255499723395e-01
5.842138182881330799e+00
1.989166805516979863e+01
6.693753971240226974e+00
1.882026631771510083e-01
1.563375908926312174e-01
5.173658186455472929e+00
1.075286531182373650e+01
4.325521282737592621e+00
9.348169644174340931e+00
1.680828472535156237e+01
5.541623729496050643e+00
1.858400693117574320e+01
6.062578147211369561e+00
5.734725344369610234e+00
1.864808007307032511e+01
5.464502147321385728e+00
5.261094700489623577e+00
6.467244638365238885e+00
1.038920037391633500e+01
6.507233917841698911e+00
6.290897138240920228e+00
1.338266278746396420e-01
1.182171940031665036e+00
5.699435117195945644e+00
5.512855434713024749e+00
1.024627686443903229e+01
6.637814852171117330e+00
1.202575004118739166e+01
3.462761890836973500e+00
1.895506577403338611e+01
1.043398448203973344e-01
1.340426872196306185e+01
4.931492929050700802e+00
1.316232016754055600e-01
6.241518507328412957e-01
5.835334658010177478e+00
5.391365609422440919e+00
5.596249782166999864e+00
5.888354051242240317e+00
6.018046703509337902e+00
3.629820116140797914e+00
1.278634589122360055e+01
1.012607329379447663e+01
5.364932665794135858e+00
4.810442118481762286e+00
2.141349450704143065e-01
8.722291823173701886e+00
1.845629387361525531e+01
1.418243794997134088e+01
8.191234500674442032e+00
5.615393790288399245e+00
6.294793906166259667e+00
1.261788293130533845e+01
1.726735331127013384e-01
5.388587330305863787e+00
5.277967100974230164e-01
1.317899781818445959e+01
6.128924306354392115e+00
1.085335373906124445e+01
5.360820382192179601e+00
5.504435292734572549e+00
4.623487522715918341e-01
6.311985758531937662e+00
6.091343453084606452e+00
6.527692372147732236e+00
9.412845421701543813e+00
6.493631250661779042e+00
8.885926217736294319e+00
5.081584863293714172e+00
5.764966152108978115e+00
6.984354110043932806e+00
6.033738565636489248e+00
6.244423094438497301e+00
1.136754596963132913e-01
2.501308990245067476e-01
5.530790091489869553e+00
1.171534027817331541e-01
1.382846076977259031e+01
5.339156879453071269e+00
5.466477340643828065e+00
6.324973157316454042e+00
1.864273783250789407e+01
6.795676226539137943e+00
1.173249331967011777e+01
2.269284552618641815e+00
1.093798608688286933e+01
8.108581794576643631e+00
6.803774833268795952e+00
6.390129085398474906e+00
5.446590815819265075e+00
3.490759429049258955e+00
1.231233177914349319e+01
1.348180908828127411e-01
5.189056864193458907e+00
6.297341604253311687e+00
7.548595537217937412e+00
6.369160215724819274e+00
1.019209806063260970e+01
1.426406109062984306e+01
5.649689286476230698e+00
2.864925069304523397e+00
1.764955644943816182e+01
1.265230968504066844e+01
6.878763438516568129e+00
4.165017856318675271e+00
1.941051486388787239e+01
5.861730563050617349e+00
1.435352098229505935e-01
9.428511633451157614e-01
6.313743828704685868e+00
2.256850049846756523e+00
6.066386050666307206e+00
1.664840317864907604e+00
6.691314845575921488e+00
9.422712896566062923e+00
1.745184785602522126e+01
8.747433395436855719e+00
5.935894871986366006e+00
5.999943335025969660e+00
2.049242233658291890e-01
5.744517795565746709e+00
1.347824026514978790e+01
1.424026681655678139e+01
1.045998571753193929e+01
3.060164667478698863e+00
1.797573592267661624e+01
8.652489200245563339e+00
1.087189597525309442e-01
8.467381991401872199e+00
6.005782455712378010e+00
1.102449460087130362e+01
5.758310242880300578e+00
1.279712135822146557e+01
6.201014958984132797e+00
5.743037035153820469e+00
1.682899782167841529e+00
2.077250505046978724e+00
1.256014704659690617e-01
6.259556053115800101e-01
5.817767079719945222e+00
1.062492160142806674e-01
1.128857837576470402e+01
6.221803244447398740e+00
1.810531856411854079e+01
1.092778984223681527e-01
1.687676480781262200e-01
5.288482338077930223e+00
4.958101394354228475e+00
6.023161588712972581e+00
6.515169583594689229e+00
1.348804598910569119e+01
1.138791495111071228e+01
1.028758466710747577e+01
1.088780790875709314e+01
4.877318367068069760e-01
5.659002354849790528e+00
9.796553172578860824e+00
6.639705766896559780e+00
6.357808579468935406e+00
1.783576591633325137e+01
6.516445084999088699e+00
1.016374580840404107e+01
6.871109751194095949e+00
1.203222389628813715e+01
3.565099837317877274e+00
4.735560948429256456e+00
5.220347482220624613e+00
1.094757536076977900e+01
2.262829764794407617e-01
5.522946126630563946e+00
1.035341301304826800e+01
6.043542644056030255e+00
1.660896338887356194e+01
1.758064579276434003e+01
6.062503942931899203e+00
2.771939882401505129e-01
4.731176157624863876e+00
1.424894141492634603e+01
5.950979519161720965e+00
1.899786238540581707e+01
5.281025471466313626e+00
4.958457679865497347e+00
3.689670498690274525e-01
5.506569644537297137e+00
4.947564497376968795e+00
6.810632155662786680e+00
6.138568917594382057e+00
5.623360518546065556e+00
1.226258535697782825e+01
5.714322723505182999e+00
9.122419916860744493e+00
2.324744439578968758e-01
5.466717274000805205e+00
2.789512339238645056e-01
6.176968559918082136e+00
1.855260755667886841e+01
1.072157084328747151e-01
6.314011363723335712e+00
2.375707401076168901e-01
5.922010265986595634e+00
6.760006487225586724e+00
6.668547887962406939e+00
1.222040485867644932e+01
6.780905804217938204e+00
5.303749960956916532e+00
8.271023120155772679e-01
6.048813038788164675e+00
1.537340840150453403e+01
1.311640439427735894e-01
1.748546165673756647e-01
5.896876969036604521e+00
6.495952997759922631e+00
1.562251490562280187e+00
3.063656895755861309e-01
1.370384825735999179e+01
1.284989741304600663e+01
1.704182203747446422e+01
2.512900896255875760e-01
1.696545448716058058e-01
1.926232735938020824e+01
5.229076509558888697e-01
3.852803021102772507e-01
1.424835784936318817e+01
5.545863662971399322e+00
1.628459664978537802e+01
2.236106193401013187e-01
6.620602984932700608e+00
5.512973468630845808e+00
1.086330239095623185e+01
6.034397770523816540e+00
7.646910745779536001e+00
8.126105775227199235e-01
5.317847689637090980e+00
6.717106908025473722e+00
6.410795431997416749e+00
9.703444092975433977e-01
1.054762232184609377e-01
1.013742625517301876e+00
5.640752317505191016e+00
5.723825070663357550e+00
1.541939930675730874e-01
1.770525820253566351e+01
6.969408362560812087e+00
5.743524135619932025e+00
1.003985845558540824e+01
3.944445061554785692e+00
4.610813787264776309e+00
1.077783222474907321e-01
2.441647250383319090e+00
6.677115469982450868e+00
1.303881271216672522e+00
5.382189457599641180e+00
6.141797417269065917e+00
1.439465375385051615e+01
8.734307205052006751e+00
6.005163266171019920e+00
5.916794147250553415e+00
4.807926093713758675e+00
6.056177652808952594e+00
6.274060354975023124e+00
6.138994947549011982e+00
9.922301169985942693e+00
1.416786125217342207e-01
6.200347490971437558e+00
5.976174524464780369e+00
6.198851224688256778e+00
3.217075588273257125e-01
7.583529269536045447e+00
5.961564519951037866e+00
6.171093289251776248e+00
5.681198384585274042e+00
5.966629928230905655e+00
1.419148575901511555e-01
9.332768544627196405e+00
2.980131981495827365e+00
3.327294493709914702e-01
5.358062481820946132e+00
5.935826561275947988e+00
1.321403641154770270e-01
5.582987569292335861e-01
1.748460475297111572e+01
6.084595501534844075e+00
1.227287753912425228e-01
1.543420625856780082e-01
8.792963040892043836e+00
3.162741502920607406e-01
1.756883158905471731e+01
5.622170622871826673e+00
6.440823205171734678e+00
6.168632987044907701e+00
5.393613314534730918e+00
6.098048953186550492e+00
1.480387257256858469e+01
5.817457999150677850e+00
6.220120376446055310e+00
5.568944704556421321e+00
1.161161226227836463e-01
1.085846673268947171e+01
6.670795603545989216e+00
1.085099378879680110e+01
6.967959013055433637e+00
5.485552931823561629e+00
6.292797559779715222e+00
7.085863829964964111e+00
7.147203983632524071e+00
2.425805045889794231e-01
1.738523442529432972e-01
3.241449878158876974e+00
6.969170814722181362e+00
1.890360208059974312e+01
1.081269571792664586e+01
7.047177813552213621e+00
4.704216478053348638e+00
1.312216184530943797e-01
5.919540743290236939e+00
1.538221602343869421e+01
1.817659324364677786e+01
1.886771273633112145e+00
1.090377564061007082e-01
5.777831277657766051e+00
5.430629486245826421e+00
1.703829169297119694e-01
2.994893492152771231e+00
1.480713695641059091e-01
1.585574763327199266e+00
6.731634306491130815e+00
6.110573288867698238e+00
1.909176466644202819e+01
7.344932793568780482e+00
5.595207217948360068e+00
6.860660990164382689e+00
5.724533368508740727e-01
1.391006590505912932e+01
1.607285309080958413e+01
1.550087806812713254e+01
6.388792499657167667e+00
7.705253217602165527e+00
1.512969656242487559e+01
5.803017814264428864e+00
6.207167156381700579e+00
1.489881927503978609e+01
2.361284980495723218e+00
1.641344903967384639e+01
1.027142419378376026e+01
1.927836019399899570e+01
1.285966675899757605e-01
9.724809667588949935e+00
5.873356449627135767e+00
1.241890517385061621e+01
6.488911507821303104e+00
6.859001993874722203e+00
6.149504665570441730e+00
2.753883563328913375e+00
1.357570008721879873e+01
5.872876702699850071e+00
2.966067908119278229e+00
5.875328765326331748e+00
6.105584090014406051e+00
2.821884516933497733e-01
1.975211158120608601e-01
2.783143693440585764e+00
1.818837999678690309e+01
1.948778697905777335e+01
5.570813823766106232e+00
1.131651153724511083e-01
9.515991613563210549e-01
2.393364218773982588e-01
6.037031977952717732e+00
5.794146936791586100e+00
6.292963148913004012e+00
5.875051743240218727e+00
6.229359635319210220e+00
3.182917092035419948e-01
1.286447371968191611e+01
1.205839448749695997e+01
6.369725354738765333e+00
6.143527229950300317e+00
1.674342260187616915e+01
4.880880783527868694e+00
6.757295021059158913e+00
1.797860719741021795e-01
5.827301143031299091e+00
6.685006610980086528e+00
1.766745932841811140e+01
1.044914367814155365e-01
1.717766874796047460e+01
1.641655368753738031e+01
5.490942471963913718e+00
9.812149648784775025e+00
1.918045993715044162e+01
1.170814191005112015e+01
1.350737297046168628e+01
1.675489318076539647e+01
2.649005479123626383e+00
2.802462628394305488e-01
1.308158495584062775e-01
1.641279732742870578e+01
2.294979521415349000e-01
1.195290976870392985e+00
1.403915215799001537e+01
1.930248832446861940e+01
3.833121748479784152e+00
5.446432495548333641e+00
6.034872124237450564e+00
1.235493576018962258e+01
5.889967648880267248e+00
1.553266521983615256e+01
1.990088632785095513e+01
5.998391332732931680e+00
7.223468186423235515e+00
9.772519611568059261e+00
3.970965785359576117e+00
6.266986062010318825e+00
9.506320257913417393e+00
5.894494042113220367e+00
1.333426641585325201e-01
6.554795909201330595e+00
7.107511548663560497e+00
1.264031810325602911e-01
5.781814585769033066e+00
5.667900770546868472e+00
8.886228508316294850e+00
9.351029092218338334e+00
1.244243912181343426e+01
1.894268684941005887e+01
1.802222612759768339e+01
8.784982186536407056e+00
6.109864432703969506e+00
6.948358051470871821e+00
1.553336527657473098e+01
1.469332765472841018e+01
1.865219390357548690e+00
5.631264003335743951e+00
6.313405406282548427e+00
1.770737010547665946e+01
1.248368165681250086e-01
5.545697030390408955e+00
1.079647755399123776e-01
5.698453286523802674e+00
1.615929389947684536e+00
6.422800425427680260e+00
2.784348665081513463e+00
1.189570302078756803e-01
1.295209757668862038e-01
1.950345398822906162e+01
5.551448545157731118e+00
9.954000497468282305e+00
6.439695382151414904e+00
6.195355492315403723e+00
2.850273081565766198e-01
1.813255403598233784e+01
1.374373629506473182e-01
6.034260384200586635e+00
1.743086024982940430e+01
2.566563226289600430e-01
5.672955454667459207e+00
6.253387706977862948e+00
1.188960771125638693e+01
5.618486464813420511e+00
5.807730341320399781e+00
5.764198630907825027e+00
2.936165529285987841e-01
7.226668123577570491e+00
5.530766001490923678e+00
5.715976277179776410e+00
1.508117454039432648e-01
5.235416993605514158e+00
1.364447768645884906e+01
6.823401883747504115e+00
1.692931871964091073e+01
1.590358662589359362e+01
5.821799289292171942e+00
1.494415848217975684e+00
6.591965833784550810e+00
1.229435889268860826e+01
5.985528862784144977e+00
5.562175027831273155e+00
6.658942139621073508e+00
1.255296096563485975e+01
5.798633662460145999e+00
6.535307741750159494e+00
1.163843117121886905e+01
1.735633877645043621e-01
6.906780211139089687e+00
2.709038056194431610e-01
5.434203158516994314e+00
5.884275704135516705e+00
2.162729301718471775e-01
5.931959609919321252e+00
1.323008009125251627e-01
1.762920763550549097e+01
1.202520188203975771e+00
5.984948064086967001e+00
7.261767398114717942e+00
1.087789885401607287e-01
4.626316259785941964e-01
1.849659699511307664e+01
5.022160625074631568e+00
6.395517358825565601e+00
6.895392099726032065e+00
6.688765046707706219e+00
1.391425215830086515e+01
5.363404874008011802e+00
1.483293218014105186e+01
3.749706892599714569e-01
1.281084453412711710e+01
6.523688136548496885e+00
4.950195164019689287e+00
1.100531175307031262e+01
4.673355851507952075e+00
1.325885013101670218e+01
8.517717101611882669e+00
1.674448783443568445e+01
1.443899477560355393e+01
6.437375031851112483e-01
3.296221727802775558e-01
2.605581306692592580e+00
5.273269751671431749e+00
1.566999035726869138e+01
1.512086036187539051e+01
1.318290668812460531e+01
1.828853103095617172e+01
6.217431002938599072e+00
5.422956375340655555e+00
6.008989770176508038e+00
6.249618179776030402e+00
5.475342414706074301e+00
2.023682525170414914e-01
1.742529709819239658e-01
6.835439873158882129e+00
6.645444964058634163e+00
1.958905503625779421e+00
6.460257175768435722e+00
5.092628879349801352e+00
6.242612133774742667e+00
1.785818331703748285e+01
6.255235949400654860e+00
2.149581831453244440e-01
6.295218401830880772e+00
4.303894964195551509e+00
1.228095406806009871e-01
7.039445765158000690e+00
1.183404953949029448e+01
6.496677657564739583e+00
1.339474536594292831e+00
5.918166315858000459e+00
1.499147974267409644e-01
6.378622125071418125e+00
7.167398792254537021e+00
1.788080122324272325e-01
8.013129031455827445e+00
6.308343171667372573e+00
3.381816360756862316e+00
5.974158762906857767e+00
2.220838245107251141e-01
5.951154840723220651e+00
9.959178553474149709e+00
1.766407100149000797e+01
7.202719125773564102e+00
5.377600752731093614e+00
4.517627180193555247e+00
5.782684570918129374e+00
6.297136604091477352e+00
1.053657143621040504e+01
6.477053816900020244e+00
1.795212700974200715e+01
5.317318945264146279e+00
2.406551354861540037e+00
6.255199909797626745e+00
1.958787735481175929e+01
5.265566848741896067e+00
3.511839831443813953e+00
5.531566432186340698e+00
1.080529029518039641e+00
6.693363142818643752e+00
6.330903937405473414e+00
1.421539396977090197e+00
6.371561087448491811e+00
6.909884142814668451e+00
3.689218594366376447e+00
1.347595866426774514e+01
6.077555514991581642e-01
5.581266772714796431e+00
8.977479182831796800e-01
1.235266516259495850e-01
1.018010766955089075e+01
6.187937588439022640e+00
1.094893225693319039e+01
8.866864405087628853e+00
6.645620499469514719e+00
6.510725187649695656e+00
5.733518350816946274e+00
6.042517406850518746e+00
9.598887813354263443e+00
1.196691133926413436e-01
6.369676332609263802e+00
9.219658596809237494e+00
9.722271732717542747e+00
5.320878820453734726e+00
2.013899014208101745e-01
6.021996431593422017e+00
1.634333597516232928e+01
5.896740817900965048e+00
1.874898151507855459e+01
1.462126554552741764e-01
1.624716294663881300e+01
1.957044148134512085e+01
6.302239127590500978e+00
5.697149566495059325e+00
1.666133051047906477e+01
2.221785964363854615e-01
5.811737011884075876e+00
6.426795972370029197e+00
5.337731686947630116e+00
6.009702037237093286e+00
1.507307246192153016e+01
6.710101512706337701e+00
2.072062192830078919e-01
3.764421457657029624e+00
1.806267608012383263e+01
1.259498380574703624e+01
5.960190816662866986e+00
5.791114691506765055e+00
6.748530245373247638e+00
1.314823503230299895e-01
3.236055385908727544e+00
1.509883571514440415e-01
1.420571219253632478e+01
6.573701033962573881e+00
1.346550301501774172e+01
1.188675967314690496e+01
1.820270796987965412e+01
6.603251356774480385e+00
7.790427264482981506e+00
5.589097768327930815e+00
7.049412943519304697e+00
6.297258505092372616e+00
1.704281969972248068e-01
1.393832805775284955e-01
3.700704770931433352e+00
5.891244275905629380e+00
5.990209978356342724e+00
7.995141639349514939e+00
2.168770804104616534e+00
7.388000090342053738e+00
1.062771776906969023e+01
2.152608961157925216e-01
1.173639954749775838e-01
6.545905615431155233e+00
1.138952415481944769e+01
6.610054053739427005e+00
1.646414274911006359e+01
5.648377640316164516e-01
1.544116608278164904e+01
6.445942450875573826e+00
4.983673717053866525e+00
1.483872663594694430e+01
6.611417320349826987e+00
5.937869756801291032e+00
3.788414052924028441e-01
1.283394979747664522e+01
1.466050208297604840e+01
1.593479262399227281e+01
1.992448491707606095e+01
3.290290534765913044e+00
7.011655134789559263e+00
1.761364949045859662e-01
2.136801172643650604e-01
2.612365716532679127e-01
5.628150686008019044e+00
6.174039086753446703e+00
4.813546786043028547e+00
1.653531244715844295e+01
6.151765462747263769e+00
6.129148263483038761e+00
2.606951128693383857e-01
8.517697212513906990e+00
5.996901818422745833e+00
1.458719601762092921e+01
1.951762431074353099e-01
4.755017172892229027e+00
5.558509341146047333e+00
5.511605550821190747e+00
1.450003273707534568e+01
5.087798478609478536e+00
6.173641770579978427e+00
9.608946093887610118e+00
1.184242732726976388e-01
4.832823628727917153e+00
1.446576486090607183e+01
6.305008869757572576e+00
6.349679856934717037e+00
1.037054511643425575e-01
1.211686263952418052e+01
6.522303463128470646e+00
1.305293741240006256e+01
6.654379393103359241e+00
6.867854054260403629e+00
5.243101119684386191e+00
6.458261653243771327e+00
6.241421336063430303e+00
1.666401376372219911e-01
1.443928736084239794e+01
6.493590072906331834e+00
6.835707043772693225e+00
5.450043341339970482e+00
6.215124010049727588e+00
1.395917063547124570e+01
7.012374843621705267e+00
1.118853898472008390e-01
5.722376829456019998e+00
7.101527995287281847e+00
1.439031803966032141e-01
1.534398616291472806e+01
5.205402492717807306e+00
6.570167648687666784e+00
1.353225400029594816e+01
1.904885627702164186e+01
1.535370755601337678e-01
2.660079750320441527e-01
6.105434497662213467e+00
5.960479753065228259e+00
5.088808037116152150e+00
5.997391542170483980e+00
1.231589143414540954e-01
1.454110228298769181e-01
2.979631506671251984e-01
8.265701230140294342e+00
2.091961480002396456e+00
3.305645737690573238e+00
1.255626973661170709e+01
5.783871986909195684e+00
1.121329304974903740e-01
1.028782220960083177e-01
5.461710146501894236e+00
7.703912477090754329e+00
1.075372862480489822e+01
1.248371736546443245e+01
4.864141585835972670e+00
4.472573147959187700e+00
9.343035411456456885e+00
5.736163280427923006e+00
1.884770024672314248e-01
9.320111880807385063e+00
3.789055089408804644e+00
6.487307529396352024e+00
4.759445347636980017e+00
1.081506980795144557e+01
5.673378400596657656e+00
3.928950109313050776e-01
1.349853555893929702e+01
1.346841409302074233e+01
4.943084856171029884e+00
3.685693757329578935e-01
2.736732426799723950e+00
3.712600378552912250e+00
6.016318407284845016e+00
6.275811688592772164e+00
1.692120160272845908e+01
6.561091604774322406e+00
1.207772522826924128e-01
6.401897930675166215e+00
9.724488130293622579e-01
6.055980568300632250e+00
8.437881055039960998e+00
5.458520502042516931e+00
1.815749736384267266e+01
3.234833618787243958e-01
5.181433846414643440e+00
4.256699569222107016e+00
1.631185927585167761e+01
1.974325930062157952e-01
1.443169209282922871e+01
5.070590909959148185e+00
5.756612696746358004e+00
6.102751932484528297e+00
1.270433119575163161e+01
1.072949741272824298e+01
6.953757914918821115e+00
1.081239244020618884e+01
6.221735047838672372e+00
1.520215017255250345e+01
5.923051534488680048e+00
6.090151898860606039e+00
1.613812244613231428e+01
6.265727790289722599e+00
6.528945813238347995e+00
3.064138979774552740e-01
5.616246613121177234e+00
5.313051710746149681e+00
5.514497266949979881e+00
7.848296359525829047e+00
6.710400925501796010e+00
1.514221010810995871e+01
5.953142014801937165e+00
1.910073561589703317e+01
7.550250190770363412e-01
1.777795471990617215e-01
2.537676631035623576e-01
1.788837685975011382e+01
5.807426821129066496e+00
5.714803914968845433e+00
3.981052589551557386e+00
1.178296062925979903e+01
1.544165728451599406e+01
5.639846681328066325e+00
6.272414828952821431e+00
1.260203957282099729e+01
6.664158470768167142e+00
5.067115048481130479e+00
6.210753946129583092e+00
5.565093709501227615e+00
5.139190347860874697e-01
5.174183792597327525e+00
5.575028719869217220e+00
1.695893182318836523e+01
3.897877152357729358e-01
3.639246072048671010e+00
3.756885099529231109e+00
1.166720657643895570e-01
1.468889278766034678e+01
6.219438591379802261e+00
6.506668655342219054e+00
5.764043700789935443e+00
1.978544780032157391e+01
1.517701828010825094e-01
5.521901416846818123e+00
1.122073305144033917e+00
1.792638171722555640e+01
1.952158997779525340e-01
1.411228461442776805e+01
1.613883122275987958e+01
5.022184366565964897e-01
1.212796862576250945e+01
5.833409080197735186e+00
6.384379959429191231e+00
4.980024528057088062e+00
6.744220588487394252e+00
2.063280267069361462e-01
6.170304033011852596e+00
3.040380231409846035e-01
8.324493113690660806e-01
5.649547449448892422e+00
1.854845664912128933e-01
2.205262113379622135e-01
2.021958187201090829e-01
5.364741840401697992e+00
1.075581561275289388e+01
1.984272578928251107e+01
3.873623214872435216e+00
1.412307713617428284e+01
5.933051647976714804e+00
3.399661970329564964e-01
3.824485360871836104e+00
1.893605547534885858e+01
5.693022702661999723e+00
1.344822535523310236e+01
1.564107760835802097e+01
6.048682922805443063e+00
1.264048585505946853e+01
5.795534119805672901e+00
1.500712108826962776e+01
1.386778320442962342e-01
4.959022299552818147e+00
1.218318800528168389e+01
8.387869667082732406e+00
1.931959364266743506e+01
2.578060466981135779e-01
6.151239055751053009e+00
1.637599823808713850e+01
1.846831245146607259e+01
5.679764580854924638e+00
4.673830799536312419e+00
6.561411286023061784e+00
1.546173944633811859e-01
7.047360285495909871e+00
3.423388116674077164e+00
1.301187931556268218e+01
5.237157916066611740e+00
6.083275730014720217e+00
8.058228116647706329e+00
9.835091404794676251e+00
1.609606923956793878e+01
1.187457858822740420e+01
1.406969811009821036e+01
2.147555646585362910e-01
5.107240878905273895e+00
1.751438761163386104e+01
6.569518803772311344e+00
1.479253940446701721e-01
6.384688282406793647e+00
9.557486696967984585e+00
6.291121669748332756e+00
6.003279882643459686e+00
1.374362563459727016e-01
8.506544091217075332e-01
1.736369536977974137e-01
5.902671369326013995e+00
6.999952933081832640e+00
6.395899210109025290e+00
1.020370970618854622e-01
1.855110495250738012e+00
6.863603249251779559e+00
1.856361448958843496e+01
8.632856611760695742e+00
1.601400097114686671e+00
5.952003711475908787e+00
5.489311757920335211e+00
6.104883924444820309e+00
1.270905796936247789e+01
5.209095247184823307e+00
6.247037247729716469e+00
5.745661164351957062e+00
1.198287737261931518e+01
1.399868203885163709e+01
6.926895744117274489e+00
5.438012921751564477e+00
6.646815252489054693e+00
1.316577594700806542e-01
7.056109297786952617e+00
3.011198616263696670e-01
1.717859233373609129e+01
1.009630589251499089e+01
3.507658167881795741e+00
7.166729486630024404e+00
5.442541600588824302e+00
5.760828400859502985e+00
5.650733672909661998e+00
4.849502822783517075e+00
7.579896343051625962e+00
1.339462347929068109e+01
1.468302725911944506e+01
1.315384916801528026e-01
3.320739607722582587e-01
6.414533525101163036e+00
4.237010384909943639e+00
8.338704360704470853e-01
4.346049176041926643e+00
1.117480866140536300e+01
5.357654902091263160e+00
1.417751094417888935e-01
1.646605658069001521e+01
1.996413762550142224e+01
9.005440937431682613e+00
6.003667818092901065e+00
4.064584580905689748e+00
7.854531755831683171e+00
5.420639400423047150e+00
6.559088031699525700e+00
1.147334080036497106e+01
1.841109952608167788e+01
1.863820340418437738e+01
2.795156946237720152e-01
8.172757329871197740e+00
1.152831765890455218e-01
2.785625050355719501e-01
6.426847063009403449e+00
6.537822032612738532e+00
1.214815007086433168e-01
6.018878228270883035e+00
1.965621681323533920e+01
1.602929741728228663e+01
1.385113149692910284e+01
8.923778692740944152e+00
6.021373352929305867e+00
1.021438112380123364e+01
6.362514397404619437e+00
1.284230948962057361e-01
1.876004003197189363e+01
6.289735450947555151e+00
1.698873248647793377e-01
6.857651375213450251e+00
1.036345990548342699e-01
1.938065294014520035e+01
3.167753923076772615e-01
1.016269053096262631e+01
5.932876950302142127e+00
6.321816840748435418e+00
5.677256031847835338e+00
1.247827913825059909e+01
3.288048559508701452e+00
1.062518201950521224e+01
1.546958566711657568e+01
5.422873532201788471e+00
2.650898677522369740e-01
4.666866049379220449e+00
1.624660146888178858e+01
2.807565214711280066e-01
1.921526435683557965e+00
1.742055630305122671e+00
8.561954335420510986e+00
5.626947684031113894e+00
3.988380830695208878e+00
6.108806837805694556e+00
6.862408744799512128e+00
1.017079692948261105e+01
6.893335490964591195e+00
5.933299965002373000e+00
5.987410145519044491e+00
5.798631455356738407e+00
1.899088345663417599e+01
1.795102348457401931e+01
1.994221028715498223e-01
3.390674932090914639e-01
1.258196888677210445e+01
8.212741808694968171e+00
5.691707555892349113e+00
6.397660381126445195e+00
2.585919221409615498e-01
1.562650019890748077e+01
6.499002180667440953e+00
1.929332699383681415e+01
5.870399324209614633e+00
6.820686336649840698e+00
1.234027147952781256e+01
6.581668012719952721e+00
1.729658479910000324e+01
6.775606034116459675e+00
1.748718559794481919e+01
4.926778807581891684e+00
2.255765237261946332e+00
6.485690870539353448e+00
5.129463171531448040e+00
6.396125643039996866e+00
1.370365951854241482e+00
6.241524574307420359e+00
7.388340699764643027e+00
1.325825641651725206e+01
3.557191195518895288e+00
1.662294034973849222e+01
6.072982197981262598e-01
5.046713495766002033e+00
1.454753408106594925e+01
5.718749960377957464e+00
1.380812958175144090e+01
1.731133318464942761e+01
1.877317900359711444e+01
6.714116723947485710e+00
3.196797374411737280e-01
1.248097820959907445e+01
5.352003330050591146e+00
1.216204544471327154e+01
6.126899534964150185e+00
1.401810838469911857e+01
1.309773616213210368e-01
6.264747247465681568e+00
5.792278958020118829e+00
6.063943160335094618e+00
2.381560265169567758e-01
5.652912257750478453e+00
1.647516821241356566e-01
1.542637361899178994e-01
1.139058331205058572e+01
5.184187525622817816e+00
1.663881554207554681e-01
6.264024501550635726e+00
1.172972313657406895e-01
1.400446362914911447e+01
1.031654418051567745e+01
6.344606375468020865e+00
5.291257946267692525e+00
6.166312760132045767e+00
1.881742507939461007e+01
9.668907688472616613e+00
1.399076072601088960e-01
1.100957922527982247e-01
5.983042745836459453e+00
6.111816041294447999e+00
5.510853852582348722e+00
6.061664384298546260e+00
7.139142257731470487e+00
5.911197358313450501e+00
5.956016669775789474e+00
1.249293368889200018e+01
5.828915785107925629e+00
6.505655054234061652e+00
7.318617270970365851e+00
1.339669165883219648e+01
5.571798100692916478e+00
1.048522473840963060e-01
6.062140524555969634e+00
1.044710587268236346e-01
3.497425128852948983e+00
5.912838799791866329e+00
1.246968291522106043e+01
5.997602849561503469e+00
5.866693549748073444e+00
6.101634934578270553e+00
4.565577525720693863e+00
1.907487617748213626e-01
1.895251576531697779e+01
7.190422277009509422e+00
5.548037314613472937e+00
1.852836994109300051e+01
5.069314735833751584e+00
4.747196679842934586e+00
1.173458176256423902e-01
2.278083088840807235e+00
1.382091423072556680e+01
5.636749558243720593e+00
6.492301666647947833e+00
1.823954413209646575e+01
3.405628218342181768e+00
5.923418631548146074e+00
6.149367738993684718e+00
8.594204661968873893e+00
4.814053117387025793e+00
5.789056874576854028e+00
6.445165476024148354e+00
1.402085236987235639e+01
2.351172570248508120e-01
6.603792635985668902e+00
6.117792104640866313e+00
6.641987719543245738e+00
1.362757860861637482e+01
6.930711740241549457e+00
6.330670738918961149e+00
1.102092649664166979e+00
5.847951096169015983e+00
6.067563348682992519e+00
5.468178273879809481e+00
1.264634482137032911e+01
1.454492824601282841e+01
1.957791550798095415e+00
9.170495945042071995e+00
8.722220869661807541e+00
8.514136905504992470e+00
5.476029226805408712e+00
6.332291231369861606e+00
6.367557532418960164e+00
6.346418196324574268e+00
2.449099880204312352e-01
7.792088263202033183e+00
6.126344024427441859e+00
5.801223736858403868e+00
2.943362492866672842e+00
2.851618638431031805e+00
3.929186090770306894e+00
6.164914771226811752e+00
6.428850817648187999e+00
1.803873014266639885e+01
4.589042632128576216e+00
1.774256669120917707e+01
2.390464967358437054e+00
1.679680059401151127e+01
6.521931571038500408e+00
5.958753554803370101e+00
1.319933625583357140e-01
6.584156107912821021e+00
4.708176110093241995e+00
3.088702970640422318e-01
1.438843236355575961e+01
1.115357872935972106e+00
5.757629608237246899e+00
6.278631014374594699e+00
1.017110472679739708e+01
2.025261642847215882e-01
5.803043255429624736e+00
7.102225800348782592e+00
3.233128423101940818e-01
7.047697284486259761e+00
6.039282114994913186e+00
7.283778634634093585e+00
1.963496885598898345e+01
4.181745472527067520e+00
3.023719862499264721e+00
1.818064726438929801e+00
6.239110595856256936e+00
3.554144334290132434e+00
4.021528753777054987e+00
5.978722875694891137e+00
5.979287622134402014e+00
6.095418010164501688e+00
5.869908507427089361e+00
1.147173046415519010e-01
1.311796061215162901e+01
1.765241799061666583e+01
1.395329251022965789e+00
3.294428663143186942e+00
7.349734150851610082e+00
1.685200016973888992e-01
4.521754313715449669e+00
1.424994977415689235e+01
1.173055149324029323e+00
1.990262980441539042e+01
1.042552558774751326e+01
1.324457442430499476e+01
6.277915646140290740e+00
1.102404960765113273e+01
1.861114444744484675e-01
1.636070325688920235e+01
7.745992909369562085e+00
6.215327046635882979e+00
5.808665233064560951e+00
8.941936662150343551e+00
1.687719255626480219e+01
6.023565001115189332e+00
6.699752967349795973e+00
2.744999732880241683e-01
5.390933446424327258e+00
6.822602671682740372e+00
6.643019512209215272e+00
5.103581023364722746e+00
6.158817739912867850e+00
6.203935156621187552e+00
5.325529894321359592e+00
1.379402922098782180e-01
6.498359000143283382e+00
1.024480894008245269e+00
5.715381981560026858e+00
2.193513890299639002e-01
5.764771571046526155e+00
6.333271807070508963e+00
1.403802675351920115e+01
1.647750148205724940e+01
6.521163118575836748e+00
5.975828829191470959e+00
1.449145695156538594e+01
1.875654689808665765e+01
4.831340090658254871e-01
1.540263067552642084e+01
2.148907346551422182e-01
9.962459529728868723e-01
5.841131570129634909e+00
1.219221555637022192e+01
5.128069910657796271e+00
1.023623383806220133e+01
1.349518718066687217e+00
5.482618336192625286e+00
3.523911478162780053e+00
2.648172647096563193e+00
6.706082353250576666e+00
6.104388673568265311e+00
2.054595527767081042e-01
5.901884997109259956e+00
1.276368913855627341e+01
1.559181158004822620e+01
5.787561804367529206e+00
5.623966904835501879e+00
1.022416875897855704e+01
2.032790767630982542e-01
1.355822051250725191e-01
1.377293710687925277e+01
6.587060836227191629e+00
2.663664571455376384e-01
5.519512136255356971e+00
1.636753940545782626e+01
5.137832418429455039e+00
1.354985359541025680e+01
5.231468482594098468e+00
6.099396324784123635e+00
6.088133530092114221e+00
5.006844641641600369e+00
3.813040458770737273e-01
6.718785495502458183e+00
1.545831405539487058e+01
1.062089354531446261e+01
9.233480167764783531e+00
6.203697993657249832e+00
1.308675979511936660e+01
6.998978488815136956e+00
5.395467983087545605e+00
5.514491270681380897e+00
8.517335644657352489e+00
5.109329618902196835e+00
1.448647293718595686e-01
1.829172494528766846e-01
6.471097184064262819e+00
5.549512630060623231e+00
1.842565988959729850e+01
4.388504788865325024e-01
1.772890571226008305e+01
2.936267778209662449e-01
2.214327318968701164e+00
2.427998070406245934e-01
1.065249387505975975e-01
5.843917401830422520e+00
6.716871487460084111e+00
1.495811545915416119e+01
4.490915778946658499e+00
6.344939822205782676e+00
5.872507894338637513e+00
1.741029364762274045e-01
6.346315078582534852e+00
5.497344127409620640e+00
1.183467847844201226e-01
5.369624178851117868e+00
1.203851069461586987e-01
1.852365395990271679e+01
1.370350018950710902e-01
2.124362113539396413e-01
6.022985894541535323e+00
3.210735371684791506e+00
5.602213427477852115e+00
6.423253467345931611e+00
8.288129569526896390e+00
5.910335035226420786e+00
6.493416246920468815e+00
5.776164736357648266e+00
6.321193038922033658e+00
2.039939114302109224e-01
5.953996466429698486e+00
1.272941525819994091e+01
5.567451796117225626e+00
1.183674922651031558e+01
6.027558224526508468e+00
1.785904681416287687e+01
1.298876892297066021e+01
5.815842387626922516e+00
5.589828459612066425e+00
1.107157752920548133e-01
1.474150311227999666e+01
2.594516018506480282e-01
6.028489514586000908e+00
1.172467792230105887e+00
1.681930879535770984e+01
6.718390668307636204e+00
6.188241352568935483e+00
3.764952494058203314e+00
3.303433608861243709e-01
1.721939722073833723e+00
1.909740577229653979e+01
1.150017331403904386e+01
6.089793714548814130e+00
1.925350091853143297e+01
6.228190028067257522e+00
6.046301337676230681e+00
6.468005996319369899e+00
2.329667120527308288e+00
1.796638586152868200e+00
2.158418490549192381e-01
1.458395297453659545e+01
5.693090648445356727e+00
2.772999430231478102e-01
1.486006462144289131e+01
1.815357738898308426e+01
6.393539791130796957e+00
3.109769122798815011e-01
8.686592648883147971e-01
1.651546202093302895e+01
4.735736427933464832e+00
5.347384246775694017e+00
2.277064026417325415e+00
6.211044936336452160e+00
1.693463093345172155e+01
6.794884033176418647e+00
5.612011676274554439e+00
1.874003944135079536e+01
6.483699310904928126e+00
6.837706768480931174e+00
1.171131211893158941e+01
7.750127758486857310e+00
6.085132867740870921e+00
1.414607095382447000e+01
1.959228059198234106e+01
5.153735577018975889e+00
5.233999830039880230e+00
6.234776203472161882e+00
1.178844232902218403e+00
6.331211716725070104e+00
5.165312746004180333e+00
2.290924496943900768e-01
7.036638245239109857e+00
1.516071292304074447e+01
5.942744188706821973e+00
1.563833038510611395e+00
3.354910472520667430e-01
5.453590836078751281e+00
1.340201588905187791e+01
1.892733899574982814e+01
6.662393081477334889e+00
6.324441538428578369e+00
3.501440460126898913e+00
5.389313532330973544e+00
5.590006934830276997e+00
1.594746727767372718e+01
5.977865367451685508e+00
5.818067859655343455e+00
1.596333947835002398e+01
6.064211318149356877e+00
1.275576071588352400e+00
2.226910021473831047e-01
1.995796601349805499e+01
3.357407479572421805e-01
5.129364389230986809e+00
9.424162977213205394e+00
5.535550954020775016e+00
1.997383512971564745e-01
6.594766726555831404e+00
7.863048301956149011e+00
3.353072139298911569e+00
3.435783510481676295e+00
5.940622812224042981e+00
1.004755548101695650e-01
6.113347064141344767e+00
5.812511023284469225e+00
6.195166160555636736e+00
6.644260535678542468e+00
1.118969117759086723e-01
2.244617762791074056e-01
3.294956815138749828e+00
6.323469046806043714e+00
1.000718131935504829e+01
1.201385595222931002e+01
1.939011681792390718e+01
7.103969222892384749e+00
5.327821827511153074e+00
5.369074228158605244e+00
1.621098914438709215e+01
9.952628303851945191e+00
1.712215181580474166e+01
1.041412894061957556e-01
6.408520552242257251e-01
1.015380925173305116e+01
7.179990649275700854e+00
1.604009391108661475e+01
1.564283260692440614e-01
3.640758677730927761e+00
1.088021342870216301e+01
1.480970456451707606e-01
6.407988606985294489e+00
1.618796619520152902e+01
6.335713589060657291e+00
6.010003511762199935e+00
1.347138927929900021e+01
1.317948921257930373e+01
1.081484203791017684e+01
1.916499344187384324e+01
3.492146374443096390e-01
1.699397974157444979e+00
5.660001705125416116e+00
