6.477606103183009445e+00
8.539694147790131140e+00
6.095434147460542462e+00
1.046532280128772641e+01
1.139075095672218296e+01
7.093455207425405362e+00
1.722251458605530061e+01
8.052622764132426170e+00
1.561097625695378466e-01
4.176580489597977675e+00
1.271763540550975158e+01
5.579198133245514946e+00
1.011027191576227757e+01
5.788063455883167840e+00
1.264569104063679172e-01
1.002002441960290469e+01
5.979591534206191383e+00
6.521888232126908491e+00
7.050057283356171212e+00
6.206677017366055260e+00
4.989649153432810458e+00
1.148520144141013866e+01
5.763930604992117956e+00
5.756529214796747063e+00
5.935334782979599488e+00
1.506165357498117352e+01
5.474471847759576626e+00
8.526329628414129891e-01
4.475247206745539330e+00
1.180760803326041319e+01
6.180324399030935112e+00
5.738983136755073211e+00
1.597408626050410563e+00
7.202432880566940199e+00
5.228541087641046303e+00
6.959033033816875324e+00
6.261163780769551046e+00
1.132033888851043113e-01
1.189398416509518874e+01
5.894780423939834257e+00
5.247656806021972820e+00
6.371696632346304234e+00
1.096448543108223994e+01
7.196752876300107182e+00
1.612375447510209270e+01
5.667387716776615569e+00
3.260164228657387864e-01
1.254419181344769996e+01
1.542350671301862164e+01
5.234112856660724233e+00
6.206389522302872663e+00
4.099997163338409578e+00
5.480430177021124116e+00
1.866465033287195041e+01
6.455511848707244482e+00
6.061643947897787932e+00
5.579014551552148760e+00
5.643855058681855219e+00
1.990636224544473087e-01
1.356344917559831842e+01
1.025085023282976771e+01
5.398119246890657585e+00
6.001518477884743241e+00
1.328211121114717308e+01
1.700638624045034131e-01
5.746012358685632648e+00
6.024554989585803710e+00
1.600104748536842081e+01
1.354089058219280695e+01
6.064666939061673645e+00
1.564047558111910652e-01
9.312489825729931781e+00
1.622511014232808435e+01
1.827263028534231282e+01
1.706673610275368702e+01
3.916098649876707860e+00
4.281501570297050030e+00
1.990037279368015166e-01
1.441179854480787981e+01
6.526919291081427765e+00
6.990753685401864814e+00
2.262635654064431456e+00
5.795599264753598767e+00
9.146208595734265145e+00
1.280167290789323076e+01
5.302907644301921408e+00
5.963430413685975040e+00
1.944792487376760526e-01
6.673714537535967217e+00
5.523913139351739332e+00
6.042401666932350146e+00
1.862435715837685635e+01
1.784641437487816518e+01
4.386034200736337318e+00
1.097255610416106031e-01
3.973795797011989261e+00
1.283868526122972753e+00
1.384363262370698600e+01
1.811269106978496690e-01
6.164299678139119720e+00
1.997790623988908365e+01
6.141551816178075107e+00
1.223688326061133402e+01
5.577618686137637560e+00
6.233733003101325387e+00
7.854635437125359942e+00
5.775872524521073359e+00
1.992390804780805524e+01
6.741568564617692161e+00
1.089732921236918806e+01
1.869885901123320149e-01
6.346318851521984605e+00
1.028978094704650348e-01
1.386124278618796168e+01
3.888072936734113250e-01
1.110517745921965194e+01
1.312176779630455670e+01
1.900145043351629681e+01
6.899009153454734644e+00
5.390043941427528296e+00
7.976987494640147780e+00
1.957813549604802805e+00
1.952115155265374602e+00
1.440896217586861705e-01
3.409490219921768261e+00
7.556174006134689591e+00
5.996521508510562093e+00
1.916316911245648313e+01
1.467328655772507240e+01
7.026365674087997171e+00
1.832032160912842755e+01
6.324749227425691345e+00
4.954046872427708692e+00
4.510356037121031392e+00
6.535785477106473174e+00
6.001006079770113466e+00
6.230128997728554552e+00
5.448382350964291021e+00
1.982556708242131904e+01
1.379115977884294963e+01
5.851949424010567391e+00
1.666067676438773848e+00
1.852354385566618855e-01
2.108056152886103873e-01
1.262688545142866270e-01
6.485432080124243548e+00
3.367235102464994245e+00
1.056936574235673909e+01
9.477646318830391436e+00
1.697567062951096872e+01
9.094559219849903897e+00
6.004456609540369527e+00
5.356756018226733751e+00
8.441982874611925425e+00
6.377695627017487823e+00
1.264092233912005803e+01
1.623046372538708582e+01
5.705610379742093841e+00
6.632450358483843011e+00
6.753418863936790473e+00
7.679095896321022074e+00
1.004304258476500511e-01
6.211833408910277576e+00
6.249418843466980178e+00
6.139624619172504794e+00
5.606965783583603979e+00
1.375110804172177403e-01
2.439659311735625113e+00
8.718180559484371983e+00
6.188666224491761625e+00
2.928337660125635900e+00
6.141401277005052783e+00
1.912709996281164138e+01
1.518635679825968232e+01
6.126867142835520141e+00
3.285939165708818832e-01
6.241228447014425029e+00
5.280835894513367990e+00
1.436414927937452113e+01
1.051650908070509161e+01
5.280516403441448681e+00
5.937504127169427548e+00
3.663535767677974508e+00
2.132957058842255560e-01
1.482380679112873523e-01
6.123852829314479607e+00
6.430842174375777098e+00
6.180992572190790568e+00
5.170229089527954791e+00
1.330784287141118405e+01
1.862613486254584838e-01
5.735922154043757715e+00
5.401704759168081793e+00
6.655723576547353915e+00
9.961579937440603771e+00
5.598265300163514979e+00
5.278419523372697597e+00
2.258545843072447212e+00
2.975698159575716595e+00
6.178131785486042027e+00
1.494698633281758759e+01
2.091514434945200840e+00
1.855825391883042030e+01
1.945969983463224651e+01
1.343033420991313598e+01
1.052522264337613933e+01
6.679888211635947926e+00
2.966143158481022279e+00
7.282193021662038745e+00
1.021604972435313030e+01
5.824422369390548582e+00
1.063035945229279555e+01
1.995251448048157883e+01
1.684977957144436900e+01
5.876526980614981355e+00
6.588755195732645120e+00
6.894164531610094571e+00
7.850034832901395809e+00
5.865797227027511163e+00
1.843676425834519295e+00
6.283026173744663545e+00
7.301180387052864873e+00
7.249189544671390983e+00
1.066977128114942608e-01
2.886561218753309066e-01
5.717976283466478016e+00
6.006310917029288099e+00
5.509971984355009234e+00
5.874026240281692068e+00
5.638541651587845038e+00
6.401980152570652116e+00
5.965727955327781551e+00
6.182844832874488716e+00
6.232019093095139795e+00
6.166211527032488426e+00
6.199272291471160656e+00
1.051025872199766553e+01
5.396585930023616307e+00
2.281220179801493497e+00
6.527713574029875510e+00
1.187396783078382079e+01
1.821765915998856622e+00
9.492690653233751163e+00
5.283716099724422577e+00
3.089173683623606337e+00
1.351697910251111467e-01
1.516091035902659634e+01
6.032905293119497081e+00
5.340238257578509895e+00
6.817090701892060345e+00
6.247776538495189769e+00
5.215081926511650146e+00
7.576059235014022342e+00
2.602864653383987759e-01
5.409840020146962303e+00
1.563938332770444806e-01
1.862667902400120568e+01
5.205158062987928602e+00
5.742004532135618788e+00
1.189058637439319632e+01
1.596202831691445745e+01
1.470349902333232261e+00
5.445850629626272088e+00
5.919379339479699631e+00
1.162268431053197837e+01
4.626847982886627797e+00
8.730599264668145176e-01
1.523994315255197662e+01
3.389817669445331916e+00
1.788829545609812721e-01
1.364402385513272797e+01
1.043098522209200268e-01
1.107537111513859085e-01
6.608888537987192002e+00
1.285595137484291328e+01
7.686640979704429277e+00
1.089565332579088608e+00
1.204237191657279915e+01
8.559139091892992823e+00
1.014693221747224960e+01
1.532958566016743851e-01
7.220136874578654940e+00
6.050411721485197347e+00
1.377189467020320102e+01
5.958987161369308616e+00
1.255980150113333860e-01
6.095062169433396626e+00
1.921432019707204475e+01
1.589520144808726876e+01
6.264744589963827437e+00
1.698114728075988822e+01
7.092469072532356478e+00
6.431006259593697649e+00
5.921674024413534632e+00
5.468191901601628935e+00
1.820953444941717336e+01
6.347382712836512120e+00
6.270627767986384882e+00
1.158516852943658826e+01
1.967591415276865519e+01
5.364217730001306528e+00
4.590921257881742434e+00
1.588114540950514453e+01
1.794348841601850708e+01
4.713550052333890683e+00
5.995978857551622632e+00
1.778540072830801788e-01
6.141257903322602019e+00
6.133271710474431870e+00
1.454506516972048047e+01
6.168584223814200129e+00
2.833591195901384641e+00
5.103680269302827810e+00
1.428330722906481931e+01
6.985184602854763725e+00
1.057045471165653644e-01
5.929947968887171683e+00
3.533585800325311777e+00
2.593863750505150279e+00
5.704567084408261657e+00
6.128271131155963225e+00
5.776122022333408879e+00
1.613021407640466265e+01
1.290945444857353586e+01
5.413350258128309278e+00
6.287277089312048872e+00
3.191431911824369472e-01
6.808152741305653954e+00
5.992932132214840557e+00
5.819735603774550903e+00
6.877689981581588619e+00
1.251584557248550389e-01
1.408597490869210045e-01
6.060243374618918821e+00
2.540645614531440444e+00
6.218983627713761564e+00
6.970098802195940024e+00
1.821248619213197273e+01
8.136901597398015440e+00
5.981156721049114111e+00
5.900132682768486347e+00
5.557713634853714169e+00
1.721608250202324086e+01
1.359742377319161655e+01
1.397830099822427175e-01
7.500706126023319875e+00
5.631769809283989403e+00
8.520531531021671157e+00
7.150910420408943535e-01
4.439895528046413076e-01
6.048981519922179473e+00
5.807232495264422312e+00
6.300922423630331615e+00
1.567244532247751110e+01
8.824288991017718686e+00
1.696994310969893149e+01
6.265846699430885458e+00
1.649873529230673486e-01
1.457077142769138411e-01
1.514063395057449746e-01
6.248335866221569113e+00
1.237812705433275440e+01
1.194227782031110863e+01
1.514426983046345576e+01
5.897830534370439359e+00
1.983333803440439913e-01
1.554516410115655667e+01
5.315785822597216104e+00
5.827404444516186999e+00
1.570650850385860586e+01
5.985520248523826581e+00
2.756415471504056747e-01
1.012619932457043781e+01
5.788024589673913312e+00
1.902477055794087590e+01
8.855826434737087638e+00
5.895759948164946529e+00
5.917670880923197707e+00
1.456697622568235673e+01
6.569728491979557994e+00
5.590629143161196524e+00
3.692278126705442087e+00
5.793102298597610833e+00
1.091359117995618577e+00
1.742737971885670589e+01
9.907017420647289185e+00
1.398978308180485897e+01
6.478000861644908959e+00
5.344515260088604780e-01
5.994225196764619845e+00
1.312827167275801798e+01
9.655329945414528936e+00
6.230478836623643879e+00
6.776335768572641527e+00
6.782803198336524453e+00
1.485371950869351032e+01
1.936582512878331741e+01
6.279269605783186492e+00
5.844066838908286599e+00
1.764558195665277163e+00
5.943126351751082836e+00
3.179739329432302863e+00
6.081772921254437136e+00
1.518955739560425577e+01
1.555384081019803055e+01
6.778708674388338018e+00
6.551588192561353274e+00
2.401822035687222634e+00
1.420265421752558588e+01
8.289117860143511152e-01
1.796643986454926534e+01
1.226804957851321554e+01
2.520208836874068825e-01
1.115341014115572449e+01
1.406333283366645226e+01
1.065916920118911015e+01
6.631955052430223319e+00
5.359303501826166105e+00
9.977545406068671241e+00
4.901889401179146510e+00
3.677457082138172240e+00
6.358120073533131134e+00
6.098541843478719748e+00
5.997999230609548427e+00
6.681326398031613323e+00
1.496573418481871443e+01
1.748827689245067429e-01
1.503977462134390564e+01
5.351369153415618030e+00
9.831549783438317647e+00
3.127767245001125573e+00
5.789060679074442106e+00
1.281951542444713099e-01
1.244011834087373813e+01
1.628906910240155526e+01
1.174805504442430326e+01
5.081122353464047947e+00
6.250602610704003581e+00
4.891473828213836583e+00
5.466279765753636610e+00
6.016546194569658113e+00
2.797490766535221329e+00
1.390358429305850407e+01
1.089072915095745131e+01
4.066782275517811129e+00
1.308836830263608064e+01
1.111060099708243154e-01
4.238412538102381610e+00
6.270807362299483323e+00
7.027361404277896462e+00
9.072970981442807670e+00
1.831687488270489217e-01
5.975705514142145347e+00
5.701695139177210159e+00
1.076409735277903845e+00
5.273078966209322260e+00
6.878868436056493785e+00
6.102007299541137186e+00
4.431592771100062222e+00
1.933257349523780277e+01
1.087229992110577648e+01
1.834068675348456967e+00
1.058746758852686654e+01
1.464063363412386032e+01
1.487982683156820407e+01
6.059248062333806750e+00
6.438512880103833602e+00
7.387008572738345435e+00
1.867867796068917730e-01
1.744212322830865602e+01
6.232462052581579925e+00
1.558559483560219938e+01
5.976207018319534825e+00
1.350359254985686697e+01
1.981690061019183702e+01
1.872159475567580955e+01
1.502648811115384042e+01
5.999054682929547688e+00
5.347107314970810377e-01
7.434163661346586238e+00
6.862065279577158172e+00
1.521282067067480881e+01
6.343410864072171584e+00
2.805971177189195975e-01
3.729727182537143193e+00
1.912397463610014114e-01
7.140242374144313509e+00
6.238900622028346277e+00
6.982948209478304413e+00
1.475084891252710140e+00
1.778472174335159295e+01
1.357489745444267482e-01
5.986145103753939267e+00
6.065296753198528457e+00
3.666140988674008727e-01
1.176298604439568862e+01
5.950632441156468388e+00
9.832099602761825707e+00
1.043270360877394554e+00
4.122827772457962614e-01
5.696005381633125531e+00
9.886487079049139481e+00
5.896548506989892857e+00
1.464270945543546532e+01
9.168548752556882064e+00
5.026893382139660638e+00
1.006267392634619995e+01
1.982143956620516789e+01
7.999374458102260776e-01
5.376085958274234855e+00
1.398067789459612342e+01
9.849043214273656144e-01
1.904531798843690638e+01
5.720763034189940477e+00
1.633853338758285423e-01
9.474760160568514777e+00
5.657248573624320542e+00
1.450603115750735661e+01
2.013255806430317707e-01
7.472494046024472425e+00
6.067864152166468905e+00
6.924818059999541475e+00
9.850758409690245188e+00
5.137757784471262745e+00
3.615873321160245624e-01
1.745483744864990139e-01
1.056855437644722784e+01
1.086792961263451929e+01
9.060995757540544204e+00
1.866896346532785245e+01
5.145967997597781896e+00
1.552816871381967445e+01
5.237938894343403540e+00
1.171504634122406330e+01
6.854187277845446680e+00
5.156456201601812950e+00
4.046527380975264876e+00
1.182421547530583439e+01
5.877867267528068318e+00
1.716080801805525691e-01
1.024169460469693149e+01
6.606862960382396288e+00
2.392677153966399572e+00
6.811005269397285566e+00
7.878759073932092072e+00
1.407751076130185730e+01
5.816389530558049081e+00
1.996881853498069237e-01
4.521882679743248090e+00
5.122884795286531734e+00
1.971590040250734432e+01
5.902763987961513692e+00
1.606895253372339738e+01
5.482810827018409938e+00
1.745815256277726546e-01
5.330291023098513215e+00
6.832358404359540671e+00
6.364069251083618539e+00
5.485497685563930581e+00
7.395963138235593703e+00
2.333405063170076232e+00
6.421450959595122576e+00
6.315958981400034311e+00
4.688036113666198546e+00
1.126251062891980226e+01
1.573073719589473285e+01
8.784661545277247185e+00
2.562473964042085495e+00
6.173597302159662625e+00
1.960511956259409416e+01
4.415760070723225184e+00
1.746622037338600109e+01
1.755265703419980383e+01
5.754904617405551370e+00
2.038501774046823367e-01
6.224958123447504654e+00
5.546291301509202576e+00
6.517917772816377742e+00
4.664817146417018279e+00
5.101673504213172450e+00
6.073720864268323361e+00
4.936144612610794624e+00
9.772590630928789324e+00
3.200193117561437539e+00
1.874503617951746692e+00
6.508431289930422636e+00
5.563584777646536139e+00
6.675255378258216687e+00
5.944066454184935289e+00
6.197904735228156881e+00
7.128961766324096949e+00
5.884593416053911064e+00
7.155448594896566483e+00
6.826952037423365205e+00
1.011360002648619094e+01
2.347777863942193122e+00
1.596148679164853412e+01
1.296030926442046294e+01
2.161598235657935518e-01
6.237293460275134649e+00
1.345274661117065451e-01
8.177997146078098467e+00
4.125215589403150029e-01
6.427491154401570483e+00
6.145764498289185696e+00
5.818749355422464298e+00
1.453409889716511039e+01
5.282675225082478221e+00
5.623693196212797396e+00
6.524278883770484150e+00
5.829261623821207827e+00
5.336144659516721234e+00
5.966776312143862171e+00
1.624722140645619106e+01
6.383553964223762200e+00
6.628842005872960463e+00
5.253213552078661586e+00
5.674514935292537032e+00
5.023645677601044746e+00
6.434938935163002860e+00
4.179045142441359939e-01
2.748559577473976834e-01
6.748564369503872840e+00
1.567314157497042260e+01
6.269956670664976528e+00
5.388254623241707897e+00
6.480795264436418179e+00
9.210802925774586036e-01
1.042474613595474886e-01
2.438528927400941126e-01
1.564793078069469934e-01
1.218153044654768635e+01
1.971546288357196630e+01
1.116172918870252495e+01
6.522732635070054741e+00
6.069790726559300076e+00
8.725320557633539087e-01
7.680941153875435745e+00
9.688355352638607698e+00
5.677058109480970671e+00
1.789283779831549737e-01
2.661730893803287312e+00
6.218754713566491787e+00
3.606439074974349346e+00
1.109614805415342609e+01
1.243831766587316645e-01
9.411890244605265465e+00
2.407697138110207746e-01
6.767728347440655767e+00
1.996010870035972440e-01
2.818227521682404868e-01
1.698735046807338334e+00
1.108609748532669859e-01
5.696654385728911585e+00
1.135600061971539709e+01
1.803070913792852537e+01
1.743974934010692124e+01
1.871201265788850421e+01
5.386612032921329174e+00
1.433474975643752591e-01
5.666080303860042910e+00
1.401747325633614649e-01
1.174162152378539759e+01
1.063393625226644978e+01
5.800343256564182148e-01
8.219500631834486537e-01
3.133307441205417931e-01
6.253165569899622689e+00
1.052215370605329703e+01
1.461661041992417331e+01
7.838232284013932016e+00
6.245432060660811580e+00
6.415546773554790860e+00
7.060910374117345789e+00
5.511356241708446291e+00
5.480915886790016955e+00
8.254868172873498722e+00
5.343693361922632334e+00
3.271739452133854531e+00
6.443662587003353259e+00
6.146207461208429201e+00
6.815832284144433650e+00
5.990508370915384795e+00
5.805007928381563431e+00
1.669259317344496907e+01
6.218226919896564731e+00
7.595283022032089937e-01
3.108566119663767058e-01
5.910810701979996473e+00
1.667335550893997154e-01
1.913359412929603209e+01
5.430435732168354512e+00
4.505323947207434010e+00
1.826580214930995538e+01
5.603408217662053659e+00
6.023391443628308473e+00
5.523236382896083541e+00
1.265061455751515518e-01
2.050157588193952662e+00
5.744111503296358556e+00
6.200803492597846578e+00
1.392231897860922984e+01
6.367832644106165674e+00
5.648567033725798936e+00
5.707410829095079130e+00
2.767728363825897819e+00
2.504901915958175351e+00
5.915812202534163511e+00
5.833757651780483222e+00
2.026364324124116933e-01
5.731647734762286284e+00
4.939719206610572400e+00
6.212988723126287027e+00
5.951184738373915373e+00
5.967641883189086727e+00
1.679152403122625969e+01
6.520151863286852922e+00
1.923058113858185092e-01
5.926711959457714229e+00
5.802067737671626091e+00
4.674833780902948099e+00
6.249231961912173894e+00
1.803330688287504557e+01
6.116961020651705994e+00
6.070794028962348321e+00
4.215329112602419492e+00
9.565741144940563601e+00
1.939787480956973731e-01
1.530827785517855055e+01
8.144549216620061927e+00
1.054835450616081083e+01
1.422140622648125863e+01
1.026144071542543501e-01
6.514778819214293470e+00
5.793219465528649970e+00
1.431404455838298784e-01
5.559036684825438002e+00
1.327735073429850976e-01
6.172322712550971424e+00
2.291415149527999406e-01
1.236488686081432808e-01
8.510050972377340983e+00
1.132175720592096813e-01
1.315797870163330163e+00
6.008553854059758947e+00
2.543286726940060749e+00
5.824006260962301340e+00
6.074076304359596890e+00
6.054648398014797372e+00
1.793022101472922358e+01
6.387223450668209068e+00
6.283483016931648457e+00
2.533726782650115084e+00
9.705664557997826236e+00
5.748160178445147039e+00
2.126340017460621734e-01
1.851901882030595203e+01
6.897624759702765118e-01
6.395984274418207605e+00
4.945927488473772726e+00
6.120523107960798015e+00
5.833805508885387070e+00
1.588566307191943139e-01
1.174812125246555006e+01
5.054805014759236492e+00
6.374077081497479647e+00
6.457592854623826817e+00
2.843649808765220666e-01
6.427610611317506439e+00
1.355894741049057473e+01
1.272447869226935591e-01
6.705899124095803465e+00
7.024273964866805997e+00
5.808984108739360330e+00
1.517578368436268832e+01
3.898580366722240065e+00
5.922391772492521689e+00
1.560322512262463657e-01
1.433514677111260016e-01
5.847280655457102405e+00
2.730744899171005380e-01
1.393309475122375130e+00
1.104206711280863651e+01
4.142612054415467648e-01
1.619496700683133739e+01
2.218999035169604006e-01
5.388264920799148427e+00
8.631535752641099180e+00
2.619278630766098015e+00
5.239147268154624726e+00
9.212463359907522076e+00
5.830512542635034379e+00
5.875782879884976495e+00
1.898841379985091171e-01
7.349169232876617386e+00
5.442119502402093190e+00
1.291075902673071774e+01
5.165698091704451933e+00
1.161201589773779297e-01
6.288121498069451754e+00
1.395609712438354577e-01
1.185101550096370460e+01
1.052982500157760154e-01
1.740450187113574643e+01
5.218578274728534083e+00
4.286329458774513768e+00
6.660983524451634885e+00
6.157803297199872183e+00
4.655418638349161142e+00
1.728120549374553561e-01
5.566042191845215648e+00
2.836108760146257346e+00
1.226829666462266211e+00
1.953999029457046532e+01
1.122777342670480405e-01
6.622992058944167759e+00
2.270374939967138017e-01
6.687074377184538676e+00
6.599019422813786839e+00
2.320195317320860318e-01
6.652721226467556370e+00
6.742629769648332605e+00
9.089611704493027133e+00
8.966786516379420036e+00
6.774072863455865345e+00
1.165178646212334890e+01
5.979733194047955891e+00
1.086097251434090805e-01
1.003842937907273125e+01
6.156127399309280435e+00
3.108219167567644270e+00
6.273655535062583333e+00
6.074017336305627346e+00
1.143388537876214306e-01
4.503801475477382077e+00
1.789690112941731925e+01
1.770077527588674826e+01
5.257018903414150124e+00
5.548118858561107203e+00
5.719972920812231187e+00
5.603994225171268440e+00
5.962386743366404396e+00
1.853068175876775570e+01
1.422235394032991818e-01
1.469056853968300302e+01
1.836700389248803589e+01
1.801667564519463127e+01
5.847726498115895843e+00
8.159781113770621985e+00
1.776555152855906172e+01
1.818774709914457333e+01
6.253511814661462331e+00
1.511746598062552849e+01
2.113413602017146509e-01
5.632541130780078786e-01
1.262651763661310689e+01
5.210199097122487188e+00
1.880468320858571962e+00
5.970406219455488994e+00
5.243778788626650034e+00
1.076960111900618217e-01
6.474659934719210419e+00
6.273110875898457728e+00
9.898844675714114416e+00
1.827811861386096481e+01
6.123985990905130627e+00
6.052798582217400636e+00
7.161234758771916731e+00
6.288202092946427513e+00
1.612718365190454861e+01
1.507274225491673647e+01
1.212729961858500238e-01
1.057491182603428059e-01
5.842145705260642252e+00
3.912841826853363791e+00
6.195872857330954275e+00
5.879359051997177232e+00
7.354496960372488346e+00
1.609629973268200587e+01
2.154832589527191811e+00
1.986693937289107481e+01
6.245923650234165514e+00
1.728174630417804636e+01
1.890828740458012358e-01
5.821783591863956886e+00
1.917275898078501228e+01
1.211530628895325634e+01
5.059910418561211820e+00
5.788938893774562722e+00
7.690435877750863014e+00
1.975306376024670385e+01
6.192895055634271451e+00
6.919161734675934206e+00
8.252583681600794918e+00
9.565902309748546273e+00
6.867107818967687294e+00
2.669036251514315783e+00
1.172743707436510618e+01
1.035479829460161660e+01
6.370472900613842526e+00
2.691882426198302647e-01
2.825405096801263838e+00
1.975953063905088314e+01
1.337861146100002863e+01
9.580863482563742650e+00
5.067896435968557434e+00
6.158922548909721684e+00
3.573476542343126394e-01
5.949730168832403798e+00
6.173734130226610439e+00
1.261313534436642492e+01
1.071175335174715393e+01
7.686172146468583044e+00
6.625828707277036322e+00
6.032917121832672258e+00
6.322494525151870270e+00
3.015514818259364294e+00
8.550649081379447125e+00
6.277330597015311930e+00
6.632593974175653884e+00
5.021283043990595552e+00
1.687956594622879436e+01
7.305822433140542138e+00
5.756588774508626827e+00
1.203403201561058466e+01
3.488281106897893835e+00
8.517687358984346702e+00
6.413961846149569546e+00
5.827579739930033753e+00
5.557971344685334714e+00
5.771790588289158919e+00
1.519169749519444501e-01
1.842057304079465752e+01
1.448146571645741609e+01
6.426096219027868983e+00
1.630399816275744485e+01
1.169362542142054207e-01
1.482184519269533207e-01
4.920887448290892863e+00
5.728800404529295065e+00
6.223874960233434450e+00
9.770867718163335880e+00
2.703949366516683828e+00
5.444067863759194381e+00
5.712339648495224687e+00
7.189514078688018728e+00
5.420910066823690698e+00
3.694640301947098582e-01
6.387602078667176109e+00
1.773253396618321709e-01
3.742939753526193680e+00
1.981861239712338829e+01
1.894095809406589481e+01
1.869557770651342488e-01
5.645210834930488808e+00
7.884488433191191525e+00
6.151277418066796621e+00
3.043784998857844482e+00
1.155833203520924002e-01
5.208835646044829737e+00
6.768123620908420790e+00
6.403227014808424933e+00
1.557412874234928246e+01
6.036395382908978924e+00
8.322268094575690611e+00
7.147210386194433163e+00
9.351874943048040123e+00
1.720974423766833539e+01
9.816514293024432902e+00
6.284713051575963050e+00
6.894720690426249909e+00
5.893348682981264908e+00
1.545713027109629856e+01
5.054735873272448998e+00
5.891913164678643788e+00
1.665935054158497408e+00
1.186136987237013862e+01
5.377616770365586163e+00
2.721014032148914907e+00
5.406412165948526471e+00
2.168656561444897157e-01
4.376588395916770624e-01
5.560543840736210441e+00
5.013593220665416794e+00
6.464139792489501879e+00
1.421800441281852301e+01
1.843244998958723002e+01
1.148413878785663833e+01
2.891678080995196964e+00
6.411926471875144529e+00
6.349962786358018363e+00
5.526162613572725313e+00
5.354072399658656778e+00
6.181912178506215660e+00
8.887847843405177750e-01
1.689939460870338550e+01
6.020054208252749284e+00
5.501919943278912761e+00
6.363308119709405020e+00
6.248670612743945973e+00
7.484878820930562782e+00
2.706182659798586965e+00
6.235184279641454275e+00
8.384734100404617863e+00
5.795944230688371945e+00
1.226312913987942110e+01
9.756531614627128590e+00
6.119794633783010696e+00
1.901663334779350123e+01
1.454361330720615464e-01
6.314228263415449405e+00
1.577432844588530614e+01
5.870114127181921937e+00
6.107300178208553199e+00
5.465580692482122416e+00
1.272332094734980323e+01
5.923733074681670097e+00
6.668351248818724208e+00
5.597153650160161753e+00
1.696800322328586574e+01
5.951456157899256638e+00
1.624605633890639211e+01
7.067223357979826481e+00
5.450476130167769107e+00
6.037440921742153854e+00
1.730274506869668016e+01
1.637245305211161295e+00
5.933071087740508176e+00
6.448845685174601883e+00
5.950266569026166685e+00
6.541168060809249951e+00
8.651155203746023759e+00
5.637100272741272233e-01
6.513458865858297919e+00
6.265766218708784585e+00
1.869558629411796602e+01
1.244220627863665918e+01
6.519518450555662703e+00
1.384354047912202290e+01
6.144664047189953848e+00
1.142941683981801049e+01
1.386596687161307173e+01
6.249960133847353383e+00
2.696786787243846018e+00
8.062467637767163353e+00
6.870142812881999461e+00
5.898245361846593759e+00
8.205790767505700245e+00
1.182872363158098139e+01
6.100842873047443327e+00
6.256386998387338139e+00
6.086719672680111159e+00
1.510741616834763335e+01
1.627854193380397518e+01
1.011396910609691918e-01
1.455592868174348453e+01
4.895091377255416099e+00
4.682430525585985492e+00
1.998328588104692471e+01
1.895003955265617179e+01
1.196539682067158950e+01
6.452474922523613543e+00
6.138201683556803623e+00
1.787315110967022846e+01
7.670195425361320041e+00
5.326503854411886785e+00
9.802356734511466385e+00
1.465578018753977974e-01
1.203576276389884125e-01
1.149414217888890533e-01
7.236270792635544957e+00
6.416365610965172550e+00
4.625201527125006429e+00
5.969318081275019949e+00
1.219771321425570543e+00
1.043998936591946070e+01
5.906728652201996610e+00
5.244771668523708463e+00
5.797157830085965635e+00
5.451405354364713851e+00
5.703283162228162340e+00
1.613894264339297946e+00
1.796367509681178642e+00
5.257427475952203721e+00
4.906873027161768874e+00
4.301362878404206391e+00
5.543190620066995145e+00
5.267858230397439279e+00
1.431137047070176394e+01
8.407082662562693542e+00
6.189961401808717234e+00
1.847118827226883198e-01
1.198373319171946449e-01
1.963415149640778878e+01
2.426262049505833129e+00
6.009986677744421080e+00
1.492317158096759577e+01
8.928143431263944052e+00
1.354160408615826938e+01
5.455987197238196806e+00
6.282944595586787528e+00
7.764921512477926946e+00
6.019413292585851671e+00
5.255250535143461299e+00
4.032369647350870778e+00
1.085997283982704076e+01
8.569688353491461186e+00
7.031085402930143502e+00
6.686938888289063243e+00
5.957548398008241541e+00
5.614614444429721907e+00
1.769669942611765734e+01
5.548708481967690176e+00
5.557772328295730091e+00
5.971317120169595150e+00
5.119035338033438798e+00
5.286100867945969561e+00
1.981160758085778184e+00
1.214844338612515529e+01
5.726003309839095223e+00
5.942837544661890625e+00
5.586351965303723688e+00
6.776166735189048218e+00
4.388885618885553508e-01
1.776618876144407366e+01
5.594047693171797064e+00
1.589850495727599089e+01
2.215670201225670710e-01
1.232974630622211976e+01
6.264845110893945801e+00
7.031551713671399639e+00
6.131630599213093724e+00
1.480284931071969012e+01
5.950557640013861338e+00
5.508891975847957312e+00
7.710201328830315504e+00
1.832063228026268575e+01
8.995637643156095820e+00
1.619408994354416320e+00
4.233421735041901890e+00
5.768910454451775749e+00
1.757051579940224784e+01
5.891082681223781314e+00
1.304294101667273509e+01
5.854030003820957617e+00
6.191651494163462388e+00
3.321660084980178063e-01
5.776319353470839246e+00
3.740594235488737596e+00
6.068796177095763689e+00
1.480619109449137305e+01
1.623407196801900909e+01
5.198288430284975448e+00
1.814802723397719975e+00
6.192688317635940187e+00
9.999994261356249581e+00
1.101413992482867066e+01
7.479073695207981487e+00
1.767199917442228596e+01
8.757105734518502160e-01
6.544382335858606403e+00
1.407411752411396755e+01
5.732579227908860986e+00
1.544142137898056322e-01
2.824843774028829024e-01
7.653493938099661165e+00
4.861523073484740998e+00
6.214451438306129560e+00
2.738348424770808975e-01
1.033356717429173699e+01
5.974005516752549205e+00
1.080212746728923179e+01
6.522880443167490050e+00
6.405671977618862201e+00
1.655960831772169328e+01
1.073395258837717314e+01
6.022761786139396278e+00
4.066142439720557000e+00
1.571824228185770345e+01
5.952315386196312730e+00
1.249939792540650352e+01
9.007315854981786885e+00
1.034524304752676827e+01
6.385302063000175998e+00
5.052743421822232683e+00
5.648805770371340351e+00
1.576938594040103725e+00
7.084669472364232945e+00
6.639241514529710564e+00
1.217830216810800081e+01
1.783355406347132188e+01
6.475835990863026304e+00
7.323521417819468304e+00
8.802935152152008058e+00
6.935294012045983614e+00
8.563114780845459961e+00
1.494113790618589455e-01
1.728652276044624259e+01
5.962884512758352074e+00
4.188638804165538687e+00
1.368738622858758269e+01
5.377033248483209960e+00
5.953377958227640931e+00
5.455121729394166508e+00
2.141547933692921624e-01
5.217534112158229931e+00
1.018965442923282783e-01
4.134105632082852644e+00
5.453039572968940263e+00
6.036888894955827034e+00
1.558431079024007282e+01
4.063785605942715207e-01
5.860094471284586604e+00
6.286442473251339536e+00
6.270988930684234575e+00
4.217265163782800030e+00
6.205304335323118536e+00
6.923480255476526679e+00
2.058395049424600387e+00
3.100727272560666048e+00
1.046207249410218587e+01
1.005793572309900269e-01
1.523119164254930169e+01
6.660496611468206263e-01
7.471777263457265228e+00
5.200595065033613906e+00
1.847157420155843965e+01
5.612138585701024418e+00
5.905716213837685302e+00
9.662821094775576825e+00
2.120013352008570884e+00
1.636886908778548033e+01
6.117709545717566755e+00
1.646735277042716550e-01
9.747997196952951526e+00
6.057791500324293921e+00
2.566088547186238245e-01
1.761658923053999359e+01
1.156719868769530285e-01
1.658779534374719589e+01
5.912257075621649705e+00
1.518181108685652259e-01
1.305151645244269609e+01
2.711869120739428762e+00
1.366522237501971881e+00
7.504041799048692951e+00
1.349199973930298446e+00
2.172476937646484973e+00
1.493510824042333374e-01
5.593630206002316640e+00
1.950356975758572986e+01
1.846177343966259876e-01
5.456023000798322364e+00
6.223673162775821943e+00
5.266853417427811657e+00
4.836712322434383537e+00
1.978648025092697793e+01
1.168876817056628548e-01
7.651290650240759383e+00
1.447927988819911072e+01
1.783937041395419243e+01
1.852276656830308121e-01
5.879228025659823942e+00
3.033032812872291095e-01
6.435023787873660694e+00
1.022900811333645343e+01
1.317490817388577007e+01
1.114353813271077576e-01
1.003837081995830616e+01
1.848315754047217041e+01
6.666519752997905002e+00
1.685507475948471723e-01
5.661434946779928978e+00
1.575521569739548322e-01
6.245346256391691497e+00
6.115427981812033842e+00
6.586104725179614761e+00
6.003590388254361088e+00
6.016893841147282096e+00
1.639473410510108664e+01
6.791700393099163513e+00
1.063068985024346214e+00
1.277223101663342675e+01
5.539595072173193024e+00
6.107384229545925081e+00
5.489416284551893455e+00
1.223928467985992086e+01
6.995032082661085227e+00
8.649948056910314875e+00
3.054637470701866420e-01
6.501359939110106012e+00
6.093718867134949591e+00
4.521877483271485865e+00
6.192507346972596416e+00
1.341432830196084325e+01
7.046418698049002671e+00
2.520916772861631072e-01
1.300399590908906944e-01
1.006690455266671336e+01
8.307328677692801477e+00
8.945461987825080286e+00
5.935287463156609711e+00
6.682910125807768331e+00
6.090221881032143791e+00
1.296306320801170386e+01
9.308495022527335294e+00
4.314817676940425173e+00
1.532952028932501598e+01
1.234009321143416216e+01
5.055527315840565805e+00
5.973461921873557401e+00
1.321775276919597175e+01
1.719776559858555132e+01
5.231785813984821232e+00
2.186056324788943073e-01
6.074567415695853789e+00
1.538954927615252766e+00
1.765990401435782786e+01
6.330660949975758456e+00
1.752824488407284420e+01
6.032040316281845449e+00
1.215414100131719266e+01
4.189527904170769368e+00
1.398705164418654867e+01
6.156251347508560734e+00
1.053505595730470468e+01
2.652762256685597952e-01
6.539006559862408530e+00
6.853385948378047487e+00
1.728345847268118618e+01
5.787573320677357636e+00
6.286775126064333641e+00
6.195710535322046297e+00
4.678928998543149809e-01
1.027398482016767645e+01
6.025006485667768530e+00
1.373742140990325389e+01
1.457423195196564869e+01
2.807670934734672219e+00
1.743138635981435414e+01
5.336716411575171293e+00
1.023803134800619929e+01
5.092151772639831542e+00
6.025316156709117799e+00
7.741744288004580810e+00
1.450501668710993064e+00
1.045161500746413785e-01
5.625725610808231636e+00
1.227573156959302636e-01
6.318028228438816285e+00
6.381430518312058098e+00
5.433189653184771650e+00
5.925245562578449920e+00
6.332019361691562764e+00
2.436425257161441427e-01
6.222389123657491972e+00
5.212805014554864336e-01
5.179984773774485518e+00
5.563191892039497155e+00
5.620492423462422948e+00
2.990604795371321623e-01
1.198347939904810810e-01
1.769341543112892978e+01
3.691002626737070358e+00
1.067352311704305379e+01
6.049490509180745157e+00
1.269284959912431177e+01
6.312765932019457793e+00
6.851926672966330401e+00
1.785874423139125255e+01
1.795798312861122958e-01
1.957542615416011933e-01
5.708162933388297944e+00
2.655305856846084112e+00
6.126623597877973282e+00
6.525478098312849973e+00
1.437349043753413724e+01
1.459044643137881891e+01
5.972179031172392349e+00
6.420381058745658898e+00
4.964366085426871855e+00
1.802678358503634826e+01
6.005983476080885453e+00
1.497120669535108584e-01
6.486195810636735892e+00
5.349898906772724061e+00
6.307378018571828449e+00
5.936499764739770590e+00
5.380062944667971969e+00
1.343177172657078344e+01
6.471484927060798142e+00
6.393946226650747633e+00
4.947529420933729938e+00
6.076416201683151996e+00
1.916321320032479392e+01
3.295687243036624081e-01
5.889506157867424818e+00
8.872865047916500103e+00
5.895942477774867463e+00
1.692609571670913837e+01
8.421460342832938650e+00
5.364434481942958577e+00
6.769024062436107769e+00
1.446315879100619484e-01
2.989229367005561966e-01
1.940119315188260174e+01
1.349915942225708676e+01
4.083205083088974896e-01
5.336581430098760181e-01
1.368324776140393828e-01
1.035599168239472317e-01
9.652471058910613522e+00
7.083493442501521686e-01
6.199443104606670474e+00
1.651929728048462209e+01
6.364446297462611035e+00
1.802327573014787276e+01
1.604338596264166483e+01
6.033509790199301115e+00
5.844840432613851888e+00
6.246068884324266435e+00
5.335067694845331054e+00
1.656401220308046263e+01
1.635556684632562252e+01
2.983443392810631423e+00
7.297306665243900703e+00
1.796717073680902743e+01
1.564172264465599538e+00
5.449818639371819096e+00
6.779699841758439760e+00
1.614534094074004500e+01
6.363826445660788700e+00
7.441582735684171723e+00
3.275343629092341224e+00
6.085224574350036164e+00
1.567074183776561469e+01
2.602810091473774512e-01
1.372263740390694409e+01
5.642084416473333697e+00
1.395518058730377753e+01
1.137956510549447547e-01
6.762697515987903252e+00
4.766430484707854021e+00
1.139934156200124171e+01
7.143795394577758806e+00
1.221829710233136440e-01
7.321332870791572134e+00
7.433786685303382491e+00
1.290614326455633287e-01
7.304905345598396771e+00
1.340341741049499547e+01
6.497274307637714408e+00
6.245538795180416436e+00
6.157547730368082561e+00
5.948865185784958598e+00
1.055792025173755810e+01
1.125820780477409677e+01
9.289921211290645076e+00
1.089221962768876928e+01
5.541081689198804838e+00
1.199637394654313383e+01
4.007036820628758989e+00
5.118944764396833769e+00
8.461168479980170076e+00
6.040505899585095761e+00
6.198643117387491408e+00
3.815367208305583624e+00
5.481019929424058468e+00
4.694015011872437526e+00
1.621049621608449698e+01
2.251664202505700541e+00
6.219698353665867430e+00
6.052050960493553511e+00
5.729138629992484688e+00
1.078722522684801888e+01
3.361840385820168975e-01
5.246200288519163202e+00
1.047240710094284744e+01
1.103500602722425405e+01
1.706330382426979497e+01
6.545356893603191395e+00
6.607286251854596948e+00
5.027635113633706077e+00
1.229017144974499409e+01
9.912411525749764252e+00
1.158278067530883054e-01
6.095416307984788951e+00
3.171769306554255707e-01
9.093732022047527064e-01
1.621663350350971555e+01
3.360156636871481362e-01
1.191538775080928403e+01
6.899366814224799249e+00
1.433765263656253097e+01
1.681877469788979118e+00
5.143779028647754714e+00
5.828271028206572169e+00
9.016137528261460865e-01
1.695196737586977775e+01
1.257344153423272104e+01
1.805080681137931720e+01
6.285536010598153034e+00
7.638715075716704384e+00
1.714380707697755568e+01
1.976786716095714524e+01
1.861435780420686115e+01
5.148572167318572035e+00
1.315860894348230836e+01
6.033311962249781502e+00
2.881420781986951951e-01
5.340059166830863902e+00
6.442052194266175036e+00
1.681649261431545028e+00
6.072468973159240058e+00
5.163292487934133312e+00
6.381481707905869882e+00
6.218546082152704990e+00
6.410552566776965833e+00
1.432188398602097834e+01
4.822827238063815969e+00
1.514479320765317283e+01
6.887221276113791646e+00
6.083872666721418909e+00
1.673052468158080330e+01
1.728256620878513417e+01
6.588922566689729088e+00
9.243212318971149699e+00
1.100666131209907306e+00
4.937401675895523034e+00
6.158249090933318293e+00
5.446888427827191848e+00
1.931122866038736419e+01
2.806353753250011795e+00
2.312962691696003326e+00
1.008331601854526482e+01
1.769051902872544701e+01
1.633149079614970578e+00
4.018680553580307735e-01
8.385322984348841047e+00
1.983943543219428285e-01
9.738978838962962570e+00
1.811088344849410348e+01
1.138088823342975431e+01
6.608499798578118423e+00
5.074821948042921527e+00
4.275493631155719010e-01
6.578586186689725501e+00
1.029639968312557308e+01
1.559000817139514616e+01
6.517257662735479684e+00
5.989541611708431468e+00
4.641986970680743063e+00
1.049801900686075373e-01
6.427807219557774232e+00
3.243073868679971383e+00
1.032233240826570153e+01
1.427702415407896552e-01
8.648381769704691635e+00
5.950523365076254123e+00
5.259700869320155014e+00
1.943506138919582071e-01
5.850137166067781891e+00
6.294515957082515101e+00
6.256551506548960973e+00
1.159930456729919257e+01
1.152282560755744711e+01
5.923087778373225198e+00
6.842804467512508815e+00
7.048131393169845715e+00
5.725955317943135725e+00
2.789621686686990509e-01
1.457754343265570718e+01
5.982448315512434611e+00
5.639708124264345201e+00
1.435299262812206322e-01
5.588962286295768855e+00
5.679606371678621812e+00
6.232082645332005733e+00
1.631451291820472704e+01
6.659359992204632483e+00
9.213013264589174911e-01
5.812278954111812723e+00
1.434303737353321750e+01
5.902627496749666136e+00
1.193608769615508791e+01
5.742426452852660290e+00
1.033724263760978257e+00
6.029737363650561122e+00
6.012763521441932824e+00
1.201873020046293927e+00
5.943103185131935362e+00
1.427852338192793780e-01
6.335187959901388943e+00
6.750008872816660066e+00
6.141079793265658893e+00
6.280938649464177459e+00
1.613898650920853228e+01
5.467788496249628594e+00
5.666446066198496112e+00
5.942334484439893316e+00
1.295193511727005531e-01
1.057972069024713191e+00
5.349996105025925708e+00
1.422135817294907789e-01
2.670682820621506082e-01
8.560609579274450098e+00
5.997313056468783543e+00
1.112100337714653797e+01
6.007786610867140276e+00
5.883442015162546390e+00
1.503724661186929268e+01
4.962964414655337109e+00
5.962508782096550775e+00
6.849895901786999808e+00
5.860497093847399697e+00
1.788256502170502316e+01
2.398424370134318639e+00
6.462493594918164774e+00
8.754570583813674034e+00
1.673500192513590790e+01
5.775876381186280106e+00
1.857680760450431678e-01
5.919897679293142367e+00
2.328025312137817604e+00
6.819683327088771563e+00
6.555139271137673695e+00
6.282131838265603285e+00
1.496758060658494038e-01
1.845339032474837282e+01
1.365684484539336774e+00
1.343200645231821611e+01
8.275211973537457411e+00
1.492715057839965331e-01
5.117595512965498195e+00
1.808428469695558150e+01
1.556913995597765243e+01
2.830076969968716716e-01
1.243410057806337754e+01
1.330007505776026555e+01
6.285306969074516914e+00
3.551287048972604055e+00
5.891162969732081756e+00
1.079722850578219012e-01
2.661778846138578292e+00
5.278713383264703296e+00
6.558146056548907588e+00
3.316147912515006735e-01
1.565648600708944294e-01
5.988948229462335959e+00
1.257220968047226606e+01
3.287118449529646269e-01
6.425506815105381797e+00
1.124539644672080813e-01
1.722753135240920486e+01
1.811949610257929066e+01
5.632863901095337411e+00
7.880020994051935901e+00
1.835149909583249084e+01
2.014489802592304146e-01
5.195085763954374158e+00
6.302295926274371851e+00
1.411089178024793078e+01
2.824064029546166088e-01
6.253941211768334618e+00
7.672828761007674636e+00
5.646672804435225679e+00
2.236658225429930535e+00
6.339278564214390066e+00
5.967994616162394017e+00
9.571073464961683541e+00
5.194556258520864667e+00
1.984484353747060581e+01
1.508897832060805122e+01
1.464732191640486791e-01
5.279245735202532153e+00
1.354341614521447745e+00
6.613644997396797010e+00
3.261669620483360621e+00
5.611392356903753154e+00
1.522732527039643280e+01
9.729878711386978907e+00
9.283704153445842877e+00
7.107514175246000931e+00
6.911032421052097696e+00
8.367565384095282610e+00
5.323641825652611459e+00
2.017245333959752696e+00
1.989907052968268175e+01
6.306286861252567988e+00
1.415323838880166163e-01
5.326800614159255431e+00
7.514752314175262349e+00
1.009209098474135935e+01
6.766890156089158559e+00
1.553911664321785957e-01
6.993554884293849305e+00
1.047548972521819088e+01
6.406316024928588426e+00
1.216620915430378230e-01
1.944643676585540604e+01
1.845387062944676870e+01
1.456587543322747180e+01
2.372483518369547795e-01
5.733984207346004780e+00
1.859403405463283576e+01
3.365142311809039555e+00
7.222896452545936041e-01
6.087277035331356778e+00
2.492285332806762621e-01
6.446797880834350458e+00
1.177587613430525693e+01
6.273685236638142371e+00
5.875069481717258846e+00
1.649365373490380193e+01
6.755602608442295320e+00
5.770023245911918508e+00
5.401000774901244306e+00
6.658077803937142214e+00
1.167535505939148316e-01
8.439494621845282651e+00
1.213708984913046407e-01
6.067059380436164773e+00
1.986211602933932174e-01
5.397502678853372871e+00
5.561817693911232041e+00
1.017775715986636298e-01
1.484702617087157783e+01
6.519830119230710430e+00
1.393247147224730220e+01
7.374501339666925226e+00
6.486055334309044795e+00
1.238089163302165119e+01
6.064146098259960205e+00
1.235676684249354018e+01
2.078901111451550321e+00
5.158361473675996400e+00
7.571062694635661838e-01
1.777338873959017818e+01
1.150007751967890002e+01
1.404573620034351988e-01
1.209423495937354265e-01
1.498501668066039905e+01
6.128343104051126033e+00
5.896521007921494473e+00
8.546135767377528225e+00
5.764557424706455713e+00
2.232383633446201610e-01
6.131545933239420876e+00
5.497999084312064078e+00
5.919183181218294898e+00
4.271174227539902724e+00
5.674281377464329701e+00
1.400055246710774881e+01
1.366789248973793724e-01
1.854231305763140103e+00
1.104647337966718190e+01
1.683083508104746429e+01
1.512972579547072094e+01
4.367878586725598034e+00
1.402330716458568460e+01
5.294013410789452756e+00
1.418427222236699947e+01
5.531087554796991768e+00
6.845902044402288666e+00
4.312061056021200045e+00
6.303878204735745783e+00
9.129619556477670983e+00
1.147303931529670429e+01
1.869660868302136336e+01
9.326812698023646320e+00
2.786665526044930896e+00
2.038674678457892409e-01
1.075745199090358956e-01
6.029558182675175182e+00
1.874851151789190540e-01
7.113863436081595992e+00
1.432754915562945719e+01
1.764790517575539042e+01
5.307818997024119412e+00
1.077213562294164007e+01
1.483744847010951107e+00
5.809945243105558710e+00
6.320260279521000335e+00
2.701469435897685956e-01
1.332116966962772686e+01
1.178006368788451080e-01
9.632743016613838805e+00
1.279926728069296615e+01
1.933732194120506342e+00
9.570558519437396328e+00
1.150598021324563547e+01
5.591209744528693015e+00
1.748001923407126457e-01
5.847640284064376637e+00
1.602241869062578417e+01
1.792434468510568735e+01
3.495376488867075082e+00
6.112135391695652231e+00
1.772975597307565110e+01
1.180349428815910962e+01
1.493647078518778315e+01
4.492899218432135022e+00
6.608812597323039384e+00
1.984293156625933086e-01
5.656564100028458775e+00
6.283707382586048773e+00
5.326898639853619777e+00
6.084788562382110300e+00
9.914119673700870550e+00
6.204311064338851267e+00
1.308467035056187378e+01
6.663503596462025946e+00
6.951470671419704317e+00
1.840228293625828293e+00
6.105887780070869297e+00
1.894385131656619592e+01
6.423937676038939948e+00
1.327150213815846946e+01
6.766089958122599057e+00
1.003181124546413550e+01
1.524860286602586434e+01
6.273326277358814096e+00
5.310231849797741432e+00
6.099810435494298133e+00
9.067474612433795045e+00
4.913206809025569832e+00
6.136301695380698362e+00
8.514946240970301616e+00
1.891071030672440401e+01
4.285073395161793641e+00
7.782868580715129880e-01
4.919077282173134336e+00
5.452487410383811017e+00
1.229774682409386344e+01
5.715664189140399642e+00
5.579116911461244221e+00
1.094440617936746385e+01
6.338584415681779660e+00
6.252451532609327955e+00
1.614592877398336057e+01
2.292080778160324461e-01
4.885670568774881595e+00
3.480584569195687816e+00
2.313111881223147925e+00
5.757497698572210609e+00
1.795763670411748281e-01
1.185215235439092929e+01
1.510508366913700939e-01
6.543128909530770088e+00
5.908898602710173087e+00
3.945055355682846709e+00
6.042682459510297477e+00
6.181334192712157005e+00
6.535706270101028892e+00
1.300765561155808570e+01
6.641086651590959455e+00
5.535339405864688089e+00
2.088846830402693866e-01
8.957928611922843842e+00
1.666185453231544145e+01
7.371619948122509314e+00
5.053704726564754779e+00
1.607635856425518739e+01
1.221187469041804308e+00
2.442560958922085912e-01
6.050163089196993305e+00
2.842937436541424501e-01
1.457857041526265496e+00
6.914048890734559194e+00
9.059384211633412676e+00
5.241131102058364633e+00
1.957574379544381737e-01
9.952371515063068941e+00
1.954545776220031783e+01
5.780167826873166881e+00
4.471085758171579272e+00
5.933165470947157516e+00
1.822084126336585541e+01
1.927953847691020073e+01
6.017606962342327392e+00
4.737094703621551162e+00
1.280476171220794690e+01
1.484430130680360982e+01
1.288419540300010624e+01
7.790866271839656854e+00
6.682059497872738341e+00
6.452880142672233532e+00
1.900290342307944513e+01
6.268457310289733186e+00
1.641561563395658452e-01
2.162192339799282048e-01
5.914860287556752638e+00
7.541754621494166422e+00
6.501831337583624304e+00
2.486860284283134159e-01
1.631328642107442717e-01
1.354402694780231720e+01
1.202787476153609170e+01
5.639846327476306875e+00
1.330506301953579573e+01
4.197003957740240487e+00
5.863268356245660229e+00
7.514141039169937919e+00
1.242189428955601116e+01
1.095631924592620088e+01
4.843596567766476291e+00
1.092053354910352958e+01
6.057140348554898024e-01
4.608557310866217449e+00
7.796546767767690511e+00
1.067237654090477150e+01
5.452679091667463673e+00
5.629520645179662885e+00
7.133521849173018126e+00
2.107590549154820803e-01
5.831669376719942122e+00
1.361511040150417884e+01
5.502795527016488109e+00
1.203877079731577593e-01
9.726389246909818098e+00
8.085938784567376914e+00
1.046450662358409289e+01
1.999442480955685753e+01
1.183830953531870289e-01
1.722532186037777535e+01
9.781997709435719557e+00
4.619812747652507490e+00
4.082337909229653228e+00
5.409995751100836969e+00
2.441706389840837765e+00
5.716738261804924726e+00
1.533991775295800153e+01
6.439399440971398825e+00
1.772821826731365036e+01
1.714426014631856532e+01
1.587101309729782272e+01
1.064166167106680660e+01
1.957869885834921675e+01
1.889590884836481521e+01
5.032498103971604131e+00
7.430963428105488155e+00
1.129153402677418039e-01
5.896580260422184416e+00
1.207995633465999002e-01
6.881205726718034876e-01
1.991486464641726428e+01
1.341251843091453821e+01
1.231229317736807438e+01
1.407994605786236342e+01
1.410292962915700998e-01
5.805781696449211715e+00
1.544801708658642703e+01
4.191749058290578311e+00
8.631230174980828451e+00
5.410472229784718756e+00
1.426299711994983177e+00
2.720194066096369157e-01
6.281385613522079581e+00
5.766411542425133874e+00
6.896885122243508803e+00
5.858850918227264337e+00
6.480879969829787868e+00
1.385989491285213582e+01
1.007519127521496749e+01
1.114626238790596552e-01
1.337134466624725349e-01
6.507663426574127996e+00
1.617999588281774148e+00
1.743387390336528142e+01
6.218720545097866648e+00
2.331454342489523157e-01
6.281816140636208523e+00
1.413823294586356305e-01
1.336037638176342668e+01
1.934143734897233102e+01
2.391442182232722813e-01
5.101184489597370586e+00
1.209631624977536646e+01
5.504483885767040618e+00
5.765552766296188736e+00
8.696341087200925912e+00
2.015968821137255951e+00
5.675282676045807939e+00
1.724269212669280193e+01
1.144614356904759944e+01
1.214625209592715827e+01
1.141364665925764221e+01
5.389721086276860973e+00
1.825462505690367554e-01
4.925917195768156343e-01
6.482841907734400166e+00
4.333234821169638096e-01
5.945391633285288968e+00
1.619708746390865484e-01
5.320997329809361354e+00
1.257262998190557823e+01
1.203777031473263648e+01
1.518790434355874908e+01
5.862641827944950812e+00
6.135138349916598344e+00
1.763710582626264234e+00
6.056307748000807401e+00
1.594621632973621850e+01
1.380114892039206076e+01
6.103973747203428779e+00
1.197481366038223027e-01
4.255090506517052340e+00
6.422096018685809149e+00
8.552071401918964755e-01
2.057640827910959258e-01
1.808246264048603180e+01
6.803434321132941776e+00
1.190685286756360872e+00
5.632987113599445372e+00
1.394137187872939521e+01
6.542910988398929817e+00
1.323152466867544008e-01
6.618620992728888375e+00
1.364892599756270464e+01
1.847286914241465183e+01
6.872528283434468754e+00
8.354769824800998279e+00
1.342234871816548036e+01
6.926243073388848259e+00
1.043711161426773698e-01
1.605937037146680169e+01
4.248394346830123958e+00
5.609815592599928458e+00
1.235692818591987496e+01
6.139607085609577908e+00
6.045771634627163493e+00
7.958611682788955477e+00
3.576217911102677061e+00
5.218881330518401640e+00
5.762530787603894034e+00
6.714585218863281746e+00
1.842220730573698262e+01
6.102808532448139367e+00
1.554749919478364550e-01
4.351574585241360538e+00
1.230202688298113323e+01
5.770675493159283853e+00
2.842728639831016757e+00
5.426732157034675375e+00
6.318791934991504711e+00
2.014188753104359242e-01
3.489982771820073548e+00
6.658097859655704553e+00
1.297843866126789436e+01
1.715775386254059232e-01
6.759251733700543774e+00
1.629902793031543951e+01
6.612499247295092530e+00
1.041037135344171360e-01
6.025971231327167388e+00
5.700662314387776597e+00
1.184203098210156596e-01
1.113206213166381175e+01
1.608688046053124432e-01
6.816209111833374301e+00
4.370441947716453335e+00
1.229695133849784838e+01
3.596757796735009727e+00
8.923534875951567358e+00
6.386937009536609366e+00
6.118868084501302818e+00
1.398345301677840702e+01
2.975811245591631904e-01
6.359156720305254140e+00
6.219716856877216316e+00
5.865475915105828442e+00
3.048717098085454769e+00
5.902884678590370804e+00
1.941662547059115063e-01
6.048929095002979484e-01
9.441543567124954350e+00
5.462014874760768635e+00
1.540467163150679930e+01
5.649077525783551046e+00
9.395015258930596858e+00
2.411367403086853933e+00
5.380541752017999890e+00
1.144219881517103410e+01
5.216008913720574292e+00
1.135557318035522556e+01
6.763167144349484516e+00
1.004419874546707625e+01
1.713595960850712174e+01
1.863739769392061818e-01
1.931542941361521315e+01
5.081147784966121073e+00
6.616730152747810401e+00
2.487402842230879707e-01
6.027334264043480161e+00
1.124980174457152149e+00
6.664914686198687654e+00
5.882917690431185065e+00
1.452470161640844637e+01
5.879592859650835557e+00
5.256759766610732854e+00
