1.746555575036870256e-01
6.144617294169218091e+00
5.568633641746881580e+00
6.583392961066738103e+00
6.047265342963281221e+00
6.825775376936319638e+00
1.924341470408539934e+01
9.101077238424110760e+00
5.482019961005032194e+00
1.422569282354706210e+01
6.279116431323808811e+00
6.148504197335305399e+00
5.181701994612619266e+00
6.107284989279537335e+00
8.716739650919103966e+00
5.338653012914144291e+00
1.181009427562555864e-01
6.190783770874680236e+00
8.217789785100986677e+00
2.058707393745090042e-01
5.975008495458766333e+00
1.569501113007010229e-01
4.266487890563282370e+00
6.233100940273816448e+00
6.689262506513599327e+00
5.104147730237169611e+00
5.998341756912193290e+00
4.526234267732429650e+00
5.685961400577175695e+00
6.863423067283412671e+00
6.178214974909557178e+00
2.874120989665259085e+00
1.711820432217767873e+01
1.623521058993068422e+00
1.605566852796207200e-01
1.886479966902188110e+01
5.826278320737609207e+00
1.505918273925882789e-01
6.391663860002924302e+00
1.757845193663028383e+01
5.618708223007669922e+00
2.088478585123884901e-01
5.642203281039761542e+00
6.137535370098190057e+00
1.522747417985740270e+01
4.750973801720513201e+00
1.335610377349529809e-01
1.386662289446553764e+01
6.713049578472893408e+00
1.476401244378186262e-01
4.939390683659010683e-01
7.915249010198009749e+00
1.106971755378052791e+01
5.580561844456290110e+00
6.771635417533135026e+00
6.744264809928255389e+00
1.403377984842918424e-01
1.054931084586591616e+01
9.485092772178504106e+00
6.874930909288792691e+00
6.185540559485160905e+00
9.121632247608880917e+00
6.465832526924777390e+00
6.555577346562556862e+00
5.839381681226408993e+00
5.740938862051687686e+00
6.615905394407193718e+00
6.336882009698912022e+00
5.647509666475735379e+00
5.556550697504819780e+00
6.406769228299237895e+00
6.329866092866155647e+00
6.481318029081517551e+00
1.627067269238627034e+01
1.593592994138617946e+01
1.171528886567821459e+01
6.581800046377071389e+00
8.615843310089017493e+00
7.407760419806745933e-01
6.172191859045783602e+00
1.073655933866909384e-01
6.555201696907264619e+00
1.203298483839607513e+01
7.050160591679516031e+00
6.464839920654394056e+00
5.422099138502881388e+00
1.610300529758875165e-01
7.132823763173701259e+00
5.789293507542979000e+00
5.650448644980399671e+00
2.778974979660931321e+00
5.770824858205188868e+00
6.268585874249004597e+00
1.132669933892648118e+01
6.088709805188886826e+00
1.106590771725127625e-01
9.369823342496209406e+00
8.524373575603966913e+00
6.545196371889894671e+00
1.844944977362865046e+01
6.485917193390311475e+00
1.862689692214247117e+01
1.534501316885147304e+01
6.072741819321410439e+00
1.032263314793447767e-01
6.917819584338878336e+00
1.472920069820498057e+01
1.404009893853474411e+00
9.151804729539001926e+00
7.244276514542645096e+00
4.246367369856481666e+00
6.334885733919137785e+00
1.879018100342390696e+01
1.278390245735271158e+01
5.261739390964238261e+00
6.167359360015975511e+00
6.055078106914501213e+00
8.309096290139274643e+00
1.080059730320785671e-01
1.847194641627216072e+01
1.896743347059880946e+01
1.263836772148742149e+01
1.095230494544854238e+01
6.215956983095066057e+00
9.689574012154245963e+00
5.340294492816808791e+00
2.683054361120422726e+00
5.069820753644529887e+00
5.808079035987897321e+00
8.291948020633334693e+00
5.521398505806200063e+00
6.423488555116040111e+00
8.903395245888130916e+00
1.915626957067271974e+01
5.809611610161775630e+00
1.117295502052842865e-01
5.579751106797672833e+00
6.370675792324036912e+00
6.092486296321905748e+00
1.256144562591536662e+01
5.197999900627034986e-01
1.284698779744346986e+01
1.488295499040148240e+00
6.008377701107017188e+00
6.160018699268364095e+00
9.655168618443289219e+00
4.019734370218139841e-01
9.164042744459283796e+00
1.036171314627025442e-01
5.591260864995407864e+00
1.426977441423313842e+01
1.354619116823912728e-01
1.764610403256536486e+01
5.418794725179744809e+00
5.233749005989008829e+00
1.943475890327406574e+01
8.774437456396400492e+00
2.953103186471150998e+00
7.303699380236402305e+00
6.324429703528545055e+00
1.793764995609075541e+01
6.833713733319018324e+00
1.056264509760632109e+01
8.016589510044775935e-01
5.616475426436126739e+00
5.389964051206123763e+00
1.171175113045824290e+01
5.807505580895140795e+00
5.285121079280599155e+00
3.548954666738721730e+00
9.489720493252630007e+00
1.623264000462709689e+01
5.479321750541441993e+00
5.943739960523868326e+00
1.890473892334159345e+01
5.315927954896362273e+00
2.765014935709542154e-01
5.832567477860574279e+00
6.531856589248694611e+00
1.048791849895147177e+00
6.494425930599180496e+00
1.382405253369793641e-01
5.804076070393782594e+00
4.673896300809954774e+00
9.559944547723983277e+00
5.974950623953202644e+00
6.762470071088572787e+00
6.000213547100642586e+00
3.888938146251195160e+00
5.897653561785069165e+00
1.446462653044516422e+01
3.150145607848182649e+00
1.787443503876738404e+01
8.825021393035999751e+00
9.855363055009455087e-01
1.740921501007307270e+01
1.011193475817656062e-01
1.803655577532567023e+01
7.245251606569226510e+00
1.981225239141016781e+00
1.721971859556201778e+01
7.430420926891583733e+00
1.641195863122119292e+01
1.683524825038644090e+00
5.863477863784506638e+00
5.461272988810080831e-01
2.472772528466480324e+00
1.195550884132198455e+01
7.239262908954553488e+00
5.919909798374539456e+00
5.437701082116017659e+00
5.756985513512439034e+00
1.802717762868456930e+01
1.122189353941996970e+01
1.246678205211172591e-01
1.779915460787537995e+01
4.050012325829267290e+00
1.439545661617105843e+01
6.614407621495023371e+00
1.500107845059536160e+01
1.492966132542545565e-01
1.977236091693987774e+01
1.305307841224316867e-01
6.377213583029511135e+00
3.492818832882821578e+00
5.545670621203749207e+00
6.201444901331893078e+00
5.883358566737041606e+00
1.697952105917178156e-01
6.342340332506524625e+00
1.439360604492743789e+01
2.170222318364009251e+00
5.927668111498599401e+00
6.401492934048767403e+00
1.130939248239762052e-01
6.207370813483708893e+00
5.625333791964833630e+00
5.780137959679541915e+00
1.209110996444837127e+01
7.924623211731701034e+00
5.707247441484621042e+00
5.096427734990745861e+00
6.185795333924531292e+00
1.794229152776992819e+01
5.876091493811864019e+00
1.354871937315160757e+01
3.492426156690318972e+00
3.353807022563228268e-01
4.340042089680749449e+00
4.006889147466040413e+00
1.037941683842661966e+01
1.312887376562556496e-01
5.845552101549989388e+00
3.733506816365011804e+00
4.950592917516602576e+00
5.953869257612510957e+00
5.087896351448785381e+00
1.953096550233627582e+01
1.127811640768266166e+01
1.633451651776341507e+01
2.711441458583321307e-01
5.112329012177565524e+00
3.645912186904512464e-01
6.086966047103856248e+00
8.903422113683557626e+00
9.288938817446513951e+00
1.516368382351553912e-01
1.063949047855934082e-01
1.229557744827767668e-01
6.080001083776179094e+00
1.915922741566911469e+01
5.693549301855282962e+00
2.614245912135167327e+00
4.637798010922041136e+00
4.215829343353251768e-01
1.576386151733838226e+01
1.122208409650128047e+01
1.935122842144303945e+01
6.807517558530091328e+00
2.013214303611332578e+00
5.703517555192832766e+00
6.582317321752642059e+00
1.253833943321533972e-01
4.552449630448023754e+00
1.462443022996686159e-01
1.416073336446118380e-01
1.075713471872493088e+01
1.420787118582710340e-01
1.431868108867681322e+01
3.033917655220896403e+00
1.125782165965430970e+01
6.238137263899242058e+00
2.669849605688362715e+00
8.986657021129122569e+00
6.109415436736249205e+00
1.729042521410526234e+01
1.761601861712456696e+01
1.959485453412454348e+01
5.515906990063156101e+00
1.988416766931461055e+01
5.281710596392955814e+00
6.955950608795931522e+00
1.164390499246042765e+01
2.393822287318311537e-01
1.085912830394617917e-01
1.500565599048518939e-01
6.399135792045979043e-01
1.072802992038649350e+01
1.538982381257361887e+01
6.557214299486557429e+00
7.918270075507654937e+00
5.971763153401759894e+00
6.337175889801160089e+00
1.004568182818164207e-01
2.558925210940427020e-01
1.059540082883711776e+01
1.101050120891479978e+01
5.748833204451424983e+00
1.397540496656888820e+01
1.497745028688240865e+01
1.392009325924864527e+01
5.483770495685392099e+00
6.928727058001611816e+00
6.656153899971801735e+00
1.791313588016190950e-01
7.513082585020447013e+00
6.003864085325837152e+00
1.638236295119701325e+01
6.569163810439288653e+00
1.666337679110064229e+01
1.568266900336418601e+01
9.662466402473670612e+00
5.378778998092757391e+00
1.213592871130919487e-01
5.502616476977172155e+00
4.819342841624268736e+00
5.735975060321028884e+00
6.406518248157802908e+00
1.966978446599648711e-01
1.810118028551180558e+01
6.234393419931562264e+00
5.495128065119108562e+00
1.213895161569548975e+01
1.751390103971191792e+01
1.023537736739877080e-01
1.486960162879372715e-01
5.748311542282533715e+00
3.967721623992735314e+00
4.660688577124274090e+00
3.043254717117986341e-01
6.346241684100305314e+00
1.741545124729014304e+01
5.872704420004721371e+00
6.014132709517152620e+00
1.627224207758512975e+01
3.941684209761071589e-01
2.300289540852904768e-01
3.727967389221196193e+00
1.493955943095192929e+01
7.666365557909454509e+00
1.982826415883985760e+01
1.145893188276518870e+01
6.549926208185039123e+00
6.091836839533754322e+00
5.946970249454453850e+00
5.156388025962720612e+00
1.594077626183329421e+01
4.937670233111064455e+00
2.356113697097732995e+00
5.798662843197575079e+00
4.367379286695497242e+00
5.674428048075872866e+00
1.065584376684675050e+01
5.808477948721823658e+00
1.580678134307666660e+01
1.975617823451420207e+01
1.854651912266268710e+01
9.881671912427664850e+00
5.468510331226868360e+00
6.092157848532906428e+00
1.143250246639911616e+01
4.898595623447739911e+00
6.389178468199709471e+00
1.109447805896562755e+01
1.047933131036145937e+01
4.358739515879108684e-01
6.252432673288826237e+00
1.421391437959666071e+01
6.786062892103979394e+00
4.523398891347395256e+00
1.241970837209701095e+01
1.640129164667927952e+01
5.408057456238547722e+00
2.726514461876976991e+00
1.282072043788892390e+00
9.637891688171441373e+00
1.573551041969046338e+01
1.686026586716222186e-01
1.123285829936910285e-01
1.550078754773855927e+01
6.292284425255322944e+00
5.859972145433098412e+00
7.168854848907137978e-01
1.953989797933172312e+01
1.763303057672995422e+01
5.454266991572370493e+00
7.457662668866680278e+00
1.997343810904797579e+01
1.434412969071573407e+01
6.090200288236388815e+00
6.688922831489223064e+00
1.063174800659866825e+01
6.780304015166709775e+00
6.025150574896821709e+00
1.514220531890310806e+00
5.811406933669085895e+00
1.257245250443142481e+01
9.164558950818214811e+00
1.125928848666298876e+01
2.058777466863448147e-01
5.054476694276486270e+00
6.946562299964750054e+00
6.391594416336774387e+00
5.867611556900063086e+00
1.285097037315925128e+01
5.200938140064629955e+00
5.906993710148240595e+00
1.319135401801651841e-01
1.826628227724263809e+01
6.064180714157925145e+00
7.958092050934753026e+00
2.005944293566576109e-01
1.184316471370032292e-01
2.251239693787056018e-01
5.280653784088086944e+00
6.773873791588441051e+00
3.011098235836133230e-01
1.324865939485317057e+01
5.947353190185208582e+00
1.274451211269015261e+01
6.441749875487578159e+00
5.414063914135912370e+00
5.231487693796204930e+00
7.603679558939147931e+00
5.258286765615902247e+00
1.102590810676647770e+01
5.381068655661755074e+00
5.512972396408436282e+00
6.137938025402636555e+00
5.502636707026591356e-01
5.836614599545353776e+00
1.222957661644809235e+01
8.132965744109432293e+00
1.491955833735942039e-01
5.647861764361180370e+00
5.783658385823880366e+00
6.353098903103736816e+00
5.423458598431518674e+00
1.370435373674752655e-01
6.836018054184386905e+00
6.349209488641781363e+00
1.293783161547619542e+01
1.152957217276349283e-01
4.221457989372361830e+00
1.826172789611722180e+01
1.321822527581736750e+01
1.654333399638725766e+01
2.131636573696038817e-01
5.540075166473892310e+00
6.333230439185250304e+00
5.961232536877594690e+00
1.497634489285402815e+01
4.126215028082085290e-01
1.888790288809078532e+01
6.906395084394175932e+00
4.567564630479675536e+00
6.400165302223438601e+00
1.227996116448943770e-01
1.683641566461793460e+01
3.298076645270949792e-01
8.782147087514925232e+00
6.966900893826209362e+00
6.518286678994566152e+00
1.066314113422823229e-01
6.089328962781847210e+00
5.783556871506053909e+00
1.427080557279369977e+01
5.746088948635069471e+00
1.387271827664541313e+01
2.150301832064599239e+00
6.060326663809780356e+00
1.564014121267133817e+01
7.742814783344761587e+00
5.923016466195926810e+00
1.396452070033724091e+01
2.308562604120205197e+00
6.876728337094043297e+00
1.509160365792673097e+01
5.083818184667335593e+00
1.076624611892967742e+01
3.405041290342964544e+00
5.909118124646989934e+00
5.828863102766914217e+00
1.315488127670653995e+01
1.414786993308720930e+01
6.920439603856112676e+00
1.340785922104979211e-01
1.711709626728196987e-01
6.072941932971911427e+00
1.488058035563081738e+01
1.821605893998443915e-01
1.000962378480180492e-01
5.753386587347245396e+00
5.477656735579516045e+00
6.042363115858226941e+00
1.250544916396828243e-01
2.977778812710463185e+00
1.215050944013172618e+01
1.766036281143449571e+01
1.450784179977079802e+01
6.225165130126443458e+00
5.631450571910500358e+00
7.914976496018795160e-01
1.635909003257330352e-01
6.457705409845706512e+00
1.124965328428070599e+01
5.375082998811805624e+00
6.675435443808345859e+00
5.618856314387651096e+00
3.950965223740675381e+00
5.413318950735027890e+00
8.776806210279385567e+00
5.491658369840767051e+00
5.846072204149822760e+00
1.409212668855039574e+01
3.199692941201209173e+00
1.078579377060418309e+01
5.072640280315056316e+00
6.052200197523600167e+00
1.414027374363595824e+00
7.437615394463549023e+00
2.693878510403386883e-01
6.269231897783027030e+00
5.636187613282333864e+00
4.798471906840319434e+00
1.830684173460003228e-01
5.657614438249800592e+00
1.162331902183983168e+01
8.808596740833740668e+00
1.750991046055692024e+01
1.215581829816228532e-01
1.437562096677203272e+01
6.658564431234054837e+00
1.059853270877083098e+01
1.788043359480237626e+01
2.335979544083659043e+00
6.163030635729088047e+00
7.051196072061368447e+00
1.913614664606854976e-01
1.107480723588936478e+01
5.281425117474076725e-01
1.679295495501544977e+01
6.300417085234217396e+00
1.386785351361310703e-01
1.077896043113578534e-01
1.668381273081227789e+01
1.331184037629176142e-01
8.765895859663677570e+00
1.121972722980391635e-01
1.302783142194210519e+01
5.083449419416607107e+00
1.013022536741114976e-01
6.231330193227115011e+00
5.730009442409094156e+00
5.754296429431874138e+00
6.628329663362840130e+00
1.624993129210312048e+01
1.809064132955422366e+01
5.431184838997008768e+00
5.434658895741050877e+00
1.053439544345165235e-01
1.280227188950908612e+01
1.371869166796688155e+01
6.110826365742406452e+00
3.121591504564451558e+00
5.540878213717683742e+00
9.538214906607372257e+00
3.178351216445523431e+00
9.464654696542639911e+00
7.619955975112804758e+00
5.926516137122224137e+00
6.560999568039977525e+00
6.908070952944202148e+00
4.246132769405994267e+00
6.467872662831478436e+00
9.385221003309414556e+00
5.678786460992605534e+00
2.658885610913348518e+00
1.168602985393078914e-01
1.429676921485992791e-01
7.956015363901323134e+00
6.672536718613903517e+00
5.883692864058716054e+00
1.356155952465837267e+01
1.322030133308960131e+01
5.703510627025341506e+00
5.720379032738788005e+00
6.569681881965475867e+00
1.505621035499261140e+01
6.415054442440269789e+00
6.330438664728707643e+00
5.242667692689530590e+00
6.927006920992167416e+00
6.248485238640975048e+00
6.600065406464740825e+00
6.507044684630360010e+00
5.179802655647378629e+00
1.611238422318049146e+01
6.783847830749247798e+00
5.718757559151498526e+00
1.730000826725878937e+01
6.533428969089402294e+00
1.251782954242489643e-01
1.555307505557258807e+01
2.007704157050478777e+00
1.137935052611399911e+01
6.103038394917359000e+00
1.252463685015723804e+01
5.730364664083126947e+00
1.815319629980233884e+01
6.239775128853631614e+00
9.286458721220476775e+00
5.797286471238776606e+00
1.389689833287581067e+01
6.352380582043677393e+00
3.224184791798206717e+00
1.744846605029199083e+01
2.403251683613836232e+00
8.336659170425916088e+00
4.708069340566487959e+00
1.538160919467168597e-01
5.087788142318898643e+00
8.907223496779545613e+00
1.684849490773905956e+01
6.216730946759630783e+00
5.882770688255298808e+00
1.924339428864956147e+01
4.237386330725061434e+00
6.122483933100491882e+00
1.615506799140933936e+01
5.139991996891096093e+00
6.030453610623486504e+00
8.049223246459538572e+00
5.933615423562194735e+00
1.507950728471694823e+01
5.476812248268609906e+00
7.369199290982879624e+00
5.195588320340520205e+00
5.640850896595337893e+00
1.042488194154859438e-01
7.716605350418842546e-01
1.302376117465060545e+01
1.478683053007408610e+01
5.649217860093449062e+00
1.712548796393940620e+01
1.200536427331740041e+00
7.824059708339490271e+00
2.039577834499632092e-01
1.391457840734831031e+01
1.168921442201340000e+01
1.612046240859226742e+01
6.010091013527921078e+00
5.862819320161446690e+00
1.992610547821657363e+01
6.348772639002182139e+00
5.208738042134957169e+00
1.415888266861394129e+01
2.621545266086954484e+00
9.397783168418458288e+00
5.353127022491213971e+00
1.319213397592518788e+01
1.962577804234118428e+00
1.130007186863263985e-01
6.362244534506528382e+00
6.710457009189325639e+00
6.959743665635658161e+00
1.412284831785372674e+01
5.282924439451629262e+00
2.049468742271645105e-01
1.761076963436025977e+01
7.490919179611244871e+00
7.253964105189718126e+00
5.283761784063539579e+00
6.746504435900448016e+00
5.925727648954221216e+00
1.851387531115639717e+01
1.228066640837986689e+01
1.926745273744739961e+01
9.608901421484825178e+00
2.314881861698055321e+00
5.262927243796614363e+00
1.192729465096057950e+01
6.321358982225619094e+00
5.559866880485532015e+00
1.900211186989598744e+01
6.098168199350125107e+00
6.337222033364851903e+00
6.223853519701730619e+00
4.594463769387037821e+00
1.836608583740998668e+01
1.642791276204550177e-01
5.572463916390553607e+00
1.129916742499858795e-01
5.964910886771983556e+00
5.568140799030000032e+00
1.541601835346866700e+01
1.183988213304552284e+00
7.559340059377923637e+00
1.360071478591297556e+01
1.101656890716509452e+01
1.038842477568432260e-01
1.619580975590829652e+01
1.329542922338823630e+01
1.486317583903567163e+00
1.040861602256732688e-01
2.880027269284128000e+00
1.081636288811441415e-01
7.089214150351793364e+00
5.729090468081307286e+00
1.067491130215565676e+01
6.733585283907530972e+00
9.791680741676813682e+00
2.206797867684821557e-01
6.030582407749609075e+00
6.552136448083936138e+00
1.826126149370551899e-01
5.188563558448391788e+00
1.152359032441693643e+01
5.831414430664319859e+00
1.954755196582685173e+01
6.299170589580624480e+00
1.049399165690622304e+01
5.953248387465135849e+00
9.167755517323392667e+00
9.482330833126416891e+00
3.113097937224426071e-01
5.400716263257442584e+00
1.315571876262865914e+01
9.402287411162360442e+00
1.247712985224557514e+01
6.519306527720123867e+00
9.133263871730344263e+00
5.658309927207193724e+00
1.053448221177826483e+01
1.981531171426910731e+01
5.802166429198471143e+00
1.985758779047884914e+01
5.080347720686407831e-01
3.310101589292575142e+00
1.775205940838609608e+00
5.636335534590624086e+00
1.502223064168061306e+01
1.648218441822884017e+01
6.192982136451534281e+00
2.841996279351672872e-01
5.874446735315428825e+00
6.402912793780778600e+00
1.442393938356898175e+01
8.822780669418152755e+00
9.826928110359199664e+00
3.352228428981574027e-01
5.562482410138187561e+00
1.415597288068902171e-01
8.095767806428108671e+00
1.385703476424474268e+01
4.881688631552540514e+00
1.364173207246682118e+01
1.364620628694328541e-01
6.236650447517692264e+00
1.390250533029685265e+01
1.391780004373030510e-01
1.408602413737136416e+01
1.762560740983124319e+01
1.284460112772971563e-01
6.241140536205753264e+00
1.023516503777793241e-01
1.523309996480125150e+01
6.014240541846243460e+00
1.367044943101615218e+01
1.746739728412795500e+01
4.444847976871638018e+00
1.388892816208086955e+01
7.883930274789773485e+00
5.959821092069347515e+00
5.567487513504067564e+00
8.458621512835597045e+00
1.822130596629441968e+01
1.499698951691869619e-01
1.463594041131257839e+01
1.746912263684179223e+01
5.436058375827229838e+00
9.426310170677719924e+00
1.171292282735531542e-01
1.710841823426868080e+00
5.618447545820768774e+00
5.507643408925336104e+00
5.915457318901125028e+00
1.442767758936874856e+01
6.578126894571941108e+00
6.377936967081369701e+00
6.103616510118251348e+00
3.016767609425752728e+00
9.290459703469002406e+00
2.089138950944001427e-01
3.050888596195295843e+00
8.987342904257307197e+00
5.180023922224704869e+00
9.584413885425499657e+00
5.431974728425790211e+00
1.102741033411191313e-01
2.741511553239961430e-01
1.448477147341331595e+00
5.896816530839145365e+00
1.267446878089809026e+01
1.907270490211609371e+01
1.946334537443102874e+01
1.681717586936424524e+01
1.356619750803547220e+01
1.725820644963816974e+01
1.130398737724766373e-01
1.763877658622194478e+00
4.397734870506916915e-01
1.588197579689503813e+00
7.782580234871770308e+00
7.214036335322640880e+00
6.207035945212753703e+00
7.616605122800026884e+00
3.064119176569148895e+00
5.201365397545482772e+00
1.679420783882687118e+01
5.791229957638355685e+00
5.460104799296075839e+00
1.859295848232512327e+01
1.057245473643331629e-01
6.028716532355039348e+00
5.055722874086744589e+00
5.736073662644319171e+00
1.687207892335653980e+01
5.774078098723668617e+00
3.281841067653852306e+00
6.451948878904617324e+00
3.905011427861949436e+00
6.492708242389016782e+00
1.677166983617624751e+01
1.566112908403730231e+01
9.549931739173119993e+00
3.600704244609990168e-01
5.916827118520271434e+00
1.035549078039652393e+01
1.753639373526107548e+01
9.241232960794805606e+00
2.982114154136428774e-01
1.523002468253204533e+01
2.830152430609410019e-01
3.735761029523411825e+00
1.341984227910973182e+01
1.208051159254690254e-01
6.265641468936802738e+00
5.653028402453881718e+00
5.228709876494786357e+00
1.135844924505370734e+01
3.205198829125945448e+00
6.513344134416520603e+00
1.567718188401381596e+01
5.017898464050237983e+00
4.807789582601673217e+00
5.695402223405329423e+00
1.642459991811003439e+00
5.744725000301490248e+00
7.526866899883649653e-01
5.790060933200435578e+00
6.119921375256433649e+00
3.334594234078295028e+00
6.381455165060312851e+00
9.992564024835447256e+00
5.556712309089981261e+00
1.750231945956157276e+01
5.549584642929412226e+00
5.348546768801557327e+00
1.110724809379468880e-01
6.088398978787659566e+00
6.491738656118036133e+00
5.912235083471662378e+00
8.133313658136749780e+00
1.881157302117588870e+01
1.995494831112190681e+01
6.194954396435639943e+00
1.207816720119038933e+01
3.551583612814655844e+00
1.415902992556307693e-01
6.060558542140968008e+00
1.933368742743795388e-01
1.337333836135939791e+01
1.908568032581875329e+01
5.513924743883169555e+00
5.423292261280890258e+00
6.586453770399061547e+00
5.967178165245855759e+00
6.067700559160526197e+00
1.456593856624373851e-01
1.649377764521009126e+01
2.333710969756662146e-01
1.825372589217588626e+01
5.980902991080530029e+00
5.602988033209357788e+00
1.710405462372228058e+01
1.848028755740694362e-01
1.657200748727063555e+01
1.754753375682005156e+01
1.108010676871954009e-01
5.836976483100597690e+00
6.036864560786912470e+00
6.247212886292627942e+00
1.010226801159813115e-01
7.977574160853735386e+00
6.661259836950660151e+00
1.553519557722572442e-01
6.076065881185413353e+00
2.274410487629922706e+00
6.613075329429653593e+00
1.057925219932590311e-01
1.388197580461646652e+01
7.966168213776970930e+00
4.761711970790824644e+00
6.853107189061030446e+00
1.374982104548580253e+01
1.962368361849087806e-01
4.553116800560569111e+00
1.354199680280867746e+01
1.664978951303064114e-01
6.871986385651603690e+00
5.665492602805374922e+00
5.396710330068128947e+00
2.782744077926716297e+00
1.036463813921254945e-01
5.511172193829010801e+00
1.771945597462167177e+00
1.086514960757678366e-01
5.964625510232195893e+00
6.070723672486487033e+00
5.205867146673905488e+00
5.585073780095322071e+00
1.020716849708938234e+01
6.854310643565653116e+00
1.891817354847481036e+00
1.281021814313508500e+01
1.681856170274967921e-01
1.309879003032839506e+01
5.530719414852483418e+00
3.789691174960589048e+00
7.717805282087546459e+00
5.884875314118488632e+00
1.586602350402874428e+01
1.407521599760153341e+00
6.120793419197436691e+00
3.319025722519731048e+00
1.086809666195826551e+01
5.699193352951374081e+00
2.132661262540076486e+00
9.709415420800240781e+00
8.477174883188133947e+00
1.785566510514632999e+00
2.008882762381547227e-01
1.831356003893601070e+01
5.444859129945752940e+00
5.888536320355388654e+00
5.245503056012168486e+00
2.067075825287513768e-01
1.210215555761110784e-01
6.682933277596324828e+00
1.297974812728624627e+01
8.443273965039302942e-01
3.525136258899442598e+00
1.013548928899152912e+01
1.512565087629076654e-01
5.229931654327595325e+00
5.926962765366563524e+00
2.101245352917359699e-01
6.107264217157991837e+00
1.926220114860510435e+01
5.744860704109283844e+00
6.791366490188833538e+00
5.659931330168539887e+00
1.288139975562273776e+01
6.622291475865422328e+00
9.443813500317304488e+00
1.905141770785411914e+00
1.641627653309507551e+01
5.778634003577505673e+00
7.277107392699779354e+00
1.856264606887635438e+01
1.936174387545149500e+01
5.709054035725523057e+00
6.238519548965077099e+00
6.222972673793997878e+00
6.309575705686934377e+00
5.641859981422826742e+00
6.630335483119719875e+00
1.990568951608609183e+01
5.215082076604330652e+00
1.873405072597801313e-01
5.661159480699769375e+00
1.748589760292983630e+00
6.722917900031736949e+00
5.085378330259676005e+00
3.432595966130384535e-01
6.530847483785184870e+00
6.404915466129038393e+00
3.255118675447921550e+00
5.619620517730466780e+00
2.869642063078884586e+00
5.652981290674844672e+00
1.930337860236890357e+00
5.829788205842605819e+00
1.393187769183753488e+01
5.770498835527232195e+00
1.611265194592660777e+01
1.670450037701682078e+01
5.337773351808276168e+00
5.973202641566924598e+00
2.097173650410280477e+00
6.964228532975337949e+00
1.066391585101033046e-01
7.423871799872893362e+00
6.398745543211589393e+00
1.950955816034161572e+01
1.956900461297450988e+01
8.697824597367628030e+00
6.729317054599550652e+00
6.085017832573633711e+00
5.600325873064575077e+00
5.891367474903558943e+00
1.508797598635896442e+01
1.889969119381499141e+01
5.620534106010854458e+00
2.155961778729146572e-01
6.518196020688996839e+00
6.593526721918358646e+00
5.140890903051648309e+00
9.492326085152255288e+00
1.913938801313565108e+01
1.957917895592668245e+01
2.462112583139494770e+00
1.072863393411886690e-01
6.084014485256376226e+00
6.088346020965651029e+00
5.591950540006467740e+00
6.367654426055239902e+00
1.816387667541986417e+01
6.667829799029465931e+00
4.027921424338668288e+00
6.000950433856870880e+00
2.106229620038040373e-01
5.802819984341461179e+00
6.932899778308430072e+00
6.834501030635358632e+00
5.910659635876593931e+00
1.550318216972356389e+01
6.062946436524183191e+00
5.538294705895102865e+00
1.843856501098512790e-01
5.514564618214529368e+00
1.194159825573097855e+00
3.761053817611875183e-01
5.108231793415523470e+00
2.678031027866994429e-01
5.741814772859870075e-01
5.871012973554109671e+00
6.718786171524285145e+00
1.521085477274032094e+01
3.302686049644588673e-01
5.566280331587975638e+00
1.805773220612406504e+01
1.899551834039547416e+01
6.085028250772309022e+00
6.429869073996905549e+00
1.270091519057829821e+01
6.502598177171219795e+00
1.317608387455991803e+01
5.289110849161386518e+00
6.633197608187389349e+00
1.344237636865955388e+01
1.608060912050497748e+01
6.109956679797138079e+00
3.179613269453088753e-01
2.456676804085808907e-01
2.167522502313599664e-01
5.874310099999747514e+00
2.613418485277420711e+00
6.622352328550258349e+00
5.715220514373806182e+00
1.294247156181109126e+01
1.233155296465790890e-01
5.833356105388880053e+00
5.864921903349012311e+00
5.941548896876819086e+00
5.811011635907590289e-01
1.717900166566245446e+01
4.732742267923264023e+00
5.499644180496726875e+00
5.749915049985368398e+00
5.383940906935937853e+00
5.416734729933020631e+00
1.379365166985136604e+01
1.862201232955494135e+01
1.507107516603755359e-01
1.284764467726018644e+01
6.959500952906151561e+00
2.417373430825074943e-01
2.354113402637260655e-01
9.323824239564055816e+00
5.120026633451605136e+00
6.335125330807740873e+00
1.661235327591781896e+01
6.200669954237416626e+00
6.736983238192284063e+00
9.037800057797388931e+00
5.671708626088078020e+00
5.811084871561093657e+00
1.138391554059295885e+01
2.136835356751859150e-01
5.133013146220723577e+00
3.720635335909238117e-01
1.632300350551940227e+01
1.297297137183482718e+00
4.638304304447516735e+00
8.564493870140026388e+00
6.523603265191037615e+00
2.366041157865834244e+00
6.102410009685808490e+00
1.799237768129261950e+00
1.009508126296665687e+01
1.892048939835321519e+01
1.423654016304469927e+01
1.975150314833867826e-01
6.163653882869758682e+00
1.060038310380778626e+01
5.392714534663252124e+00
6.061523150766812584e+00
1.795731705500735487e+01
1.540929163843376415e+01
5.921258237000005309e+00
6.306052378762983857e+00
5.422636814380322967e+00
1.119186636823543912e+00
2.807184910599061500e-01
6.743921297580300234e+00
7.587682688800242659e+00
1.165776540574774561e-01
1.418982648208777786e-01
5.644321959989044402e+00
6.496264518600522564e+00
1.246705885124445068e+01
1.627364964931147284e+01
6.663616163924425351e+00
1.659104064094836517e-01
3.274456853016562086e+00
6.590323877632829230e+00
5.819965193171724671e+00
5.553147074853705512e+00
5.942577496653773217e+00
1.012332391117213426e+01
3.382831452198042488e+00
5.511075808908840301e+00
1.294034230661529605e+01
8.533211532487808171e+00
1.364624234672749958e-01
6.633194000967850279e+00
1.463282787548964570e-01
1.066470338540020535e+01
2.136337699231997400e-01
6.227925913865873575e+00
5.077096000788180241e+00
6.000035500796133014e+00
5.808017984580791548e+00
1.574022258834489918e+01
6.203889367622312356e+00
5.953413814472534149e+00
6.537541910107798060e+00
1.256089686783251480e+01
2.825754881055367207e+00
1.331983708746207462e+01
1.472670775295109313e-01
5.442796227491835559e+00
4.304404938157441407e+00
5.131811937043356586e+00
1.545360546200730312e+01
5.994671570176197228e+00
6.635967768458351124e+00
1.733405494734480579e+00
6.069055896392500316e+00
6.402244557104174838e+00
9.375958659319394428e+00
6.446941597865000873e+00
1.090293521412473154e+01
6.593425142816112583e+00
5.322574124211173263e+00
6.167527596286625169e+00
5.673685899447371561e+00
7.731798582384586949e-01
1.659342699259943321e-01
6.346019006660156947e+00
1.643120329798882651e+01
8.677515313917890438e+00
7.272652073537397399e+00
3.101439420684303228e-01
5.932884686103007787e+00
5.859182745578750406e+00
1.681922514962576187e+01
6.999285147543655716e-01
9.639331895547664786e+00
4.433133839749105576e+00
6.687864273894626344e+00
6.089814213242622287e+00
1.408307777595218724e+01
1.073677885010729804e-01
5.301185846020902481e+00
6.119407130581901555e+00
1.761476838651152121e+01
1.061567783522357589e+00
7.767004633837998995e+00
2.080529130002303495e-01
4.784655301961277196e+00
7.967856207590184425e+00
6.431205923966481386e+00
1.673176412849490546e+01
2.652824403479171478e-01
6.303584720477684478e+00
1.173670801979933564e+00
5.979305096931407881e+00
2.642352228002827208e-01
1.041818328093371626e+01
6.052145476370165866e+00
1.060493255878386110e-01
7.001114022123295477e+00
1.560932001036948868e+01
5.284825586147928078e+00
7.343814543732373856e+00
5.609465993726487909e+00
1.482674877098420652e+01
4.184070048570486811e-01
1.648021000016964166e+01
1.269624951036455729e-01
2.428130060644099752e-01
2.394057209942815623e-01
5.439227470397413278e+00
5.912278917218664276e+00
1.416963414531443632e+01
4.855183187688757229e+00
5.732750761546948404e+00
8.069711186405381653e+00
1.816032359990721901e+01
9.828125477800538690e+00
5.072923887886126693e+00
5.534716236098963904e+00
2.933236024110873474e-01
5.208203967290288006e+00
3.080361851583702570e+00
6.802760651823226645e+00
6.523094688672018471e+00
6.100844817951395882e+00
6.471765386792785790e+00
6.035771900643917220e+00
7.573543333284735724e+00
1.901694433590873867e+00
1.826085886525055813e+01
1.294627316110194826e-01
8.811889259729557722e+00
1.766143415809841244e+01
5.984031322250451979e+00
4.439511474534660884e+00
5.673207623148272205e+00
6.397713260473646635e+00
1.951933549144962754e+01
5.723114821185535384e+00
5.728487919701843012e+00
5.632830946009693029e+00
8.413038030158510594e+00
6.326670934983066985e+00
5.432608182245232342e+00
6.923198971928390399e+00
1.884034162071594309e+01
6.533409705321589378e+00
6.626314255603218406e+00
6.615127945608082705e+00
1.555324795739516930e-01
1.576543554690242921e+01
1.348155517885636456e+01
1.589842261514416322e+01
5.645763881635861736e+00
5.136723154154518411e+00
6.748421964152021779e+00
9.246408956394734702e+00
5.485774247036506956e+00
2.279293817885622297e-01
9.351625532377543237e+00
1.752004324834199167e+01
1.620462618331218607e+01
1.285301699687307320e+01
5.623714772531047679e+00
3.575398847472476493e+00
8.778003720197952831e+00
1.572626721310597553e+01
1.924467805748622951e+01
6.541800546070035693e+00
7.605337567829439926e+00
1.240560962793178235e-01
2.611515714764193197e-01
2.116358214893584999e-01
5.988611704702643479e+00
1.570673509753087449e-01
8.914699871405639131e-01
1.512702295492299598e+01
5.524870506100013401e+00
1.077842573658818459e+01
1.898487179302927597e-01
6.545765463691013863e+00
2.512882632955154572e-01
1.394433966420595139e-01
1.350213922305733005e-01
1.575772759036653881e+01
6.506310285456147646e+00
4.335314804755588725e+00
5.592279859286806598e+00
8.312766525030662379e+00
5.504535361702986407e+00
1.677661990154777172e+01
1.565363841822973612e+01
1.102817491150591778e+01
8.572363802766139074e+00
1.698607525150756459e+01
4.767050228024064529e-01
5.432550537662598877e+00
1.730399342338393609e+01
1.488466003703613927e+00
1.478942825640312542e-01
8.586272714936351136e+00
1.197066906904599826e+01
1.932827760073253742e+01
1.070072607121538155e+01
1.849224981991022076e+01
2.222132613916711630e-01
6.613925402223601147e+00
6.313318977608154192e+00
6.196105976646298252e+00
5.386031921082528484e+00
2.760293483093371858e+00
1.073332514927513337e+01
6.311047689977802300e+00
1.930926120795094514e-01
1.255875028571741936e+01
5.798459821564514449e+00
4.676940554787875293e+00
1.303298722999226555e+01
1.598113004936419834e+01
5.935719327011105051e+00
1.043100763007800325e+01
5.680028428315073263e+00
5.894103680580787596e+00
2.566075510002367444e-01
1.039669620163853059e-01
6.449225718869583623e+00
7.345469809479896028e+00
5.448884756649876593e+00
6.078184824937864938e+00
1.244898402477055299e+01
6.566584325823257906e+00
1.968222829954340369e+01
1.312392292162221086e-01
6.286835855366731174e+00
6.846035665016357186e+00
3.283199783173468944e+00
6.655979991966698428e+00
6.382655548536558143e+00
5.466513164086534537e+00
1.134086325814641327e+01
8.904699578247024405e+00
6.601443777876238705e+00
1.857613103789816256e+00
1.057479947247175289e+01
9.732569937954119510e+00
1.310648652705169170e-01
1.687435947475050213e+01
1.276993646455418241e-01
6.588983556786725870e+00
5.264155952304744979e+00
5.657744873305899702e+00
5.863306841364958721e+00
5.905483445309985591e+00
9.468202645410471519e+00
1.551791644921880575e+01
5.740609028359103583e+00
6.527028218532586301e+00
5.480043651895647017e+00
5.994618219877649423e+00
1.364737031443393889e+01
6.779566286611715675e+00
1.048018425387403418e+01
5.655766026959117454e+00
5.506862225194759652e+00
9.695672385390183834e+00
1.726601599237399753e+01
6.080696403091800484e+00
6.891613756625310394e+00
6.090083776334684451e+00
1.588173029469059472e+01
1.310772926682594042e-01
6.424459940069648489e+00
7.339119388587624471e+00
1.337882420780966974e+01
5.980609099963156261e+00
5.340205906138590031e+00
1.374468180334252310e+01
2.714179937376723473e+00
5.317035633071742318e+00
1.907365822324041105e+01
5.302376816534605020e+00
4.430294636084731508e+00
7.606131564819745172e+00
5.286942588778319241e+00
7.316608939555343305e+00
7.292550151856517004e+00
4.325539307186312854e+00
5.448997459360078288e+00
5.864254920234483137e+00
4.072638490956248525e+00
1.313640574133242112e+01
1.709551967365936775e+01
1.168598734017832541e+00
1.183612335822508826e-01
4.786430715152646620e+00
2.485350853447796660e-01
1.118792554831387343e-01
2.597391107263477661e+00
6.880170168385429719e+00
1.545913915115034065e+00
5.109215027211012838e+00
8.357049616326259311e+00
5.536741549538336749e+00
4.871650930830052850e+00
4.294509903327545786e+00
5.851028682596859376e+00
1.307400301603089865e+01
1.591439743293449283e+01
5.728011244879765762e+00
8.540997903406434943e+00
1.268142060825244499e+01
1.447102307641721097e+01
7.560829959917889198e+00
5.930453371346779079e+00
6.429101258423902010e+00
2.122322405682459112e-01
6.412984292104103368e+00
1.377622641007044990e+01
6.677547591178576880e+00
5.504063448291245386e+00
1.090262715550503714e+01
1.208388475738302503e+01
1.585837299248222532e-01
1.417554487116177819e+00
5.761008195496184925e+00
5.476170640038704462e+00
1.127778872648273101e+01
9.065776659252795966e+00
1.200685451436046058e+01
3.251812736426489270e-01
1.843795272872587532e+01
5.623528136782852904e+00
1.142559941861489392e+01
5.559387846724619386e+00
5.724674547448558748e+00
1.603318345910078879e-01
1.822987312856312414e+01
6.465050604891999342e+00
5.798206131166571353e+00
5.905477992795541198e+00
1.570736828403034124e+01
1.535721327844954687e-01
6.539674048748095991e+00
5.812126337690225242e+00
5.693771855687968397e+00
6.036359795822908048e+00
1.966452683842558358e+01
9.148056943576071687e-01
6.045961383911211406e+00
1.525726962881877213e+01
6.103385230827069741e+00
3.037119047197686106e-01
6.566765671429085849e+00
4.628119584053100866e+00
3.374570981155469607e+00
1.758679916454715197e+01
5.788787125387787391e+00
3.287926725284357476e-01
2.356202311887346801e-01
5.778799758851370427e+00
1.242461721792466811e+01
1.074099512325924266e+01
8.653463157050373056e+00
6.629314982455359662e+00
5.899073644227930124e+00
6.264479494045802177e+00
5.633314665741018246e+00
6.984237213334806071e+00
1.642556744153855419e+01
1.990819421743818873e+00
5.896115876510014786e+00
1.478971172805026102e+00
6.004218503885743630e+00
5.436877229518751520e+00
1.123897838256494724e-01
6.022636590922797240e+00
5.110842058924736975e+00
1.363892191990014879e+01
6.396313240082846185e+00
1.645406346740792281e-01
5.921587609307149336e+00
5.793631826793039785e+00
1.275722656156013324e+00
1.232783900004081978e+01
3.135854376268998767e+00
5.147820552139013017e+00
6.354166055390842338e+00
3.787351496345954249e+00
9.361642860809183730e+00
6.025035967195095488e+00
6.109241192459870184e+00
5.499668933315338570e+00
2.808248707291540747e+00
5.640792964338039006e+00
9.787784482720649493e+00
6.086332607176741405e+00
4.872514289179441960e+00
1.486385648746567367e-01
1.318623976850967772e+01
7.147646144989132644e+00
1.750844786881561532e+01
5.189230215964261816e+00
6.394370732585979766e+00
1.135323829260850431e-01
5.329096938600597078e+00
1.168043564715002675e-01
2.106111894715488653e+00
5.789947109985689622e+00
6.491423159775070673e+00
1.161127491964339065e+01
1.489811326061849517e-01
6.205697274252979234e+00
6.003345264852250729e+00
6.321914273058537148e+00
1.247350078568503129e+01
6.993759423630399930e+00
6.460299035662935729e+00
5.854372465713337803e+00
5.657028048519552321e+00
1.229658608728230629e+00
3.911965575893382674e+00
2.720111980401243468e+00
5.456674920661976458e+00
1.188511071493457000e-01
1.693706072755605163e+01
9.353732914393059872e+00
6.577886491547555003e+00
3.346649895135330954e+00
6.117019571496785879e+00
2.682139847818055811e-01
6.489335104426785961e+00
1.623828867119160302e-01
2.317727708959305133e+00
1.819185196033910401e+01
6.072390701108846045e+00
1.092620271449362412e-01
5.471022365551702293e+00
1.332491123145772605e+01
1.767416646633660804e+01
1.587200603831223855e+00
5.112999960027739377e+00
1.462721141366185029e-01
1.530628912145765241e+01
1.857159980297446822e+01
5.367342616865393268e+00
6.239667961458168044e+00
6.241442833248568967e+00
1.236897650559757800e+01
5.749973601919934119e+00
6.002581244201052435e+00
1.704953552492687874e-01
5.581929265190269440e+00
6.123174451939814134e+00
5.237918857165546171e+00
5.012880479524926436e+00
2.127976778704573357e-01
1.268609259679994850e+01
1.158182239348733988e-01
2.480989555605634667e-01
3.332754272518730909e-01
1.589416545063008501e-01
3.858030160142569720e+00
1.715248483172119620e+01
6.047763285791989851e+00
1.989217876830313148e-01
1.746254682368170918e+01
2.529747239638756362e+00
1.436736936046670576e-01
5.797125069231714889e+00
7.096951340710273115e+00
1.626841036858786538e+01
5.202133917745633163e+00
5.700146147539394192e+00
1.609008158025726054e+00
6.243405690608779146e+00
4.275895587673034903e+00
6.653707215433398048e+00
3.494674344098592567e+00
1.026547583901208649e-01
3.611202370118294369e-01
1.162242104710275781e+00
3.410282566819323180e-01
1.974247237888257800e+01
2.492278387113298521e+00
6.528571853233785305e+00
5.114478929176746291e+00
1.955318077508437502e-01
1.070020293600645900e+01
1.479278592931414282e+00
6.089352569223590805e+00
5.997879235392446162e+00
1.911439315669150574e+01
1.839541723597505296e+01
6.183857406125252254e+00
5.382899931755750877e+00
1.393785865067460072e+01
1.160803880590927051e+01
6.456659614847765738e+00
1.631489083547079111e-01
5.301872561683987684e+00
6.910752499688316952e+00
1.724956488202371219e+01
2.527286729359480066e+00
1.078595524001532413e-01
4.985368729959511747e+00
6.906288518483711947e+00
5.690139161050173477e+00
7.012700085375250580e+00
1.389444180768547810e+01
5.907933227768018547e+00
1.924230247037649733e+01
1.080639008488881636e+01
2.651919630748594825e-01
1.318325823104979089e-01
1.375281330036773042e+01
1.333774398423016905e+01
1.441018430899041647e+01
8.130251321063603598e+00
1.644945009585979534e+01
1.893809922309277027e+01
1.561272885299734270e+01
1.347611466664264768e+01
1.609175098620645228e+00
1.100866398847054173e+00
6.048353358532055246e+00
5.357319180643132839e+00
7.506761462804627527e+00
5.957926078349451871e+00
5.605718713804482611e+00
1.517903848014496937e+01
6.442046791970136965e+00
3.729393943511285059e+00
2.100400006657273444e+00
5.861068911970062523e+00
6.423659617360024221e+00
6.544559364607428265e+00
5.931368536951321602e+00
6.561808965150064843e+00
1.206003435998882767e-01
6.941829343315452761e+00
7.011875568888323862e+00
1.366830990289493997e+01
1.647108492925429957e+01
1.569965903252758532e-01
6.313339373116848563e+00
1.020580207882510670e+01
5.723487502701737561e+00
1.004247757488594495e+01
1.715619702487304776e+00
1.037370014706214816e-01
6.443628825542415228e+00
8.211786708902453213e+00
1.579559069864549414e+01
6.255201208898303555e+00
1.777476599304792515e+01
7.245479767938006965e+00
1.338166167077995361e+01
1.150069668719315014e-01
5.851197414209591052e+00
4.288361529111753612e+00
6.310770339653013927e+00
1.124107264907574155e+01
4.319496300625814023e+00
5.866326088622282775e+00
8.566792846419817309e+00
1.756293628409931473e-01
5.934962315002143995e+00
6.267534963509588053e+00
5.178047766599233270e+00
1.355630669661481158e-01
1.375991566580577441e+01
6.881984621446930461e+00
1.059771549117879808e+01
1.081499474040119502e+01
1.953943094492455401e+01
6.762404546666752836e+00
2.490905696873146336e-01
5.771643187868544800e+00
1.386054454886315668e+01
6.411854043772433620e+00
3.318631042738394932e+00
1.173760616433370679e-01
5.339391026856845635e-01
1.008178276185112549e-01
1.622768115022711299e+01
2.400521575266171492e+00
5.847004303015055804e+00
6.300982315387561705e+00
5.986253355117597152e+00
6.633709220390480610e+00
1.231815680528185603e-01
6.732704242932470606e+00
1.812854864383217546e+01
8.089964365488592435e+00
1.492164523430092515e+01
5.617625066182614368e+00
5.395576705287309593e+00
6.236111035213480314e+00
6.198585718328415872e+00
2.941469914969730759e+00
1.840068627035839555e+01
6.096118019039717950e+00
4.916091324681452157e+00
1.204410482546150973e+01
1.071487871108677270e-01
5.625900387117249934e+00
5.451177115070755974e+00
1.724936327047267426e+01
1.131610138943414690e+01
5.985535969283555247e+00
5.732407202655810607e+00
1.029272529355074045e-01
5.907487248092656351e+00
1.606014332212727658e-01
1.869136206974480885e+01
1.284504037779850283e-01
6.058718498634100058e+00
6.683149356545851738e+00
5.319695173970569790e+00
6.278358990096953640e+00
1.279390775805041081e+01
2.978694987897733792e+00
1.750102928291375759e-01
5.910366793333324154e+00
5.862798017005060203e+00
1.570625222816649824e+01
1.526020961610216453e+01
1.528809313431392258e+00
5.093721243424224276e+00
6.607479302738498816e+00
1.526657700480759416e+01
1.001353270059092893e+01
1.310096181274814919e-01
4.355524016882879934e+00
7.280379299644953228e+00
2.274378699611923516e+00
2.306339616218225252e+00
2.437272702483344045e-01
5.634111636485942043e+00
5.692643792042014539e+00
1.647618727747306999e-01
1.939321739703730429e+01
6.857903218053940098e-01
5.792138211361452349e+00
6.994157507304379351e+00
1.054485898872287303e-01
5.192278120299977928e-01
5.528517143096292052e+00
5.757391515257561210e+00
7.114027387184552964e+00
6.144728578425874055e+00
6.181299683381606513e+00
1.725951581756891784e+01
5.900767904039290634e+00
2.221025342057935670e-01
1.747247870658180657e+00
2.449483122915924405e+00
4.503533807038571091e+00
1.312705528960536050e+01
4.697373246940436786e+00
5.954670837198899669e+00
1.237500528036291625e-01
1.489955737567454008e+01
2.327367074232455924e+00
5.739589632731129321e+00
1.747719297266163352e+01
8.003385128728682574e+00
1.695195628446878899e+01
5.677913548241970254e+00
1.818800681881177217e-01
6.338560304637141485e+00
5.402311138285701198e+00
6.511232991759612787e+00
5.620800316529511953e+00
5.753640514767353054e+00
5.846211743096625391e+00
5.862588730002724624e+00
1.614899986523512609e+01
7.231579373637798014e+00
5.779750944646910860e+00
1.667083830226369634e-01
5.927134507039676592e+00
5.315867904141920341e+00
1.404752846657602305e-01
1.083124757425330564e+01
6.321343402088205998e+00
1.269177365326265017e+00
1.237062017319915874e+01
1.312688574176696221e+01
1.023289516736242533e+01
2.791894573252953649e+00
5.571663426816106046e+00
5.658692075941277544e+00
1.006485632976303612e-01
8.804986649388578002e+00
1.386600148456674786e-01
6.056672486932770383e+00
1.822669560361195873e-01
6.615739388609911842e+00
1.020040961586767736e+01
6.189856911497639835e+00
6.168124838805487897e+00
5.966019508575567620e+00
1.466597390861229255e-01
6.502974836754339627e+00
6.534076818945421472e+00
7.041309282969574923e+00
5.824419579481630471e+00
1.331166301645697048e-01
2.369705657605993832e+00
1.264232621063140494e-01
6.035190236365250982e+00
1.415001271039478259e-01
5.883535438904597292e+00
6.465650785709000203e+00
6.795473337418639126e+00
1.553683421906673523e+01
2.507631383404631098e+00
6.132250012259005345e+00
1.675781162342909081e+00
2.061612231547008678e-01
9.881627692216200742e+00
5.429170515363550997e+00
6.441222056411847419e+00
8.984715255890614927e+00
8.858280496213854605e+00
6.283753593108964530e+00
9.825227077047344437e+00
6.897729700929209784e+00
1.158681047509759754e-01
5.635293918776919098e-01
5.792168419744903041e+00
9.532216700293794531e+00
6.819901747729241848e+00
5.559154224929377719e+00
5.496249792995272720e+00
6.279191583995073600e+00
5.382091921110593091e+00
1.228604833735562174e+01
1.112495759913249138e+01
6.629737619137745952e+00
5.891328198170333152e+00
5.755354472502374641e+00
4.827597956551418434e+00
1.584824844489200757e+01
1.654753882206297888e+01
6.352834554470850215e+00
9.257824204419904390e+00
5.475500676516885434e+00
1.729415227968639712e+01
1.256803565750053231e+01
5.793088319137589259e+00
8.375563066823490388e+00
5.315926852675736392e+00
1.336869640125212833e+01
1.094843780674618117e+01
9.676569664530598303e+00
1.020286796416986913e-01
8.654887016696866553e+00
4.979193874107660456e+00
5.909673946925203758e+00
1.261787023957572274e+01
1.860189671790413612e+01
1.209567794073865166e+01
1.901814087162182787e+01
6.639079732695343239e+00
1.180042870029503893e-01
6.018838012382124347e+00
5.566430300462470449e+00
6.034601546518318038e+00
2.192285391411886719e-01
1.071914254817229128e+01
4.581499268080063914e+00
5.944687428759750425e+00
7.710777748213746285e+00
6.060373739940719595e+00
1.805308694942303305e+01
6.130405340969308448e+00
4.686212702256173923e-01
3.083363941649287510e-01
5.760093954095615310e+00
5.737828276855273302e+00
6.299043190632725775e+00
5.472332208205346049e+00
1.224502722132505689e-01
6.377730939820114742e+00
5.369713842322942021e+00
1.611826056646934546e+01
1.889578043483853609e+00
5.472998616546556505e+00
2.585615636213572932e-01
5.668220199996332198e+00
5.372985139625940931e+00
5.059139949399559910e+00
6.063607166423492068e+00
4.173670701211710465e+00
1.971556698318707390e+01
2.649903765160658065e+00
1.772355181392556744e+01
8.064397920664925223e+00
2.430852750837193821e-01
5.991681617390534953e+00
1.462613831598220138e+01
6.469393358751736045e+00
2.982205182159654466e+00
5.277229435571102023e+00
6.058533758403804370e+00
9.639319898509263851e+00
5.936673614905410012e+00
1.088442263678567334e-01
1.892495124474626866e-01
5.900028872615797226e+00
5.061138631129373344e+00
1.973042985092480706e+01
5.795170671739513502e+00
5.604711144999991568e+00
1.500677000471986489e+01
2.306396833373656641e+00
1.565192516796613198e+01
1.010533840328177391e+01
8.514551392180893075e+00
9.534307520688026116e+00
5.779552522802889669e+00
6.078349903928891962e+00
1.765996907657962467e+01
2.965082523173797613e-01
5.200636554821426394e+00
6.776086390443861518e+00
2.025535906420004584e-01
3.771409928408554713e+00
4.147005091466210658e+00
2.005483643158880447e-01
6.873636799312926371e+00
5.949959025192205431e+00
5.461242301663349785e+00
1.396217931226911801e+01
1.391251851155853037e-01
5.684687485147915886e+00
6.190777622984728445e+00
6.104681069660527371e+00
6.651459083813475281e+00
1.442440264110131376e-01
5.306289754952064897e+00
3.203410532544708644e+00
3.003934404923149781e-01
1.062521185099346011e-01
6.707935175988906096e+00
1.688138403681684885e-01
1.260761198061660338e+01
8.007557285965534177e+00
6.304096228089153264e+00
5.998339670326704898e+00
9.297809961958359182e+00
1.061218685409815454e-01
1.631465883777624271e+01
5.945287464708180813e+00
9.692044128139365000e+00
5.888195672831666450e+00
1.688900394989044096e-01
3.364281513485641195e+00
1.781849968644575455e+01
6.157331418930874989e+00
1.929394720410445885e+01
1.045364015222817466e-01
1.592197098418876600e+01
6.375971181134609367e+00
8.831916693848082645e+00
1.521675837811949650e-01
1.512328009101429060e+01
5.937665954230419096e+00
5.791853539565938291e+00
5.597881486993015798e+00
5.690008020013362255e+00
1.706180253411695347e+01
5.531306527156548691e-01
1.757564152033351235e+01
5.479196496608971678e+00
5.439468204810813390e+00
1.508767506067750230e-01
5.590269154895641357e+00
1.857918068864840677e+01
5.439781553300862882e+00
1.672916665908559608e+01
1.879943631784621039e-01
1.705135130334714688e+01
6.384913596912084266e+00
6.295663284128644399e+00
8.028410714453013242e+00
5.781758371533086027e+00
5.407644991089047615e+00
9.833681187596626572e+00
2.017793231697981027e-01
6.031960573126053937e+00
1.413423724103564538e+01
1.962707953994777910e+01
1.180488824637846967e+01
1.844892237003779201e+01
6.074612789465575702e+00
5.378051451944469541e+00
1.188647377474702921e-01
1.188401313282019700e+01
1.637608595675624557e+01
8.400703074202450216e-01
1.023676132526671267e+01
3.199151651430605092e+00
1.001899408152396553e+01
5.298665524121691561e+00
1.007910973213431305e+01
1.044028777029916100e+01
5.823337407157062273e+00
1.889563444262338265e+01
6.003449019933253972e+00
4.901955053490516967e+00
2.304301242644602177e-01
5.674334639093262522e-01
5.271932121513602354e+00
6.921946967046621602e+00
6.215608543514647089e+00
6.121242951973361990e+00
1.877402525835408564e+00
1.928052077346709581e+01
1.077564462007686608e+01
1.588104629188761585e+01
1.845686460261531714e+00
1.864081274751000095e+01
5.678384257357529386e+00
4.668103856418593267e+00
1.917643403681884295e-01
7.998299641778547908e+00
1.027462590215883331e+01
1.054142284256795925e+01
5.565065177435470467e+00
1.331512362871018951e+01
2.136518017645782364e-01
1.142376479782251231e+01
1.888643778805077034e+01
5.508154600494279407e+00
2.381504487096848810e-01
1.856182629020269870e+00
5.171531772102293090e+00
6.157395428979247853e+00
6.164534356947648952e+00
1.456150955135627478e-01
5.007662081113473995e+00
5.141872046151936715e+00
5.879352038927130764e+00
5.168798023349147286e+00
5.017886196271104993e+00
1.497328162045918343e-01
1.510501489686232190e+01
7.412604987313579308e+00
1.597648560136161144e+01
6.328189499505702642e+00
5.983150833230649113e+00
