1.419760516177944254e+01
5.205069675995653178e+00
5.814904827972386059e+00
1.963104585954902603e+01
2.541835781290011642e-01
5.555938583867075842e+00
5.023071010724615704e+00
5.686276504139989640e+00
5.784300286173259309e+00
9.899717867176301311e+00
1.011463450811359266e+01
8.499004317662153696e+00
6.680272255453474806e+00
1.795913099656077649e-01
1.128541139053099052e+01
6.636970273271769472e+00
8.438971915434145821e-01
5.949617297699313134e+00
6.671082797465262892e+00
1.076200586312747065e+00
1.536173227509611117e+01
1.042913747165970406e+01
1.580673680481514154e+01
6.314989407600981153e+00
5.156870042931736009e-01
5.427747239950231339e+00
6.348308289787888192e+00
9.308427348189757922e+00
4.165196901358396708e-01
5.425349567201715573e+00
1.093059862682274203e-01
6.074133845242743135e+00
1.709718776788431782e+01
1.551788715524016204e+00
5.970095437071917033e+00
5.715356114111665775e+00
1.395634344226046508e+01
1.940772114548558491e+01
5.890754774197176857e+00
6.259976328509077703e+00
1.732550126110972144e+01
6.184262414075457848e+00
1.623655843651410891e+01
1.078823393340908460e-01
2.882269200905364093e-01
5.875394347458843924e+00
1.091076930965646952e+01
1.594984645053249039e+01
5.090167060165942559e+00
2.950606166012431086e-01
1.552661564475552036e-01
8.690293072356421789e+00
6.397422267556309272e+00
6.368841375147745509e+00
5.633731377846200594e+00
7.625724598471328441e-01
2.352251646477003244e-01
6.202021355781747403e+00
1.169765754810336844e+01
5.770851359564650451e+00
6.183830214016609261e+00
5.481700596310018270e+00
7.152744009625954247e-01
8.766680624821773904e+00
3.575105307574433233e+00
7.063998431795360800e-01
6.565438462415047027e+00
1.269557791419340553e+01
5.198588592746476778e+00
6.080885901058916687e+00
5.297325427850887003e+00
3.023613591802645217e-01
4.251860782332543831e-01
5.348815354766873753e+00
1.361995187466040669e+01
5.523413307624479351e+00
8.039882285468539225e-01
1.968923397473919223e+01
6.020092394124636037e+00
7.280636750014409797e-01
6.171853699673976124e+00
1.584767743484771785e-01
2.512873774711847030e+00
2.745351250461476766e+00
1.710701599594862676e-01
3.269427179919601190e-01
7.981280152972729525e+00
1.343087489788741817e-01
5.903856648002561158e+00
9.203279103373342096e+00
1.244678501914628477e+01
6.475024886652632539e+00
2.725466168156862157e+00
7.671941980736395328e-01
4.307106054879305534e-01
1.104747333710935780e-01
1.144699626336213427e+01
1.472642254747167101e+01
1.503016908674768559e-01
1.269857890830233238e+01
5.593592826741400792e+00
1.526146776951968143e+01
1.347337783680377932e-01
3.621867318218447429e-01
3.513810151887744593e-01
1.754747937889080234e+01
1.090799152945321815e+01
6.408168609493325896e+00
1.325919917230593015e+01
1.486334243634746810e-01
1.386810908821874966e+00
2.085596717579464576e-01
1.338096945000055982e+01
5.953404625656013138e+00
6.319213739872123092e+00
5.085646396975610495e-01
1.294025593121354567e-01
7.313747777245191983e+00
3.789462344698290019e-01
4.931518928181861661e-01
4.669939083578529826e-01
1.127808638082063775e+00
1.400397291744598094e-01
1.041517404737053276e+01
1.813583543735609993e+01
1.598664972685476293e+01
6.534287706781555016e+00
1.303612093277827633e+01
2.190442015777644968e-01
1.168011550184017366e+01
6.211264423162896620e+00
1.719239859843577278e+01
2.001797835992571439e+00
3.000500162304696516e+00
1.428217935305299058e+01
2.054905205517455702e+00
5.090014423290333268e-01
7.282770093008120504e+00
1.528587203128256711e+01
6.789182560228195662e+00
9.919620897697985384e+00
6.638902669464116002e+00
7.812932986114484279e+00
1.830829089443258562e-01
4.049419328980042865e-01
5.736125166804909803e+00
5.819592427477272345e+00
7.667093655307256839e+00
1.147126582477847323e-01
1.610214438547763294e+01
5.767342168118575252e+00
7.656049110196745389e-01
6.510931749441798644e+00
6.059383411568819433e-01
1.888423183620211887e+01
1.538880105358489403e-01
6.555101820728561179e+00
3.464375346377753795e-01
1.352045977875922489e+01
3.162516201188436682e+00
2.740630554076885605e+00
1.098023810729671923e-01
4.683219937317850246e+00
2.576364715788663773e-01
4.953914676085017454e+00
1.000103908803262520e+01
6.973237696231328053e-01
4.887384751139003392e+00
2.235401475307164265e+00
6.278520696493878006e+00
2.602564437711274437e-01
5.931437524536736561e+00
9.550989923480107890e+00
5.782181912643887145e+00
4.458876718766085823e+00
3.839243718180502807e-01
1.473142834678706237e+01
4.341646490897756117e+00
3.196489052455969149e-01
6.307977568813345925e+00
9.907534720775041492e+00
3.879165497670408413e+00
1.346058567155519470e-01
3.407718055389993284e-01
2.687214480597980959e+00
5.851827350102276171e+00
1.486453464761795240e-01
5.723112506477788131e+00
1.101803946645018328e+01
1.027848641867258189e-01
6.166849908591833795e+00
1.959440035525911838e+01
6.261282972155219895e+00
1.485681746832620576e+01
5.726093674588178750e+00
2.327914802117509452e-01
5.938920194285346454e+00
3.155560317940867776e+00
1.246264432704695807e-01
5.050255299435076672e+00
1.093818775320889358e+01
6.110294741456755219e+00
1.308812207560043817e+01
9.158940592264860570e+00
5.988649980287892305e+00
4.390821227822748085e+00
1.206914609810073813e+01
5.520534361664971357e+00
1.189996163015319652e+01
5.970537795988183349e-01
7.362435678799807981e-01
1.148288002314938466e-01
1.813596863282266725e+01
5.766840475916203523e+00
5.502810095582400862e+00
1.826347968420957812e+01
3.682226716722310500e-01
6.601409634508303093e+00
1.071342201214225121e+01
1.822613239327990442e+01
3.151665782949068184e+00
5.817390230701196430e+00
3.215436674645326121e-01
7.918954620209777140e+00
1.006795113616269083e-01
5.934282482091449040e+00
3.355365263586835289e-01
1.984414479507827167e+01
1.915736622675867917e-01
1.620142238629244336e+00
1.388439428109210505e-01
1.990793124949663095e+01
5.525293439155247732e+00
6.699094825207482451e+00
2.179049922999667821e+00
1.636171819512137304e+01
6.219337419637855469e+00
1.054161078281496133e-01
5.895694294080524145e+00
4.046675926137060508e-01
5.589928647607739443e+00
5.156718723162364570e-01
1.329234423208096949e+01
5.617869223538598966e+00
1.473360270177272113e+01
5.485165639640102064e+00
1.356772130098347073e-01
9.834138873690649874e-01
5.973796747999372769e+00
5.258710208567572764e+00
4.891367923543352703e+00
6.219220639723936017e+00
1.310601031341113298e+01
1.460865188959073713e+01
6.303284616588575417e+00
1.118754971738210102e+01
1.853359694828145621e+01
1.260015425929586641e+01
1.540107137746498722e+01
4.755946146372260208e-01
6.853876123498028328e-01
5.469988426197894604e+00
6.417575579756206183e-01
9.593798989701815216e+00
9.116734208866436262e+00
1.448307632961674329e+01
3.643449412413231059e-01
1.959974986617618953e+01
5.394008552631407660e+00
1.718631766797983929e+01
5.520165148680477252e+00
3.501886773586597723e-01
5.845088623522030957e+00
5.815128323103489372e+00
5.785248891099880275e+00
1.034500859111562754e+01
4.592953858401408462e-01
1.649340198246952127e+01
1.029252441534789320e+01
3.859963006106089001e+00
3.696190170961529020e+00
4.378276532080951355e-01
1.072665431611083697e+01
2.311435810370263966e-01
7.523097247513154118e-01
1.333692384359433980e+01
6.101707747327073328e+00
5.788555410766046627e+00
6.601214171314459200e+00
5.081820350045731516e+00
4.998033727634500600e+00
8.016219654271923289e+00
5.977686314518893873e+00
5.843813967914342378e+00
9.650707256014001700e+00
1.298577830082769113e-01
1.225182798514971694e+01
6.150048407525279259e+00
2.000701936396364622e-01
1.567922948542821615e+01
1.390506840702939451e-01
2.959521442003396063e-01
5.620676790093424025e+00
8.958961264175085759e+00
1.731719837529127659e+01
6.228821716251654372e+00
5.899752900553124846e+00
4.665005804771215070e-01
5.024026139511533762e-01
6.141697523887431842e+00
5.869970238547528751e+00
9.397805897092450067e+00
1.304671072264255161e+00
1.744604617547003689e-01
5.942552393824795054e+00
3.398618827640979001e-01
4.978968884972013065e+00
5.329141747798228579e+00
8.746368680813235486e+00
1.343554960637517581e+01
1.536930814431008097e+00
6.767345773868862935e+00
3.341888966496953661e-01
6.751033390851389093e+00
5.350140776804614084e+00
1.289812934484426421e+01
1.077346131988393196e+01
1.826522695516630890e+01
1.190567636031149679e+00
6.219597492729019628e+00
6.055555852195407818e-01
1.580680277349514995e+01
5.881669661015391348e+00
1.446404472967245392e-01
4.872136182192453369e+00
5.743766289819408399e+00
6.906896286016467101e+00
1.799195132102323624e+00
6.400405727873272888e+00
6.791954809453986996e+00
2.655216472586489629e-01
5.170976083143732360e+00
1.502305678419798840e-01
5.908380042198722926e+00
5.750166426190276958e+00
6.247338666532368912e+00
5.406700930317732912e+00
2.737541843628492177e+00
2.364298725783661459e-01
1.554679243430185487e+01
8.690383969493270300e+00
8.224191565861975306e+00
1.813676426727374036e+01
1.965555331642396264e-01
3.617067407908301835e+00
6.733890095067891046e+00
1.679779972886206729e-01
1.049259822285829813e+01
5.596546179635710772e+00
2.102997725785145933e-01
1.214862823350228460e+01
1.090749788055242614e-01
2.560964754130519161e-01
2.697823653901085805e-01
1.215946121813815395e-01
3.983041467121609447e+00
1.089163567819947387e-01
1.758111296375242816e+01
1.029487987909546431e-01
1.908008705511626268e-01
7.355582426725204570e+00
6.204960967202783451e+00
7.217295158975597369e-01
8.531273458507295793e-01
1.722153832594833389e+01
1.954114147089289766e-01
6.522392225264327159e+00
6.458314254535920007e+00
1.616291667618037220e-01
1.467308273180347200e+01
9.996760689770011865e+00
8.245527745304650935e+00
5.662019348689908860e+00
1.421919594886334792e+01
2.182643040564562487e+00
5.248833558544049538e+00
1.753530134762736736e+01
5.861625239396705211e+00
6.942816189006051353e+00
2.404153511299604584e-01
3.274482013784667078e+00
3.206467310461315723e+00
4.245748479237776429e+00
4.674269406787960324e-01
3.428876380989688055e+00
1.912187717947243515e-01
2.402359047868748210e+00
1.832852325690386974e-01
6.074254714566594160e+00
5.593029961206947398e+00
1.096538489380249359e+01
1.301987320970370554e+01
9.043102849526825082e+00
1.669682163810685793e+00
1.063356972331730610e+01
5.391105119025036529e+00
4.912786836096922904e+00
6.472853594755883400e+00
4.679492929123677314e+00
2.077383443911877958e-01
8.982132399415066359e+00
5.819274986080126943e+00
4.520882487834684271e-01
6.218384765592872121e+00
4.308956669376254323e-01
1.592041183620717426e+01
1.694265077439701395e-01
1.653080893136322160e+01
5.232833757472851843e+00
2.027971840572818651e-01
7.817320266147495644e+00
2.704293362287528701e+00
4.560663090526982377e-01
2.439161049202634435e-01
8.151870096901372875e+00
4.982502855768737859e+00
1.822348335255894369e+01
1.858481560239785280e-01
6.427054322076045878e+00
6.119697681792929167e+00
1.350105964241605228e-01
1.561364044470273937e-01
5.366417237550354935e-01
4.824704070724853189e+00
6.234345832321429803e+00
8.683463756066627681e+00
6.184672566381630432e+00
6.335552375722315332e+00
1.171798205136700943e+01
5.110197883652158879e+00
6.054234296367054569e+00
3.894623567843358836e-01
6.831848636320342116e+00
6.355234858052949853e+00
4.708310699638289520e-01
1.389551659406905415e+01
9.378298349781331922e+00
6.002416256868394306e+00
7.087402367636649991e+00
1.996455655967127041e-01
5.125969362206442170e+00
1.797296576003185820e+01
6.314218787713985037e+00
5.416147218407539654e+00
5.718485231173898065e+00
3.121925567424097547e+00
2.032686517059196230e-01
1.544192150860720503e+01
3.215243213499563435e-01
9.825721625226050193e+00
1.314723452244124502e+01
1.165151304060650617e+01
6.368900559426934116e+00
5.804538288725561657e+00
5.096703177438902443e+00
4.722201384084998566e-01
1.819218204564320374e+01
1.632629889987837757e-01
1.992915348979608225e+01
5.596681834342915884e+00
6.090716634391792006e+00
5.921942360711303976e+00
4.900059318722601809e+00
1.562205371477150528e+01
2.333427440050440671e-01
1.713269244353055498e+01
6.139800702670852317e+00
2.015040376452285897e-01
5.832557621088908739e+00
6.581755938571916431e+00
7.501362109202022177e-01
6.850588914430837839e+00
5.806483252908631876e+00
1.581394078468887443e+01
2.952975381372004438e-01
5.873406654731671672e+00
1.374596444063812761e+01
6.996940486637975631e+00
5.505357588526353041e+00
5.663586922478670793e+00
7.705675380050256429e+00
5.370342476486672512e-01
3.896579015906475596e-01
9.069178103294726512e+00
1.861284202956068889e-01
1.330685500111103980e-01
4.011491632455706502e-01
5.533703963720170371e+00
5.100507045393379180e+00
1.117962485585140797e+01
5.081445919975945413e-01
5.717522962551746524e+00
1.131344434167690061e+01
8.702139623588438511e+00
4.903421695103102884e+00
6.401407060615312616e+00
1.823934039235453852e+01
1.967130810782934391e-01
6.595985763341766450e+00
4.280058176223277222e+00
6.505815906123873837e+00
1.608530294044048792e-01
1.103267586928766875e+01
5.160059000126103967e+00
1.903306747031727753e+01
8.591101353578617150e+00
3.987908744560499930e-01
6.278495427060486911e+00
6.496061863461285668e+00
1.628273173515143313e+01
3.312908597286691403e+00
6.504847443689500075e+00
6.966891631272245533e+00
6.648566862731650318e+00
1.237503815532161333e+01
5.777172265420980501e+00
3.230923689821163958e+00
5.974968323429203032e+00
5.748989812053089565e+00
3.934360219153795746e-01
5.620252677652004536e+00
4.949540292039722011e+00
5.949954257871827856e+00
6.300176341172362804e+00
3.583186197082103952e+00
6.034433230685587901e+00
5.885093117783213756e+00
2.777087866356252044e-01
4.245642094232170427e-01
6.523730098772314578e-01
4.655192724926886516e-01
9.445721877007672518e+00
1.559279906176763930e+01
5.554288157387779812e+00
7.460978274634280538e+00
6.189919264815118893e+00
4.207762384947924872e+00
1.907368617900583319e-01
3.955992993837886829e-01
1.205475675220083787e+01
8.600680816698941245e-01
5.905647168607780273e+00
1.811868579065578078e-01
6.669212127576129134e+00
1.350682841037486170e+01
1.747535831499060421e+01
5.764282469601754499e+00
5.377447470803350171e+00
1.603729547729907168e+01
2.422250354572103581e-01
5.846815214940104255e+00
1.211707113393508628e+01
1.628974109647781887e+01
6.034076395459834430e+00
4.112388604544109927e-01
2.381644057311337326e-01
4.950125036803444623e+00
2.500870549438679036e-01
1.344243986225416698e+01
8.271578957240855345e+00
1.159878061007110633e-01
1.324905999392404610e+01
6.153185644514576502e+00
6.697287861837918577e+00
6.733320084619162316e+00
1.001654169021229990e+01
5.107324495764634875e+00
5.456441840313422276e+00
6.725376274999014248e-01
6.808698033752990320e+00
6.487090151542079575e+00
5.842415697689865794e+00
1.735322637667321644e+01
6.648903299902725328e-01
6.911060813567385885e+00
1.886651086804462807e-01
7.053489351342835612e+00
5.964824342819753156e+00
8.107119859994000421e+00
6.425562870631838841e+00
5.516809365126123410e+00
1.255571486525424718e-01
6.348168537577280723e+00
5.811538469134410967e+00
3.905102874713474392e+00
8.659489136329517889e-01
5.752727599006608017e+00
3.189615430031197629e+00
6.713291530049662725e+00
6.579225877787757248e+00
5.389007064497085331e+00
5.779071589766677342e+00
1.092098940860292622e+01
6.360913038614909532e+00
1.776404118131374166e-01
5.888633315971259385e+00
1.221973674461246340e+01
5.428729828733282581e+00
6.583699285259198675e+00
1.392903207441859337e+01
1.118112214492242451e+01
5.856222823343440353e+00
1.156813990764014477e+00
4.410145893188852639e+00
6.980314222801223600e+00
4.270118241239083123e-01
7.748539548563097012e-01
3.615220463085248581e-01
4.065387577027227417e-01
1.321689696079801379e+01
3.196727866847685617e-01
2.073143054428254195e-01
1.220888141510239500e+01
1.696978544646400877e+01
6.164826489052585679e+00
5.837947604026203940e+00
1.394897396595050942e+01
5.224147332362575114e+00
1.330678862412985330e-01
5.519377808168147714e-01
6.350502861304538449e+00
6.212099566674305073e+00
3.162251363715558594e-01
2.830236262963963245e-01
1.826708780764444739e+01
1.973883925586752131e-01
1.848368327168343539e+00
3.677901433438259371e+00
5.888678129802006112e+00
1.038329327450408890e+01
4.709774525582597349e-01
1.601424828899996911e+01
5.778029147115865349e+00
1.714100489835811203e+01
6.141949988268803118e+00
1.082562410017319010e+01
5.934255865314708167e+00
1.946195828797041472e+01
6.270727040869567226e+00
4.869537010259205045e-01
5.882183700965505579e+00
1.885456190858169345e-01
5.666121640954704830e+00
9.259969199918494098e+00
6.359980366038483268e+00
5.889152587633286196e+00
8.563194161117276826e-01
3.239169583771172589e-01
5.771013137705943485e+00
5.202019523899844344e+00
1.843489851647278144e+01
5.895615130028043716e+00
2.472651392696222916e-01
5.556933905605621504e+00
2.347530894212275232e-01
7.356572120015443694e+00
6.069985548686323895e+00
3.418085390464903894e-01
8.357819119251768569e+00
5.486671292917105980e+00
1.256712315890845311e+01
3.631421370285550787e-01
6.031739197383831907e+00
2.185403239812464260e-01
5.167317446285326632e+00
6.288648179610706102e+00
2.926356640100605255e-01
2.832574820120163372e-01
6.856270070167615138e+00
5.742917924072498792e+00
5.355678953356171057e+00
1.038353643070445287e+01
3.326258516579588598e+00
5.668700841338713659e+00
6.164804502311473478e+00
1.684285377645662862e+01
1.570170200107851466e+00
1.596228883134377163e+01
2.811955668072985692e-01
5.353846022646081337e+00
5.902817327047712226e+00
5.777321609596404173e+00
1.439319726855915427e+01
5.230830682858577774e+00
1.493141465452252703e+01
1.342307002144465677e+01
6.655193690243020654e+00
7.541957751887393258e+00
5.353574112059238388e+00
5.722906009154856477e+00
5.547971308017969783e+00
1.111597878069316181e+01
2.798101294509868775e-01
6.649798534102644432e+00
2.000384898567129532e+00
5.435948531425059294e+00
1.114286028400840678e+01
1.928360478292342750e-01
5.918904909805187131e+00
2.789869114491034363e+00
5.873764197532701736e+00
1.687902492841082680e-01
1.617669168899449617e-01
8.589604537061583667e-01
5.728068779639540864e+00
3.627644662512571339e-01
5.358210654046589028e+00
6.622206152717045491e+00
1.319245588622625576e+01
8.036593746611604416e+00
7.892919803437606241e+00
4.450931382612773324e-01
2.285349816344532381e-01
3.236386333063857590e-01
3.830368802860638633e-01
6.909244038837284663e+00
1.425543728195393933e-01
5.579454956079727523e+00
2.427168755295030067e+00
4.755710380408593174e+00
6.928738210174567591e+00
5.871409135629420462e+00
9.846320862006345820e+00
6.511338611123465014e+00
5.449442761039350103e+00
1.839954497316849924e+01
5.692977637269393654e+00
9.390481546641458177e-01
6.004350819598454514e+00
5.984467941935400326e+00
6.497433432212186055e+00
1.132264351002508079e-01
1.248252104371248095e+01
1.096474473617459644e+01
6.401638535080757642e+00
6.812017230230361875e+00
1.581495427081946736e-01
2.780997417853866782e+00
1.272986511358139339e+00
6.235956196731923917e+00
1.981443489425000237e+01
6.245758338738948368e+00
4.537996735653391234e+00
2.390334969066950088e-01
1.891660319428015313e+01
1.115525930956445322e+01
5.318127143487953568e+00
4.338122694877848962e-01
6.074082829337985601e+00
5.476804281943126185e+00
1.268858997863594062e+01
6.170711270410263793e+00
5.864874992344967453e+00
1.583954362572302710e+00
4.895232912991352991e-01
5.504163016326211633e+00
6.643486260056805648e-01
5.980208429737064790e+00
1.825381001894324839e+01
1.327512022284424553e+01
3.484330218361632592e-01
2.130936218393631454e-01
2.504028788691086138e-01
5.794622998735183828e+00
5.579191697243382819e+00
4.267678141404676606e-01
6.000323456163264346e+00
6.040479677220957022e+00
1.788906303748197857e+01
1.055422959157818497e+01
5.104749796794590289e+00
7.631476783205390912e-01
3.023075979912418498e-01
1.427632873302024485e+01
5.405913129029237041e+00
5.763660576833145477e+00
5.258471677277208656e+00
5.925386746058605603e+00
9.661780797875076932e-01
4.275468917591934037e+00
1.205764526946428161e-01
5.876237535161658698e+00
1.450102150824965008e+01
1.274260344550704183e+01
1.465878293885034545e+01
1.419230923507675968e+01
6.367654513645215619e-01
8.488177577989050038e-01
9.407961092409331538e-01
7.167232923081268137e-01
2.088654169903403357e+00
5.494896110489904117e+00
8.064332294232272602e+00
4.850334847799914861e+00
5.618797909668743706e+00
1.970469908017143057e+00
6.141125313544743669e+00
8.699177475241187452e+00
6.597513835166346041e+00
1.315903200111425164e+01
2.103138019267893899e-01
5.426816201330406209e+00
6.149995366935501195e+00
2.283775853344318651e+00
5.918972643937213896e+00
6.062522061299768339e+00
5.737554932555901210e+00
1.158414531171694239e+00
3.778005958231435146e-01
5.952513947683674367e+00
6.111740278425734196e+00
6.553978534563107416e+00
6.082735579258581105e+00
7.163242343338931839e+00
5.691944352454251899e+00
1.088758987374210108e+01
6.619306766058807856e-01
5.434336767900730392e-01
1.209300304355919664e+01
1.263077313862421747e+01
4.946022257855601012e+00
1.410683660954633467e+01
1.563778295279578323e+01
3.434554342349478984e-01
2.992679511319509267e-01
1.721660715986605972e-01
1.648760991297899992e+01
1.762675050581103686e-01
9.283808881220864118e-01
3.643575448000758055e+00
4.329133415281413155e-01
1.968726143137886808e+01
5.270488269627843891e+00
1.021550022286918047e+00
2.225421330738530379e-01
1.728266464033115513e-01
5.784349769051243761e+00
1.118017990747730117e+01
5.753514132103584089e+00
5.366909618925689074e+00
5.517558677967985936e+00
1.737481598825860174e-01
5.128873260404054335e+00
1.190084812722977808e-01
3.403704324811784310e-01
1.554384431788063958e+00
1.785740328411466460e-01
3.884196985772878086e-01
5.420574164118037608e+00
6.413135240593669018e+00
1.540883883095905960e+00
1.527326839767672517e+01
6.719423355962531375e+00
6.263227160307399899e+00
6.199460383019893328e+00
1.439577025537529975e+00
6.325691600556718974e+00
6.216229202851987878e+00
6.184903722443348961e+00
3.575874327026937194e-01
1.456883219207975522e+01
1.235909003441758580e+00
1.615610937555551851e+00
5.995973649756963120e+00
1.537428042079756807e+00
6.311300291937204321e+00
4.544267082989544293e-01
6.231481320275022107e+00
6.341779763849997309e+00
6.139284733597049737e+00
6.493870368315161734e+00
6.740253287030689933e+00
6.095763882684401835e+00
6.470369556790942056e+00
2.549544653887628742e-01
1.687823694237338579e+00
1.582214484939392740e+01
5.750926587911162180e+00
1.950204529272340892e+01
1.041250424083907777e+00
6.714174803717403606e+00
1.378491642562578434e+01
5.258318684830418199e+00
6.037899579259589089e+00
5.874710558387405968e+00
2.923515710412787905e-01
6.258352790314422265e+00
5.557573395312975784e+00
6.549968342014746980e+00
1.843270305200883996e+01
6.184361964833245295e+00
6.862126506600480624e+00
1.777883117161161763e+01
1.351051749306195759e+00
3.455607501012130989e+00
7.854386295153441999e+00
5.144503610890499345e+00
6.403823413691037914e+00
9.909030732840260924e+00
7.077058881460694950e-01
9.138332249145284081e+00
5.210921921277338775e+00
1.893259292673374616e-01
2.801877676408604523e-01
6.583556751524120010e+00
6.317565695613343912e+00
1.342590173958389244e+01
1.980852954259101395e+01
1.712253955207809486e-01
9.609489804456311290e+00
4.216250739418601068e-01
3.472949431690268152e-01
1.820946167242123992e-01
1.430534909455551151e+01
4.777467089185449822e+00
5.600728931700255764e+00
8.355026545391187609e-01
2.797670904971318318e-01
6.460621273410719567e+00
1.857855469085581035e+01
4.384364683882334468e+00
3.282629217216126882e+00
6.368362764756740013e+00
5.311743003792948947e+00
5.822094352926661109e-01
1.934962043588906511e+01
1.524289130417780846e+01
1.261734174941495645e+01
6.085806217038634891e+00
2.266172634106405903e-01
6.783056335485573740e+00
6.451953047458419022e+00
5.517905868907755362e+00
2.399951325679878789e-01
7.536325386807456450e-01
6.239213060952129908e+00
5.370120355430491266e+00
5.555951020061613121e+00
4.374208604630695163e+00
1.416450437505319648e+01
1.779151205875029262e+01
1.661303044887990765e+01
1.697469161525835446e+01
1.400989903037189244e+01
8.849541969579828304e-01
5.289463629703345049e+00
6.710979107831527291e-01
6.722823643783957692e+00
4.127993370822198860e-01
5.470803994736845866e+00
3.384291736918628168e-01
9.546736019604056267e+00
6.676380894886110084e+00
4.271545349245334577e+00
4.594918278333692263e-01
3.326236061773933717e+00
7.169041017022920848e+00
2.384583428597564669e+00
1.257640604576785925e+01
6.444738005182959029e+00
5.747364603941821137e+00
4.266020485332779888e-01
5.111192581935303236e-01
6.261280804309365955e+00
1.461543349895964294e-01
8.763719066027696458e-01
6.111069568220947268e+00
5.527306725637914475e+00
5.691720923181828873e+00
1.926804619437714905e+01
6.462310745058939432e+00
2.076724989231126250e-01
1.669363931249819188e+01
6.607836669502233029e+00
6.326074334459143245e+00
1.342337377460151338e+01
3.470664285763506163e-01
2.899184169127199118e-01
1.399751327759531705e+01
1.111354005500556141e+01
1.955940648343721122e+01
9.286847103813876458e+00
6.374254556330624766e+00
1.454347527868994794e+00
6.615007309590605011e+00
2.681072210002382050e+00
9.483317877029809884e-01
6.268449118256921082e+00
5.670730441191793147e+00
7.179066526082348965e+00
5.809834725258826715e+00
1.762986583099582916e+01
6.150270035091899068e+00
1.757853745449522975e+01
1.349550404186363517e+00
6.272029751449375468e+00
5.489049220184086586e+00
5.624373348999950117e+00
5.799325340078698154e+00
8.515759137480019003e-01
5.744060972511919161e+00
1.910616947334947469e+01
1.153922010914445551e+01
5.564557723041426485e+00
4.123821261673149552e-01
1.465240141157590770e-01
4.599851462467020369e+00
1.413000663059956707e+01
6.285605633701762507e+00
6.028462196512638371e+00
4.894388010877313011e-01
8.758810302112465251e+00
6.930873989138579550e-01
9.956553987855059074e-01
6.426608244232430600e+00
1.641477467460497275e+00
4.077785630179666665e-01
7.519082810334514200e+00
6.190755638074105782e+00
4.387740700769303892e+00
1.799127167971770902e+01
5.194383908744998557e+00
6.816987371659414263e-01
5.894404854641968505e+00
3.154183292177799025e+00
1.691474626866716457e+00
6.153923844868609550e+00
1.415562861858051136e+01
6.134294058287215634e+00
1.629240384117477092e+01
6.359999808921825704e+00
8.043507058671458765e+00
6.358355057324398985e+00
1.862067695753277574e+00
4.344447602223761584e-01
5.628364122870539887e+00
3.850782059109441602e-01
6.105677376572450576e+00
6.582235678788550537e+00
6.758043220711180687e-01
8.249927722602059532e-01
4.592409801639066314e-01
1.790458080344869529e+01
1.007864247540370251e+01
5.874940155761248839e+00
1.981122313212327346e-01
1.912735041352391585e+00
4.996579625304522487e-01
6.255241770739862872e+00
4.297377003990037747e-01
6.533653854148838036e+00
3.456450495453531890e-01
6.687203946902882556e+00
1.686708686305827598e+01
5.993251332677766996e+00
5.167426994651062699e+00
5.815101658357188619e+00
1.597632608836670620e+01
1.237052857838081721e+01
2.438802771922266854e-01
1.833889172331305273e-01
1.236389725513947491e-01
4.958279568367982115e+00
6.529356976295943582e+00
2.208776670698914535e-01
1.285594627284852021e-01
6.339167874951777470e+00
1.442422373436693306e+01
5.772411009266859239e+00
6.410143559623755927e+00
6.632824763900995180e+00
6.236195309604527282e+00
6.614958256288303140e+00
5.620444092117714341e+00
5.760013483612372864e-01
6.132152106263085045e+00
3.939197637406035124e+00
5.946108127539160293e+00
7.015114127178157410e+00
8.620883772451490401e+00
5.890264028530804552e+00
6.164765693793447632e+00
1.618888436236728268e+01
5.452469474431915764e+00
1.974232027347948559e+01
5.170240701202875044e+00
1.806620826704991956e+01
1.141140564440949801e+00
1.456035205860369075e+01
6.546713900602132874e+00
1.130502689205794198e+01
5.536307353544304810e+00
6.790564729299285673e+00
1.329578506267510285e+01
5.675762164613153971e+00
1.902407801034839752e+00
1.601611283282051446e+01
5.856407195713676295e+00
2.303088286541329910e-01
4.596018634315448548e-01
1.068111612341869687e+01
5.261649080280941249e+00
5.218819296915691019e+00
5.616093828199897331e+00
1.381125870964665836e+01
3.483230749174097696e+00
6.534927932479049240e+00
1.698643365535542316e+01
5.649015321880104246e+00
5.907203608664168826e+00
2.437774966713821545e+00
6.186834967649780026e+00
7.019927503671540947e+00
6.368189737101687342e+00
9.316641119374178714e+00
5.269773010763482368e+00
6.169142340858963180e+00
1.363382932266685998e-01
6.129491202210294531e+00
6.549583828427159915e+00
2.816387782308793941e+00
1.438440798962587763e+01
1.256378551422407241e+01
9.529927376657369109e+00
1.338731149130143905e+01
6.221896415280596671e+00
6.795700178363994759e+00
1.255886535576643936e+01
5.886882080652323879e+00
6.954020159655809330e+00
1.205441476298388714e+00
5.558970125145615171e+00
6.309587900110957825e+00
5.546012852539755400e+00
6.145447126800069881e+00
6.580215344017507739e+00
7.870883901672853789e-01
6.748489964449794876e+00
1.932071944271831709e+00
5.813997910973381700e+00
5.887474969169026906e+00
5.687392224389851592e+00
5.492985385663377018e-01
7.472406526983627728e+00
1.949144996848581712e+01
6.456871303178936650e+00
6.193150289619366866e+00
5.317921368682340777e+00
1.876817384750355799e+01
6.769056407185861879e+00
2.096313314466116129e+00
5.914058830161218694e+00
1.579308079461821990e+01
1.170877062363618393e+01
6.592747416278661454e+00
2.729643046811775497e-01
6.264499891547774535e-01
6.551815636946971999e+00
2.657591073690482197e+00
6.132966318766344127e-01
5.697134592210134407e+00
5.987959919763359729e+00
5.824326301501620229e+00
1.085896314662788065e+01
2.465271129569356345e-01
2.099608470637910618e-01
1.997567531756287096e+01
1.435130700916369939e+01
1.623817153666143431e+00
5.429855816158868365e+00
3.815049786755141392e-01
9.547025240478513197e+00
1.486178736417777535e-01
4.634246651748019641e-01
4.025870414276995213e+00
1.537719817875581318e-01
5.395518537298590545e+00
1.529033600192641451e+01
1.036363053982050919e-01
4.233972823631113602e-01
5.956617419607172614e+00
6.442522249382250266e+00
2.439118960247356194e-01
6.207344699356175610e+00
8.791784917297620794e+00
7.403664134310334877e-01
1.581919471876195971e+01
3.975559302455203281e-01
7.840031178430257874e+00
1.811246238093945848e+01
7.075048259507018322e+00
2.748227056651078026e+00
1.571169166185727994e-01
5.503716517172705380e+00
5.987090550216059626e+00
1.504459030518827056e+01
3.672276226979943603e-01
5.806533336403312262e+00
1.351616274609010482e+01
6.141894865689467409e+00
6.618021846350692350e+00
1.681939608351994409e+01
4.058344566101061979e+00
5.863365172191688401e+00
5.946028609589714797e+00
1.273397884307531847e+01
1.396661525744955223e-01
9.508395697057776985e+00
4.937821466659631398e+00
6.385532953551758872e+00
2.395952266189907975e-01
1.047188234662554257e-01
7.856152014687831198e+00
1.753297290630174032e+01
2.075264465778227763e+00
2.012988684912658144e+00
1.193261140808491855e-01
4.928583950549536574e-01
5.497683664486728183e+00
3.729188278850885108e-01
5.611780570113924504e-01
6.261824187034077838e+00
3.219955475440495762e-01
6.058352574864748874e+00
9.934523940261746233e+00
1.505170503169887652e+01
5.524235459577925056e+00
7.474968027276386984e+00
6.835203850323660291e+00
5.915737232527347622e+00
1.731590011618959934e+01
5.591929682546641800e+00
5.173927339020117699e+00
6.489253700348461606e+00
2.268012023009476630e-01
1.568678906293441244e+01
6.486113228611265491e+00
1.068937631610512717e+01
5.967920860036249664e+00
1.383766366217075827e+01
5.455482173229168730e+00
4.034617198843066244e-01
1.975870105960775192e+01
5.186815796215424879e-01
1.821745730227399551e-01
5.891701105333007504e+00
6.209247435063521614e+00
5.601999500001248578e+00
1.141104573797672472e+01
5.225903104711494329e+00
5.596306755944387312e+00
3.820644189220369080e-01
1.599282275732745262e+01
5.761031600347782167e+00
1.683640264029360623e+01
6.724571985205688440e-01
6.133692730362847456e+00
5.655095533539277186e-01
5.675099502307163313e+00
5.172385688492669331e+00
6.463311344288632521e-01
8.947327206723294069e+00
1.560898702232890578e+01
7.313764540283686166e+00
5.619597702527090455e+00
5.443592123018622608e+00
5.786721305521056458e+00
5.235470658607155769e+00
8.935647867756269846e+00
5.941630261199486007e+00
1.759123116415742416e+01
6.411394790787872111e+00
1.699307934674582299e+01
5.938091869840605774e+00
1.444840146029058303e-01
5.630894067328992669e+00
1.575647846845770772e+01
9.857414841037662967e+00
2.098982730317500989e-01
3.946093711842868501e-01
5.872699089794212846e+00
1.796542171692219370e+01
3.308327996477316013e-01
5.415739933860628241e-01
6.336675014549393303e+00
1.018202527248309863e+01
1.380375494542207093e+01
5.927377853736751412e+00
5.434700461801027949e+00
5.826664571615111754e+00
5.433219505537270955e+00
2.548608057872372434e+00
3.583927906171348265e+00
1.866805901405936297e+01
6.663936276041923179e+00
1.075601172744726064e+01
7.525219780709849537e+00
5.474678607297921218e+00
1.951140287744897450e-01
7.240032356140168268e+00
5.480112299256021835e+00
2.346842774408586241e-01
1.332199017154115950e+01
5.655156977553362552e+00
4.376705258941802512e+00
6.797895205399174579e+00
1.408810288780683040e+00
6.177274365737990713e+00
5.641408820970299498e-01
7.361585298848012382e-01
2.084901083177718162e-01
6.398754771092939109e+00
9.490429603398284897e+00
5.764087312719284206e+00
5.656622123754875275e+00
9.133801075328635832e+00
5.870180013061811586e+00
1.002012466697421011e+01
1.909358431695957847e+01
1.729359692301506213e+00
9.817229878405623111e+00
1.040197376984696298e+01
4.808604617947271898e+00
2.180760998549617080e-01
1.664777470085099154e+01
6.869751567343081788e+00
6.807681045183449520e+00
5.969582188408027790e+00
6.389928887878572050e-01
2.602330452575965847e+00
4.894079093164149796e+00
2.302570002590532960e-01
5.922603333787346713e+00
4.802405209390894214e-01
6.448839312455813655e+00
1.819604952572057288e-01
5.508209662344150104e+00
2.951551465951611775e-01
1.467410658835463622e+01
4.564850368140176862e+00
9.060397455903602904e+00
1.989061997424743211e+01
9.462885913114266856e+00
5.654034090050260586e-01
3.054317204713843381e+00
5.539002626225793868e+00
1.125671342816014153e+01
3.355063831053270995e+00
3.091942839034469870e+00
2.805524613546596657e-01
6.303358012820575063e+00
2.134043851377505630e-01
9.934433328360005033e-01
7.893601590174819105e-01
1.231897427971854952e+01
5.030167641864344397e+00
3.382658701207585383e-01
9.704392717527164924e-01
3.138192750721016111e+00
1.478181132297465394e+00
1.382772601655200262e+01
2.855767078965397721e-01
2.753051054555767374e-01
6.161334188383928101e+00
8.877742612845185732e+00
1.703620708017580654e+01
6.087525971997150620e+00
3.618680058460578275e-01
4.991667790654505943e+00
5.615815897120225664e+00
1.213501483001142844e+01
6.328359944158181705e+00
4.197077478098480419e-01
1.402093236621943184e+01
5.696670819534039865e+00
6.062116622498082030e+00
5.629843396271044575e+00
1.097257910241728890e-01
1.075027839656503126e+01
5.082131798787878019e+00
7.460233744317252835e+00
1.711000465010097393e-01
8.678274355701164566e+00
1.326705073568762716e-01
5.666369124038129756e-01
6.516359618955594790e+00
1.369332271784093003e+01
1.054321344840177144e+00
7.972612590450246728e+00
1.912807363770390456e-01
5.429025966034051187e+00
5.549789210342948031e+00
5.626508730504254707e+00
6.024743991769200946e+00
3.335244524796935894e-01
1.262394232559812401e+01
1.767791212108047105e+01
6.449083621638629360e+00
9.790026873787464723e+00
9.852048955640229089e-01
6.219061463228265474e+00
5.944624098866323259e+00
1.788882359024787094e-01
5.598649163532593676e+00
2.881129879705794372e-01
1.171215662547245628e+01
1.003386764876002246e+01
1.653713535569513449e-01
2.455665550734554836e-01
5.526090794131023110e+00
5.874235420735817392e+00
2.876158054570601141e-01
1.498673013674245169e+01
6.141872445663890012e+00
8.607312482126232567e+00
3.347415876398156520e+00
1.413495711482916306e+01
1.985039895911056362e+01
1.260787061071721382e+01
3.470325518742829907e+00
3.466371968212118015e-01
1.477306169350812159e-01
5.097388150408658447e+00
1.039252285884617877e-01
1.736683533569589599e+01
1.970259210710549602e-01
3.296461350976856775e+00
9.963223083229081567e+00
5.962736160125590601e+00
5.719277262677495699e+00
1.236435453634577009e+01
8.923482681682061823e+00
1.884944304161071393e-01
1.137613630566138667e+01
5.431948813994564862e-01
8.586249497983548196e+00
3.916964406202582127e-01
1.551073921902120234e-01
4.973951851483887077e-01
6.774068507657483806e+00
4.599876198310550723e-01
5.773546445916265313e+00
1.237359389871449089e+01
2.619240220235924954e-01
1.716656632453445186e-01
6.158799041501398008e+00
1.795839826418131935e+01
5.710867492092194908e+00
5.773210062485551575e+00
3.798246567506975424e-01
9.840350486509227279e-01
9.376424182105344229e+00
5.719534642509423783e+00
1.165883187182750014e+01
1.375181722005250684e+01
6.216879907963892116e+00
5.693594647050900015e+00
2.215360739290449243e-01
7.860638159586722296e+00
1.107867348852566297e-01
1.286995002910822361e-01
6.075892990204626365e+00
4.719371569930290278e+00
1.563152236909170156e+01
1.005984494989095035e-01
1.731371642279913914e+01
5.073016408267287503e+00
7.329092169048142535e-01
3.424353406882739925e+00
7.277450547345898357e+00
5.857149347474843282e+00
1.040835983546029553e+01
1.689328913919894704e-01
8.853708785729367259e-01
5.497021307254687628e+00
6.281379050897416327e+00
1.114342046445705670e+00
9.374104548556573491e+00
6.011174920989973636e+00
6.183278711274995842e+00
1.330064042432325522e+01
7.284342520884917072e+00
3.650030584754412111e+00
5.865708967645541172e+00
5.187214126169119588e-01
1.601232756901424636e+01
1.248290034967055639e+01
9.674090566746393893e-01
6.232847324813080014e+00
3.811008672263646591e-01
1.901351642861063951e+01
3.457774380800552549e+00
1.071695655388106017e-01
6.616875392767679998e+00
1.444536492458371901e+00
1.155736320688761687e+01
5.738891647947303554e+00
6.772556809427498159e+00
6.109007830783427906e+00
5.718585119410495743e+00
6.726988579087902487e+00
1.256971033264290760e+01
1.989603626212063503e+01
5.917072325011326406e+00
6.783135556515557774e+00
5.848979038141169262e+00
6.341699446288875386e+00
2.843387446136572128e-01
5.517618327717944915e+00
1.328771902031668795e+01
1.182132325710363724e-01
8.214274949659225555e+00
6.747638841973282453e+00
1.022779467729975744e+00
4.178901068361691729e-01
6.950368709499160857e+00
1.151916838405325905e+01
5.827383287837187176e+00
9.891177007357674356e+00
4.602219982720106017e-01
1.112287362114577149e+01
4.964753925748079944e+00
3.150843928549727502e-01
5.766690650687505304e+00
3.527369969292807994e+00
5.299555733637941302e+00
2.268883407906008287e-01
1.660543515839927409e+01
6.321799294521559531e+00
1.861178019266331030e-01
1.551768600693291233e+01
1.662340730230162578e+01
6.261424214591943205e+00
7.010267801552349631e+00
1.282403058345313696e+01
2.846531182983375596e-01
3.830673894612195429e-01
5.345077031666987111e-01
6.273933037952443836e-01
3.565725027668874336e+00
6.235497601330036943e+00
1.654253571623606200e+00
6.296199864369008914e+00
1.311615186361088625e+01
1.759703785460507319e+01
7.443931867802319857e+00
6.746281554764501642e+00
5.483249558429413639e+00
6.448327049506138664e+00
4.660023681258489425e+00
1.648377026645648868e+01
1.295495031614354176e+01
5.838979845253493117e+00
1.403744232696415217e+01
8.114558171898350381e+00
5.423524954726058667e+00
1.046141832973473296e+00
5.371303255364005658e+00
9.562381887959828797e-01
1.251417349922057909e+01
4.508297219910962994e+00
2.046245349173072270e-01
8.804681544460994047e+00
1.728856994640663913e+01
7.565895440129828398e-01
9.307844854629480080e-01
5.219911349836821479e+00
5.446050732395838700e+00
6.019936149343459775e+00
6.688057724601474519e+00
1.929931654201802260e+01
5.152178451469337617e+00
6.767181891177993514e+00
1.888495289046394410e+00
5.358006067864084621e+00
1.079964810365239458e+01
1.146257383022533993e+00
5.182795432181373840e+00
6.828056070468802030e-01
2.818234370223773877e-01
1.328463015596720176e+01
1.450819846553325654e+01
6.093173727385675420e+00
1.725294904570576193e+01
3.836927833057446335e+00
6.663594433888566648e+00
9.649420300304388576e+00
5.159217365940705902e-01
9.328054496499921910e+00
1.414417587987679248e+01
6.429907903999786178e+00
5.437614490411642798e+00
6.449689115341473489e+00
1.579278510396546764e+01
6.373229464139152256e+00
4.028932717535490760e+00
6.730580421458612683e+00
2.297921765669099781e+00
9.510212836155524485e+00
5.433387836984639563e+00
9.790297532513313472e-01
1.266125849920928526e-01
1.544323791227025233e-01
6.840281246224709122e+00
2.477065058120251795e+00
2.671976977291473876e+00
1.011626493372806479e+01
1.777512510887368435e+01
7.886549705114545894e+00
1.223404428527049426e+01
2.629672524623099528e-01
1.946736035730514658e+01
6.914807485676246479e+00
7.267167922157398152e+00
2.565378032979618306e-01
1.697273242445419328e+01
1.710310439430309515e+01
5.401128577006123477e-01
5.609471064861134337e+00
3.162433201941723393e+00
1.326000953954586592e+01
5.409976192117038174e+00
6.051528644635153498e+00
5.902139906711795447e+00
3.203443625549602380e-01
1.166398280329655179e+01
3.637785800001494541e-01
2.393576064839906814e-01
9.209993037261673621e+00
7.581685887700097659e+00
6.293979458736886912e+00
5.981041810211630505e+00
6.050396963437873588e+00
1.097973576922023931e+01
1.802636463018066237e+01
5.517571497981915485e+00
8.665190608077315559e+00
5.799837720328244295e+00
7.398636309108900022e+00
3.231468937648853679e-01
6.421348534112912176e+00
1.149013871402177145e+01
3.369466353950071880e-01
1.951402734670051586e+01
1.955549842928992277e+01
5.740808010728060573e+00
2.452136598977705528e-01
6.183793584196336290e+00
6.910240137293539142e+00
5.586601319673491162e+00
3.192770462594996528e-01
1.929959897954754666e+01
7.363871141577908119e+00
5.573840201365353408e+00
5.626377402812832607e+00
1.460232420584855362e+01
1.725501236428214513e+00
7.098237074554624826e+00
6.443665321585398509e+00
1.793424348402718138e+01
2.838356888204814910e-01
1.900110008475183676e+01
3.427846654115377922e-01
9.480012523052109286e-01
4.552487629121472756e-01
1.333224580967963258e-01
6.402178457461468852e+00
5.690675919389799553e+00
1.787854561178307122e+01
6.183935641665510019e+00
5.545226385660154023e+00
7.547863875011272761e+00
1.240445375500940095e+01
1.443343837303980581e-01
1.936541321504074986e+01
6.702699442361994109e+00
5.834689837428065573e+00
5.498017200676687644e+00
5.363143481986337058e+00
1.052133389060543678e+01
5.200612862562346450e+00
6.030813223231995757e+00
5.123125901856368181e+00
2.342438566532136779e-01
2.130381289106482168e+00
6.766254471152843841e+00
5.454149227016649171e+00
5.582677013062667726e+00
1.921766271518347224e+01
6.271227292483783522e+00
2.885400769456100800e+00
1.046897191085220252e-01
1.149782707471270449e+01
4.020150622391673312e-01
5.900489739341543860e+00
4.722806264858058434e+00
7.091677827512898880e+00
1.478556947252056553e+01
6.008079687319344941e+00
6.904975390400067248e+00
7.053127588404737303e+00
1.365548083628137910e+01
1.035870143688199008e+01
1.829837441205038884e-01
5.564818095014815391e+00
1.504014768377461131e+01
3.559179723276169049e+00
1.716443088520345484e+01
4.522659065906587728e+00
1.709802240939105999e+01
1.508918564982599264e+01
1.338164688096036237e+01
5.506999294226189612e+00
1.729832959145230831e+01
4.395306112054451653e+00
6.467793442285069361e+00
1.540582566463485392e+01
1.142455039359474256e+01
5.535786379502019905e+00
5.503979840414331193e+00
1.724878095389322752e+01
6.251935018712434733e+00
1.074460098805817942e+00
7.055896381618608215e-01
8.631613976338572414e+00
5.705492029436855184e+00
2.231001502542661274e+00
1.459444347605660752e+01
7.172458979618759889e-01
5.312245307172327458e+00
4.250955761252386278e-01
6.385146016542030623e+00
6.361671949070861309e+00
1.026397103008791722e+00
1.238976008363730408e+01
2.362464982043424033e+00
5.467564977881439248e+00
4.694715985710929296e+00
9.375010843739394417e+00
6.053583223075532871e+00
1.394085319809807433e-01
1.984245108382564737e+01
1.812197827753390200e+01
6.539742021816956630e+00
6.300960908835526730e+00
7.827685081472795403e+00
1.620243861805733943e+01
5.209006655112633055e+00
1.619969658992574679e+01
6.814655916944505343e+00
1.104800832655665666e+01
2.657876004108935319e+00
1.333704059367608075e+01
6.266705512278726964e+00
1.674337321061563344e+01
8.410327526286286215e+00
1.125881392691959748e-01
1.437793665376486396e-01
1.696264382587353481e+01
5.349937487277340864e+00
8.424301991301714754e-01
9.433335289366498344e+00
5.488077867011972977e+00
5.763720941579234314e+00
2.961383588938150124e-01
8.026325930455968205e+00
1.245288098170507674e+00
1.261516839298392334e+01
1.446319548169512803e+00
9.819027048508385036e+00
1.319772351888265938e+01
1.199844572149302568e-01
2.743314186922327647e-01
7.230479822787992283e+00
5.386880023286130026e+00
2.549686720510954130e-01
4.654876402138410363e+00
5.357280981040617007e+00
6.266172402482157011e+00
1.050743914128769302e-01
1.783928468324735006e-01
1.232485632661084018e+01
6.867643037330750211e+00
5.480728067924273361e+00
3.841194515073093618e-01
3.411563942511219416e+00
5.137474231997862795e+00
6.657328236356950590e+00
6.429755014740988095e+00
6.216799897265334884e-01
7.045577815115046327e+00
1.532263602843110029e+01
1.190535015713852507e-01
5.236740422839776254e-01
1.650537691113670158e-01
1.439572253083971631e+01
5.514456608127813464e-01
1.472412455655664199e-01
8.385849068366658665e-01
1.746711900083902691e+01
1.324566446296964184e-01
1.235986461901355665e-01
2.025414461840151781e-01
4.854342571898907499e-01
5.404122361153925524e+00
3.864453740406047499e-01
5.778632268582831522e+00
7.916893705943080839e+00
1.068033402037779034e+01
6.442552061892707016e+00
1.041120504600435837e+01
5.564833059444987962e-01
1.259419773181218449e+00
1.863578820499035871e+01
6.224514863894893502e+00
5.909529284915236325e+00
2.652665245551407702e-01
2.786946312331155085e+00
6.733308221079711942e+00
1.838077237607906866e+01
9.224564442469121772e+00
1.570857684825557499e+01
5.526923966929635057e+00
1.664774921448083589e+01
1.325172962381945396e+01
5.850482755383944244e+00
1.063984250135990572e-01
9.272074690116953732e+00
1.650086082437033141e+01
6.053862555906597720e+00
6.225608841312496367e+00
2.500825119466330571e-01
1.633792879015107147e+01
6.831851114222922128e+00
5.774668603720984450e+00
2.764014944301055876e-01
1.597100115912481577e+01
6.053260998407817617e+00
6.465753608811836806e+00
1.346462211747235216e+01
1.189688584456088244e-01
3.661071828723817756e+00
1.546310263969101584e+01
5.650798700669973584e+00
5.911277680817222269e+00
4.953140001219485278e+00
5.350469458807832090e+00
1.454095438730008105e+01
1.669380003060046036e+01
6.188615104212265905e+00
1.481824178735147157e+01
6.567438101420441932e+00
1.019110269139349573e-01
5.407807867532301582e-01
4.906387471746335827e+00
1.784085920481008714e+01
1.761063431499198728e+01
2.092017299048505863e-01
6.014140966347662598e+00
1.407414221343823080e+01
1.471667563276564827e+01
1.368903847791552164e-01
6.401096997031967106e+00
1.903526977028205946e-01
6.650384306131792655e+00
5.598410553348050378e+00
1.673507406469760261e-01
6.355677054054555519e+00
8.195654427143907128e+00
1.881378085337287942e+01
1.317136716242919192e+01
1.046100602575885929e+01
1.396722444027997589e+01
1.391405678181192229e+01
6.209387686730647005e+00
6.354984175344101871e+00
6.270697984828321303e+00
3.045723966311746356e-01
1.638435077433054943e+01
1.688097794893431980e-01
1.310800104851401038e+01
4.608959393575076113e-01
1.965412976238752307e+01
7.111381823221609721e+00
6.101448311507252420e+00
6.896039760437593369e-01
5.922257257348459092e+00
9.085029820597345651e-01
1.643698656080478659e-01
6.403246917157922269e+00
4.189654014175499874e+00
1.666787394731633043e+01
5.927609965589875962e+00
5.225765657580368817e+00
1.646150069125443238e+01
6.047656226865542273e+00
8.386741283337901365e+00
5.664436433960780448e+00
8.350740622327446516e+00
6.142940789037797167e+00
5.294810645933877957e+00
5.840597213056391013e+00
5.226246747596569042e-01
1.064391579690170841e+00
5.548382468402643930e+00
7.424241941365625763e-01
6.113619774637237825e+00
6.717079336476113660e+00
1.955361887599373905e-01
7.064225990345492256e+00
5.828305668710363818e+00
6.486253397188949776e+00
4.245687074328102772e-01
1.903413786246529327e+01
6.864498669262308894e+00
6.015908544980637096e+00
6.281847450529831178e+00
2.004215961748695984e-01
1.039796877568759648e+01
1.149374516932472723e+01
1.206353516096274170e+01
1.298325062877646374e+01
2.106240940798334849e-01
1.509986414952919809e+01
5.849619190075875608e+00
6.808292961418984213e+00
6.584098311582754270e+00
6.450315594287029164e+00
6.320966314870307912e+00
5.613344236221852412e+00
2.829128106213101845e-01
6.595922030614526754e+00
1.993434015596658782e+01
3.508666849081180650e-01
3.018118589478155478e+00
5.272092624459032706e+00
1.258058431576282166e+00
4.763288867948979544e+00
6.067972957556102109e+00
3.547297975897800160e-01
1.039817421265508024e+01
5.175432992281700173e+00
6.301243712632550675e+00
1.134260560404745544e+00
5.792516471419255630e+00
1.596331088334479986e+01
2.192546925845665073e-01
1.658037664922045451e+01
3.149812058189642272e+00
6.333865108647026787e+00
5.998669624912226439e+00
1.377838134687007499e-01
1.168809227299188791e+01
9.650867339842074344e+00
1.216998984444744814e+01
5.325768405495653113e+00
1.673611210712524766e+01
6.176445545103550039e+00
1.121825770570824332e+00
1.128327265142240776e+01
4.923304834382856154e-01
3.044934713007994009e-01
1.590629472841568859e+00
1.168750915838408133e+01
8.417353295525304091e+00
4.296370735576628963e-01
1.379035042951373136e+00
4.862174295494937404e+00
5.631674869320227650e+00
5.964997205981997119e+00
1.998944025948448910e+01
2.628587822548057451e-01
7.962266825954286809e+00
5.918655983440293866e+00
1.493260287880029846e+00
6.242933763806889580e+00
5.443078559686402862e+00
6.218307654041691279e+00
2.790266853317170392e-01
1.569368215284596957e+01
1.346041764952465414e+01
5.487044452157247676e+00
5.535957984657854603e+00
1.552514755868984686e+00
2.782614527902968482e-01
6.624868025855782605e+00
3.031031358464588155e-01
1.803793682326263470e-01
6.953592417442225226e+00
9.284159246258621323e+00
6.002349156442273070e+00
1.282026288602089725e-01
7.824160833438107865e+00
1.507365764043775158e+01
1.424029288671678373e+01
1.331535492325199854e+01
5.116722280226226882e-01
5.470344992443517462e+00
1.431317687149124751e+01
1.143517375884857934e+01
2.365590810620425422e-01
7.696208384110201806e+00
5.449327955409075663e+00
1.872916370913360140e+01
6.495726735883907033e+00
6.973767204677135290e+00
1.198642178768038491e+01
1.938641664065416936e-01
1.144045809314220818e+01
6.362897867914771410e+00
6.055411060793338685e+00
5.243215843604364323e+00
5.861728587196763485e+00
8.220048116571541996e+00
9.174037866848596678e+00
6.387387899848820716e+00
1.095192848799514840e+00
5.493247967635914719e+00
8.701893852427188492e+00
5.972471924924831477e+00
6.534881510034250773e+00
5.730888027411880969e+00
6.076139640327568037e-01
3.917493590212000609e-01
6.116130617750974885e+00
9.868685241074873105e+00
4.728356347090710843e-01
5.400205936509046900e+00
1.792002597124697560e+00
4.603663274239209180e+00
2.083614237901873167e+00
1.539619002893238964e+01
5.869314497564344535e+00
2.264453859580967343e+00
5.903198449226119138e+00
5.891906168010591749e+00
1.330559618685279233e+01
6.111077964270481111e+00
1.532698031436175157e+01
2.185416480029570563e-01
2.826538561504454705e-01
4.542665379413088900e+00
5.081096461888580329e+00
5.544874951881041403e-01
4.637349000685451195e-01
1.711555482280191853e+01
5.085030733205204712e+00
1.832146930531928009e+00
2.135965553289377872e-01
1.426466196018529864e+01
1.482319711495618542e+01
3.673543232116073809e-01
1.817083329475024556e+01
1.400551657165999941e+01
1.061381733284162854e+00
4.958591139223257116e+00
1.090366714337830345e+01
6.594392590234902762e+00
1.239162438057258286e-01
6.029103795931756160e+00
7.900090797761505357e-01
6.410236375331657577e+00
7.396512850615781787e+00
1.074785418093580219e-01
9.753343608748341609e+00
5.038399015905214995e+00
5.203300524216238010e+00
1.572008095721341370e+01
6.117851255822522205e+00
5.752480649124345646e+00
1.115219867553649991e+01
1.282190680031153995e+01
5.101924961318664131e+00
8.016844767308898057e+00
1.454284744422897901e+01
1.861927973750345799e+01
1.994770224152521720e+01
6.756347211872918201e+00
6.508501811455382757e+00
7.350538640085874098e-01
5.160465145811066634e+00
1.369817933715675196e+01
1.509670996434893020e+01
7.475943289588089513e+00
1.705617863652043908e+01
8.862409262810007959e+00
6.158292734250001565e+00
6.273371205475416268e+00
1.839614763283623233e+01
1.349365017695638791e+01
