1.923895960724495424e+01
1.563034954359909712e+01
1.418878287267866334e+01
5.892542810093818417e+00
6.539060017885043763e+00
6.821799217174532082e+00
5.959072155074557564e+00
6.270058823743731580e+00
3.445929877692031074e+00
2.205899024148214593e+00
1.472731528649539179e+01
5.976832452955290087e+00
1.053763057367249090e+01
1.877727090239208252e+01
1.308591765105724569e+01
6.422069838932180197e+00
7.316075546819043929e+00
1.208969433685729378e+01
1.336916954069743468e+01
4.066715240519143570e+00
6.010372297340652814e+00
1.308563843677221228e-01
2.601792627328404772e-01
1.859171574301974061e+01
1.466692065809348799e-01
7.091730314964719284e+00
1.276493709601463356e-01
1.161808388901646971e+01
4.146239787435589963e-01
3.815442995410284421e+00
8.276049746267549523e+00
9.582232396246443074e+00
2.168965575800223089e+00
1.994900276920356652e-01
6.669764000243879387e+00
6.137980242260069552e+00
6.166664522953393401e+00
1.797903786262279036e-01
1.676984299406449053e-01
8.470619133952478563e+00
6.703846540962171474e+00
6.224652010465424823e+00
6.020783911418132739e+00
1.063897648378288041e-01
2.392674004845545266e+00
1.848768252501128018e+01
6.040331039636980037e+00
1.199477251514094256e+01
5.965465241860676393e+00
6.665865460872399950e+00
6.626893825193421073e+00
6.773078923971894483e+00
6.814681655994606402e+00
6.175812947963677857e+00
5.060696006035972694e+00
1.870985169950221128e-01
7.071026231914232518e+00
1.149698122803064354e-01
1.074650412947289801e+01
3.013641442920226066e+00
1.479093892965055090e+01
6.202750661625367812e+00
6.093926724095461545e+00
2.999640414423069834e-01
7.420766446305852249e+00
1.037975200439718027e-01
8.585734010603140121e+00
6.921439876143942627e+00
4.280707406195197962e+00
5.062134776080679188e+00
1.128358858266162912e+01
1.992413392808423667e-01
5.739003692633771081e+00
1.121701336495830315e-01
1.345726132189611413e+01
3.922804008575681012e-01
3.726996099909563043e-01
2.017221481395727878e+00
1.448447423096007114e+01
5.492364381649454508e+00
6.100936468600909102e+00
1.874986610697091649e+01
6.532953519501152329e+00
5.479739665060189502e+00
1.198572723660828920e+01
3.844116755135177588e+00
1.610492911656586656e+01
5.742134728241059527e+00
1.473185397518200723e+01
1.279568404001106963e+01
6.703684532804228269e+00
6.536068925850219813e+00
6.636190226661750735e+00
1.463166281952040215e+01
1.303540329090318828e+01
4.715408194653326390e+00
1.628418316479813610e+00
1.209959965731948550e+01
1.466694753016807518e+01
1.375595021954439501e+00
5.386165773443525318e+00
1.270485328158291694e+01
6.105829273003346991e+00
1.088478888686361667e-01
8.883956208871866878e+00
6.009774211566101698e+00
5.894856419287592963e+00
6.308288563043292996e+00
1.910753574245266506e+01
5.723903810156654615e+00
1.787005028036931975e+01
6.666844080452261956e+00
6.296399000300053395e+00
8.173458700209231154e+00
1.127678877492968690e+00
7.174897833375558642e-01
1.827060055301522157e+00
7.888125887934251956e+00
1.677281355135013641e+01
6.002764021107929615e+00
1.053254977407297055e+01
6.422626898166852172e+00
1.975190451699577920e+01
1.140316662896416489e+01
1.060736688545540929e+01
1.961980349395360435e+01
5.603903227295986333e+00
4.810313364841652728e+00
5.401457797973505670e+00
2.182112017687700689e-01
6.564431404721239538e+00
1.427896363414628556e-01
6.657060092004432050e+00
1.166169487024960816e+01
1.792115515098489098e+00
5.728002087706070888e+00
6.075282912363876520e+00
1.453661566388441351e+01
1.605764093656472369e+01
4.219443269784648010e+00
6.154631903430308526e+00
2.450253942864923928e+00
2.934938606912009806e+00
6.175423783803797306e+00
7.131087149455401786e+00
5.310292495674554303e+00
1.379031419914678835e+01
5.195204561421692624e+00
6.170494782860107996e+00
1.170487254549256395e+00
8.791136830833266913e+00
1.799547545821895156e+01
8.587928248004804033e+00
1.068661207349576925e+00
1.219694584499485046e+01
5.964561756838381967e+00
5.836579579452185307e+00
3.780529792559827462e-01
1.814159147415260165e+01
5.081354721661227813e+00
5.523915209951256955e+00
1.219841803895763410e-01
3.276625022908496110e+00
5.922216900996986055e+00
6.171517414288556047e+00
5.985989358483651657e+00
1.699729520409155370e+00
1.176783060497668032e+01
1.757884752842841514e-01
5.300637509540664816e+00
1.418026885088488065e-01
1.426306166903738948e+01
5.274593908710214940e+00
7.141081755561053512e+00
6.456005901697399629e+00
9.740543895677294728e+00
8.439617848859409577e+00
1.262425311990763577e-01
1.408570376752528719e-01
1.184524242515655884e-01
1.029896136819165875e+01
4.304990019607359386e+00
5.907536212689176836e+00
4.774503844353342963e+00
5.911974847164958469e+00
5.691542134704211442e+00
5.330595994688221317e+00
5.598051925129998274e+00
1.954052595473012843e+01
6.758367746980240121e+00
6.079072481115406212e+00
6.133258561083920313e+00
1.096193279340613280e+01
1.858270591801597860e+01
1.364038956913835143e+01
9.993489234616303563e+00
6.573152591561932212e+00
1.784566375819899520e+01
5.706470395799243533e+00
6.771003140582195989e+00
7.138350358232157689e+00
1.765395373521782929e+01
5.330437340928726009e+00
5.549007032101220815e+00
8.032293600515261645e+00
1.948044052191659548e+00
2.112565664376763741e-01
1.205238970902994949e-01
1.533713353238132093e+01
1.398414812975151689e-01
5.823758578731829338e+00
8.286408306745958186e+00
6.725069137686611853e+00
1.397220486452446231e+01
5.847658560392985372e+00
9.690919935071197200e-01
1.651289690407707056e+01
8.170479625801917223e+00
3.697183677921950018e+00
1.961895865577187337e+01
1.092104369802328989e+01
5.776783260286659782e+00
4.992864062949387005e+00
1.839150336881945336e+01
6.922559155896961691e+00
1.886032344017076667e+01
1.131723528116168076e+01
6.688085129027603770e+00
2.478677585697893204e-01
5.555568189030246629e+00
1.553364461323790913e+01
6.440868865429065337e+00
1.942617367473620149e+01
5.744297148941075015e+00
8.955393920852351419e-01
1.958728642896580041e+01
1.461150460821570296e-01
3.612267223470850830e+00
6.169326583318500923e+00
1.106771650586054356e+01
1.148946247230020568e+01
1.775350288519384989e+01
9.935672149071255177e+00
5.975430951715765104e+00
6.178728595380692745e+00
6.020244596080471133e+00
1.914617688590450584e+01
1.887782482677361884e+01
1.521321015521739095e-01
8.662793452669845351e+00
2.163337242115583037e-01
1.820294873241391542e+01
1.361473005439383677e+01
6.781548393856343893e+00
1.313949535849328143e+01
1.776823702993482001e+01
6.372683261696899137e+00
7.043066504652011339e+00
2.501838968718006484e-01
7.151661429508997081e+00
4.780152902587177621e+00
7.534340776413100293e+00
6.520350519305837977e+00
6.905780028522745972e+00
1.360224949239297842e+01
5.191550301653794719e+00
1.653189901348931912e+01
5.585998529537858914e+00
3.645205093109306294e+00
7.435233829170854847e+00
1.897235876019634504e-01
2.211064275697559034e-01
8.960875825279012163e-01
1.487000228552336090e+01
5.995906191500663063e+00
5.831872838224745337e+00
3.765463889396723385e+00
1.320542860023491905e+01
1.563193734450668160e+01
5.936759834676771597e+00
1.701476475099179098e+01
8.293893165535545009e+00
5.228583358836880635e+00
5.577021733495249656e+00
1.495083876176248516e+01
6.142766122012417007e+00
1.726870816597411817e+01
1.970412955176931646e+01
6.052305129590138222e+00
7.366854199442557594e+00
5.607881693039352911e+00
5.091872529574381190e+00
3.759184502067266731e+00
1.915868787009414831e+01
1.476396199342213755e+01
1.549266105955369177e+01
8.599271990652226805e+00
1.844274126174202877e+01
1.542726383801051604e+01
1.929244789490573453e+01
3.663458082511107383e-01
1.399440294664922746e+01
9.470504500754641342e+00
1.695367222493107562e+01
1.113889272839050593e+00
1.006972363032382356e+00
6.332176723676619545e+00
4.237504865092874828e-01
1.333575178997756794e+01
1.313410530303119883e-01
4.331877230654038735e-01
6.383756337768184075e+00
1.533546725662808363e+01
1.415589419788196857e+01
5.641913612720446558e+00
8.251482220744765783e+00
6.361934316462392935e+00
4.103166890092268204e+00
3.753897394169311008e-01
5.234018774853272937e+00
1.984208761848110925e+01
8.454635464681411250e+00
5.929457849480326281e+00
6.403043315835740934e+00
8.796430131750732073e+00
4.164448026146514992e-01
1.672754827211822359e+01
9.899339949991720289e+00
1.960468148205714556e+01
6.832807217098451957e+00
3.411128118322048319e+00
6.657422103921577516e+00
6.577421020376188032e+00
6.834763799623504887e+00
6.400907568545638249e+00
5.626439793890193997e+00
1.289860233959829183e-01
6.306043172222396187e+00
6.343683243926111714e+00
5.895267751975850068e+00
1.917836794333081230e+01
9.768451665410370355e-01
1.350391730960326520e+01
9.777161812329775437e-01
5.832051614473340528e+00
6.956239343964091937e+00
6.571705119883143098e+00
5.120812536055219688e+00
5.911222578157905971e+00
3.027783300717055148e-01
6.263381198926981419e+00
4.633114806721760459e+00
9.958805244224951281e+00
3.806253184247066823e+00
1.707358093527933462e+01
4.424625992345895042e+00
1.384564082051517353e+01
1.137221127394074394e+01
4.393172326713984610e+00
6.135052742665844328e+00
1.876540662427128936e+01
6.642411906207481564e+00
5.116118786105687377e+00
1.870245640888749250e+01
6.187349301463867413e+00
1.045997131046558087e-01
2.302614082778652316e-01
3.008762522057804034e+00
5.292881076923804606e+00
6.702753967958821057e+00
6.740431884751358460e+00
1.660914069180069674e+01
6.544019113235532537e+00
1.701850944063585946e-01
1.348898736369793205e+01
1.706425557315871977e+00
6.354029261572370579e+00
1.030431492925158388e+01
5.491421022713335098e+00
6.361947774199326666e+00
1.489054073140859202e+01
1.552506877184119105e+01
5.702035338125789998e+00
4.143782729698955336e+00
6.696858938187993715e+00
3.477492431393344408e+00
5.388103124658299770e+00
6.268496856891307978e+00
1.564580073887711642e-01
5.535783032061139863e+00
6.129730249877741066e+00
5.624191238508422508e+00
5.245438670962417227e+00
5.817018885457452271e+00
3.639055201778673698e+00
5.611203238740702481e+00
1.524628789214015612e+01
3.059433068108016851e+00
4.864579272388707132e+00
7.567675276220131586e+00
1.148817156677443690e-01
7.282886277650474582e+00
1.224081035959103758e+01
1.054685550523011095e+01
6.571721102226203648e+00
5.305225059839826507e+00
1.434001010166801593e-01
6.209941175569082539e+00
5.683698543965584271e+00
4.927807178503717189e+00
1.319444682999354468e-01
5.652474394746979769e+00
5.289907244379790541e+00
2.367454084264062342e-01
1.364179914626352019e+00
5.902856343951328633e+00
4.921759028936966374e+00
1.339063981000909287e+01
1.868812481484788535e+01
6.630740471616640264e+00
1.547056494447133623e+01
6.191397848908749779e+00
6.720768180493827515e+00
4.852727953825174190e+00
1.349017291129104557e+01
1.320419643117234365e+01
4.466495565044004690e-01
1.061054219831107126e+01
6.192811702221975523e+00
1.589418739666307445e+01
1.124631827696184416e+01
6.141859556312923019e+00
1.552006683582776247e+01
1.083588222481567342e+01
5.663674841144114680e+00
2.418224846421760610e+00
6.148099662258287523e+00
1.667763661050429280e-01
4.556510512299319693e+00
6.646134274238276518e+00
1.050453960881040771e+01
2.297074986625871507e+00
1.944600458609044014e-01
6.497545995701482724e+00
6.021129091470994510e+00
1.002700957364423551e-01
5.878627756384724456e+00
1.330957554520774266e+01
5.276041506312998841e+00
1.343938416622929011e-01
2.189824913724731204e+00
6.242714214574752951e+00
7.590007271697062130e+00
5.474019998661228570e+00
1.584243926339722774e+00
1.789477942204945649e+01
2.276698761814789085e-01
6.688612903258600362e+00
3.699374567642095712e+00
3.365735716979054160e-01
3.087216680818718029e+00
6.651996869314707794e+00
1.585963560274691320e-01
6.758847107270385735e+00
1.912618831119958229e-01
5.705598463105758356e+00
5.348069292447101830e+00
3.304032723046967934e+00
5.845245996103606068e+00
6.557680968458435622e+00
7.381667788165819033e+00
5.484123575261588002e+00
2.628556626540923813e-01
1.154078183043092815e-01
1.455632570464518061e+01
5.107751929739245078e+00
5.282240534765294093e+00
8.365206385355323349e+00
3.022508065088260309e+00
6.229845544106531463e+00
1.552289130176198562e+01
9.873807786182466018e+00
4.714718604005698199e-01
5.849599018433637276e+00
1.725821221629048097e+01
6.254876259239058989e+00
2.701848374938179420e-01
1.473971346848618325e+01
6.059884757942689326e+00
5.120382025057038433e+00
1.532679235189012346e+01
1.286321643195881848e+01
1.212984257898442664e+00
2.294948590208503170e-01
5.663976162290279781e+00
5.487481108371306426e+00
5.812053467018151842e+00
6.936849848347181435e+00
5.628624009007730855e+00
7.166816365434732994e+00
1.010904589676937171e+01
5.484724923005966701e+00
2.363212031734748919e+00
1.840380223488470790e+01
5.689558671379220556e+00
6.170179029223357148e+00
1.219355190999333732e-01
1.892941981010224950e+01
6.389694183209547518e+00
5.736499740070585496e+00
5.165592594096401591e+00
6.060912575242595857e+00
1.661861705576213666e+01
5.417875353899107793e+00
5.149941820004603876e+00
7.471192819772261906e+00
1.815113822309510994e+01
7.202374501031164833e+00
6.259591414676886068e+00
8.684970115724601314e+00
1.670752215713206112e+01
5.585342814287339586e+00
5.790710798980132079e-01
1.499297367483462473e+01
6.365660654889867764e+00
5.190832332487865131e+00
5.811984552937714099e+00
1.947164701645401053e+01
5.771236665014843226e+00
5.986959479570456821e+00
6.430017190593773080e+00
6.560991640906744138e+00
9.136705501615121072e-01
6.463211775536072956e-01
1.470624607085557223e+01
5.778562610464214266e+00
8.127463697409488930e+00
1.870584801986633749e+01
1.430389792294490370e+01
1.904236531783798370e+01
6.302416775431437301e+00
2.374767739425549973e+00
6.918006544614293318e+00
5.285147820786376904e+00
5.821580296130921539e+00
5.912552618634205892e+00
5.481878792512427268e+00
1.596014230241683585e+01
1.782267205034129987e+01
6.419872087881423717e+00
5.879192269731184695e+00
6.206282705849977432e+00
2.876605902055918929e+00
1.439023354353278172e+01
4.960718928498843439e-01
1.291520851502387934e+01
5.084189748020847333e+00
2.111737508154488963e-01
1.500352267367475534e+01
6.567679730642099756e+00
6.347969350338648731e+00
6.034037392310502845e+00
2.621419158372118918e+00
1.073930064727051992e+01
1.443487283448216019e+01
4.208340387574872388e+00
1.207269376708436681e+01
3.041395297360878658e+00
1.026880475541596949e-01
1.971876636091608503e+01
1.550125292684756628e+00
7.375054781530541170e+00
1.945913521996174822e+01
2.706386840725809040e-01
7.447339645352733406e+00
6.121668908146562060e+00
6.773627645275673181e+00
4.369471840579763899e+00
1.389655756431038292e+01
6.520373854804176972e+00
1.607272286710783593e-01
1.501768857576167093e+01
1.907087901420850429e+01
1.837280840043034758e+01
1.995724557133775079e+01
9.754264061668317609e+00
5.515094306181073769e+00
1.878932265336124630e+01
5.624080651746690585e+00
6.054047131537163118e+00
6.586107608523949608e+00
5.941104670459685266e+00
4.919870563058257318e+00
2.362252600353288157e-01
1.985346607013808296e+01
5.384266892683670314e+00
8.422306069154911867e+00
1.982624040513961816e+01
6.238045690521188291e+00
1.799506534933082591e+01
9.150489269466545394e+00
5.898961948100665431e+00
6.085826814159443821e+00
5.745447954925757550e+00
9.267542423000636020e+00
5.416407986777633354e+00
2.133639768321882180e+00
1.143969360510175370e+01
3.751167968365699767e+00
1.197386347348516189e+01
1.122888707277088649e+01
5.259182833064819818e+00
1.325023236627346357e+01
1.121335035765875926e-01
1.052973916821897116e-01
1.961533613707478807e+01
6.411575758400053893e+00
5.410324785748243492e+00
5.998225204998572480e+00
5.630913790364051152e+00
5.565108502339116470e+00
1.224905693066357593e+01
2.096164530968495088e-01
1.318149668614270276e+01
1.156899491029994742e+01
6.170698477306224561e+00
6.494023658387090059e+00
6.547497577280000591e+00
8.996924635382947955e+00
6.166752804104846497e+00
8.990073402651391987e+00
1.599035540655657606e+01
4.846527257154715329e+00
2.840331408368513277e-01
1.563588059758965088e+01
1.337218030216388343e+01
6.296343494034502442e+00
1.729002894127003476e+00
6.015828441827113515e+00
5.965525475296360458e-01
5.938182078500395811e+00
3.581510812193215987e+00
6.527526818348453830e+00
5.482679507963156063e+00
1.546281366902916687e+01
5.742391013607504924e+00
2.550442087166455263e+00
3.896504081517826013e+00
6.120375715703977981e+00
1.719262892059782288e+01
5.907917018390627995e+00
1.698809587449278879e+01
1.653833768192782827e+01
6.749416881256594891e+00
1.784440892885260510e+01
1.540394286076869257e+01
5.270784582956236086e+00
9.640293056348644640e+00
4.601830835375133155e+00
5.468877217322652307e+00
5.294486442048339292e+00
1.755108237528604231e-01
1.110979279277621856e+01
4.913013044536887364e+00
1.710577059226465479e+01
1.479610948530829972e+01
5.603920593790612692e+00
1.868453030696526074e-01
4.019890973611068397e+00
6.786636729165286930e+00
1.202920111487001087e+01
6.157819816564829019e+00
5.972379165546142232e+00
3.732343354025179583e+00
5.714115183997587444e+00
5.519495882458527625e+00
7.114776862647061328e+00
1.930233029626367625e+01
1.533494462842217132e+01
5.974293966029030400e+00
5.711259396030706093e+00
4.619149572107875912e+00
5.147255876363921345e+00
5.542288280069292306e+00
1.540584534683264906e+01
7.374210502497043684e+00
1.163206879002116056e-01
2.761352252894393455e+00
1.262376068668201734e+00
6.024241236883985273e+00
2.265483569768249605e-01
5.946420013321326969e+00
1.243883249731454832e+01
6.899764117297620958e-01
1.245000812663073297e+01
5.387039494512557702e+00
1.249161885915610615e-01
6.204099878407521196e+00
1.241403401581094101e+01
1.221002807804822121e-01
9.927871072431004862e+00
4.635433750840083356e+00
4.263692094529477394e+00
3.646791982482318950e+00
7.631357792183006694e+00
6.312749865115511838e+00
6.488144607271769004e+00
6.231528240278275455e+00
1.609814055537340249e-01
1.568741700730506006e-01
6.080738806751817549e+00
1.364757701886672159e+01
3.075383334824977943e+00
1.441664984803781913e+01
6.556426846516173690e+00
5.920558467122776669e+00
6.183776175196921798e+00
3.262843339358129313e+00
1.871890323939519973e+01
1.569601917461288210e+01
6.761494077964385951e+00
7.299634134165103205e+00
3.153726280582767050e+00
1.511430403509025133e+01
5.613271488839406409e+00
2.915219051655648208e+00
1.763615923273545993e-01
5.945462673813170618e+00
1.615615696547541802e+01
4.306624729514028083e+00
5.838438111253679175e+00
8.101414809575766540e+00
1.209157382442778816e+00
2.640444132980046543e-01
1.155197266886307617e+01
9.009211442500852485e+00
5.883792683074585916e+00
2.322184233433306211e-01
1.283973226455594752e-01
5.970561359098542020e+00
1.609753513109612655e+01
5.824539510639587192e+00
3.546713128465682097e+00
5.225750380705698639e+00
6.636823493805055207e+00
6.039901523235437608e+00
5.761855732363931004e+00
5.504306239631304720e+00
7.572032692311403856e+00
1.504265445273159152e+01
1.031242933150378249e+01
5.902825870765013860e+00
8.987231208991158127e+00
1.312600154929585017e+01
6.709876993573046455e+00
1.368108415066467920e+01
5.594553559621320282e+00
6.274923522348994531e+00
2.634896225927277347e-01
5.914662699063129914e+00
6.263901912897538615e+00
5.841765940593989015e+00
1.702028683023214084e+00
1.577685271347941232e+01
6.426802936357415952e+00
6.464821725244659589e+00
1.271055597450666674e+01
8.332459923591240880e+00
1.461610827435997073e-01
5.473345739302953206e+00
1.076324805807048063e-01
1.221662759872523552e+01
1.472266667875257440e+01
6.135560517022974558e+00
4.641175428154919125e+00
1.223875047907429792e-01
2.062209229197999594e-01
6.186510144824341140e+00
6.038929242083998616e+00
6.389323723325735394e+00
1.458699324352351034e+01
1.693176097266788815e+01
1.900492382857567053e-01
1.787199285828346973e-01
8.607219118939450908e+00
5.638250647463639353e+00
5.444356723769102402e+00
1.858862114665846832e+01
6.132784022509546240e+00
5.522348329355724061e+00
1.086522758419617851e+01
1.148399768382174990e+01
6.269818932791928923e+00
8.459488626415140544e+00
3.608175965481072556e+00
9.946374506265279081e+00
1.210624978309104316e+00
2.342098748333922564e-01
2.826435458614282581e+00
5.072264157040292432e+00
3.210392222529727668e-01
5.901915965593871327e+00
1.431796288767173964e-01
1.982117258694158224e-01
2.440084303062673987e-01
1.015011477566888642e-01
5.184226593293420393e+00
1.036932623965892830e+01
1.007886798319912458e+01
1.700538169973709302e+01
1.831159169475403559e+01
5.051993787604467379e+00
2.487206106964550134e+00
7.691917880578459377e-01
8.410554644151009285e+00
5.850441224435680709e+00
1.164489485346404118e-01
3.803349589920699270e+00
1.497503144198500458e+01
5.540831435038792385e+00
1.351823062402354658e+01
6.092330878750138012e+00
2.139220248107787381e-01
1.005720344062537019e-01
1.302017788738651127e+01
9.545245682038579815e+00
5.590190087735157576e+00
1.180979813959715408e+01
6.340981358445204386e+00
7.270205661017469012e+00
1.834301962780910600e+01
5.829082982786546907e+00
2.657412504586336155e-01
6.214493431628674180e+00
8.463334882462836717e+00
6.774181653974935990e+00
3.460929782502171204e+00
1.164570633997930216e+01
6.329886759090702419e+00
1.808623553598747336e+01
7.802476926983183070e+00
4.172881067809075084e+00
1.857768202993278450e+01
6.048459021787059520e+00
8.014013409626118190e+00
6.327193118727786114e+00
1.114358033549159438e-01
5.688768744258493548e+00
5.978924413793531123e+00
1.262337871907384468e+01
5.733982951275828910e+00
5.900921755364522348e+00
6.226512940756440351e+00
8.979664791247603972e+00
1.911252537107149863e+01
1.100398749214476363e-01
1.858033457441568004e+01
1.349377428527554557e+01
6.253394867088817755e+00
6.057762995439617271e+00
4.968940484828532789e+00
1.093898699521438644e-01
1.769308713050130777e+01
5.490024302946252099e+00
1.047579172757283905e-01
5.621938515641335954e+00
2.199427577664604172e+00
1.753580587912654032e+00
5.998381340239886228e+00
2.956495851490118731e+00
1.594321429821401459e-01
6.319011758371484433e+00
5.823985552573462066e+00
3.969166940352203965e-01
6.232505056862841286e+00
3.147298742394761262e-01
2.384811458205321699e+00
5.980510643793796710e+00
5.896633853148860460e+00
3.144424174703633668e+00
3.798362699701148260e-01
6.404415695743284509e+00
1.626568777234271013e-01
1.545717970662610874e+01
1.695735274195541109e+01
6.522244198471597976e+00
5.698752989978995487e+00
1.042984299487704214e-01
5.671159307651449488e+00
5.384921864628580579e+00
1.524250848689028004e+01
6.933162847035254650e+00
6.619785319663688661e+00
1.128691430859827816e-01
6.474356492304729649e+00
3.308295661619053085e+00
6.231184740979580639e+00
6.255270740808632546e+00
6.301125832713909247e+00
8.061999634832236694e+00
1.921421470057067760e+00
1.763817823054553457e+01
2.648962532084115917e-01
6.009952618288082249e+00
1.397576149398964773e+01
1.854194233942735792e+01
1.354683313394145472e+01
4.326918917232393191e+00
6.801384914013169913e-01
2.525582996714132999e-01
9.382544026015883887e+00
6.284086215991378843e+00
5.992533315875947508e+00
8.837648113695749430e+00
2.385871157308880330e-01
6.654909589110946655e+00
2.010210995764064368e+00
3.562611073376733550e-01
5.474649787225866149e+00
1.864512788371666396e-01
3.783727770708496529e-01
9.894452574273232770e+00
1.574358709204735618e+01
5.896261644216536979e+00
5.318446928996481304e+00
1.371273202897123344e-01
6.415396688330448960e+00
2.037007744148330080e+00
5.786188027843058634e+00
6.316920126958266657e+00
5.815188440186188856e+00
1.310526393946545576e-01
1.747205678710484023e+01
1.991503568791953072e+01
6.025904992119531123e+00
1.375546689922168397e+01
1.611116118306951117e-01
1.850500445629483792e+01
5.528091535344014318e+00
1.596819871810281555e+01
5.822286561455995546e+00
1.381907122204205862e+01
5.263871186330141505e+00
4.860629649572183908e+00
1.141258432106274512e+01
1.061233329191270336e+01
6.208263425405351477e+00
1.413289522649668228e+01
5.945194037202643500e+00
5.881365602780644686e+00
2.822534067771899635e-01
1.893265460422840363e+01
5.769891735204049077e+00
1.651503333557405284e+01
6.178385966638861859e+00
1.206660593882938315e+01
7.947279013752869936e+00
1.049030931466049843e+01
1.240913650689814496e+01
1.575722931649230318e+01
6.165218500448065519e+00
6.801691808608437029e+00
1.597787870820630296e+01
2.352817853562303441e+00
1.299394935290135145e+01
3.654321825109618782e+00
5.303386956338479230e+00
6.046353659695375526e+00
5.906595179061494783e+00
3.248680133924655600e+00
6.395652202978057588e+00
1.641545106838574464e+00
1.067363889481460859e+01
6.438722628610264564e+00
6.435136661574976991e+00
6.331525466828797910e+00
2.421218864392641890e-01
5.791849369151271354e+00
5.753402180611379535e+00
6.243751126474569979e+00
1.036495309454238978e+01
1.104489621436658964e-01
6.592838357406345828e+00
1.995287587974996768e+01
7.305700383990136437e+00
6.264691246718276929e+00
6.452963536974673175e+00
1.146740872264371625e+01
6.078243277801440136e+00
1.571177457818128609e+01
5.615400557705749307e+00
6.311161925837389219e+00
6.363518365854594627e+00
5.522712848766758498e+00
6.098809371193645745e+00
5.491480800972438736e+00
1.570292749673867783e-01
3.119404096591772202e+00
1.650894709804337523e+01
5.457029397342420651e+00
6.113292153870494516e+00
5.848232729980104239e+00
1.496449724092313005e+01
5.285032721805978717e+00
5.640416877254780026e+00
6.037105005102865185e+00
1.859834058829329395e-01
7.525277465445598502e+00
9.149115414871703322e+00
9.853589656917254302e+00
6.845088798951678655e+00
1.159425635257115006e-01
6.347611900908268545e+00
6.134039458556426183e+00
4.392606335512835969e+00
5.258581451750584002e+00
2.268471246131785746e-01
1.609104816866717247e+00
1.877410753641461372e-01
3.494881361337046854e+00
4.837771301829867809e+00
5.870924023945040204e+00
2.890937016200579857e-01
3.187164487020681225e+00
1.931362246052199250e-01
1.918935958105256745e+01
1.292944319998509672e-01
1.433123367835498385e+01
6.362726332876808222e+00
7.000268144155258554e+00
6.130790224991178761e+00
7.614461221092280852e+00
5.805533305933182397e+00
6.977042277710638452e+00
5.902515763681426719e+00
1.316541002421924844e+01
5.735543984329591893e+00
9.393323649457162361e+00
5.346178274769539662e+00
6.356737596083307906e+00
6.248943218270778921e+00
1.225078982598541699e-01
5.940084194764591707e+00
2.242823341145231686e-01
5.062532230409807710e+00
1.280612071756872261e+01
6.724054144651433695e+00
6.441438449263769073e+00
6.038614128984177043e+00
5.717376741393199957e+00
1.212739536201163926e+00
7.902219752992501789e+00
5.585746762067321569e+00
5.604205199018374550e+00
5.846159602118859766e+00
2.827892361601331284e-01
5.781008246375506587e+00
6.832662837573014514e+00
1.573173518683040761e+01
1.925596692563154377e+01
5.784805885099284062e+00
1.242258845323957850e+01
1.947281871951015475e+01
5.605756871517463047e+00
1.638762450704639662e+01
6.321531851635022292e+00
1.955552529191883337e+01
1.582661239769962691e+01
8.937232633438572549e+00
6.822875030258320983e+00
6.491692415728854471e+00
1.464245483228767419e+01
5.530381017984524306e+00
1.485275584031287721e+01
1.108410889212381178e+01
7.239605977940859027e+00
6.051268086630309462e+00
1.921373621047875180e-01
5.245173367888159355e+00
1.227370026142357595e+01
4.672368830027687991e+00
8.626868369254031776e+00
5.782082599735922201e+00
6.399798913021840008e+00
5.398450118209409787e+00
1.511465319828531406e+01
5.588785253024128430e+00
6.482110933794240637e+00
6.541493065921829775e+00
5.733777238691916800e+00
4.889000124072519604e+00
6.305657287241437814e+00
1.472214938133172002e-01
9.723060669643319720e-01
6.521184484015702054e+00
1.860738212956484361e+01
1.766759390032725108e+01
5.898618362845604146e+00
1.024434458283479543e+01
8.936008945151458605e+00
5.801550170961466080e+00
1.186642098896158082e+01
1.618100970046686626e+01
4.980929274364546799e+00
1.025716798846462652e+01
1.174202298736601513e+01
6.965860119037652787e+00
1.840801380738168191e+01
5.530314928611289815e+00
1.385681815301635034e+01
8.447801988400851059e+00
6.582547032097580519e+00
5.364309370534718013e+00
9.185216353020342339e+00
5.803909786995613551e+00
1.443387315407008153e-01
6.117018283259590739e+00
2.236643238402103329e+00
6.211834878281694117e+00
1.423311412196256498e+01
9.055014136606795105e+00
3.749342155999561221e+00
1.548894381265954800e+00
1.911813763118175968e+00
6.135149329907266136e+00
1.001069022352369764e+01
6.019637438853409073e+00
6.023280708080771539e+00
5.579692636930671412e+00
6.099538471595358224e+00
1.548221676542404501e-01
2.583188049558207688e-01
4.880019996538808580e-01
1.052199592515948545e+01
6.108545935159330753e+00
5.728630932338379722e+00
5.776786615400517633e+00
3.764803189181030185e-01
9.212341931861605104e+00
7.005290846432739471e+00
4.267863533943475396e+00
4.692863450389419100e+00
6.271968524348326746e+00
5.294557136763702765e+00
5.043458640573147633e+00
6.149726214440796923e+00
2.856828263854222505e-01
1.591805942644383087e+01
6.712228695989820082e+00
6.066428735929015659e+00
1.292493353688268232e-01
1.448711508096111267e+01
6.331502387839923252e+00
1.246398855804822325e+01
1.508462027169048980e+01
6.756913912153097002e+00
2.379026429991657476e-01
5.936084643228712210e+00
1.412586349193263224e+01
1.317017628328183143e-01
1.075630839721467957e+01
6.547178258143796725e+00
5.500610635776408408e+00
5.085859189754117438e+00
6.649284077398331050e+00
2.209736818120860424e-01
5.924331700057718919e+00
5.820017570568695398e+00
2.221187554636297745e-01
1.382542741215729620e+01
1.112893317800371651e-01
7.501964670069901864e+00
1.252473918090711358e+01
9.615420507107145909e+00
7.200540482928721175e+00
3.752888615192200850e-01
6.840558603780574565e+00
2.062081497790762274e-01
1.046892429723868645e+01
5.551784822654883378e+00
3.396238866290971270e+00
6.212000880129432190e+00
1.045871360899199765e+01
4.567905801143341549e+00
1.814325975624954679e-01
8.001548473578534271e+00
8.044451922189901794e+00
5.275728295776056065e+00
1.604006206500579168e+01
6.350349550930198816e+00
4.825808849610465856e+00
1.245480987749952462e+01
1.813662550707201282e-01
1.734164845246250197e-01
6.777696316933879750e+00
3.001497185287422820e-01
5.026598342278346898e+00
1.024694773695890859e+01
1.348964640393004011e+01
1.395849055225122726e+01
5.798492751147499291e+00
4.977666861693410105e+00
6.718770428095498737e+00
5.779498688067524981e+00
5.612663479167398606e+00
3.007748749055452198e-01
2.960118923105136357e+00
6.294713969216341631e+00
1.006205049734276358e+01
6.163555490517865998e+00
4.477703268171501882e+00
6.206793344551809533e+00
6.717552685331681595e+00
6.420105583013230088e+00
5.657332969139457823e+00
1.913374422757581073e+01
6.259075923783657736e+00
6.219404584402542291e+00
6.098145862421808339e+00
6.537433383708296297e+00
6.186516611687226330e+00
9.888098525804588590e+00
1.172558873874084417e-01
5.739065065202114901e+00
1.280932924976943554e-01
6.194223234123457544e+00
1.502652495725837412e+01
1.239120853972105429e+01
1.313052597247873976e+01
1.734515280498186485e+01
7.214644638166215707e+00
9.228476307480955043e+00
1.916995060801721351e+01
6.411208941670568429e+00
1.831137041917608599e+01
6.190238595711105241e+00
1.581686874051815961e+00
6.595057272196251041e+00
6.758687606046610341e+00
5.934627499243045889e+00
1.337642371632855465e+01
1.398346860811642145e+01
6.620298906781323822e+00
5.746175051534469169e+00
1.827042662519299654e+01
5.466675572260871974e+00
5.907700898594282712e+00
1.683119697381636826e+01
3.228250735902163382e-01
6.165282314026777399e+00
6.614478242376150563e-01
1.752801805031373306e+01
5.491206815523092644e+00
1.312707947000143260e+00
6.143467863605129864e+00
1.171028076626852016e-01
5.989220176738314194e+00
7.695125637326923673e+00
9.433262298916227806e+00
6.731123598270393416e+00
6.376475377013026247e+00
6.905653842305612411e-01
4.730791312772758550e-01
1.550518092262369030e-01
8.723095037455273371e+00
5.785590754337690100e+00
6.392169956205894010e+00
5.819932309078174271e+00
1.837159067557430914e-01
1.432652686803308129e+01
4.456458666274391689e+00
6.781571349397631288e+00
1.884621200047843104e+01
1.995855320264534782e+01
1.909832185471158539e+01
6.748062222654922060e+00
5.186539074253841974e+00
1.244891559894720956e+01
1.403919557391916373e-01
9.067643868603118662e+00
1.029383213905578492e-01
5.222941317152630880e+00
1.591681727943046809e+01
5.388383289138524823e+00
5.664618220330676301e+00
9.881502576044400854e+00
1.923184152626314614e+01
1.739307334568034236e+01
1.070063437764433439e-01
5.122787040568704597e+00
1.831313999926221925e+01
1.248699837614767549e+00
8.615002436302253486e+00
6.670658316609891614e+00
8.849668394775690672e+00
6.998359232577973543e+00
1.678878192831080796e+01
1.388680303173795705e-01
2.437556521526243358e+00
1.419323306258105377e-01
6.456071085339315729e+00
5.644032049499549508e+00
1.076402734448078569e+01
1.571348625402149501e+01
1.488067838268537724e+00
1.327901656161931676e+01
5.057731467599685615e+00
2.236855683326467226e+00
6.135870587167538304e+00
5.457782033671803035e-01
1.094354771838753848e+01
5.941466549118767482e+00
1.452147511280297465e+01
1.137453426112695204e-01
5.826667389923193774e+00
7.925380975258327965e+00
1.409796178224982099e-01
9.763249011442050929e+00
6.946287577965643223e+00
6.128526498320890248e+00
6.000600227901942141e+00
1.223644405960904535e+01
5.013862118878835261e+00
2.779932427991789190e-01
1.854435009657203892e+01
6.183282934227849026e+00
6.646695799368565361e+00
5.125418100850489544e+00
5.322287698302509362e+00
6.122683050710081787e+00
5.867346567827304682e+00
6.927885609325979743e+00
6.066538835887206993e+00
3.008791994420551563e-01
5.444664584788673878e+00
8.542839983967263962e+00
5.270320208071872514e+00
6.738748441257419231e+00
2.582822816553531076e-01
1.742509645984885447e+00
7.589022235194056165e+00
5.615202371621506927e+00
1.360004485619312931e+01
1.912836737647434782e-01
5.377069407166311876e+00
1.364526385323605817e+00
5.227388595103990454e+00
9.766290751235972678e+00
1.873155470528971023e+01
3.217951821503240328e+00
1.223134135607945927e+00
1.021047175030966730e-01
4.695977563586745340e+00
9.485752074849461479e+00
1.950732161667330189e+01
8.014562097196002100e+00
4.242263821199539819e+00
2.771753283952833158e+00
5.539105164525223834e+00
3.821870308787090220e+00
5.479014248498406126e+00
5.838663505747740956e+00
4.531148968438212243e+00
5.714356995683281149e+00
6.077732731546676703e+00
6.485238955469767141e+00
8.142974488492184193e+00
1.880025881583672742e+01
6.293970221380429386e+00
5.371211013483184971e+00
6.687894846085719713e+00
2.130569389943266778e-01
1.547120012057130545e+01
4.170596905321146686e+00
6.205646804306705455e+00
1.505932456306621070e+01
1.635092678068257399e+01
5.451368281034222107e+00
6.296734816840952931e+00
1.125208408899115398e+01
3.710021341328086031e+00
1.775635879711678022e+00
1.515089525335933907e+01
1.250637673250268911e+01
1.119082092785265992e-01
1.504695428502254551e+01
2.687611747767804093e+00
2.020814233835882323e+00
1.560548499906346720e+01
6.286515386543553241e+00
1.431899368017865193e+01
1.535579525244825660e+01
5.920706155729657638e+00
5.917883242045064662e+00
3.102245232953947163e+00
1.250723471246215190e+01
6.197754021150811532e+00
1.155424467008612371e-01
1.794728790704484211e+01
1.686202986279734617e+01
1.192735303197748387e+01
2.004580626081043260e+00
1.181470076568323790e+01
7.016713463306704313e+00
5.819372239863684015e+00
6.270051319525046019e+00
1.042768946684878184e+00
6.016394422497277183e+00
4.668922971893445961e+00
1.699168206112128132e+01
5.399466080747094665e+00
1.956974550771032639e+01
1.272933318414620452e+01
1.995874599392409188e+00
5.990336104813525075e+00
6.579586200434537346e+00
6.062845832472182117e+00
1.578054738283965719e+01
5.904798863135976461e+00
8.721238168444040539e+00
5.541945455177354596e+00
5.896073350458951978e+00
5.845713249447475057e+00
1.954310651656838616e+01
5.811937820901855289e+00
5.920627381307872916e+00
1.163515346473434775e+01
3.097321060053544461e-01
6.594718657205656420e+00
3.223634764666389874e+00
6.285886425895102825e+00
1.952685389518103065e+01
6.016768938702980130e+00
5.503120321492064315e-01
6.165578601333028708e+00
1.919685126855156199e+01
6.403131331890472566e+00
3.655342017463245607e+00
6.509192748653099159e+00
1.021993343249866371e+01
2.393998374816397323e-01
9.895841946765743913e+00
5.258055172190781335e+00
6.480357704838377586e+00
5.812415453255568742e+00
7.096213333770569065e+00
6.364612625126082612e+00
5.768313716367984512e+00
5.952864073561017655e+00
3.676079411493975879e+00
1.561441275768689607e+01
1.080259258447893028e-01
5.957402044101108629e+00
6.072813985181741536e+00
5.414341906138123939e+00
1.927686854883491341e-01
6.915102825068848880e+00
7.378720316501210519e+00
9.813199402359597201e+00
1.713599792385884513e+01
5.361424883667013752e+00
1.212074542024415180e+01
1.078862152599032243e+01
9.617477007821394253e+00
5.133136540089229705e+00
6.422072550294743998e+00
1.016259511224401058e-01
5.677848624148799317e+00
1.695696240540654287e+01
3.791756697831374923e-01
5.025371837255454999e+00
6.131690164785521979e+00
6.643500995323755376e+00
9.105655813379405217e+00
2.629465799379186564e+00
6.419754781239616293e+00
5.731286585528794220e+00
1.669408170599636421e+01
4.494280212978570610e+00
4.406937258671603797e-01
2.484278327968718059e-01
7.427209846383288294e+00
2.030043807141810874e-01
6.926020657135912195e+00
6.069292660011333496e+00
3.374341361622839042e+00
5.626649024505316454e+00
1.685278688404971970e-01
1.648069566639160755e+01
8.461118845341465189e+00
1.388387665473932486e+01
6.271017738045437717e+00
1.331243347665355437e+01
6.005880698290939179e+00
1.281553194899243309e+01
6.123130921539076787e+00
7.094416428009721720e+00
2.549701319792609944e-01
2.838549584756401289e-01
1.354567530303862066e-01
1.671873146421417289e+01
6.247546949738606692e+00
4.411864660785563608e+00
5.081953701920353339e+00
7.267326311954956930e-01
5.327316309450893073e+00
5.833974000098743673e+00
1.585150835192205498e+01
1.608293966906765249e+01
9.272117854299134487e-01
2.633192766839982824e+00
3.279675174809626448e+00
1.621520786193307728e+01
5.712978095805134160e+00
6.723767413634637258e+00
5.940441332108012062e+00
4.929663941592866472e+00
5.679101994113659124e+00
1.538092267606216801e+01
5.537658018500238200e+00
4.497326893809497683e+00
8.832967325362877986e+00
5.603655904044723357e+00
6.146696153147066077e+00
5.745762473735392284e+00
1.947348956063766234e+00
5.856897407702186698e+00
4.591449884313546725e+00
1.328027183614082507e-01
6.007867022918135014e+00
1.182367542733815213e+01
1.093149666859149249e+01
5.884799456806153906e+00
1.478087387673524056e+01
5.717039698385350199e+00
9.752036415795632962e+00
1.064465879966727790e+01
5.219331662000460170e+00
6.066100554995808913e+00
5.794801744255932974e+00
6.435085026493931437e+00
6.099600280129656049e+00
5.390247181326084380e+00
6.808468461268557093e+00
6.061514607748585526e+00
5.760274840668577312e+00
6.128249465173074562e+00
5.810641213164537966e+00
1.169737584452928125e+01
1.471661705884808324e-01
6.228036844377778714e+00
1.491939205825719705e-01
1.688686040407540645e+01
5.359702824211423966e+00
1.065757992805839116e+01
1.456782619507533383e+01
2.956144977362783477e-01
5.283814097248852093e+00
1.491757592780121300e+01
1.664796605186558054e+01
1.475754485407924088e-01
6.845656952984723986e+00
6.673735344716439144e+00
5.756010953332688196e+00
1.131448995168685911e+00
1.259314602144269379e+01
5.343143488142258590e+00
6.933022417067502552e+00
6.648281889331460803e+00
1.829941692608400450e+00
2.095108886433788009e-01
1.803860713714869846e+01
5.340790492343415963e+00
4.750766337497791980e+00
7.182724869515954680e+00
6.004934198018614389e+00
1.720593502757333937e+01
5.843843878868205444e+00
2.328706490563968057e+00
1.214591353381167238e+01
6.032738878800839366e+00
6.604861427980774025e+00
5.623392807038632313e+00
5.685739806734273039e+00
5.520428167987855517e+00
5.387477652414728091e+00
5.955239369417665962e+00
7.263625070120336424e+00
6.065000561911539023e+00
5.907986988441453313e+00
6.660998068103507919e+00
5.493339397181977724e+00
1.601997589258624544e+01
1.009619073531140276e-01
6.455114798313412727e+00
1.601799285787961935e+01
1.388524172066798457e+01
1.741205236871922679e+01
5.426711622783027877e+00
3.243634779873698637e+00
5.470731870713406941e+00
1.599938865644973118e-01
2.358363347509598584e-01
6.048342894622822818e+00
5.819159676432041906e+00
5.894892128320928570e+00
9.130282346253752124e+00
6.189227669264885101e+00
6.852419532915866363e+00
1.910716723741747058e+00
1.234566075930215862e-01
6.344392106852538404e+00
5.745138311895709116e+00
2.520243057112093510e+00
1.652393800550334291e+01
1.025256530065112948e+01
7.891811580290932326e+00
2.547558885587384303e-01
1.454632537422705774e+01
1.772549509043748728e+01
6.119313346129375830e+00
1.216790822188418275e+00
5.844017381718093596e+00
1.670541957778266351e+01
1.151406487119822769e-01
7.017965020857706904e+00
5.902888110747476880e+00
1.372269776317956058e+01
1.593486444487659526e+01
3.899441806802026900e+00
3.312546548210010044e+00
1.069991677188377110e+01
2.039582381619340634e-01
6.412613231781644885e+00
5.519864922683616726e+00
6.372002478805360859e+00
1.312260813288169636e+01
6.311933031902853486e+00
9.889259457631984773e+00
1.954638502348529983e+01
7.121603120255741715e+00
6.458026173632254618e+00
5.503235688275466941e+00
1.655257052844271159e-01
5.904236948904249438e+00
6.525981099808149111e+00
5.985104298368256082e+00
6.454623045250843738e+00
1.979647915724058649e+01
6.458957596272168367e+00
6.173003092702038508e+00
6.941696235365006906e+00
6.409270241893514353e+00
5.761434752832997219e+00
1.738206037174028218e-01
1.829884059365383209e+01
1.625355405255494645e+01
6.471565268838327611e+00
1.227401947189084436e-01
2.796454111311828528e-01
1.423143931217016322e-01
1.613932373058724323e+01
9.329896503426404308e+00
6.474031316505814537e+00
5.795888104938767604e+00
1.216990870831728688e-01
6.145790552987981492e+00
3.224599818315673883e+00
8.618922926829084119e+00
5.757141976814839524e+00
6.329561740468589548e+00
5.537276226376698141e+00
6.919792326904789626e+00
5.950716480264648389e+00
1.630628797065238800e+01
2.127518251247982883e-01
1.585393596775269032e+01
1.082337298587909657e+01
5.166423960778362634e+00
1.589939297747738678e+01
5.769593883542682988e+00
1.215409296783630744e+01
1.255493830064984273e+01
1.035720255409734003e+00
1.239029780032269557e+01
1.346872792962510168e+01
1.255550280153482490e+01
1.912095216188948754e+01
5.932558474837339446e+00
5.990450537234336181e+00
2.054473874205245743e+00
4.861172615247987494e+00
5.767264824617936547e+00
6.358784725086765732e+00
1.189676389716909277e+01
6.247133837208491691e+00
6.761462708650327613e+00
1.942859961791072676e+00
1.189100988165650463e+01
7.052681370348245160e+00
3.683754962620406026e+00
5.875090023079276413e+00
6.051283702309571133e+00
1.271983138395151869e+01
1.304504217628002394e+01
6.062212089779382751e+00
5.302628658437143372e+00
5.572282545788342034e+00
1.029030218346459330e-01
6.660531165685476651e+00
2.025227262234235770e+00
1.018944237031965017e+01
1.714456589808603226e+01
6.577430234284263655e+00
5.844517088684788142e+00
1.454540811475190942e+01
5.278115146136478586e+00
5.753930485883200774e+00
2.899150982344617100e-01
2.428926168239671779e-01
7.048244355916929216e+00
1.012774812274800063e+01
1.249502980236502481e+01
4.005483713920227729e+00
2.267052422016369917e+00
6.548597876164124365e+00
6.963532915298488390e+00
1.239011071874439374e+01
4.962127556420263375e+00
5.069461660403404402e+00
6.716210832263247443e-01
1.003982814456362144e-01
5.309804291937336274e+00
2.464707508860685403e-01
1.118022222397369347e+01
5.037282036709138211e+00
1.536109496762645676e+01
1.718450454522924531e+01
6.295693629325775476e+00
1.438342497109256968e+01
4.039147944153266834e-01
5.467851796008063481e+00
5.771867610220571265e+00
5.130182421496036760e+00
1.421177646780816262e-01
6.105248371524105266e+00
4.525069319886208530e-01
2.836852297081203789e-01
6.475759120794020163e+00
9.589872364167094432e+00
5.594692647248259654e+00
6.398849007800418320e+00
1.891391514994075651e+00
9.012652621598645553e+00
1.281225724515128306e+01
6.377327282128687713e+00
5.526251598173247181e+00
1.532236062124560050e+01
6.172890991332096178e+00
4.917050090957783226e+00
1.095303822980066499e+01
6.266789997641788901e+00
2.110064681509983275e-01
6.546954648537216315e+00
5.185479133074196056e+00
6.241270073333382129e+00
8.737869563676897045e+00
8.916914499389624993e+00
1.148173007291604364e+01
3.135650972675753767e+00
5.953631129929045862e+00
1.919869871562226749e+01
2.299879910083996837e+00
2.137257677004206879e+00
1.850578977162524286e+00
2.982013195526183047e-01
6.086624755759963534e+00
5.175565039568980730e+00
1.070573822803097264e-01
6.163820857894434901e+00
6.250248154308913229e+00
1.463764997344740415e+01
6.097943977391508952e+00
8.648264410115457324e+00
1.820600145184886642e+01
5.196617009625842165e+00
1.098656646355954258e+01
3.274166480672840995e-01
5.912309717261624797e+00
5.670353814015319571e+00
3.067520985724443428e+00
6.488875841327278238e+00
5.600670419905162234e+00
2.863750203871958000e+00
1.404607730259472120e+01
6.098926524082084910e+00
5.528089365771750252e+00
5.245178385619670536e+00
6.236305904476552087e+00
1.675635864968908706e+01
6.152228010441189276e+00
5.826886221852301873e+00
5.993832349397213655e+00
5.152244238379071639e+00
6.931727129150059064e+00
1.167479136655280580e+00
6.038390195460430654e+00
1.740557412690000660e+01
2.036198326933247038e-01
1.776369035959417531e-01
2.848776886230647509e+00
1.759816900361076963e-01
1.079842890522877141e+01
5.291335246067680131e+00
9.078490971829848988e+00
1.402381570822661239e+01
5.513088335842025955e+00
1.816360166108200147e+01
6.839525217612431263e+00
6.079994917631545981e+00
1.224454210572381851e-01
4.406439718065159106e+00
1.631666210876938905e+01
6.398611597456180355e+00
5.334129910447086509e+00
6.007959817389836310e+00
1.197554864011471842e+01
1.532877067619344658e+01
7.507808988466829980e+00
1.685290755611396207e+01
5.206986560471119851e+00
1.932108942598201651e+01
3.305210253450184599e+00
5.746422504504290707e+00
3.292718801622809277e+00
6.051938686900784070e+00
1.491599783612833630e-01
6.749156933560787053e+00
1.926380878576872124e-01
1.802801323770750130e+01
6.056376273380758235e+00
1.872465500737971311e+01
1.508771301290410349e+01
1.739015549634788016e+01
1.810095174043228894e-01
8.629194537055228764e+00
1.471989398156352546e-01
1.225269866119300843e+01
5.805226430076972477e+00
4.956629114745022768e+00
6.685670782561545344e+00
5.912519798023036621e+00
2.181085905065388020e-01
5.635862994677455440e+00
5.685575805711938102e+00
4.688176780523306775e+00
1.798254483041571916e+01
3.537506635531278976e-01
5.837445979964609677e+00
1.103574685271974942e-01
1.617334785688987964e+01
5.774930977402729759e+00
5.330414735179839880e+00
1.614813184051497430e+01
8.604685049362451821e+00
6.712732108270450304e+00
6.919691970029265171e+00
1.172563478863172648e+01
1.602846349572841689e+01
1.893585710142237089e-01
9.413207484977034190e-01
6.263923123029547568e+00
5.798239752496796129e+00
7.058694990466960029e+00
2.884929641670180289e-01
6.157252118541451935e+00
5.608723345237042857e+00
2.250215646122371571e-01
4.070659880771511641e-01
2.238057696049753909e-01
6.968513547794954022e+00
5.781199540833526385e+00
1.113280706699871336e+00
5.113003794988535411e+00
1.057182940925415621e-01
5.774514774269553286e+00
1.736103332482910844e+01
7.131524814158518577e-01
1.465677704309059948e+01
6.004172453306632740e+00
9.498745183121473090e+00
1.185933496710070933e+01
1.342610146033001162e-01
5.305396213642920245e+00
1.570684931568730036e+01
1.041978808716560595e-01
1.729457699308533380e-01
1.926565560039499858e-01
5.931020073037142737e+00
7.539168819777643193e+00
7.082244470392152991e+00
1.162694347141160073e-01
1.334611477454735962e+00
6.235386397145608939e+00
7.507867475207076424e+00
1.572075213287144990e+01
8.786865973440221467e+00
2.620742471336401369e-01
5.363489138709549131e+00
7.334921917211864262e+00
8.784192479152395094e+00
1.039703094758495094e-01
1.689511071600041703e+01
5.471359997527378560e+00
1.004596774684267402e+01
5.728205228966236184e+00
6.187623923576039964e+00
5.883486164593479728e+00
1.713207825043877863e-01
1.988494151401864585e+01
1.369262871399209658e+01
7.734731900591084397e+00
1.024753823059256597e+01
6.096891271910745758e+00
3.490990527249300257e+00
5.789050225947951489e+00
2.256383074705300418e-01
6.585644608974353886e+00
1.808359569170725223e+01
4.989792971723493231e+00
2.298473707248449571e+00
5.767604154536813077e+00
1.258209063396343197e+01
1.212771431225475816e+01
6.158482329505238440e+00
1.131563368684266280e+01
5.769921462402781032e+00
5.367302651367789501e+00
1.102462039459905796e+01
6.307720807750872183e+00
6.192108568519389955e+00
6.428120227933827202e+00
7.287195630914270694e+00
1.848988373742999902e-01
1.072003840765378274e-01
6.229273156363756669e+00
8.677392850163817783e+00
1.535614553574797547e+01
2.509908577779469963e-01
6.791756919403179715e+00
1.600005890981881862e+01
5.841136260455402684e+00
5.261505693915985660e+00
6.023548023875481050e+00
6.945995474474193188e+00
6.098619226541437399e+00
2.741987477689646457e+00
5.875147122671266153e+00
6.896085057396289741e+00
5.699878874393910166e+00
7.927853136656978883e+00
1.471260401632816261e+01
9.611755512069127150e+00
6.902421327090592307e+00
4.302208345320260308e-01
5.590876790542774089e+00
1.774416458128686147e-01
6.429154492886383743e+00
5.898528587512513077e+00
2.707549353602521358e-01
1.649052798280342103e+01
1.905499653944957295e-01
1.149615119591467760e+01
1.785032272956073862e-01
1.124371123073535550e+01
1.081140942456762177e+00
6.551205758552957725e+00
2.521171632940523710e-01
5.405318908092521468e+00
1.791252518249516612e+01
1.431055441078133983e-01
6.534354768481759557e+00
6.145686575030876675e+00
2.533865944933352932e+00
1.625561335603243407e+01
6.500063807729153709e+00
3.081605734190704382e+00
5.134603275671206113e+00
6.216972212995413472e+00
5.553445619487032303e+00
2.259069187758867781e+00
1.285222710728171902e-01
2.610986668510866804e-01
1.241501304059209554e+00
1.152704369995320910e+01
5.885915534291991769e+00
1.423681814354903707e+01
5.918398137705321638e+00
8.743314847669061862e+00
9.888567597960015831e+00
1.790544678843793491e+01
1.885393189758261911e+01
7.646757541177884754e+00
5.383914435817510835e+00
5.427770168335571910e+00
5.175437081893772273e+00
6.514524559323543684e+00
5.982013619654238390e+00
5.889820587622648596e+00
6.475349527898581314e+00
6.123566459786252025e+00
5.437232849077380692e+00
6.421594954111285780e+00
1.319849972438404428e+01
6.919742883661834654e+00
7.153411096256976798e+00
6.360664249294416983e+00
1.451329748370742223e+01
6.455391868709710934e+00
8.917207976449217810e+00
1.571520688923660103e+01
1.169397170460149127e+01
1.302256573818743135e+01
1.050590854532831919e+01
1.722276501067734245e+01
4.704399392994160323e+00
9.396378293366291601e+00
6.210786935620395965e+00
1.070372947382613305e+01
6.948111353412686597e+00
5.374719862990719577e+00
1.119332968665004147e-01
1.762474559555346332e+01
5.670142098471238512e+00
1.563081579543365329e+01
1.416222014840377297e-01
6.039690702570156056e+00
1.660830515099643412e+00
6.363385103506225882e+00
6.352229161201117691e+00
1.679464889182371934e+01
2.048007132043685452e+00
7.055135156644277039e+00
5.373519930802924449e+00
2.374766471772978005e-01
6.213888506780931742e+00
1.923384980661531962e+00
5.283445549259511154e+00
6.481410513362781955e+00
2.466326693495805689e+00
6.360381894645874112e+00
1.912298537786488506e+00
6.570690512077695944e-01
1.640275792824858314e+01
1.980013715874867353e-01
1.063175612841693152e+01
1.374503595080267893e+01
6.242313115752891051e+00
1.182388479908257040e+01
8.352485693718634252e+00
1.496470124210876440e+00
6.102567745322926562e+00
5.787324799637901585e+00
1.818071783171276579e+01
1.982647672882870693e-01
5.981440949901003279e+00
3.837116958023651936e-01
1.840503538369786796e+01
1.808052621628153744e+01
1.103594214790102057e-01
1.854939112437470783e+01
1.752277747266668129e-01
5.059742163784206603e+00
2.968027602338609849e+00
6.210088236541311701e+00
1.158414883804046625e+01
6.930388881283961133e+00
9.590742820400045332e+00
1.397654557384077911e+01
4.289260453832831388e+00
8.926760323506817141e-01
1.040514830483196107e+01
1.527320713208612801e+01
9.922308259106410233e+00
1.278671286541899477e+01
6.650592063223439432e+00
6.007673150806636109e+00
4.370408995237293759e+00
7.570129154649225534e+00
5.521830714692706366e+00
9.634139774995723826e+00
8.655038990604826399e-01
1.063926541288002348e+01
1.520861300432207486e+01
6.103542249796418240e+00
1.582204932004306619e-01
2.010070168801530777e+00
5.904216845070835440e-01
1.354242009166312655e-01
6.037761783995386544e+00
