7.226287943077770670e+00
7.785637379122377411e+00
1.263877359333863026e+01
1.268600571312950720e+01
4.708456614231717907e+00
1.059455194504635434e-01
5.734349307858870759e+00
5.986843438882631041e+00
4.003412700351932862e+00
1.342503401799629570e-01
1.185513502955474152e+01
7.325263563533549238e+00
6.470352443169246293e+00
6.121271762649048043e+00
1.055968595733287607e-01
6.727891633568483520e+00
1.052054540887754364e+01
1.344582217373823940e-01
1.537844589704896059e+01
5.532653000643334984e+00
6.030763972685342367e+00
1.731752750370091931e+01
1.041045208066924488e+01
6.329675904489063143e+00
1.524897437498399988e+01
1.872510773762842362e+00
5.631712400699946386e+00
1.116226490423288098e+01
1.788987272940201834e+01
5.253960790203083597e+00
2.875288165752302727e-01
1.690191376838611426e+00
6.551868469177533960e+00
5.638680125165502766e+00
1.497286254600127187e+01
7.688134411099225574e+00
5.191915215386083915e+00
2.352956686135723174e+00
7.049277894606873929e+00
2.835971681156922997e-01
6.925855790099999965e+00
3.134284404773971300e+00
7.004130836177019148e+00
4.893133159351322981e+00
1.894104897554062461e+01
1.751456315366860528e-01
5.792793493903520385e+00
8.108742401738583183e+00
6.440462152786735395e+00
5.760111908980773521e+00
6.705499253704743978e+00
1.715797878899174123e+01
1.799391261394204733e+01
2.864889167668131620e+00
5.861320661107670027e+00
1.245092495224573159e-01
8.047006136238620044e+00
5.515053205582326257e+00
1.794642526924234360e+01
3.270683387148654475e+00
6.218607606918398645e+00
1.417972230729797611e-01
1.288344184805058745e+01
1.420277348179550181e+01
8.334072786412109579e+00
5.633773910965386378e+00
1.662602398063179265e+01
5.277588226265679694e+00
1.250951374199934796e-01
7.838812418806984539e+00
6.173914358131170843e+00
1.635770751633689457e-01
1.035745498809277770e-01
1.028078098821964687e-01
7.178875583545123895e+00
6.233312530304113253e+00
5.959687531253173631e+00
6.191359260214116311e+00
6.555815105693980627e-01
5.706900819099788080e+00
6.036600536559756591e+00
6.286421653318083891e+00
1.990410592218551855e+01
6.745169207931258626e+00
5.518863323342820593e+00
6.106448029827825863e+00
2.901443625866880094e+00
7.555160632942051535e+00
5.572000980445777074e+00
6.357973065149217895e+00
5.757182169604589284e+00
1.504445519786499830e+01
5.971018943814365265e+00
6.676817334389242298e+00
5.450013894973716688e+00
1.501722332176572472e+01
1.060438874029713752e+01
1.731689940772534086e+01
6.067706375752323744e+00
6.093119200363751986e+00
1.450082992984698116e-01
5.234828770799356157e+00
1.487113779883633491e+01
2.387284881123369062e-01
1.479641445769257935e+01
6.798430913780768137e+00
1.176055223996205767e-01
7.205236589150345594e-01
5.588528718064245560e+00
2.405755365007738733e-01
1.416677067149901825e-01
8.534302661847053884e+00
5.089911005085787643e+00
4.318742326255153863e+00
5.514657847288050085e+00
1.239178155016149807e+00
1.537203137741330572e+01
5.787550919240814551e+00
4.275292551883929981e+00
6.049945335845244188e+00
5.631633384030667600e+00
1.105723069208503517e+01
4.099320032373173106e+00
9.759955219421344808e+00
1.004235289484140536e-01
6.337080852047298762e+00
1.268440227213129035e+01
1.097292878658172910e+01
6.468962786783828633e+00
6.012119883033443912e+00
6.865735102866926454e+00
2.067407815343508537e-01
5.513628031885613900e+00
1.367803448424941948e+01
1.840099374293620027e+00
9.705831492839411823e+00
1.643308592749018970e+01
7.123436631570910116e+00
2.956575889187667894e+00
1.611807772562598373e+01
1.891982184453321614e-01
5.283758754921695555e+00
1.617277719693967220e-01
6.202718620828910900e+00
5.702043365702989419e+00
6.260958617551158234e+00
7.574900021719418675e+00
4.357864434339234760e-01
1.602274923205764878e+01
3.221342803901451335e-01
1.698305780371776663e+01
2.526304217796383478e-01
4.462108582316977490e+00
1.660374862289741316e+01
3.763135865667778468e+00
2.723416806017428637e+00
6.502923604187751394e+00
6.349393620383077419e+00
5.479690312394818186e+00
5.752238398708723111e+00
6.176215805092458488e+00
5.975064873978398694e+00
1.079754386282323608e+01
3.634106233524480034e-01
6.579174100574602946e+00
5.966469289924209995e+00
5.249829119522296805e-01
6.046444854645925737e+00
4.861881842454136127e+00
5.843281969172591239e+00
6.819462368504937366e+00
5.466518638379486816e+00
1.714353658105735789e+01
1.207265879569095146e+00
6.240342959897216879e+00
6.469249629698511583e+00
1.823009373100795116e+01
1.249565451121354837e-01
1.355105280127643752e+01
1.587776255198829034e+01
1.110082670085680867e+01
6.961813846522121985e+00
5.953714769287426378e+00
6.192398183288240432e+00
2.364323092973757312e+00
6.135885752114049296e+00
5.273674075679291029e-01
5.018348671914049319e+00
5.789968103339446337e+00
7.001186702192525146e+00
1.644712320960968199e+01
1.342284726551341123e+01
5.725535251215355892e+00
1.838608736449710790e+01
2.990544227007124967e+00
1.547351145345872503e+01
1.156715851463977707e+01
5.957457656965692294e+00
1.881394648819440407e+00
2.222575395103752793e+00
6.594609400724533721e+00
1.339232322291637267e+01
5.288627828063402703e+00
4.598993835263291974e-01
2.073431334908610424e+00
6.365764119347189443e+00
4.371157472030317237e+00
1.910192879970975000e+01
9.144965594628795102e+00
5.828840069572844840e+00
1.097386988197699698e-01
1.915274805083268461e+01
1.347001911098447913e+01
6.061838074278748323e+00
5.497117078065687501e+00
6.468746599854884316e+00
6.470975665670441579e+00
5.628052308416843452e+00
1.476279849957301415e+01
1.238879789111168428e+01
6.209658116379639381e+00
6.275284434647590892e+00
5.901071173177935947e+00
1.902768646896272742e+01
2.636266913120826061e-01
2.858308093174479758e+00
3.258106557509910406e+00
9.403834295582619518e+00
1.794837080724027256e+00
8.515931103362968102e+00
5.392654850021592061e+00
4.903946722586328910e+00
4.673659243512676476e+00
1.201556752057939687e-01
6.326040810009105897e+00
1.195406369920050560e+00
6.609949585484106827e+00
1.979761503267748779e+01
6.534412662723203979e+00
5.663350561688337059e+00
5.752119680380467948e+00
3.610168120771696909e+00
1.846962068600089069e+01
6.036252496570400972e+00
1.913102210179814966e+00
6.607330784968261206e+00
1.327730543639637162e+01
4.513466189298728892e+00
1.769636038961740709e+01
1.417159274858207141e+01
1.661638533426509667e+01
5.740651256514926359e+00
6.569089810432521936e+00
5.968275562426005543e+00
1.226265268356518234e+01
1.062850160495141250e-01
5.507149461046529026e+00
5.920502948307252211e+00
1.564893636376689379e-01
5.794967112109157270e+00
6.012150210463880207e+00
5.160337521095955005e+00
6.260834798506650145e+00
2.148164849082307981e+00
5.563567874453481110e+00
1.462940690018417556e+01
6.318436301781566122e+00
5.596058736124773780e-01
1.016543199673489895e+01
6.230561725870346734e+00
1.200959768902989033e+01
5.536412231209372870e+00
5.907687551740984588e+00
8.426469518664397640e+00
3.848291453202087986e+00
6.486864192686897290e+00
5.041149163015760770e+00
6.523991664196019613e+00
4.889891777511582438e-01
1.747394504831622086e+01
5.986980714376002766e+00
5.867409155482957495e+00
4.209565521302135238e+00
1.440962750823030802e+01
9.604704128591533774e+00
5.720129314070069526e+00
6.786425671722826181e+00
2.824292173113291948e+00
5.800420970231398021e-01
6.216276548013222047e+00
5.417530879547890699e+00
5.040889060081899409e+00
6.106528998790715868e+00
1.993250976602929470e+01
4.945834859703161612e+00
1.914567846010520213e+01
5.613329443323132217e+00
1.229563482368346428e+01
1.705305377328756222e+01
5.731892255761133370e+00
5.485600389266661381e+00
6.660978068971802557e+00
5.396756013843267752e+00
1.522456697647474755e+01
8.057191219013061456e+00
6.177552881060180745e+00
9.850039812941703943e+00
5.296043247176805302e+00
6.261818670200662851e+00
1.092494616808513536e-01
9.067740633333317035e+00
1.807859504766430592e-01
5.383758848019838616e+00
5.866828768890790080e+00
1.885003100376263230e-01
5.845409145509805171e+00
5.914965224219712603e+00
1.406610504014518348e+01
5.512848265066740971e+00
2.388841327902170575e-01
6.086678884781292709e+00
9.851197509747329661e+00
1.043220860249202886e+01
2.857431765365072707e-01
5.788833629219975130e+00
6.040346387794054195e+00
1.160837275235339661e+01
1.505657738562332093e-01
5.818120683537086890e+00
5.256166994677005988e+00
2.975967226447892577e-01
4.451751795431136749e+00
6.516555879581113153e+00
2.637118412921956256e+00
2.224634664985071453e+00
1.939629795687400104e+01
1.099818341553232826e-01
4.798975898753632841e+00
1.645475228178425553e+01
1.131785689092359171e+01
1.254535879816386945e+01
5.789674365299998016e+00
1.392676086488646270e+00
1.191141776233030214e+01
1.860896674913936266e+01
5.194256601935322015e-01
6.128186405428527550e+00
5.363926915900566250e+00
6.127278536234111783e+00
6.312005656648567609e+00
5.988260697711560887e+00
6.469646304083466859e+00
1.719924177964314183e+00
5.128159951870883582e+00
9.805254433802062408e+00
1.542703255055202227e+01
6.640009615608544635e+00
7.186750170010336447e+00
1.352628190578889544e+01
6.228886208940465963e+00
1.202024441660240406e+01
6.634221016173422747e+00
3.909166991939116542e+00
1.784446346905915193e-01
5.921125807973093735e+00
1.021392943913757989e+01
2.932884609609615723e+00
3.829715747954200555e+00
1.712468387470433562e-01
1.051847573662901780e+01
1.322121292689242544e+01
1.285934140650912738e+01
1.039077916529180534e+01
5.669200168380068128e+00
6.397450537457018527e+00
1.629175354345319682e-01
1.568052856023355313e-01
5.028514827913433294e+00
1.472334668052114459e+01
1.679667775684339404e+01
1.352264616098628380e+01
4.678939508031541905e+00
1.064839019693032129e-01
1.676853635876834048e+01
1.069562801591845552e-01
6.009196038647329985e+00
6.192910374307339261e+00
8.851763988306512232e+00
6.036508012223611885e+00
6.056354648024640852e+00
6.215317598364957341e+00
1.742628520081213850e+01
4.767689017771942872e+00
8.834605327361352067e+00
2.528116731449132071e-01
5.842240330806174775e+00
3.896222150370959314e-01
8.146358668454698915e+00
1.663077866019629170e+01
7.166946333514848888e+00
9.755486776703041762e-01
1.184464207498051175e-01
5.932373528272042229e+00
1.048142874798618074e+01
1.226010165388686235e-01
6.471565902956351479e+00
5.963612119772554010e+00
5.715960480147425748e+00
1.169572430151081299e+01
1.450352258661272431e-01
2.537657159324490652e-01
1.566717572324012586e+01
2.258057024475634555e-01
1.909799532976786118e-01
6.916504835954251362e+00
9.345962576296484414e+00
6.014819253338102634e+00
1.126971176186141577e+01
2.015014920103885387e+00
6.602268677284834020e+00
1.699405422749425409e-01
1.269272491243132706e+01
1.112786819014973538e+01
1.448602092064856883e+01
6.311431187686470601e+00
5.678111334631705809e+00
2.526588353518711694e-01
1.192317760127743220e+01
6.267116798598510563e+00
4.684673237277131363e+00
6.184878436026041371e+00
6.106606046486763972e+00
1.732352840001607674e+01
2.036482348067299997e-01
1.373314975971431096e-01
1.322711623574603479e+01
1.400654489073186681e+01
5.167778663468454603e+00
2.091735341842619056e-01
5.020042245401292291e+00
6.559289998062661553e+00
1.993290174297017714e+01
9.659815189696972837e+00
1.122236373015217659e+01
1.099208135539119624e+01
6.046733597748422895e+00
6.674459005898074615e+00
1.613540895150900312e+01
2.359549545611435151e-01
1.010982860377268544e+01
4.659834066826666010e+00
3.841739188578905839e+00
5.677687758342713664e+00
1.471712018093176144e-01
7.026722503925992847e+00
1.733100692266724918e+00
5.264666317219647063e+00
5.050179802571253873e+00
1.761432618373535064e+01
6.283683807017306222e+00
1.074897234647054489e+01
2.345225761504184658e-01
6.143082008560854845e+00
5.595536980668658344e+00
1.562972202763437757e+01
6.255445434717421094e+00
2.599709591598206693e+00
1.585208108904389235e+01
2.607928592304459947e+00
6.742092849607463911e+00
9.067241820641527283e-01
6.820971113119285612e+00
1.105166004753348752e-01
1.882474690668905493e-01
6.023417701050942874e+00
1.650173752940575866e+01
6.429984870196765456e+00
1.021974003071959847e-01
7.585342116525461975e+00
1.205879725249143419e+01
5.997840604285621602e+00
1.143301878004857469e-01
1.105433191680052651e+01
5.588657322106707070e+00
7.943012439523901236e+00
1.208150316144092606e+01
1.239186084667932786e+00
6.110837459683426509e+00
5.069803081109173215e-01
1.508965733920680918e+01
6.270722632724099022e+00
5.904364712018939088e+00
1.192183798528136407e+01
1.736369210855492540e+01
1.150395424126557375e-01
1.056491148614031950e+01
6.397859150062219058e+00
6.897080294756117169e+00
8.288403918164599204e+00
1.370371846728498610e+01
5.680977684139847383e+00
1.774720525149947881e-01
6.393583069869963609e+00
1.713323327660281237e+01
2.156125612205878728e+00
7.096244671802533155e+00
3.091384725187269034e+00
5.478565026273977345e+00
6.394689751887717044e+00
1.759852905089790553e+01
5.967857250994503815e+00
2.758881591534688926e+00
1.135827966330178107e+01
5.802159503972756482e+00
2.568387126051725478e-01
6.165781074034559772e+00
9.947424286103773383e+00
1.989622932353659479e+01
6.821177851514010015e+00
1.219891934039936121e-01
4.302101107765503585e+00
1.087163198422865379e-01
1.570564451936266614e+01
9.861953217972507346e+00
5.336951245100705954e+00
1.478650428225571822e+01
2.909047134829860770e+00
9.237766193141315085e+00
8.429203196145564903e+00
1.145928124382905589e-01
8.779608123531399855e+00
5.765754708659087235e+00
6.215450585258256666e+00
1.593623314090074850e+01
2.351444452540284447e-01
6.332514637895753751e+00
2.442856077509235613e-01
6.520725747938064920e+00
6.334454078986502701e+00
1.350431306332457382e+01
1.416620540386016280e+01
6.105437967813612588e+00
1.783992356343564012e+01
3.238556999749898413e+00
1.016409783947403445e-01
9.770524760972971734e+00
1.296207070864813238e-01
3.218042222415162801e-01
1.978431792933653810e+01
1.281938184469477982e+01
1.010695519576959855e-01
6.202073813916724632e+00
1.395030463713714219e+01
1.073778720508367357e+01
9.606586989200994964e+00
7.327718947504185287e+00
5.551159826552154009e+00
1.870148790505353098e+00
6.112476623192705460e+00
2.592488514534625033e+00
1.444175717849490859e+01
1.564144497570579517e+01
3.778340079326479195e+00
1.794297579114358498e+01
8.057446677497447141e+00
1.517346220681976199e+01
5.017803546658475611e+00
4.952775456748636174e+00
5.758966126106038530e+00
5.532056680559533923e+00
1.499971853974374492e-01
6.120687017366064353e+00
8.267680375852270558e+00
6.089212819054266923e+00
5.404760333055943278e+00
7.681100496827878210e+00
1.660630268498144346e+01
1.140226393866397814e+01
5.650429232788578560e+00
6.908791489188472745e+00
1.427686735671491647e+01
6.124926481593872651e+00
5.418883349328513788e+00
1.974868036095861257e+01
1.093761829019213705e+00
1.409812389861149917e+01
1.343171304324554249e+01
5.626772150078808821e+00
6.004210095946767467e+00
2.690172333799787929e-01
1.463611905385320000e+01
1.267178362406672643e-01
2.251022015340827243e-01
1.670482898949837747e+01
2.000613810716938001e+00
5.576419748836184631e+00
1.628809176218791455e-01
8.641840326516293302e+00
1.622088857005673646e+01
1.998401352438722611e+01
5.922545901999567874e+00
1.601334590416029968e+01
2.449058149947196117e-01
5.931662339651199822e+00
5.294458751668032370e+00
3.431427194475107356e+00
5.990691520563174777e+00
1.340842506682120749e+01
2.151848391423305529e-01
1.092935879355809980e+01
5.267109821801780889e+00
1.958704773107660913e+01
5.281307988775784779e+00
8.963163027514317704e+00
1.211073786156304788e-01
6.016623375612140556e+00
1.588184499175446440e+01
5.999479761716494330e+00
5.835849816508425825e+00
6.416411174656145633e+00
1.574710696629572482e+01
1.243435058335316257e-01
1.555563764842398555e+01
1.127331819905665000e+01
3.809399247782397913e-01
4.659551352178858963e+00
8.804518417073236236e+00
1.499989996350290511e+01
5.419345315572174471e+00
1.957102400445615942e+01
1.978450182316291972e+01
6.263341350986622480e+00
6.435671582920591938e+00
1.684041450785418803e+01
4.336041998622777172e+00
6.910573344993028222e+00
5.991170925792657087e+00
1.063325784677141606e+01
4.943836131544798174e-01
1.008988398753741400e+01
9.695667045576131571e+00
1.805338843090674994e-01
6.361484359668226674e+00
1.335492066422690194e-01
5.451710448321607672e+00
6.039222909241096282e+00
1.809304504135592140e+01
2.172090252879977368e-01
4.414023528301538768e+00
5.267426679515694765e+00
1.564044446065692984e-01
1.322309173413219185e-01
1.346658414234168932e-01
1.371361136292255090e+01
1.868845079102449680e-01
5.413727987662016794e+00
2.564702136819617451e+00
6.758196372505628879e+00
5.129842421612100800e+00
1.183394752931224225e+01
1.475374868256371097e-01
6.264855129911349074e+00
1.353135478758861154e+01
1.663600363691380535e+00
1.759528162564346854e+00
1.208158580009951955e+01
1.918646461161519312e+01
9.822840614207660082e+00
5.846558515440099413e+00
5.197650554505785614e+00
6.816562254180318803e+00
1.754357879655573527e+01
1.598168033979354696e-01
6.183171381016338231e+00
1.408508346753244744e+01
6.306077035019801436e+00
1.844552486426318527e-01
9.574964115949894605e+00
5.334514900525409997e-01
1.251654455186153747e+01
5.837883102277485747e+00
6.165213759416281469e+00
6.063966332734080922e+00
1.069389195179342877e+01
6.659446322438039800e+00
6.427609063628529462e+00
7.361300354609834784e+00
5.429425441169776434e+00
1.991617313514172594e+01
5.507695523154097828e+00
6.417695141579276452e+00
1.441290942741098746e+01
9.296890538267966519e+00
6.195341294302373569e+00
1.803028668810657820e+01
9.536013826961175610e+00
8.181477866424545553e+00
5.587884808009939697e+00
6.190112336219241840e+00
4.579384377488092461e+00
5.957362774923232962e+00
1.135142307839918513e-01
1.287607077917037834e+01
1.152534414333042656e-01
5.078499482640264517e+00
6.105618841671599739e+00
6.169269757884483063e+00
1.355076181153434689e+01
5.103379687972402934e+00
1.763366388869928247e+00
1.187158773666430411e+00
5.073792376565066320e+00
1.566014732540545396e+01
1.879290021360092044e+00
6.363940601591657753e+00
6.371557940078725224e+00
1.485828795626111720e+01
3.886828856405246224e+00
5.979968028429365923e+00
4.584815494027780325e+00
7.111350270135226914e+00
1.354770251154068106e+01
6.549304897817989968e+00
1.019399401633062086e-01
1.351207687951796110e+01
5.477516391034133569e+00
1.818062059648801920e+01
2.094542014342820335e-01
6.475689784749577349e+00
2.607238877451784731e+00
1.847947524984111212e+01
1.638935234826269127e+00
5.181258253622068821e+00
6.521891710962179012e+00
5.967793491257002536e+00
6.092194289584276667e+00
7.209036665428313562e+00
5.652426976218167809e+00
1.314795223745599817e-01
6.871741336464791239e+00
8.584032707850234090e+00
1.011473288846717544e+01
1.747969624073115824e+01
4.620110810710883698e+00
1.199843965588913708e-01
6.371503480359487881e+00
1.767394454273903648e+01
3.959362234624100196e+00
1.204323272627089381e+01
2.771315108324140519e-01
1.535061125040845909e+01
1.749375222918054007e+01
1.089842666088305156e+00
2.458449687193068611e-01
1.236342646303469195e+01
1.620842008733495021e+01
5.308006325134241976e+00
1.872234563629057158e-01
1.398992018711962082e+01
6.180619946468076442e+00
1.214025591316281982e+01
5.766021780205842440e+00
1.799180710288811724e+01
6.687534193594654397e+00
2.772642967253640678e-01
6.588090423434402432e+00
1.904474795702308754e+01
6.405682718744244220e+00
5.337981263770956275e+00
1.070431868248607143e+00
6.297754142935674260e+00
4.597958839559949773e+00
1.238508876216000365e+00
1.607041219458389125e-01
1.392024471302991273e+01
9.175412281171171358e+00
5.761740038746872017e+00
5.829413569103971682e+00
1.056708231046396840e+01
4.104473387887816571e+00
1.906487786601585577e-01
1.336051292383179678e+01
6.132038155226146259e+00
6.039446889780295535e+00
6.362767162002485044e+00
1.797899247004242085e+01
3.093274274505771970e+00
6.185136540590383980e+00
8.499302092239966910e+00
6.238865835477574784e+00
5.575277231374918152e+00
1.614383622822369446e+01
1.386239829878115692e+01
6.320980189037208596e+00
1.088065731087352184e+01
4.388262887700054904e+00
5.179671057934245759e+00
1.274163859119532838e-01
1.471089579304818429e-01
1.793310545727270622e+01
5.427631334440109256e+00
1.777016099970704921e-01
1.006401344708386603e+01
1.215491568633492725e-01
5.870493082079335068e+00
6.528141192734095988e+00
1.954614862515733620e+01
5.327381912834074029e+00
1.651994097725103217e+01
1.457012785663136434e+01
8.521718056294247390e+00
1.672079790695513068e+01
2.476813572009681497e-01
1.886705650674014301e+00
2.046069327052955356e-01
5.787157825310603521e+00
1.869618394563828545e+01
4.007611569796959650e+00
6.110547022065918377e+00
5.955545842032250015e+00
2.999094511440117294e+00
1.045952704022184321e+01
5.660760847689619624e+00
1.178693057790903964e+01
5.996002437676950514e+00
7.650534033988184213e+00
1.723491584723423387e+01
1.728395225222591480e-01
5.573593342473082579e+00
1.758358381394444336e+01
1.221976501578345164e+01
1.749751032616610047e+01
2.295678750583254768e+00
5.874634686811634587e+00
6.072499042699523564e+00
1.011416635856938839e+01
1.264766337535754559e+01
5.814072307145386809e+00
5.645952684508472430e+00
1.496700633209981091e-01
1.202153977505669324e+01
3.989673932625623642e-01
6.177175584405983244e+00
6.578425580222052815e+00
9.752041645417246940e+00
9.876567407748314764e+00
1.297673288782046086e+01
5.995228450207624071e+00
4.735593011896423121e+00
6.550011985298515249e+00
1.665690595110790539e+01
7.896138937073030384e+00
1.903534888387267143e-01
6.792213761655796489e+00
5.586749235678340142e+00
3.626256377169924328e+00
6.249532313279622997e+00
1.958996264157486777e+01
1.564936895324193777e+01
5.804309557204213377e+00
6.392888528167308237e+00
1.201487995795636898e+01
1.907778676434559983e+01
6.018988433636486057e+00
5.076880753407802871e+00
1.773635579690629172e+01
5.670360447119946024e+00
5.839471790759524161e+00
1.395604258472750991e-01
1.786929388236767835e+01
5.528295710177946631e+00
1.398444895151944589e-01
5.504206745477056906e+00
6.119428495276076241e+00
1.358915257662292042e+01
2.197926927244611695e-01
8.261266112104850734e+00
1.417958746374571000e+01
1.675024688755716795e+01
6.108824607598247525e+00
6.367611349802762888e+00
1.309062265918611523e+01
7.054487156521247471e+00
6.599377464585156616e-01
1.486077567355167695e+01
6.363279123357620470e+00
1.208520451058315709e-01
2.889317100470532473e+00
1.506577402677654476e+01
5.871151077911153315e+00
2.431588478656613039e-01
1.974262640515502198e+01
1.229332719796647211e-01
5.305895511274796306e+00
5.818418287440834114e+00
5.128109948379520056e-01
7.050904703467207213e+00
1.984171722593317000e+01
1.819870967454369770e-01
1.856091856207381952e+01
1.335259040373564332e+01
2.696660843730962487e+00
1.763855274559169850e-01
1.821812729840846501e+01
6.153302846182312713e+00
5.988625103524439552e+00
5.470738829555977567e+00
9.784469895008436779e+00
8.771624838314572514e+00
1.324203683568569723e+01
4.437600996331131920e-01
6.157622972014076268e+00
5.910845468370697020e+00
6.104916826508847372e+00
1.173316715385595366e+01
5.312872947175774740e+00
7.367805255440107004e+00
1.593025701447735187e+01
1.421077392084455226e+01
1.008057496562708621e+01
5.313164218894677049e+00
3.385600723816462487e+00
2.112673793256071575e-01
5.308234350655760103e+00
7.157655906709535998e+00
6.603838173383323351e+00
1.841173470223527886e+01
1.879684961271314592e+01
1.157713001717714896e+01
5.931792927639172319e+00
5.912654844662501574e+00
1.444102915123031039e+01
3.258416799702860689e-01
5.454169418250877754e+00
5.528511836722093342e+00
1.187235504584087487e+01
5.421998037742855381e+00
6.427006669527830951e+00
1.173151478847865725e+01
1.166837624143879926e-01
1.352936650889090231e+01
5.669640145332858872e+00
2.061621148308047324e+00
7.103413292428871095e+00
5.800486889306527338e+00
1.180370392883612141e+01
6.905103497998199558e+00
5.064580361830192778e+00
1.631421269583338274e-01
1.117797367270105369e+01
3.527221007835897315e-01
6.370670030744551404e+00
5.966914335173306050e+00
6.273919249011949084e+00
6.318375839189778631e+00
5.703215400471891350e+00
6.201830173135467916e+00
6.033947877029426365e+00
5.727960190111364369e+00
3.676263526248969349e+00
6.107685012988256723e+00
6.992838944381449373e+00
5.748934470477777836e+00
6.865325111631547017e+00
3.320533391212735719e+00
6.535096812062921146e+00
1.342252824658593724e+01
2.483798922379568952e-01
6.758136983040178514e+00
8.590972185781390991e+00
4.489467842202465420e+00
2.468852549187966261e+00
1.357274840391438531e+01
1.461674381656555788e+01
5.872548954319372960e+00
1.108370341303332651e+01
1.335310287168524290e+01
2.194282405622346444e-01
5.773113074629513619e+00
5.722186600216221386e+00
1.226646437560520297e+01
3.536580095055446571e-01
1.794731896443724395e+01
5.692098782023282233e+00
7.170779122376795378e+00
1.439197348199641446e+01
1.352223571160816640e+01
6.319582976037696476e+00
8.798947601014678099e+00
6.409221016206149812e+00
6.356767123677086850e+00
5.090266025949677697e+00
3.545159725881699697e-01
5.125028329774616864e+00
9.306642743457594236e+00
2.699939078384773428e+00
2.295788712785231667e+00
5.851241534047907145e+00
1.151259976754622727e+01
5.956196269895237094e+00
6.464860339551961488e+00
1.945801010056038649e+01
1.774045567823186076e+01
5.383539174990783494e+00
6.580844359534790300e+00
6.499092914460761428e+00
6.002901550922091545e+00
1.159775537012927238e+01
5.309066733518628123e-01
5.898638396116167470e+00
1.579429567401437851e+01
1.975442056674402025e+01
6.379290490056257923e+00
7.371114360038900415e+00
2.394578877610664958e-01
1.493315282006036426e+01
1.340174630987037219e+01
5.340598910865089977e+00
6.394613743435654918e+00
1.094960134283065739e-01
3.378537680007452249e+00
1.243851361020074719e+01
1.436749429295753799e+01
1.592581954904041730e+01
6.409335475050027320e+00
9.273720667226543313e+00
4.801719371852620988e+00
1.617832995469396451e+01
7.563141702506998243e+00
1.253912633515600561e+01
6.530649420054484899e+00
9.181273238511646895e+00
5.319656600421626358e+00
8.898044653984872099e+00
5.625798092418315299e+00
5.510773009887351748e+00
1.621356112998019583e+01
7.809942614817105166e+00
6.101825512008427488e+00
5.916605736544245708e+00
4.480549126995496678e+00
2.923990158916948801e+00
6.081639520539368959e+00
2.971389267915576227e+00
1.989478944769934898e+01
9.581586465963860988e+00
6.013608039496768143e+00
6.644456323566383382e+00
6.116482776258686194e+00
1.751011403822148438e+01
7.593651586492112138e+00
1.643778775120465951e+01
1.507590780253086926e+01
6.426457069033740588e+00
3.004362276510728069e-01
1.352561479482587004e+01
1.476264988324007810e+01
6.982031264844524188e+00
6.058828908310457173e+00
1.643170467433558990e-01
1.906597190500416517e+01
1.799541106842655580e+01
6.348102779241792781e+00
1.886156441865173838e-01
1.223514609807593301e-01
1.088093663834349689e-01
5.735564503967516714e+00
1.442239183067241903e+01
9.967646949870088591e+00
8.080054113676097272e-01
1.725083970579030890e+01
2.327355190511836425e-01
1.482392490484580527e+01
6.653120256062276638e+00
5.806402400081004167e+00
1.435120387466171721e+01
9.217915115174299956e+00
3.191496727372087339e+00
6.773935889758839757e+00
6.480205983848364326e+00
1.185907332915511425e+01
6.162689042520893778e+00
3.757678134356191357e+00
1.267652866201701700e-01
1.626076980242700643e+01
5.960399130029974124e+00
1.390483546786645874e+01
5.831384234679179102e+00
6.402043756056174928e+00
6.409287251267810959e+00
1.292785259079336413e+01
1.041031087534158317e+01
5.263997020325293263e+00
1.398075818347270882e+01
5.092487067617645025e+00
1.129710100031595132e+01
6.448802177979898076e+00
1.643818336955339987e+01
1.892446187716097228e+01
5.090049171442068143e+00
1.600675042865094611e+01
1.228376464103793886e+01
1.668924908210594182e+01
6.150067820109796024e+00
1.886421380144337190e-01
7.778229826764180288e-01
1.390751328317293023e+01
1.828613074413350803e-01
5.671605736644917961e+00
1.121407911270339675e+01
1.575505348797613081e+01
8.716583322671799250e-01
6.397623200830033774e+00
6.640736128813398587e+00
1.032335870005731820e-01
4.543185972784274718e+00
6.682378993191750105e+00
1.266254423085537439e+01
1.429502966583030776e+00
4.960268632324464022e+00
5.572880316258476796e+00
6.519520285537008242e+00
5.675264267722027078e+00
1.506468683529008068e+01
6.336222370780125068e+00
1.281187067067094676e-01
5.134221289879326910e+00
9.883368193913558031e+00
6.055455712976772098e+00
6.277059212966447532e+00
1.308305922163739421e-01
4.963804793536484850e-01
7.910078892527071304e+00
6.266406981842213675e+00
1.094589026547791444e-01
3.128184876809812387e+00
6.021349444019857167e+00
1.505345792924959625e+00
5.667012747577381937e+00
6.306833805042758812e+00
1.549925143558183294e+01
6.563733908525638761e+00
2.890858259244913353e-01
5.498706979272702355e+00
1.799185269308763324e+01
5.700829123683504029e+00
5.403448272310622968e+00
6.602286722122191698e+00
1.457294635121524173e+01
6.004254221002794267e+00
5.725987405051527368e+00
1.798971842958806966e-01
3.777134879784860733e+00
1.045793027823781429e+01
1.621042147367726394e-01
5.759000681280832978e+00
2.179383172791687362e-01
6.859627005054715454e+00
1.872291215517351759e+01
2.779294913922398358e+00
2.050625439781259995e+00
6.082279701816965201e+00
5.170538398517317447e+00
5.887614342609841955e+00
7.573970770338992686e+00
1.735695323175553639e+01
5.880050440453157279e+00
2.554358740405220929e-01
4.859823155043269338e+00
1.977798659746924770e+01
6.310651902697792082e+00
1.732869132731851991e+01
1.911063096210354928e+01
7.054295522863179180e+00
5.597951973380545176e+00
5.691963729695916463e+00
5.696861068403867634e+00
1.228427281265866888e+01
1.873646454496104141e+01
6.826514970885571465e+00
5.744897122918835919e+00
5.482040452268780228e+00
4.499340627813716575e-01
1.228544232200708075e+00
1.819706923049051639e+01
2.020645171805287021e-01
1.407788626771295526e+01
1.114739418852190994e-01
1.043071020313539776e+01
4.618573263457996347e+00
5.918545484823515501e+00
2.146501035195071128e-01
1.466257636275437315e-01
1.624087226030391129e+00
1.883272381183904187e+01
6.147397560645632808e+00
1.768980132475340694e-01
7.150417337156995679e-01
1.834972385245849935e+01
1.568467488137814669e+01
5.934322865045722928e+00
5.339928995393787403e+00
5.457277787448843398e+00
5.476862887565109972e+00
5.749597901879989870e+00
5.794564061930742582e+00
1.462495088669504284e-01
1.261191671877133302e+01
2.211740507392725874e+00
6.112875480214720270e+00
1.221156962996182288e-01
1.360464223158573027e+01
2.363690728196481405e-01
6.726826049090180781e+00
4.791665309083288804e+00
1.959874335413374880e+01
6.314292713689826364e+00
8.745923766758249229e+00
1.786232679345971164e+01
2.114747130712063772e+00
4.017467457360804350e-01
5.793742026293312364e+00
7.404384695687553197e+00
6.016559520382915416e+00
5.631868189840188776e+00
7.809848675150084851e+00
6.042533068153287390e-01
9.307552615833664333e+00
5.980685977392355746e+00
1.596656390972386319e-01
1.775214609373901453e+01
1.443845916879217128e+01
5.620140382537503143e+00
2.121629955985888383e-01
3.167127608566755459e-01
1.436394678666386149e+01
1.926447467828975579e-01
1.823425315468278995e+01
5.314600238883986805e+00
1.128894112882711104e-01
5.887608629061052312e+00
5.119917857245958714e+00
2.439471499584942027e-01
1.322524226140049031e+01
5.149037519566314280e+00
6.096677659994373499e+00
5.934742773806415350e+00
9.206224955881069150e+00
1.271188513624295879e+01
1.287178237124816604e+01
6.785319023705486785e+00
6.170482985301847911e+00
1.244341561143171848e-01
1.606255187339828794e+01
1.579519962775243691e+01
4.428911430377221459e-01
1.250971936408304119e-01
6.516802739638436925e+00
1.353940673219658741e+01
6.148889553308198863e+00
1.829276780161554683e+01
1.504869303992884433e+01
6.409994427106896708e+00
6.094925740779666867e+00
9.654361192583648332e+00
1.238077054852492154e+01
6.088041726071894644e+00
6.392726626635249154e+00
1.869106792861149202e+01
5.632224021984904461e+00
6.333225688334110259e+00
5.355699690997915319e+00
3.255047906556204906e-01
5.919532783482006622e+00
1.955021435592924561e+01
9.454711908901781925e+00
6.213574350235633759e+00
1.639168921162064418e-01
3.998033734441154841e-01
5.545596431289386175e+00
5.362792217062712474e+00
2.451370045486775506e+00
1.813444274637238607e+01
1.847447431767096759e+01
8.951805794635170344e+00
6.224341642179410883e+00
5.954300570255053771e+00
6.109695438727589689e+00
2.866555257971392101e-01
1.100079906457734147e+01
7.884503508999836541e+00
4.119065176193768885e+00
6.712593188873493766e+00
6.167753790476522724e+00
1.541092533359328387e-01
6.453385580911962904e+00
6.541947310273648064e+00
7.096182444717426208e+00
7.205421328251593316e+00
3.874288028963834840e+00
5.145759510795086200e+00
1.035005299181202965e+01
8.834684932182291561e+00
9.725669098737087737e+00
7.282653725006526635e+00
1.366806535703334191e+01
1.678715629052464209e+01
6.110588825265841351e+00
1.398192106577609550e+01
1.313666651065966740e+01
6.122347784164258400e+00
8.357408675258525932e+00
4.887395316555714686e+00
6.061470648158763908e+00
1.401678398289917027e+01
3.055053766830406303e+00
1.525074253931378720e+01
7.392521861309282905e+00
2.661258648330848131e-01
1.585608070700193295e+01
6.589489629479097665e+00
6.004353373764790724e+00
5.326588039320475865e+00
5.858785749134013621e+00
5.290530504172184401e+00
1.247569275205591488e+01
2.988024174652011311e+00
6.454337894894975669e+00
5.989466459855062652e+00
1.053034828960683345e-01
8.930739900155881372e+00
6.166882311901694003e+00
1.194518641468982345e-01
9.587362695302880766e+00
2.206091393597602590e-01
6.183388361422351487e+00
5.747305185370845670e+00
1.427107393734439356e+01
5.840369391354093942e+00
8.254711247225419157e+00
5.518636289494906144e+00
7.500978547602127344e-01
1.910102720796432152e+01
1.250055825355342343e+01
1.662239799680310659e-01
5.774568128164697001e+00
1.456353545673079708e+01
5.686087921203466955e+00
1.712812221293124604e-01
1.723850063379519426e+01
6.048343604043822985e+00
9.506255736733296047e+00
5.232413858268937901e+00
7.390185645755440014e+00
1.427455666011804603e+01
2.170217299540188327e-01
2.891568750228961093e-01
5.246437733934323333e+00
1.014645777795061682e-01
6.728351137836411588e+00
4.397181399271867797e-01
1.069499751952090461e-01
4.956919814043182271e+00
1.024606797368266697e+01
4.098141854176346577e+00
9.532057421717228252e+00
1.833527784004920491e+01
4.939843897784796489e+00
1.086592076419130581e-01
5.749344364207790825e+00
5.556920235327257096e+00
6.013548992422705908e+00
1.833171285889666180e+01
6.387792324923109888e+00
6.399854768034645147e+00
1.725479002735423251e+01
5.970666002055686761e+00
1.464034268622776136e-01
6.160048323191865904e+00
4.645598957507650617e+00
5.565736698537864235e+00
7.062259874911083202e+00
4.522978981891964345e+00
1.078379832094466112e-01
1.833485903400381423e-01
3.954371660496449614e+00
1.081345677246626380e+01
5.880127206320695521e+00
1.843552370986783484e-01
1.039864103164561820e-01
6.561751040124597090e+00
6.642026806719520060e+00
1.763604548574281239e+01
6.203770142475685034e+00
5.218725344765290153e+00
5.560772702294543457e+00
5.503445784792110551e+00
1.372882305523777724e+01
5.945271419237434074e+00
5.849748203247535194e+00
2.980629371207007772e+00
2.012420895354439243e-01
5.573471049809006317e+00
6.440502148936984028e+00
5.847409464574305993e+00
1.960903640369126322e+01
1.670103334790326466e+00
1.576629314107166380e+01
1.231445228408542814e-01
6.429984478298735873e+00
2.342881006211320061e-01
1.310286946663982377e+01
2.367207660639894240e-01
5.989651594690481140e+00
5.175550595523124464e+00
6.030354640029059077e+00
1.716860668422418856e-01
6.902438823364052123e-01
5.434131526578707572e+00
1.319284170357974872e+01
5.533715336057846379e+00
5.701285063699972788e+00
5.640393836923734305e+00
1.182050340365229069e+01
1.222235538583618997e+01
1.583397104530422794e+01
6.429036298502302849e+00
1.640962598251325677e-01
6.026962329693494880e+00
3.398054612984208411e+00
5.297123193540788755e+00
6.307713957591011500e+00
2.465490170063439734e+00
1.030118191871351591e-01
1.817188260607252559e+01
1.571180706624893020e+01
1.309736341411476523e+01
5.332740165015863454e+00
8.915227103437914025e+00
6.233851846601971225e+00
5.743096058270836579e+00
1.546510359981555638e+01
1.944509549846429319e-01
1.772967786106117316e+01
1.672646619582962657e+01
3.423107239288537329e+00
7.969683409996387802e+00
1.217626291329411581e+00
7.523688191631125122e+00
6.503922135623067646e+00
1.397850000395547987e+01
5.722962111461053603e+00
5.946324257164611105e+00
1.586846980337945645e+01
5.477776073077295749e+00
5.745017519848378384e+00
1.263416991905167031e+01
1.335183849848485260e-01
6.112024832783778949e-01
6.148655168617936262e+00
1.340188356474374665e+01
1.886746911524301495e+01
5.888286758380996133e+00
1.769261042799481842e+01
6.158908099014484883e+00
5.658859880494000016e+00
1.667324879877681298e-01
2.207881989117002508e+00
3.595397328448219021e+00
9.074958573608972401e+00
6.061677700289354931e+00
7.743162725497788834e+00
6.944518255802490714e+00
1.166233961519354168e+01
1.145538062399032242e+01
1.697809023743303836e-01
1.758304613747080580e+01
7.995399383308901875e+00
1.635562339459543324e+01
7.338883423398882222e+00
1.000608826772540461e+01
1.626123655811883562e-01
1.052594009793065410e+01
5.659944081348033507e+00
6.042702124478434911e+00
5.823629550278519140e+00
6.447560417359696316e+00
6.498243856799923890e+00
1.128546549938395493e+01
8.101170777288423608e+00
1.644516168157288405e+01
1.679907236663542847e+01
2.017682854737224973e-01
2.277147707210841698e+00
1.615018576623862279e+00
1.228155668941922407e+01
8.770788177596841040e-01
3.047902546192124529e+00
2.001992996480201903e+00
1.198450263413158723e+01
2.786930351424161678e+00
1.479634280098825982e+01
6.076047308512865008e+00
5.699921648906050464e+00
6.628762193988629647e+00
1.977352723947355673e-01
8.907696082002976468e+00
5.936116152829080228e+00
2.475023850084268895e-01
5.982574888490677978e+00
2.147321939172386063e-01
1.490191234182161750e+01
1.622493082679181597e+01
1.669160665890561290e+01
7.621339185963812213e+00
4.999720652119759023e+00
1.777730838057969276e+00
2.934521046226760799e+00
6.077578393304651883e+00
1.066813099383649188e+01
6.560790605522806906e+00
1.076217296602560713e+00
6.560189235137582564e+00
6.724637639086750163e+00
1.940715582153379870e+01
6.211020618944392169e+00
6.365465923076645716e+00
1.038601855055939183e+01
6.978688428943075728e+00
1.192489538903330759e-01
6.964571327335922213e+00
6.450864464306707013e+00
1.650653986196922318e+01
5.956068000114728811e+00
7.937272697850090708e+00
4.370428030405215658e+00
1.672672388558166245e-01
5.725477253507532893e+00
6.020939455288194075e+00
1.834762521349803777e+01
5.475838350450162650e+00
1.230624626164014579e+01
1.038792772456082325e+01
6.987240894362019894e+00
1.701403594317555701e+01
6.928907570005581995e+00
7.225402839959646606e+00
4.320011803054995880e+00
5.761262322248193790e+00
3.672879366347791219e+00
4.935592734474188781e+00
6.154426985429175545e+00
1.828888935928602855e-01
6.081128832475552137e+00
5.770268859085796009e+00
5.567535661252214219e+00
5.906378267839512475e+00
5.607564648268468233e+00
6.445791540162947975e+00
5.531077986799754598e+00
5.000644719423943840e+00
6.486193084196576031e+00
4.878839076560340438e+00
2.736896958121020074e+00
1.641902094019617664e+01
1.899660621446015440e+01
1.475373855835084846e-01
1.599114732777216119e+01
6.232860814391424142e+00
6.295859917353524571e-01
7.101626670704122013e+00
5.800164514734997390e+00
4.618249870089136344e+00
5.035289924056041144e+00
6.224246375590567482e+00
5.911982688422884991e+00
6.652830733199448510e+00
2.063842471395779810e-01
1.920400198880570031e+01
5.757554267716821883e+00
1.655789753737203540e+01
8.782042687247709978e+00
7.170395400849717937e+00
6.333752067345927550e+00
5.897004754297022089e+00
4.284241445663456993e+00
4.669163641939962917e-01
5.055287603971487798e+00
6.855065719230104548e+00
1.801281795843341982e+01
6.520886486574841712e+00
1.019629000837004362e+01
4.481848345378392828e+00
5.291194625953347774e+00
3.912257270744650572e+00
1.803317525254510301e+01
1.284432378436454414e+01
1.263193261381065469e+01
4.569847100241013926e+00
1.122591399328013395e+01
2.436627438101987675e+00
6.467077420099617058e+00
2.194867853699600690e+00
1.868277276037586176e+01
1.030638585619551328e+01
5.243003686742381042e+00
1.096210259698302458e+01
6.606071886678744676e+00
5.647660420440509199e+00
5.903227727164551908e+00
5.639921928061434997e+00
1.330736692599976578e+01
5.994278800243633576e+00
7.275616421280981960e+00
5.508484444845533901e+00
6.143414870925564486e+00
1.830086387592269759e+01
6.367877032755832722e+00
5.576736715105488962e+00
8.225628453137062479e+00
6.110587601783899814e+00
5.967234086717545516e+00
1.363392399927795540e-01
1.426121584017851496e-01
5.830980988702219925e+00
1.732501975748133560e+01
6.164049316849247617e+00
5.017781241409629445e+00
4.686522963628721783e+00
6.356366270941505192e+00
6.090139297601213642e+00
5.347621112488840645e+00
1.190592090775837164e+01
1.813845220321120877e+01
1.465451236638939214e+01
6.053902295609855599e+00
9.640821898629710063e+00
1.373583184156214543e+01
1.583887722740461790e+01
6.765360164881569993e+00
1.004061151860790480e+00
5.941626484909768635e+00
1.457757090025257085e+01
1.104357203108346930e+01
1.748138956069867334e+01
1.360293071378007568e+01
6.744376232260590243e+00
1.341640372887287036e+01
1.326823565157883689e+00
1.170441602617351418e-01
6.291414297151804114e+00
1.164656961522764211e-01
1.784521791089709875e-01
6.539739860582399977e+00
6.210902630841944827e+00
3.468543102574190851e+00
6.205275565624814860e+00
6.508954633752268570e+00
5.755866275211506178e+00
7.295321359725883248e+00
1.031346213153458286e-01
1.007144712997311764e+01
6.656268817019301842e+00
3.872671728320394635e+00
1.595031769298528301e-01
1.969605802061886024e+01
5.383469749247949743e+00
1.538523302216095701e+01
1.295402825079010789e+01
1.211264703985891877e+01
6.168458656905732695e+00
1.954843470326846955e+01
6.433139898271699408e+00
1.152837232106849047e-01
5.823714765707618035e+00
6.037804743158658560e+00
6.265787125030130689e+00
1.853255733805495709e+01
7.033433803740948953e+00
6.608609675703353226e+00
8.705731951664287038e+00
5.225705793099053587e+00
3.048532202887602516e+00
7.062338343485079051e+00
5.410155218806130151e+00
1.719814540581576878e+01
6.438193534162460097e+00
5.497239751644905859e+00
5.773608445324422966e+00
1.990209186308094047e+01
2.470115195439364086e+00
3.120459615960389232e-01
5.652113928289767664e+00
6.169277746814342045e+00
1.489870560252443710e+01
1.102544932122990140e+01
6.084850046081026420e+00
1.283040079925964072e+01
1.091210007544280991e+01
1.882200730241141984e-01
9.420857009502267232e+00
5.940439510600484141e+00
5.994913942325500678e+00
6.248017232007478050e+00
1.842492114743410170e+01
5.830364702593436199e+00
1.941798491535168480e+01
5.558755417113290243e+00
6.354126127184124506e+00
5.987916749205648870e+00
1.353154303443863071e+01
5.986546687365952302e+00
6.189214311612023067e+00
7.379112127781014552e-01
3.430319228429895007e-01
1.918052549571669096e-01
1.122029930275417620e+01
6.670507195526802491e+00
1.882173015203060018e+01
4.857115421538521716e+00
1.868904422077412919e+00
1.252022130682992618e-01
2.893449682815539825e-01
3.010124654410633482e+00
3.603906765515366928e+00
1.648884901231757638e+01
5.196084936206019300e+00
5.440600848301605730e+00
5.580944321617262283e+00
5.521113749363903089e+00
6.441785690017068688e+00
1.388760911616972216e+01
1.369702966767342289e+01
1.577450118711345262e+01
5.683713271112444509e+00
6.064737239827660886e+00
1.802765565561981020e+01
6.676109496291308787e+00
1.957526049524001976e+01
5.709195757188866516e+00
4.713413565990373755e+00
1.680675835731199330e-01
1.171051107837663885e+01
5.836730882414932431e+00
5.163987973948571675e-01
6.158580036632343102e+00
4.131050522637105815e-01
8.894542856372808615e+00
6.943696549187871270e+00
6.534071428142381066e+00
2.902273121074098405e+00
5.503074019345973511e+00
2.418009361745764529e+00
5.654777253149918970e+00
1.893439219069382773e+01
6.266112544349682345e+00
5.178919095456999244e+00
5.561279029626826187e+00
6.680213156401553221e+00
1.876747498024241878e+01
1.881235981759967046e+01
6.098142405702009938e+00
5.766706657154514915e+00
1.287634023596044486e+01
7.172401266032343514e+00
2.814580149074563664e+00
6.481736597273431322e+00
1.503955981735673186e-01
1.620803546782738991e+01
1.674774484977541178e+01
1.500692736000407557e+01
3.133137653720774907e+00
1.012294366289170178e+01
8.002659486686146906e+00
5.166619546012155340e+00
1.191638916379272572e+01
1.098781092473775090e-01
5.915810234262739442e+00
1.139852762744593839e+01
2.285556745413102941e+00
6.297467037523006184e+00
1.546414567248225858e+01
3.043606530255354770e+00
1.411890848344787841e+01
2.209510244492153830e-01
5.506948331465096658e+00
6.031913149852479172e+00
4.559189246391384565e+00
6.633152025027310827e+00
6.039258035587093509e+00
9.481780766147743122e+00
1.311604246129893792e-01
1.367276004146468615e+01
5.934099579164935356e+00
6.795427893525769925e+00
1.186498224510708788e+01
9.346283491147903133e-01
1.020348217342010866e-01
1.776638373359974921e+01
1.893740021185914557e+01
5.558129620629477685e+00
1.253195379721649516e+01
1.050990943481119544e+01
2.602558903865811235e+00
5.873803361324419825e+00
1.479435662929417994e+01
5.267499234268320230e+00
1.720883416161208856e+01
9.216240942114021450e+00
1.212477477011565524e-01
1.114459049309844119e+01
2.241817928950004535e-01
1.268480615359422892e+01
5.441999636080192992e+00
3.993690210851667199e+00
7.540705441516831087e+00
2.639094187950920212e+00
8.207180726356391176e+00
9.890057855476797499e+00
3.519178658688837946e-01
5.223488311504010717e+00
7.158487303452615080e+00
1.425603837158567977e+01
6.239351529738545565e+00
3.796804644502155046e+00
5.571980549060418397e+00
5.971237648697007572e+00
1.409422340497990156e+01
5.895361028421493010e+00
2.459229808125091399e+00
7.025449990373155096e+00
3.289888015501914453e-01
5.963388180814788164e+00
1.286857439149664906e+01
2.371654532402930116e+00
1.882680391559442512e+01
2.933130269552933211e-01
1.346639097897006643e-01
1.873644467914104794e+01
1.832369609611704675e+01
6.220995141315511567e+00
6.055403503750404148e+00
5.721069917381553793e+00
8.642476710487086322e+00
6.412082786116304334e+00
1.050764139801707664e+01
4.802015118894771284e+00
1.909542015260391423e+01
6.880694722083959824e+00
5.438704682671603230e+00
6.484383849318507309e+00
5.801910907323794220e+00
1.449930969601583541e+01
1.066042641441064909e+01
6.036096054976093583e+00
3.802454889888359890e+00
8.914961842427892691e+00
4.100390511090902246e-01
6.363439230625393073e+00
5.788987986088497628e+00
5.680670455846906997e+00
3.882117050118458756e-01
4.330862904177215533e+00
7.695716793175223280e+00
7.821336068324141522e+00
1.465926034994514682e+00
5.467370638473139088e+00
6.385619699858314569e+00
2.424656254552405521e+00
2.141147738789414556e-01
1.940753340305851182e+01
1.211787647110308441e+01
3.414291373007868335e-01
4.477622221282276938e-01
1.075619765705411446e+01
1.553062139825851595e+01
5.205224972470010592e+00
1.238216140899448270e+01
4.209363139884112481e-01
7.859034715955734107e+00
5.353973228923900152e+00
1.368230359772635296e-01
6.303665708395367773e+00
7.067195823036266589e+00
4.626450971076902619e+00
1.368867415216141470e-01
5.769301158008378394e+00
6.675983783217269263e+00
6.163659211093286849e+00
1.082469567489135720e+01
1.577974892591151779e+01
6.343877242243489256e+00
6.824982678490551180e+00
4.691985537783502025e+00
5.284851477426680155e+00
6.395582200512381021e+00
1.173388871947953938e+00
5.970130091757908986e+00
1.746590857510370398e+01
1.648841769568662485e+01
6.336768651470380043e+00
1.742416600989763475e-01
6.592665827799941702e+00
7.061301442490395708e+00
5.900717894467657487e+00
2.807301889229714131e-01
1.243140450903757177e+01
6.063597099629662424e+00
1.827802803462524883e-01
1.282935956092852159e+01
1.167170222211320407e+01
6.160843955149711171e+00
5.400068178492231752e+00
6.985564388078237208e+00
6.192149190378080093e+00
5.578047576939771268e+00
2.132918293452173153e-01
3.859314449860798302e+00
1.859226874690143916e+01
1.068340127736947115e-01
5.397085795786442652e+00
2.119156632876569857e-01
1.479788681061511513e+00
5.920154411681969542e+00
3.557879565966628910e+00
1.465284909790151069e+01
1.693167509922391289e+01
1.052988798398698522e+00
5.990238794038122982e+00
3.030024876641100207e+00
1.296972067114969818e+01
5.174535133557725430e+00
3.455108513744386212e+00
5.357749303661407225e+00
1.831451367053867685e+01
1.430338200436320939e+01
1.586636386283859224e-01
4.623364214884759349e+00
1.360409424567112224e-01
1.617423716404334755e+01
5.929247779990642009e+00
1.872497370107368297e+01
1.005980656215374047e+01
5.536312493073928920e+00
5.400594741769793039e+00
5.265212719125120344e+00
2.211517288853274810e+00
5.629806356954855096e-01
1.004021699593581063e-01
3.471087360113967346e+00
8.962089905371451337e+00
6.095476085810977551e+00
5.956019444609390590e+00
1.494638678652420083e+01
4.663385548451117302e+00
9.219056785336956494e+00
1.400996409578038993e+01
5.842004749078835601e+00
5.767876738343408860e+00
1.607377614581573866e+01
8.645010547918749566e+00
1.532889829917949776e+01
1.092557334388070400e-01
5.785886988395416708e+00
5.310285978124269946e+00
5.836716231626834173e+00
1.537471430352265678e+01
1.656913816010702756e-01
1.348774755724567731e-01
1.432950098782900561e+01
6.871310654595990108e+00
6.099284790102402098e+00
1.199810281014236368e-01
2.769720323058916800e-01
6.227007300326881101e+00
3.322392604221580670e-01
2.748891499915120384e-01
6.856050131861394448e+00
6.304825677321772126e+00
1.014817028465760629e+01
1.786038631123196552e-01
6.842287852804264325e+00
1.956368490737429156e+01
1.452590930858161755e+01
5.884911637045425969e+00
1.070921441757973547e+01
1.631881508910624135e+01
1.524866838118222434e+00
5.486429183841224244e+00
1.940212441728296611e+01
3.114622380173828753e-01
5.460284244215377392e+00
5.754162239074581464e+00
1.054951358685754315e+01
6.157977748392448269e+00
5.333103746650744270e+00
1.429279995246336377e+01
7.673880311089948947e+00
1.431211331376635343e+01
2.534144508222520020e+00
3.656160939557483669e+00
1.332888413711126041e-01
1.451493649436201294e-01
1.614083065852464749e+00
1.978971312324677001e+01
2.354326832034937256e-01
6.632568818282841505e+00
1.621088391796572736e+01
6.304349340993043782e+00
2.123404118271214891e+00
6.898112370763340273e+00
6.863026169025036261e+00
6.686814860563682572e+00
1.714257191283482484e+01
2.518106777804393070e-01
5.405940680214621707e+00
2.308042749564369611e+00
2.385696862644353988e+00
6.109907044597638226e+00
1.513627426046232749e+01
6.212981643739674986e+00
1.303467732537277257e+01
6.288622883595225588e+00
1.306646903247271396e+01
6.477881417827908272e+00
6.224646361050507615e+00
1.721055291806523257e+01
6.569878628924895381e+00
5.996445554795115207e+00
2.131218242137090102e-01
5.255547141155473057e+00
6.978546107323817083e+00
2.198606707612993372e-01
1.774073584292032713e-01
5.582591546279207506e+00
1.901799854644186993e+01
4.849422813385562137e+00
6.453227058479605205e+00
5.030646655848844517e+00
6.301987299145179300e+00
1.864314400888324386e+01
6.330326502761793428e+00
1.607889032684970687e-01
8.540920431322748030e+00
4.709374891175622246e-01
1.310657046675203574e+01
5.878903981647485288e+00
7.271345095430251426e+00
4.226090081316961289e+00
5.179794769739459959e+00
5.109520152363424828e+00
5.929864916116766693e+00
6.633862251297931500e+00
5.526513856970476368e+00
2.970397549924500558e-01
5.464124033257382607e+00
1.835393420017425725e-01
1.426023982388132383e-01
1.053195895459263909e+01
6.435627468610483071e+00
5.936356030506257042e+00
9.826751857367179710e+00
6.395926221845519066e+00
4.797556926952926126e+00
5.991328060729452787e+00
1.525055482473079671e+01
4.832876730259314968e+00
1.030136586689707201e+01
1.860289417344627338e+01
1.668464993467833324e+01
6.295498820021674824e+00
7.585841415357155171e+00
1.906548400119124764e+01
2.698502034314130271e-01
6.517015834519868989e+00
4.926021689768258938e+00
1.167774957480477160e-01
6.836935488464585653e+00
6.053318858633653932e+00
1.991494827558667424e+01
5.670663100466941664e+00
6.810392485474122459e+00
2.669351079149914430e+00
1.317844950440771612e+01
6.986125082290461918e-01
1.455707643147667318e-01
9.936348657884790825e+00
1.173768417527333696e+01
1.511079583011198380e-01
6.086624490335867499e+00
6.153512586119555650e+00
6.779981617811764671e+00
6.623769551308701153e+00
9.724469974194187571e+00
5.815643202307893667e+00
1.410012684256170545e-01
1.069201335960645372e+00
5.905732527459986336e+00
6.459440167416683920e+00
9.601648400717488485e+00
